'Elapsed time','HR','ABPSys','ABPDias','ABPMean','PAPSys','PAPDias','PAPMean','CVP','PULSE','RESP','SpO2','PAWP'
'seconds','bpm','mmHg','mmHg','mmHg','mmHg','mmHg','mmHg','mmHg','bpm','pm','%','mmHg'
0.000,99.400,0.000,0.000,0.000,0.000,0.000,0.000,0.000,0.000,14.600,0.000,0.000
60.000,96.400,0.000,0.000,0.000,0.000,0.000,0.000,0.000,288.000,19.800,0.000,0.000
120.000,96.100,0.000,0.000,0.000,0.000,0.000,0.000,0.000,227.200,17.100,42.200,0.000
180.000,96.500,0.000,0.000,0.000,0.000,0.000,0.000,0.000,143.600,26.200,89.700,0.000
240.000,100.500,0.000,0.000,0.000,0.000,0.000,0.000,0.000,102.100,14.000,88.000,0.000
300.000,96.000,109.100,42.500,82.200,0.000,0.000,0.000,0.000,98.100,15.100,86.500,0.000
360.000,95.500,111.600,43.300,70.400,0.000,0.000,0.000,0.000,98.000,15.900,93.100,0.000
420.000,96.400,111.900,44.400,69.500,0.000,0.000,0.000,0.000,97.800,16.000,89.100,0.000
480.000,96.800,159.000,68.300,77.100,0.000,0.000,0.000,0.000,94.400,16.000,89.900,0.000
540.000,95.200,118.700,50.700,76.700,0.000,0.000,0.000,0.000,89.300,16.000,98.000,0.000
