'Elapsed time','HR','ABPSys','ABPDias','ABPMean','PULSE','RESP','SpO2'
'seconds','bpm','mmHg','mmHg','mmHg','bpm','pm','%'
0.000,77.400,96.300,57.600,69.500,76.600,20.100,96.300
60.000,76.300,99.000,59.400,71.300,75.800,23.900,96.200
120.000,75.000,99.700,58.700,71.300,78.900,22.700,95.800
180.000,88.500,69.900,36.200,47.800,83.800,21.800,95.800
240.000,80.700,96.300,64.100,74.400,78.900,23.000,96.400
300.000,79.400,93.300,54.100,66.400,78.500,23.000,96.400
360.000,84.500,85.500,46.000,58.300,83.700,23.100,95.000
420.000,79.600,95.600,52.600,65.200,0.000,22.600,0.000
480.000,75.900,96.800,54.700,67.200,0.000,19.500,0.000
540.000,73.700,95.100,53.300,65.500,0.000,19.400,0.000
