'Elapsed time','HR','ABPSys','ABPDias','ABPMean','CVP','PULSE','RESP','SpO2'
'seconds','bpm','mmHg','mmHg','mmHg','mmHg','bpm','pm','%'
0.000,0.000,156.300,73.300,98.000,0.000,73.300,0.000,0.000
60.000,75.500,151.800,73.300,101.700,0.000,74.900,21.000,0.000
120.000,83.500,154.800,82.700,109.400,0.000,84.200,17.400,0.000
180.000,84.300,150.700,71.700,100.500,0.000,82.700,21.200,0.000
240.000,77.900,160.700,74.400,104.100,0.000,78.000,22.600,0.000
300.000,78.200,155.800,74.700,103.200,0.000,78.700,22.200,90.600
360.000,76.300,158.400,75.700,104.500,88.900,76.300,21.500,92.500
420.000,77.500,155.400,73.300,102.000,99.300,76.800,19.800,93.700
480.000,72.400,154.300,72.500,100.900,98.200,72.300,19.700,94.000
540.000,76.100,155.000,73.000,101.300,98.300,76.200,17.900,93.800
