'Elapsed time','HR','PULSE','NBP Sys','NBP Dias','NBP Mean','RESP','SpO2','PVC Rate per Minute','Rhythm Status','Ectopic Status','Ectopic Count'
'seconds','bpm','bpm','mmHg','mmHg','mmHg','pm','%','pm','?','?','?'
0.000,75.000,67.000,116.000,35.000,52.000,30.000,97.000,2.000,63014.000,63057.000,2.000
1.000,75.000,68.000,116.000,35.000,52.000,29.000,97.000,2.000,63014.000,63057.000,2.000
2.000,75.000,69.000,116.000,35.000,52.000,29.000,97.000,2.000,63014.000,63057.000,2.000
3.000,75.000,70.000,116.000,35.000,52.000,30.000,97.000,2.000,63014.000,63057.000,2.000
4.000,75.000,71.000,116.000,35.000,52.000,30.000,96.000,2.000,63014.000,63057.000,2.000
5.000,75.000,72.000,116.000,35.000,52.000,30.000,96.000,2.000,63014.000,63057.000,2.000
6.000,76.000,72.000,116.000,35.000,52.000,30.000,96.000,2.000,63014.000,63057.000,2.000
7.000,76.000,72.000,116.000,35.000,52.000,30.000,96.000,2.000,63014.000,63057.000,2.000
8.000,77.000,72.000,116.000,35.000,52.000,31.000,96.000,2.000,63014.000,63057.000,2.000
9.000,78.000,71.000,116.000,35.000,52.000,31.000,96.000,2.000,63014.000,63057.000,2.000
10.000,78.000,72.000,116.000,35.000,52.000,31.000,96.000,2.000,63014.000,63057.000,2.000
11.000,75.000,73.000,116.000,35.000,52.000,31.000,96.000,2.000,63014.000,63057.000,2.000
12.000,76.000,74.000,116.000,35.000,52.000,30.000,96.000,2.000,63014.000,63057.000,2.000
13.000,77.000,75.000,116.000,35.000,52.000,30.000,96.000,2.000,63014.000,63057.000,2.000
14.000,76.000,76.000,116.000,35.000,52.000,31.000,96.000,2.000,63014.000,63057.000,2.000
15.000,76.000,77.000,116.000,35.000,52.000,31.000,96.000,1.000,63014.000,63057.000,1.000
16.000,74.000,78.000,116.000,35.000,52.000,31.000,97.000,1.000,63014.000,63057.000,1.000
17.000,73.000,77.000,116.000,35.000,52.000,31.000,97.000,1.000,63014.000,63057.000,1.000
18.000,73.000,76.000,116.000,35.000,52.000,30.000,97.000,1.000,63014.000,63057.000,1.000
19.000,73.000,76.000,116.000,35.000,52.000,30.000,97.000,1.000,63014.000,63057.000,1.000
20.000,73.000,74.000,116.000,35.000,52.000,30.000,96.000,1.000,63014.000,63057.000,1.000
21.000,73.000,74.000,116.000,35.000,52.000,30.000,96.000,1.000,63014.000,63057.000,1.000
22.000,74.000,72.000,116.000,35.000,52.000,30.000,96.000,1.000,63014.000,63057.000,1.000
23.000,73.000,71.000,116.000,35.000,52.000,30.000,96.000,1.000,63014.000,63057.000,1.000
24.000,72.000,71.000,116.000,35.000,52.000,30.000,96.000,1.000,63014.000,63057.000,1.000
25.000,72.000,71.000,116.000,35.000,52.000,30.000,96.000,1.000,63014.000,63057.000,1.000
26.000,72.000,71.000,116.000,35.000,52.000,30.000,96.000,1.000,63014.000,63057.000,1.000
27.000,73.000,71.000,116.000,35.000,52.000,29.000,96.000,1.000,63014.000,63057.000,1.000
28.000,74.000,71.000,116.000,35.000,52.000,29.000,96.000,1.000,63014.000,63057.000,1.000
29.000,73.000,71.000,116.000,35.000,52.000,29.000,96.000,1.000,63014.000,63057.000,1.000
30.000,74.000,72.000,116.000,35.000,52.000,29.000,96.000,1.000,63014.000,63057.000,1.000
31.000,73.000,72.000,116.000,35.000,52.000,29.000,96.000,1.000,63014.000,63057.000,1.000
32.000,73.000,72.000,116.000,35.000,52.000,29.000,96.000,1.000,63014.000,63057.000,1.000
33.000,73.000,72.000,116.000,35.000,52.000,29.000,96.000,1.000,63014.000,63057.000,1.000
34.000,75.000,73.000,116.000,35.000,52.000,28.000,96.000,1.000,63014.000,63057.000,1.000
35.000,75.000,73.000,116.000,35.000,52.000,29.000,96.000,1.000,63014.000,63057.000,1.000
36.000,77.000,74.000,116.000,35.000,52.000,29.000,96.000,1.000,63014.000,63057.000,1.000
37.000,77.000,74.000,116.000,35.000,52.000,29.000,96.000,1.000,63014.000,63057.000,1.000
38.000,76.000,73.000,116.000,35.000,52.000,29.000,96.000,1.000,63014.000,63057.000,1.000
39.000,76.000,73.000,116.000,35.000,52.000,29.000,96.000,1.000,63014.000,63057.000,1.000
40.000,76.000,73.000,116.000,35.000,52.000,29.000,96.000,1.000,63014.000,63057.000,1.000
41.000,76.000,73.000,116.000,35.000,52.000,29.000,96.000,1.000,63014.000,63057.000,1.000
42.000,76.000,73.000,116.000,35.000,52.000,29.000,96.000,1.000,63014.000,63057.000,1.000
43.000,76.000,74.000,116.000,35.000,52.000,29.000,96.000,1.000,63014.000,63057.000,1.000
44.000,76.000,74.000,116.000,35.000,52.000,29.000,96.000,1.000,63014.000,63057.000,1.000
45.000,76.000,75.000,116.000,35.000,52.000,30.000,96.000,1.000,63014.000,63057.000,1.000
46.000,74.000,75.000,116.000,35.000,52.000,30.000,96.000,1.000,63014.000,63057.000,1.000
47.000,74.000,75.000,116.000,35.000,52.000,30.000,96.000,1.000,63014.000,63057.000,1.000
48.000,76.000,74.000,116.000,35.000,52.000,30.000,96.000,1.000,63014.000,63057.000,1.000
49.000,76.000,73.000,116.000,35.000,52.000,31.000,96.000,0.000,63014.000,63057.000,0.000
50.000,76.000,73.000,116.000,35.000,52.000,31.000,96.000,0.000,63014.000,63059.000,2.000
51.000,76.000,72.000,116.000,35.000,52.000,31.000,96.000,0.000,63014.000,63059.000,2.000
52.000,76.000,72.000,116.000,35.000,52.000,31.000,96.000,0.000,63014.000,63059.000,2.000
53.000,75.000,73.000,116.000,35.000,52.000,31.000,96.000,0.000,63014.000,63059.000,2.000
54.000,76.000,74.000,116.000,35.000,52.000,32.000,96.000,0.000,63014.000,63059.000,2.000
55.000,76.000,75.000,116.000,35.000,52.000,32.000,96.000,0.000,63014.000,63059.000,2.000
56.000,75.000,77.000,116.000,35.000,52.000,32.000,96.000,0.000,63014.000,63059.000,2.000
57.000,72.000,77.000,116.000,35.000,52.000,32.000,96.000,0.000,63014.000,63059.000,2.000
58.000,73.000,77.000,116.000,35.000,52.000,31.000,96.000,0.000,63014.000,63059.000,2.000
59.000,73.000,77.000,116.000,35.000,52.000,31.000,96.000,0.000,63014.000,63059.000,2.000
60.000,74.000,76.000,116.000,35.000,52.000,31.000,96.000,0.000,63014.000,63059.000,2.000
61.000,74.000,75.000,116.000,35.000,52.000,31.000,96.000,0.000,63014.000,63059.000,2.000
62.000,74.000,75.000,116.000,35.000,52.000,31.000,96.000,0.000,63014.000,63059.000,2.000
63.000,74.000,73.000,116.000,35.000,52.000,31.000,96.000,0.000,63014.000,63059.000,1.000
64.000,76.000,72.000,116.000,35.000,52.000,31.000,96.000,0.000,63014.000,63059.000,1.000
65.000,75.000,72.000,116.000,35.000,52.000,30.000,96.000,0.000,63014.000,63059.000,1.000
66.000,75.000,72.000,116.000,35.000,52.000,30.000,96.000,0.000,63014.000,63059.000,1.000
67.000,75.000,71.000,116.000,35.000,52.000,30.000,96.000,0.000,63014.000,63059.000,1.000
68.000,75.000,72.000,116.000,35.000,52.000,30.000,96.000,0.000,63014.000,63059.000,1.000
69.000,75.000,73.000,116.000,35.000,52.000,30.000,96.000,0.000,63014.000,63059.000,1.000
70.000,73.000,73.000,116.000,35.000,52.000,31.000,96.000,0.000,63014.000,63059.000,1.000
71.000,73.000,73.000,116.000,35.000,52.000,31.000,96.000,0.000,63014.000,63059.000,1.000
72.000,73.000,73.000,116.000,35.000,52.000,31.000,96.000,0.000,63014.000,63059.000,1.000
73.000,72.000,73.000,116.000,35.000,52.000,31.000,96.000,0.000,63014.000,63059.000,1.000
74.000,73.000,73.000,116.000,35.000,52.000,31.000,96.000,0.000,63014.000,63059.000,1.000
75.000,73.000,72.000,116.000,35.000,52.000,31.000,96.000,0.000,63014.000,63059.000,1.000
76.000,73.000,72.000,116.000,35.000,52.000,31.000,96.000,0.000,63014.000,63059.000,1.000
77.000,72.000,72.000,116.000,35.000,52.000,31.000,96.000,0.000,63014.000,63059.000,1.000
78.000,72.000,72.000,116.000,35.000,52.000,31.000,96.000,0.000,63014.000,63059.000,1.000
79.000,75.000,72.000,116.000,35.000,52.000,31.000,96.000,1.000,63014.000,63059.000,1.000
80.000,75.000,72.000,116.000,35.000,52.000,31.000,96.000,1.000,63014.000,63059.000,1.000
81.000,75.000,72.000,116.000,35.000,52.000,31.000,96.000,1.000,63014.000,63059.000,1.000
82.000,75.000,72.000,116.000,35.000,52.000,31.000,96.000,1.000,63014.000,63059.000,1.000
83.000,75.000,72.000,116.000,35.000,52.000,31.000,96.000,1.000,63014.000,63059.000,1.000
84.000,74.000,72.000,116.000,35.000,52.000,30.000,96.000,1.000,63014.000,63059.000,1.000
85.000,74.000,72.000,116.000,35.000,52.000,30.000,97.000,1.000,63014.000,63059.000,1.000
86.000,74.000,71.000,116.000,35.000,52.000,30.000,97.000,1.000,63014.000,63059.000,1.000
87.000,77.000,71.000,116.000,35.000,52.000,30.000,97.000,2.000,63014.000,63059.000,1.000
88.000,75.000,71.000,116.000,35.000,52.000,30.000,97.000,2.000,63014.000,63059.000,1.000
89.000,72.000,71.000,116.000,35.000,52.000,30.000,96.000,2.000,63014.000,63059.000,1.000
90.000,72.000,71.000,116.000,35.000,52.000,30.000,96.000,2.000,63014.000,63059.000,1.000
91.000,72.000,71.000,116.000,35.000,52.000,31.000,96.000,2.000,63014.000,63059.000,1.000
92.000,73.000,72.000,116.000,35.000,52.000,31.000,96.000,2.000,63014.000,63059.000,1.000
93.000,73.000,72.000,116.000,35.000,52.000,31.000,96.000,2.000,63014.000,63059.000,1.000
94.000,73.000,72.000,116.000,35.000,52.000,31.000,96.000,2.000,63014.000,63059.000,1.000
95.000,73.000,71.000,116.000,35.000,52.000,31.000,96.000,2.000,63014.000,63062.000,-
96.000,73.000,72.000,116.000,35.000,52.000,31.000,96.000,2.000,63014.000,63062.000,-
97.000,73.000,72.000,116.000,35.000,52.000,30.000,96.000,2.000,63014.000,63062.000,-
98.000,73.000,72.000,116.000,35.000,52.000,30.000,96.000,2.000,63014.000,63062.000,-
99.000,73.000,72.000,116.000,35.000,52.000,30.000,96.000,2.000,63014.000,63062.000,-
100.000,74.000,73.000,116.000,35.000,52.000,30.000,96.000,2.000,63014.000,63062.000,-
101.000,73.000,73.000,116.000,35.000,52.000,30.000,96.000,2.000,63014.000,63062.000,-
102.000,73.000,73.000,116.000,35.000,52.000,30.000,96.000,2.000,63014.000,63062.000,-
103.000,73.000,73.000,116.000,35.000,52.000,30.000,96.000,2.000,63014.000,63062.000,-
104.000,73.000,73.000,116.000,35.000,52.000,30.000,96.000,2.000,63014.000,63062.000,-
105.000,74.000,73.000,116.000,35.000,52.000,30.000,96.000,2.000,63014.000,63062.000,-
106.000,73.000,73.000,116.000,35.000,52.000,30.000,96.000,2.000,63014.000,63062.000,-
107.000,73.000,73.000,116.000,35.000,52.000,30.000,96.000,2.000,63014.000,63062.000,-
108.000,76.000,73.000,116.000,35.000,52.000,30.000,96.000,2.000,63014.000,63059.000,1.000
109.000,76.000,73.000,116.000,35.000,52.000,30.000,96.000,2.000,63014.000,63059.000,1.000
110.000,76.000,73.000,116.000,35.000,52.000,30.000,96.000,2.000,63014.000,63059.000,1.000
111.000,76.000,73.000,116.000,35.000,52.000,30.000,96.000,2.000,63014.000,63059.000,1.000
112.000,76.000,73.000,116.000,35.000,52.000,29.000,96.000,2.000,63014.000,63059.000,1.000
113.000,76.000,73.000,116.000,35.000,52.000,29.000,96.000,2.000,63014.000,63059.000,1.000
114.000,76.000,73.000,116.000,35.000,52.000,30.000,97.000,2.000,63014.000,63059.000,1.000
115.000,76.000,73.000,116.000,35.000,52.000,30.000,97.000,2.000,63014.000,63059.000,1.000
116.000,76.000,73.000,116.000,35.000,52.000,30.000,97.000,2.000,63014.000,63059.000,1.000
117.000,74.000,73.000,116.000,35.000,52.000,30.000,97.000,2.000,63014.000,63059.000,1.000
118.000,74.000,73.000,116.000,35.000,52.000,30.000,97.000,2.000,63014.000,63059.000,1.000
119.000,77.000,73.000,116.000,35.000,52.000,30.000,97.000,3.000,63014.000,63059.000,1.000
120.000,73.000,73.000,116.000,35.000,52.000,30.000,97.000,3.000,63014.000,63059.000,1.000
121.000,74.000,73.000,116.000,35.000,52.000,30.000,96.000,3.000,63014.000,63059.000,1.000
122.000,74.000,73.000,116.000,35.000,52.000,30.000,96.000,3.000,63014.000,63059.000,1.000
123.000,75.000,73.000,116.000,35.000,52.000,30.000,96.000,3.000,63014.000,63059.000,1.000
124.000,76.000,73.000,116.000,35.000,52.000,30.000,96.000,3.000,63014.000,63059.000,1.000
125.000,76.000,73.000,116.000,35.000,52.000,30.000,96.000,3.000,63014.000,63059.000,1.000
126.000,78.000,73.000,116.000,35.000,52.000,30.000,96.000,3.000,63014.000,63059.000,1.000
127.000,78.000,74.000,116.000,35.000,52.000,30.000,96.000,3.000,63014.000,63059.000,1.000
128.000,78.000,74.000,116.000,35.000,52.000,30.000,96.000,3.000,63014.000,63059.000,1.000
129.000,82.000,75.000,116.000,35.000,52.000,30.000,96.000,4.000,63014.000,63059.000,1.000
130.000,81.000,75.000,116.000,35.000,52.000,30.000,96.000,4.000,63014.000,63059.000,1.000
131.000,82.000,76.000,116.000,35.000,52.000,31.000,96.000,4.000,63014.000,63059.000,1.000
132.000,81.000,77.000,116.000,35.000,52.000,31.000,96.000,4.000,63014.000,63059.000,1.000
133.000,80.000,78.000,116.000,35.000,52.000,31.000,96.000,4.000,63014.000,63059.000,1.000
134.000,80.000,78.000,116.000,35.000,52.000,31.000,96.000,4.000,63014.000,63059.000,1.000
135.000,77.000,78.000,116.000,35.000,52.000,31.000,95.000,4.000,63014.000,63059.000,1.000
136.000,79.000,77.000,116.000,35.000,52.000,31.000,95.000,4.000,63014.000,63059.000,1.000
137.000,82.000,77.000,116.000,35.000,52.000,31.000,95.000,4.000,63014.000,63059.000,2.000
138.000,79.000,77.000,116.000,35.000,52.000,31.000,95.000,3.000,63014.000,63059.000,2.000
139.000,78.000,76.000,116.000,35.000,52.000,31.000,95.000,3.000,63014.000,63059.000,2.000
140.000,79.000,76.000,116.000,35.000,52.000,31.000,95.000,3.000,63014.000,63059.000,2.000
141.000,79.000,75.000,116.000,35.000,52.000,31.000,96.000,3.000,63014.000,63059.000,2.000
142.000,78.000,75.000,116.000,35.000,52.000,31.000,96.000,3.000,63014.000,63059.000,2.000
143.000,80.000,75.000,116.000,35.000,52.000,31.000,96.000,3.000,63014.000,63059.000,2.000
144.000,82.000,74.000,116.000,35.000,52.000,31.000,96.000,3.000,63014.000,63059.000,2.000
145.000,82.000,74.000,116.000,35.000,52.000,31.000,97.000,3.000,63014.000,63059.000,2.000
146.000,77.000,75.000,116.000,35.000,52.000,31.000,97.000,2.000,63014.000,63059.000,2.000
147.000,77.000,75.000,116.000,35.000,52.000,31.000,97.000,2.000,63014.000,63059.000,2.000
148.000,77.000,75.000,116.000,35.000,52.000,31.000,97.000,2.000,63014.000,63059.000,2.000
149.000,77.000,76.000,116.000,35.000,52.000,31.000,97.000,2.000,63014.000,63059.000,2.000
150.000,77.000,77.000,116.000,35.000,52.000,30.000,96.000,2.000,63014.000,63059.000,2.000
151.000,76.000,77.000,116.000,35.000,52.000,31.000,96.000,2.000,63014.000,63059.000,2.000
152.000,78.000,78.000,116.000,35.000,52.000,31.000,96.000,2.000,63014.000,63059.000,2.000
153.000,79.000,77.000,116.000,35.000,52.000,30.000,96.000,2.000,63014.000,63059.000,3.000
154.000,80.000,76.000,116.000,35.000,52.000,30.000,96.000,2.000,63014.000,63059.000,3.000
155.000,79.000,76.000,116.000,35.000,52.000,30.000,96.000,2.000,63014.000,63059.000,3.000
156.000,83.000,75.000,116.000,35.000,52.000,30.000,96.000,3.000,63014.000,63059.000,3.000
157.000,84.000,74.000,116.000,35.000,52.000,30.000,96.000,3.000,63014.000,63059.000,3.000
158.000,86.000,73.000,116.000,35.000,52.000,30.000,96.000,3.000,63014.000,63059.000,3.000
159.000,88.000,72.000,116.000,35.000,52.000,30.000,96.000,3.000,63014.000,63059.000,4.000
160.000,88.000,72.000,116.000,35.000,52.000,29.000,96.000,3.000,63014.000,63059.000,4.000
161.000,83.000,71.000,116.000,35.000,52.000,29.000,96.000,3.000,63014.000,63059.000,4.000
162.000,85.000,71.000,116.000,35.000,52.000,29.000,96.000,3.000,63014.000,63059.000,5.000
163.000,86.000,71.000,116.000,35.000,52.000,29.000,96.000,3.000,63014.000,63059.000,5.000
164.000,86.000,70.000,116.000,35.000,52.000,29.000,96.000,3.000,63014.000,63059.000,5.000
165.000,82.000,69.000,116.000,35.000,52.000,29.000,96.000,3.000,63014.000,63059.000,5.000
166.000,81.000,68.000,116.000,35.000,52.000,29.000,96.000,3.000,63014.000,63059.000,5.000
167.000,80.000,68.000,116.000,35.000,52.000,29.000,96.000,3.000,63014.000,63059.000,5.000
168.000,76.000,67.000,116.000,35.000,52.000,29.000,96.000,3.000,63014.000,63059.000,4.000
169.000,76.000,66.000,116.000,35.000,52.000,29.000,96.000,3.000,63014.000,63059.000,4.000
170.000,76.000,66.000,116.000,35.000,52.000,29.000,96.000,3.000,63014.000,63059.000,4.000
171.000,75.000,66.000,116.000,35.000,52.000,30.000,96.000,3.000,63014.000,63059.000,4.000
172.000,72.000,67.000,116.000,35.000,52.000,30.000,96.000,3.000,63014.000,63059.000,4.000
173.000,72.000,68.000,116.000,35.000,52.000,30.000,96.000,3.000,63014.000,63059.000,4.000
174.000,72.000,69.000,116.000,35.000,52.000,30.000,96.000,3.000,63014.000,63059.000,4.000
175.000,72.000,69.000,116.000,35.000,52.000,31.000,96.000,3.000,63014.000,63059.000,4.000
176.000,73.000,70.000,116.000,35.000,52.000,31.000,96.000,3.000,63014.000,63059.000,4.000
177.000,73.000,71.000,116.000,35.000,52.000,31.000,96.000,3.000,63014.000,63059.000,4.000
178.000,73.000,71.000,116.000,35.000,52.000,31.000,96.000,2.000,63014.000,63059.000,4.000
179.000,73.000,71.000,116.000,35.000,52.000,30.000,96.000,2.000,63014.000,63059.000,4.000
180.000,76.000,72.000,116.000,35.000,52.000,30.000,96.000,2.000,63014.000,63059.000,5.000
181.000,76.000,72.000,116.000,35.000,52.000,31.000,96.000,2.000,63014.000,63059.000,5.000
182.000,74.000,72.000,116.000,35.000,52.000,31.000,96.000,2.000,63014.000,63059.000,5.000
183.000,75.000,72.000,116.000,35.000,52.000,31.000,96.000,2.000,63014.000,63059.000,5.000
184.000,75.000,72.000,116.000,35.000,52.000,31.000,96.000,2.000,63014.000,63059.000,5.000
185.000,75.000,73.000,116.000,35.000,52.000,30.000,96.000,2.000,63014.000,63059.000,5.000
186.000,74.000,73.000,116.000,35.000,52.000,30.000,96.000,2.000,63014.000,63059.000,5.000
187.000,74.000,73.000,116.000,35.000,52.000,30.000,96.000,2.000,63014.000,63059.000,5.000
188.000,75.000,73.000,116.000,35.000,52.000,30.000,96.000,1.000,63014.000,63059.000,5.000
189.000,75.000,73.000,116.000,35.000,52.000,30.000,96.000,1.000,63014.000,63059.000,5.000
190.000,73.000,73.000,116.000,35.000,52.000,30.000,96.000,1.000,63014.000,63059.000,5.000
191.000,73.000,73.000,116.000,35.000,52.000,30.000,96.000,1.000,63014.000,63059.000,5.000
192.000,75.000,73.000,116.000,35.000,52.000,29.000,96.000,1.000,63014.000,63059.000,5.000
193.000,75.000,73.000,116.000,35.000,52.000,29.000,96.000,1.000,63014.000,63059.000,5.000
194.000,75.000,73.000,116.000,35.000,52.000,29.000,96.000,1.000,63014.000,63059.000,5.000
195.000,76.000,73.000,116.000,35.000,52.000,29.000,96.000,1.000,63014.000,63059.000,5.000
196.000,77.000,73.000,116.000,35.000,52.000,29.000,96.000,1.000,63014.000,63059.000,5.000
197.000,80.000,74.000,116.000,35.000,52.000,29.000,96.000,1.000,63014.000,63058.000,6.000
198.000,79.000,74.000,116.000,35.000,52.000,28.000,96.000,1.000,63014.000,63059.000,5.000
199.000,78.000,75.000,116.000,35.000,52.000,28.000,96.000,1.000,63014.000,63059.000,5.000
200.000,80.000,76.000,116.000,35.000,52.000,28.000,96.000,1.000,63014.000,63059.000,5.000
201.000,78.000,77.000,116.000,35.000,52.000,28.000,96.000,1.000,63014.000,63059.000,5.000
202.000,77.000,78.000,116.000,35.000,52.000,29.000,96.000,1.000,63014.000,63059.000,5.000
203.000,77.000,79.000,116.000,35.000,52.000,29.000,96.000,1.000,63014.000,63059.000,5.000
204.000,77.000,79.000,116.000,35.000,52.000,29.000,96.000,1.000,63014.000,63059.000,5.000
205.000,77.000,79.000,116.000,35.000,52.000,29.000,96.000,1.000,63014.000,63059.000,5.000
206.000,76.000,80.000,116.000,35.000,52.000,29.000,96.000,1.000,63014.000,63059.000,5.000
207.000,75.000,79.000,116.000,35.000,52.000,29.000,96.000,1.000,63014.000,63059.000,5.000
208.000,75.000,79.000,116.000,35.000,52.000,29.000,95.000,1.000,63014.000,63059.000,5.000
209.000,74.000,78.000,116.000,35.000,52.000,29.000,95.000,1.000,63014.000,63059.000,5.000
210.000,74.000,77.000,116.000,35.000,52.000,30.000,95.000,1.000,63014.000,63059.000,5.000
211.000,74.000,76.000,116.000,35.000,52.000,30.000,95.000,1.000,63014.000,63059.000,5.000
212.000,74.000,75.000,116.000,35.000,52.000,30.000,95.000,1.000,63014.000,63059.000,5.000
213.000,72.000,74.000,116.000,35.000,52.000,30.000,96.000,1.000,63014.000,63059.000,4.000
214.000,73.000,74.000,116.000,35.000,52.000,31.000,96.000,1.000,63014.000,63059.000,4.000
215.000,73.000,73.000,116.000,35.000,52.000,31.000,96.000,1.000,63014.000,63059.000,4.000
216.000,73.000,73.000,116.000,35.000,52.000,31.000,96.000,0.000,63014.000,63059.000,4.000
217.000,73.000,73.000,116.000,35.000,52.000,31.000,96.000,0.000,63014.000,63059.000,4.000
218.000,73.000,72.000,116.000,35.000,52.000,31.000,96.000,0.000,63014.000,63059.000,3.000
219.000,73.000,72.000,116.000,35.000,52.000,32.000,97.000,0.000,63014.000,63059.000,3.000
220.000,73.000,72.000,116.000,35.000,52.000,32.000,97.000,0.000,63014.000,63059.000,3.000
221.000,74.000,72.000,116.000,35.000,52.000,32.000,97.000,0.000,63014.000,63059.000,2.000
222.000,75.000,72.000,116.000,35.000,52.000,32.000,96.000,0.000,63014.000,63059.000,2.000
223.000,75.000,72.000,116.000,35.000,52.000,32.000,96.000,0.000,63014.000,63059.000,2.000
224.000,77.000,72.000,116.000,35.000,52.000,32.000,96.000,0.000,63014.000,63059.000,3.000
225.000,77.000,72.000,116.000,35.000,52.000,32.000,96.000,0.000,63014.000,63059.000,3.000
226.000,77.000,72.000,116.000,35.000,52.000,32.000,96.000,0.000,63014.000,63059.000,3.000
227.000,77.000,72.000,116.000,35.000,52.000,31.000,96.000,0.000,63014.000,63059.000,3.000
228.000,77.000,73.000,116.000,35.000,52.000,31.000,96.000,0.000,63014.000,63059.000,3.000
229.000,77.000,74.000,116.000,35.000,52.000,31.000,96.000,0.000,63014.000,63059.000,3.000
230.000,76.000,74.000,116.000,35.000,52.000,31.000,96.000,0.000,63014.000,63059.000,3.000
231.000,75.000,75.000,116.000,35.000,52.000,31.000,96.000,0.000,63014.000,63059.000,3.000
232.000,73.000,76.000,116.000,35.000,52.000,31.000,96.000,0.000,63014.000,63059.000,3.000
233.000,73.000,76.000,116.000,35.000,52.000,31.000,96.000,0.000,63014.000,63059.000,3.000
234.000,72.000,76.000,116.000,35.000,52.000,31.000,96.000,0.000,63014.000,63059.000,3.000
235.000,70.000,75.000,116.000,35.000,52.000,31.000,96.000,0.000,63014.000,63059.000,3.000
236.000,70.000,74.000,116.000,35.000,52.000,30.000,96.000,0.000,63014.000,63059.000,3.000
237.000,70.000,73.000,116.000,35.000,52.000,30.000,96.000,0.000,63014.000,63059.000,3.000
238.000,70.000,72.000,116.000,35.000,52.000,29.000,96.000,0.000,63014.000,63059.000,3.000
239.000,70.000,71.000,116.000,35.000,52.000,29.000,96.000,0.000,63014.000,63059.000,3.000
240.000,70.000,70.000,116.000,35.000,52.000,30.000,96.000,0.000,63014.000,63059.000,3.000
241.000,70.000,69.000,116.000,35.000,52.000,30.000,96.000,0.000,63014.000,63059.000,2.000
242.000,70.000,69.000,116.000,35.000,52.000,30.000,96.000,0.000,63014.000,63059.000,2.000
243.000,71.000,69.000,116.000,35.000,52.000,30.000,96.000,0.000,63014.000,63059.000,2.000
244.000,71.000,69.000,116.000,35.000,52.000,30.000,96.000,0.000,63014.000,63059.000,2.000
245.000,71.000,69.000,116.000,35.000,52.000,30.000,96.000,0.000,63014.000,63059.000,2.000
246.000,71.000,70.000,116.000,35.000,52.000,30.000,96.000,0.000,63014.000,63059.000,2.000
247.000,71.000,70.000,116.000,35.000,52.000,30.000,96.000,0.000,63014.000,63059.000,2.000
248.000,71.000,71.000,116.000,35.000,52.000,30.000,96.000,0.000,63014.000,63059.000,2.000
249.000,71.000,71.000,116.000,35.000,52.000,30.000,96.000,0.000,63014.000,63059.000,2.000
250.000,71.000,71.000,116.000,35.000,52.000,30.000,96.000,0.000,63014.000,63059.000,2.000
251.000,72.000,71.000,116.000,35.000,52.000,30.000,96.000,0.000,63014.000,63059.000,2.000
252.000,72.000,71.000,116.000,35.000,52.000,30.000,96.000,0.000,63014.000,63059.000,2.000
253.000,72.000,71.000,116.000,35.000,52.000,30.000,96.000,0.000,63014.000,63059.000,2.000
254.000,72.000,71.000,116.000,35.000,52.000,30.000,96.000,0.000,63014.000,63059.000,2.000
255.000,72.000,72.000,116.000,35.000,52.000,30.000,96.000,0.000,63014.000,63059.000,2.000
256.000,72.000,72.000,116.000,35.000,52.000,29.000,96.000,0.000,63014.000,63059.000,2.000
257.000,72.000,72.000,116.000,35.000,52.000,29.000,96.000,0.000,63014.000,63059.000,1.000
258.000,73.000,72.000,116.000,35.000,52.000,29.000,96.000,0.000,63014.000,63059.000,1.000
259.000,73.000,72.000,116.000,35.000,52.000,29.000,96.000,0.000,63014.000,63059.000,1.000
260.000,73.000,72.000,116.000,35.000,52.000,29.000,96.000,0.000,63014.000,63059.000,1.000
261.000,73.000,72.000,116.000,35.000,52.000,29.000,96.000,0.000,63014.000,63059.000,1.000
262.000,73.000,72.000,116.000,35.000,52.000,29.000,96.000,0.000,63014.000,63059.000,1.000
263.000,73.000,72.000,116.000,35.000,52.000,29.000,96.000,0.000,63014.000,63059.000,1.000
264.000,73.000,72.000,116.000,35.000,52.000,29.000,96.000,0.000,63014.000,63059.000,1.000
265.000,73.000,72.000,116.000,35.000,52.000,29.000,96.000,0.000,63014.000,63059.000,1.000
266.000,76.000,73.000,116.000,35.000,52.000,29.000,96.000,1.000,63014.000,63059.000,1.000
267.000,76.000,73.000,116.000,35.000,52.000,30.000,96.000,1.000,63014.000,63059.000,1.000
268.000,77.000,73.000,116.000,35.000,52.000,30.000,97.000,1.000,63014.000,63059.000,1.000
269.000,76.000,73.000,116.000,35.000,52.000,30.000,97.000,1.000,63014.000,63059.000,1.000
270.000,79.000,73.000,116.000,35.000,52.000,30.000,97.000,1.000,63014.000,63059.000,2.000
271.000,79.000,73.000,116.000,35.000,52.000,30.000,97.000,1.000,63014.000,63059.000,2.000
272.000,80.000,73.000,116.000,35.000,52.000,30.000,97.000,1.000,63014.000,63059.000,2.000
273.000,80.000,73.000,116.000,35.000,52.000,31.000,96.000,1.000,63014.000,63059.000,2.000
274.000,80.000,73.000,116.000,35.000,52.000,31.000,96.000,1.000,63014.000,63059.000,2.000
275.000,79.000,74.000,116.000,35.000,52.000,31.000,96.000,1.000,63014.000,63059.000,2.000
276.000,79.000,74.000,116.000,35.000,52.000,31.000,96.000,1.000,63014.000,63059.000,2.000
277.000,76.000,74.000,116.000,35.000,52.000,31.000,96.000,1.000,63014.000,63059.000,2.000
278.000,77.000,75.000,116.000,35.000,52.000,31.000,96.000,1.000,63014.000,63059.000,2.000
279.000,75.000,75.000,116.000,35.000,52.000,31.000,96.000,1.000,63014.000,63059.000,2.000
280.000,74.000,76.000,116.000,35.000,52.000,31.000,96.000,1.000,63014.000,63059.000,2.000
281.000,74.000,76.000,116.000,35.000,52.000,31.000,96.000,1.000,63014.000,63059.000,2.000
282.000,74.000,75.000,116.000,35.000,52.000,31.000,96.000,1.000,63014.000,63059.000,2.000
283.000,74.000,75.000,116.000,35.000,52.000,31.000,96.000,1.000,63014.000,63059.000,2.000
284.000,74.000,74.000,116.000,35.000,52.000,30.000,96.000,1.000,63014.000,63059.000,2.000
285.000,76.000,74.000,116.000,35.000,52.000,30.000,96.000,1.000,63014.000,63059.000,1.000
286.000,78.000,73.000,116.000,35.000,52.000,30.000,96.000,1.000,63014.000,63059.000,1.000
287.000,78.000,73.000,116.000,35.000,52.000,31.000,96.000,1.000,63014.000,63059.000,1.000
288.000,78.000,73.000,116.000,35.000,52.000,31.000,96.000,1.000,63014.000,63059.000,1.000
289.000,79.000,73.000,116.000,35.000,52.000,31.000,96.000,1.000,63014.000,63059.000,1.000
290.000,78.000,74.000,116.000,35.000,52.000,30.000,96.000,1.000,63014.000,63059.000,1.000
291.000,77.000,74.000,116.000,35.000,52.000,30.000,96.000,1.000,63014.000,63059.000,1.000
292.000,78.000,74.000,116.000,35.000,52.000,30.000,96.000,1.000,63014.000,63059.000,1.000
293.000,78.000,75.000,116.000,35.000,52.000,30.000,96.000,1.000,63014.000,63059.000,1.000
294.000,77.000,75.000,116.000,35.000,52.000,30.000,96.000,1.000,63014.000,63059.000,1.000
295.000,76.000,76.000,116.000,35.000,52.000,30.000,97.000,1.000,63014.000,63059.000,1.000
296.000,74.000,76.000,116.000,35.000,52.000,30.000,97.000,1.000,63014.000,63059.000,1.000
297.000,74.000,76.000,116.000,35.000,52.000,30.000,97.000,1.000,63014.000,63059.000,1.000
298.000,73.000,76.000,116.000,35.000,52.000,30.000,97.000,1.000,63014.000,63059.000,1.000
299.000,74.000,75.000,116.000,35.000,52.000,30.000,97.000,1.000,63014.000,63059.000,1.000
300.000,74.000,75.000,116.000,35.000,52.000,30.000,96.000,1.000,63014.000,63059.000,1.000
301.000,74.000,74.000,116.000,35.000,52.000,27.000,96.000,1.000,63014.000,63059.000,1.000
302.000,73.000,74.000,116.000,35.000,52.000,27.000,96.000,1.000,63014.000,63059.000,1.000
303.000,72.000,73.000,116.000,35.000,52.000,27.000,96.000,1.000,63014.000,63059.000,1.000
304.000,73.000,73.000,116.000,35.000,52.000,27.000,96.000,1.000,63014.000,63059.000,1.000
305.000,73.000,73.000,116.000,35.000,52.000,27.000,96.000,1.000,63014.000,63059.000,1.000
306.000,74.000,72.000,116.000,35.000,52.000,23.000,96.000,1.000,63014.000,63059.000,1.000
307.000,74.000,73.000,116.000,35.000,52.000,23.000,96.000,1.000,63014.000,63059.000,1.000
308.000,73.000,73.000,116.000,35.000,52.000,23.000,96.000,1.000,63014.000,63059.000,1.000
309.000,73.000,73.000,116.000,35.000,52.000,23.000,96.000,1.000,63014.000,63059.000,1.000
310.000,74.000,73.000,116.000,35.000,52.000,23.000,96.000,1.000,63014.000,63059.000,1.000
311.000,75.000,73.000,116.000,35.000,52.000,23.000,96.000,1.000,63014.000,63059.000,1.000
312.000,75.000,73.000,116.000,35.000,52.000,23.000,96.000,1.000,63014.000,63059.000,1.000
313.000,75.000,73.000,116.000,35.000,52.000,23.000,96.000,1.000,63014.000,63059.000,1.000
314.000,74.000,74.000,116.000,35.000,52.000,23.000,96.000,1.000,63014.000,63059.000,1.000
315.000,74.000,74.000,116.000,35.000,52.000,23.000,96.000,1.000,63014.000,63059.000,1.000
316.000,75.000,74.000,116.000,35.000,52.000,23.000,96.000,1.000,63014.000,63059.000,1.000
317.000,75.000,74.000,116.000,35.000,52.000,23.000,96.000,1.000,63014.000,63059.000,1.000
318.000,75.000,74.000,116.000,35.000,52.000,23.000,96.000,1.000,63014.000,63059.000,1.000
319.000,74.000,74.000,116.000,35.000,52.000,23.000,96.000,1.000,63014.000,63059.000,1.000
320.000,74.000,74.000,116.000,35.000,52.000,23.000,96.000,1.000,63014.000,63059.000,1.000
321.000,74.000,74.000,116.000,35.000,52.000,25.000,96.000,1.000,63014.000,63059.000,1.000
322.000,72.000,74.000,116.000,35.000,52.000,25.000,96.000,1.000,63014.000,63059.000,1.000
323.000,73.000,73.000,116.000,35.000,52.000,30.000,96.000,1.000,63014.000,63059.000,1.000
324.000,73.000,73.000,116.000,35.000,52.000,30.000,96.000,1.000,63014.000,63059.000,1.000
325.000,74.000,73.000,116.000,35.000,52.000,30.000,96.000,1.000,63014.000,63059.000,1.000
326.000,73.000,73.000,116.000,35.000,52.000,30.000,96.000,1.000,63014.000,63059.000,1.000
327.000,73.000,73.000,116.000,35.000,52.000,30.000,96.000,0.000,63014.000,63059.000,1.000
328.000,73.000,73.000,116.000,35.000,52.000,30.000,96.000,0.000,63014.000,63059.000,1.000
329.000,74.000,72.000,116.000,35.000,52.000,29.000,96.000,0.000,63014.000,63059.000,1.000
330.000,74.000,72.000,116.000,35.000,52.000,29.000,96.000,0.000,63014.000,63059.000,1.000
331.000,75.000,72.000,116.000,35.000,52.000,30.000,96.000,0.000,63014.000,63062.000,-
332.000,75.000,72.000,116.000,35.000,52.000,30.000,96.000,0.000,63014.000,63062.000,-
333.000,74.000,72.000,116.000,35.000,52.000,30.000,96.000,0.000,63014.000,63062.000,-
334.000,74.000,73.000,116.000,35.000,52.000,30.000,96.000,0.000,63014.000,63062.000,-
335.000,74.000,73.000,116.000,35.000,52.000,30.000,96.000,0.000,63014.000,63062.000,-
336.000,74.000,73.000,116.000,35.000,52.000,30.000,96.000,0.000,63014.000,63062.000,-
337.000,74.000,73.000,116.000,35.000,52.000,30.000,96.000,0.000,63014.000,63062.000,-
338.000,73.000,73.000,116.000,35.000,52.000,30.000,96.000,0.000,63014.000,63062.000,-
339.000,73.000,73.000,116.000,35.000,52.000,30.000,96.000,0.000,63014.000,63062.000,-
340.000,72.000,73.000,116.000,35.000,52.000,30.000,96.000,0.000,63014.000,63062.000,-
341.000,72.000,73.000,116.000,35.000,52.000,30.000,96.000,0.000,63014.000,63062.000,-
342.000,73.000,73.000,116.000,35.000,52.000,30.000,96.000,0.000,63014.000,63062.000,-
343.000,73.000,72.000,116.000,35.000,52.000,30.000,96.000,0.000,63014.000,63062.000,-
344.000,73.000,72.000,116.000,35.000,52.000,30.000,96.000,0.000,63014.000,63062.000,-
345.000,73.000,72.000,116.000,35.000,52.000,30.000,96.000,0.000,63014.000,63062.000,-
346.000,73.000,72.000,116.000,35.000,52.000,30.000,96.000,0.000,63014.000,63062.000,-
347.000,73.000,72.000,116.000,35.000,52.000,29.000,96.000,0.000,63014.000,63062.000,-
348.000,74.000,72.000,116.000,35.000,52.000,29.000,96.000,0.000,63014.000,63062.000,-
349.000,76.000,73.000,116.000,35.000,52.000,29.000,96.000,0.000,63014.000,63062.000,-
350.000,75.000,73.000,116.000,35.000,52.000,29.000,97.000,0.000,63014.000,63062.000,-
351.000,75.000,73.000,116.000,35.000,52.000,29.000,97.000,0.000,63014.000,63062.000,-
352.000,75.000,73.000,116.000,35.000,52.000,29.000,97.000,0.000,63014.000,63062.000,-
353.000,74.000,73.000,116.000,35.000,52.000,29.000,97.000,0.000,63014.000,63062.000,-
354.000,75.000,74.000,116.000,35.000,52.000,29.000,97.000,0.000,63014.000,63062.000,-
355.000,75.000,75.000,116.000,35.000,52.000,29.000,97.000,0.000,63014.000,63062.000,-
356.000,74.000,76.000,116.000,35.000,52.000,29.000,96.000,0.000,63014.000,63062.000,-
357.000,74.000,77.000,116.000,35.000,52.000,29.000,96.000,0.000,63014.000,63062.000,-
358.000,72.000,77.000,116.000,35.000,52.000,29.000,96.000,0.000,63014.000,63062.000,-
359.000,73.000,77.000,116.000,35.000,52.000,29.000,96.000,0.000,63014.000,63062.000,-
360.000,73.000,77.000,116.000,35.000,52.000,29.000,96.000,0.000,63014.000,63062.000,-
361.000,73.000,77.000,116.000,35.000,52.000,29.000,96.000,0.000,63014.000,63062.000,-
362.000,73.000,77.000,116.000,35.000,52.000,29.000,96.000,0.000,63014.000,63062.000,-
363.000,74.000,77.000,116.000,35.000,52.000,30.000,96.000,0.000,63014.000,63062.000,-
364.000,77.000,76.000,116.000,35.000,52.000,30.000,96.000,0.000,63014.000,63059.000,1.000
365.000,77.000,75.000,116.000,35.000,52.000,30.000,96.000,0.000,63014.000,63059.000,1.000
366.000,77.000,74.000,116.000,35.000,52.000,30.000,96.000,0.000,63014.000,63059.000,1.000
367.000,77.000,73.000,116.000,35.000,52.000,30.000,96.000,0.000,63014.000,63059.000,1.000
368.000,79.000,73.000,116.000,35.000,52.000,30.000,95.000,0.000,63014.000,63059.000,1.000
369.000,78.000,73.000,116.000,35.000,52.000,30.000,95.000,0.000,63014.000,63059.000,1.000
370.000,78.000,74.000,116.000,35.000,52.000,30.000,95.000,0.000,63014.000,63059.000,1.000
371.000,78.000,74.000,116.000,35.000,52.000,30.000,95.000,0.000,63014.000,63059.000,1.000
372.000,77.000,75.000,116.000,35.000,52.000,30.000,95.000,0.000,63014.000,63059.000,1.000
373.000,75.000,75.000,116.000,35.000,52.000,29.000,95.000,0.000,63014.000,63059.000,1.000
374.000,75.000,76.000,116.000,35.000,52.000,29.000,95.000,0.000,63014.000,63059.000,1.000
375.000,75.000,76.000,116.000,35.000,52.000,30.000,95.000,0.000,63014.000,63059.000,1.000
376.000,74.000,76.000,116.000,35.000,52.000,30.000,96.000,0.000,63014.000,63059.000,1.000
377.000,75.000,75.000,116.000,35.000,52.000,30.000,96.000,0.000,63014.000,63059.000,1.000
378.000,75.000,75.000,116.000,35.000,52.000,30.000,96.000,0.000,63014.000,63059.000,1.000
379.000,75.000,75.000,116.000,35.000,52.000,30.000,96.000,0.000,63014.000,63059.000,1.000
380.000,75.000,74.000,116.000,35.000,52.000,30.000,96.000,0.000,63014.000,63059.000,1.000
381.000,76.000,74.000,116.000,35.000,52.000,29.000,96.000,0.000,63014.000,63059.000,1.000
382.000,75.000,74.000,116.000,35.000,52.000,29.000,96.000,0.000,63014.000,63059.000,1.000
383.000,75.000,74.000,116.000,35.000,52.000,29.000,96.000,0.000,63014.000,63059.000,1.000
384.000,75.000,74.000,116.000,35.000,52.000,29.000,96.000,0.000,63014.000,63059.000,1.000
385.000,75.000,74.000,116.000,35.000,52.000,30.000,96.000,0.000,63014.000,63059.000,1.000
386.000,75.000,74.000,116.000,35.000,52.000,30.000,96.000,0.000,63014.000,63059.000,1.000
387.000,75.000,74.000,116.000,35.000,52.000,30.000,96.000,0.000,63014.000,63059.000,1.000
388.000,74.000,74.000,116.000,35.000,52.000,30.000,96.000,0.000,63014.000,63059.000,1.000
389.000,73.000,74.000,116.000,35.000,52.000,30.000,96.000,0.000,63014.000,63059.000,1.000
390.000,74.000,74.000,116.000,35.000,52.000,30.000,96.000,0.000,63014.000,63059.000,1.000
391.000,73.000,73.000,116.000,35.000,52.000,30.000,96.000,0.000,63014.000,63059.000,1.000
392.000,73.000,73.000,116.000,35.000,52.000,30.000,96.000,0.000,63014.000,63059.000,1.000
393.000,74.000,72.000,116.000,35.000,52.000,30.000,96.000,0.000,63014.000,63059.000,1.000
394.000,73.000,72.000,116.000,35.000,52.000,30.000,96.000,0.000,63014.000,63059.000,1.000
395.000,73.000,72.000,116.000,35.000,52.000,30.000,96.000,0.000,63014.000,63059.000,1.000
396.000,75.000,72.000,116.000,35.000,52.000,30.000,96.000,0.000,63014.000,63059.000,2.000
397.000,75.000,72.000,116.000,35.000,52.000,30.000,96.000,0.000,63014.000,63059.000,2.000
398.000,75.000,72.000,116.000,35.000,52.000,30.000,96.000,0.000,63014.000,63059.000,2.000
399.000,75.000,72.000,116.000,35.000,52.000,30.000,96.000,0.000,63014.000,63059.000,2.000
400.000,75.000,72.000,116.000,35.000,52.000,30.000,96.000,0.000,63014.000,63059.000,2.000
401.000,75.000,72.000,116.000,35.000,52.000,30.000,96.000,0.000,63014.000,63059.000,2.000
402.000,75.000,72.000,116.000,35.000,52.000,30.000,96.000,0.000,63014.000,63059.000,2.000
403.000,75.000,72.000,116.000,35.000,52.000,30.000,96.000,0.000,63014.000,63059.000,2.000
404.000,77.000,72.000,116.000,35.000,52.000,30.000,96.000,0.000,63014.000,63059.000,3.000
405.000,77.000,72.000,116.000,35.000,52.000,30.000,96.000,0.000,63014.000,63059.000,3.000
406.000,77.000,72.000,116.000,35.000,52.000,30.000,96.000,0.000,63014.000,63059.000,3.000
407.000,77.000,72.000,116.000,35.000,52.000,30.000,96.000,0.000,63014.000,63059.000,3.000
408.000,76.000,72.000,116.000,35.000,52.000,30.000,96.000,0.000,63014.000,63059.000,3.000
409.000,76.000,72.000,116.000,35.000,52.000,30.000,96.000,0.000,63014.000,63059.000,3.000
410.000,76.000,72.000,116.000,35.000,52.000,30.000,96.000,0.000,63014.000,63059.000,3.000
411.000,79.000,72.000,116.000,35.000,52.000,30.000,96.000,0.000,63014.000,63059.000,4.000
412.000,78.000,73.000,116.000,35.000,52.000,30.000,95.000,0.000,63014.000,63059.000,4.000
413.000,78.000,73.000,116.000,35.000,52.000,30.000,95.000,0.000,63014.000,63059.000,4.000
414.000,78.000,73.000,116.000,35.000,52.000,30.000,96.000,0.000,63014.000,63059.000,4.000
415.000,76.000,74.000,116.000,35.000,52.000,30.000,96.000,0.000,63014.000,63059.000,4.000
416.000,73.000,74.000,116.000,35.000,52.000,29.000,96.000,0.000,63014.000,63059.000,4.000
417.000,74.000,74.000,116.000,35.000,52.000,29.000,96.000,0.000,63014.000,63059.000,4.000
418.000,74.000,73.000,116.000,35.000,52.000,29.000,97.000,0.000,63014.000,63059.000,4.000
419.000,74.000,71.000,116.000,35.000,52.000,29.000,97.000,0.000,63014.000,63059.000,4.000
420.000,74.000,70.000,116.000,35.000,52.000,29.000,97.000,0.000,63014.000,63059.000,4.000
421.000,72.000,68.000,116.000,35.000,52.000,29.000,97.000,0.000,63014.000,63059.000,4.000
422.000,72.000,68.000,116.000,35.000,52.000,29.000,97.000,0.000,63014.000,63059.000,4.000
423.000,73.000,68.000,116.000,35.000,52.000,29.000,97.000,0.000,63014.000,63059.000,4.000
424.000,73.000,67.000,116.000,35.000,52.000,29.000,96.000,0.000,63014.000,63059.000,3.000
425.000,73.000,68.000,116.000,35.000,52.000,29.000,96.000,0.000,63014.000,63059.000,3.000
426.000,73.000,70.000,116.000,35.000,52.000,29.000,96.000,0.000,63014.000,63059.000,3.000
427.000,74.000,71.000,116.000,35.000,52.000,29.000,96.000,0.000,63014.000,63059.000,3.000
428.000,73.000,72.000,116.000,35.000,52.000,29.000,96.000,0.000,63014.000,63059.000,3.000
429.000,73.000,72.000,116.000,35.000,52.000,29.000,96.000,0.000,63014.000,63059.000,3.000
430.000,74.000,72.000,116.000,35.000,52.000,28.000,96.000,0.000,63014.000,63059.000,3.000
431.000,73.000,72.000,116.000,35.000,52.000,28.000,96.000,0.000,63014.000,63059.000,3.000
432.000,73.000,72.000,116.000,35.000,52.000,29.000,96.000,0.000,63014.000,63059.000,3.000
433.000,73.000,72.000,116.000,35.000,52.000,29.000,96.000,0.000,63014.000,63059.000,3.000
434.000,74.000,72.000,116.000,35.000,52.000,30.000,96.000,0.000,63014.000,63059.000,3.000
435.000,73.000,72.000,116.000,35.000,52.000,30.000,96.000,0.000,63014.000,63059.000,3.000
436.000,73.000,72.000,116.000,35.000,52.000,29.000,96.000,0.000,63014.000,63059.000,3.000
437.000,73.000,72.000,116.000,35.000,52.000,29.000,96.000,0.000,63014.000,63059.000,3.000
438.000,73.000,73.000,116.000,35.000,52.000,29.000,96.000,0.000,63014.000,63059.000,3.000
439.000,73.000,73.000,116.000,35.000,52.000,29.000,96.000,0.000,63014.000,63059.000,3.000
440.000,73.000,73.000,116.000,35.000,52.000,29.000,96.000,0.000,63014.000,63059.000,3.000
441.000,74.000,73.000,116.000,35.000,52.000,29.000,96.000,0.000,63014.000,63059.000,3.000
442.000,75.000,73.000,116.000,35.000,52.000,29.000,96.000,0.000,63014.000,63059.000,3.000
443.000,75.000,73.000,116.000,35.000,52.000,29.000,96.000,0.000,63014.000,63059.000,3.000
444.000,78.000,73.000,116.000,35.000,52.000,30.000,96.000,0.000,63014.000,63059.000,4.000
445.000,78.000,73.000,116.000,35.000,52.000,30.000,96.000,0.000,63014.000,63059.000,4.000
446.000,78.000,73.000,116.000,35.000,52.000,31.000,96.000,0.000,63014.000,63059.000,4.000
447.000,78.000,73.000,116.000,35.000,52.000,31.000,96.000,0.000,63014.000,63059.000,4.000
448.000,78.000,74.000,116.000,35.000,52.000,31.000,96.000,0.000,63014.000,63059.000,4.000
449.000,78.000,75.000,116.000,35.000,52.000,30.000,96.000,0.000,63014.000,63059.000,4.000
450.000,77.000,76.000,116.000,35.000,52.000,30.000,96.000,0.000,63014.000,63059.000,4.000
451.000,76.000,76.000,116.000,35.000,52.000,30.000,96.000,0.000,63014.000,63059.000,4.000
452.000,76.000,77.000,116.000,35.000,52.000,31.000,96.000,0.000,63014.000,63059.000,4.000
453.000,75.000,77.000,116.000,35.000,52.000,31.000,96.000,0.000,63014.000,63059.000,4.000
454.000,73.000,77.000,116.000,35.000,52.000,31.000,96.000,0.000,63014.000,63059.000,4.000
455.000,73.000,76.000,116.000,35.000,52.000,30.000,96.000,0.000,63014.000,63059.000,4.000
456.000,72.000,75.000,116.000,35.000,52.000,31.000,96.000,0.000,63014.000,63059.000,4.000
457.000,73.000,74.000,116.000,35.000,52.000,31.000,96.000,0.000,63014.000,63059.000,3.000
458.000,73.000,73.000,116.000,35.000,52.000,30.000,96.000,0.000,63014.000,63059.000,3.000
459.000,74.000,72.000,116.000,35.000,52.000,30.000,96.000,0.000,63014.000,63059.000,3.000
460.000,74.000,72.000,116.000,35.000,52.000,30.000,96.000,0.000,63014.000,63059.000,3.000
461.000,75.000,72.000,116.000,35.000,52.000,30.000,96.000,0.000,63014.000,63059.000,3.000
462.000,74.000,72.000,116.000,35.000,52.000,30.000,96.000,0.000,63014.000,63059.000,3.000
463.000,74.000,72.000,116.000,35.000,52.000,30.000,96.000,0.000,63014.000,63059.000,3.000
464.000,74.000,72.000,116.000,35.000,52.000,30.000,96.000,0.000,63014.000,63059.000,3.000
465.000,74.000,73.000,116.000,35.000,52.000,30.000,96.000,0.000,63014.000,63059.000,2.000
466.000,75.000,73.000,116.000,35.000,52.000,30.000,96.000,0.000,63014.000,63059.000,2.000
467.000,75.000,73.000,116.000,35.000,52.000,29.000,96.000,0.000,63014.000,63059.000,2.000
468.000,74.000,73.000,116.000,35.000,52.000,29.000,96.000,0.000,63014.000,63059.000,2.000
469.000,73.000,73.000,116.000,35.000,52.000,29.000,96.000,0.000,63014.000,63059.000,2.000
470.000,73.000,74.000,116.000,35.000,52.000,29.000,96.000,0.000,63014.000,63059.000,2.000
471.000,73.000,74.000,116.000,35.000,52.000,29.000,96.000,0.000,63014.000,63059.000,1.000
472.000,74.000,73.000,116.000,35.000,52.000,29.000,96.000,0.000,63014.000,63059.000,1.000
473.000,74.000,73.000,116.000,35.000,52.000,28.000,96.000,0.000,63014.000,63059.000,1.000
474.000,75.000,73.000,116.000,35.000,52.000,28.000,96.000,0.000,63014.000,63059.000,1.000
475.000,75.000,73.000,116.000,35.000,52.000,29.000,96.000,0.000,63014.000,63059.000,1.000
476.000,75.000,73.000,116.000,35.000,52.000,29.000,96.000,0.000,63014.000,63059.000,1.000
477.000,75.000,73.000,116.000,35.000,52.000,29.000,96.000,0.000,63014.000,63059.000,1.000
478.000,77.000,73.000,116.000,35.000,52.000,29.000,96.000,0.000,63014.000,63059.000,2.000
479.000,77.000,74.000,116.000,35.000,52.000,29.000,96.000,0.000,63014.000,63059.000,2.000
480.000,77.000,74.000,116.000,35.000,52.000,29.000,96.000,0.000,63014.000,63059.000,2.000
481.000,79.000,74.000,116.000,35.000,52.000,29.000,96.000,0.000,63014.000,63059.000,3.000
482.000,78.000,75.000,116.000,35.000,52.000,29.000,96.000,0.000,63014.000,63059.000,3.000
483.000,78.000,75.000,116.000,35.000,52.000,29.000,96.000,0.000,63014.000,63059.000,3.000
484.000,78.000,76.000,116.000,35.000,52.000,30.000,96.000,0.000,63014.000,63059.000,3.000
485.000,78.000,77.000,116.000,35.000,52.000,30.000,96.000,0.000,63014.000,63059.000,3.000
486.000,79.000,77.000,116.000,35.000,52.000,30.000,96.000,0.000,63014.000,63059.000,3.000
487.000,76.000,78.000,116.000,35.000,52.000,30.000,96.000,0.000,63014.000,63059.000,3.000
488.000,76.000,79.000,116.000,35.000,52.000,31.000,96.000,0.000,63014.000,63059.000,3.000
489.000,76.000,79.000,116.000,35.000,52.000,31.000,96.000,0.000,63014.000,63059.000,3.000
490.000,78.000,79.000,116.000,35.000,52.000,31.000,96.000,0.000,63014.000,63059.000,3.000
491.000,77.000,79.000,116.000,35.000,52.000,31.000,96.000,0.000,63014.000,63059.000,3.000
492.000,75.000,79.000,116.000,35.000,52.000,31.000,96.000,0.000,63014.000,63059.000,3.000
493.000,75.000,78.000,116.000,35.000,52.000,31.000,96.000,0.000,63014.000,63059.000,3.000
494.000,76.000,77.000,116.000,35.000,52.000,31.000,96.000,0.000,63014.000,63059.000,4.000
495.000,76.000,76.000,116.000,35.000,52.000,31.000,96.000,0.000,63014.000,63059.000,4.000
496.000,76.000,75.000,116.000,35.000,52.000,31.000,96.000,0.000,63014.000,63059.000,4.000
497.000,76.000,74.000,116.000,35.000,52.000,31.000,96.000,0.000,63014.000,63059.000,4.000
498.000,77.000,74.000,116.000,35.000,52.000,31.000,96.000,0.000,63014.000,63059.000,4.000
499.000,77.000,74.000,116.000,35.000,52.000,31.000,96.000,0.000,63014.000,63059.000,4.000
500.000,78.000,75.000,116.000,35.000,52.000,31.000,96.000,0.000,63014.000,63059.000,4.000
501.000,78.000,76.000,116.000,35.000,52.000,31.000,96.000,0.000,63014.000,63059.000,4.000
502.000,79.000,77.000,116.000,35.000,52.000,31.000,96.000,0.000,63014.000,63059.000,4.000
503.000,77.000,78.000,116.000,35.000,52.000,31.000,96.000,0.000,63014.000,63059.000,4.000
504.000,80.000,78.000,116.000,35.000,52.000,31.000,96.000,0.000,63014.000,63059.000,5.000
505.000,80.000,79.000,116.000,35.000,52.000,30.000,96.000,0.000,63014.000,63059.000,4.000
506.000,80.000,80.000,116.000,35.000,52.000,30.000,96.000,0.000,63014.000,63059.000,4.000
507.000,79.000,79.000,116.000,35.000,52.000,30.000,96.000,0.000,63014.000,63059.000,4.000
508.000,78.000,79.000,116.000,35.000,52.000,30.000,96.000,0.000,63014.000,63059.000,4.000
509.000,77.000,79.000,116.000,35.000,52.000,30.000,96.000,0.000,63014.000,63059.000,4.000
510.000,77.000,78.000,116.000,35.000,52.000,30.000,96.000,0.000,63014.000,63059.000,4.000
511.000,76.000,77.000,116.000,35.000,52.000,30.000,96.000,0.000,63014.000,63059.000,4.000
512.000,76.000,77.000,116.000,35.000,52.000,30.000,96.000,0.000,63014.000,63059.000,4.000
513.000,75.000,76.000,116.000,35.000,52.000,30.000,96.000,0.000,63014.000,63059.000,4.000
514.000,73.000,75.000,116.000,35.000,52.000,30.000,96.000,0.000,63014.000,63059.000,4.000
515.000,73.000,74.000,116.000,35.000,52.000,30.000,96.000,0.000,63014.000,63059.000,4.000
516.000,73.000,74.000,116.000,35.000,52.000,30.000,96.000,0.000,63014.000,63059.000,4.000
517.000,73.000,73.000,116.000,35.000,52.000,30.000,96.000,0.000,63014.000,63059.000,4.000
518.000,74.000,73.000,116.000,35.000,52.000,30.000,96.000,0.000,63014.000,63059.000,4.000
519.000,74.000,73.000,116.000,35.000,52.000,30.000,96.000,0.000,63014.000,63059.000,4.000
520.000,73.000,73.000,116.000,35.000,52.000,31.000,96.000,0.000,63014.000,63059.000,4.000
521.000,73.000,73.000,116.000,35.000,52.000,31.000,96.000,0.000,63014.000,63059.000,4.000
522.000,73.000,73.000,116.000,35.000,52.000,31.000,96.000,0.000,63014.000,63059.000,4.000
523.000,74.000,73.000,116.000,35.000,52.000,31.000,96.000,0.000,63014.000,63059.000,4.000
524.000,75.000,73.000,116.000,35.000,52.000,31.000,96.000,0.000,63014.000,63059.000,4.000
525.000,75.000,73.000,116.000,35.000,52.000,31.000,96.000,0.000,63014.000,63059.000,4.000
526.000,77.000,73.000,116.000,35.000,52.000,31.000,96.000,0.000,63014.000,63059.000,4.000
527.000,76.000,73.000,116.000,35.000,52.000,31.000,96.000,0.000,63014.000,63059.000,4.000
528.000,76.000,73.000,116.000,35.000,52.000,30.000,96.000,0.000,63014.000,63059.000,4.000
529.000,78.000,73.000,116.000,35.000,52.000,30.000,96.000,0.000,63014.000,63059.000,4.000
530.000,78.000,74.000,116.000,35.000,52.000,30.000,96.000,0.000,63014.000,63059.000,4.000
531.000,78.000,75.000,116.000,35.000,52.000,30.000,96.000,0.000,63014.000,63059.000,4.000
532.000,78.000,75.000,116.000,35.000,52.000,30.000,96.000,0.000,63014.000,63059.000,4.000
533.000,77.000,76.000,116.000,35.000,52.000,30.000,96.000,0.000,63014.000,63059.000,4.000
534.000,78.000,76.000,116.000,35.000,52.000,30.000,96.000,0.000,63014.000,63059.000,4.000
535.000,76.000,77.000,116.000,35.000,52.000,30.000,96.000,0.000,63014.000,63059.000,4.000
536.000,75.000,78.000,116.000,35.000,52.000,30.000,96.000,0.000,63014.000,63059.000,4.000
537.000,75.000,78.000,116.000,35.000,52.000,29.000,96.000,0.000,63014.000,63059.000,4.000
538.000,75.000,77.000,116.000,35.000,52.000,29.000,96.000,0.000,63014.000,63059.000,4.000
539.000,73.000,77.000,116.000,35.000,52.000,29.000,97.000,0.000,63014.000,63059.000,3.000
540.000,73.000,77.000,116.000,35.000,52.000,29.000,97.000,0.000,63014.000,63059.000,3.000
541.000,76.000,76.000,116.000,35.000,52.000,30.000,97.000,0.000,63014.000,63059.000,4.000
542.000,76.000,75.000,116.000,35.000,52.000,30.000,97.000,0.000,63014.000,63059.000,3.000
543.000,75.000,74.000,116.000,35.000,52.000,30.000,97.000,0.000,63014.000,63059.000,3.000
544.000,74.000,74.000,116.000,35.000,52.000,30.000,97.000,0.000,63014.000,63059.000,3.000
545.000,74.000,73.000,116.000,35.000,52.000,30.000,97.000,0.000,63014.000,63059.000,3.000
546.000,75.000,73.000,116.000,35.000,52.000,31.000,97.000,0.000,63014.000,63059.000,3.000
547.000,75.000,72.000,116.000,35.000,52.000,31.000,97.000,0.000,63014.000,63059.000,3.000
548.000,76.000,72.000,116.000,35.000,52.000,31.000,97.000,0.000,63014.000,63059.000,3.000
549.000,78.000,73.000,116.000,35.000,52.000,32.000,97.000,0.000,63014.000,63059.000,4.000
550.000,76.000,73.000,116.000,35.000,52.000,32.000,97.000,0.000,63014.000,63059.000,4.000
551.000,76.000,73.000,116.000,35.000,52.000,33.000,97.000,0.000,63014.000,63059.000,4.000
552.000,77.000,73.000,116.000,35.000,52.000,33.000,97.000,0.000,63014.000,63059.000,4.000
553.000,77.000,73.000,116.000,35.000,52.000,32.000,97.000,0.000,63014.000,63059.000,4.000
554.000,77.000,73.000,116.000,35.000,52.000,32.000,97.000,0.000,63014.000,63059.000,3.000
555.000,77.000,74.000,116.000,35.000,52.000,33.000,97.000,0.000,63014.000,63059.000,3.000
556.000,77.000,74.000,116.000,35.000,52.000,33.000,96.000,0.000,63014.000,63059.000,3.000
557.000,77.000,75.000,116.000,35.000,52.000,32.000,96.000,0.000,63014.000,63059.000,3.000
558.000,76.000,76.000,116.000,35.000,52.000,32.000,96.000,0.000,63014.000,63059.000,3.000
559.000,76.000,76.000,116.000,35.000,52.000,32.000,96.000,0.000,63014.000,63059.000,3.000
560.000,77.000,76.000,116.000,35.000,52.000,32.000,96.000,0.000,63014.000,63059.000,3.000
561.000,79.000,76.000,116.000,35.000,52.000,31.000,96.000,0.000,63014.000,63059.000,3.000
562.000,79.000,75.000,116.000,35.000,52.000,32.000,96.000,0.000,63014.000,63059.000,3.000
563.000,84.000,75.000,116.000,35.000,52.000,32.000,96.000,0.000,63014.000,63059.000,3.000
564.000,86.000,76.000,116.000,35.000,52.000,32.000,96.000,0.000,63014.000,63059.000,3.000
565.000,86.000,76.000,116.000,35.000,52.000,32.000,96.000,0.000,63014.000,63059.000,3.000
566.000,87.000,77.000,116.000,35.000,52.000,32.000,96.000,0.000,63014.000,63059.000,3.000
567.000,86.000,78.000,116.000,35.000,52.000,31.000,96.000,0.000,63014.000,63059.000,3.000
568.000,85.000,79.000,116.000,35.000,52.000,31.000,96.000,0.000,63014.000,63059.000,3.000
569.000,86.000,79.000,116.000,35.000,52.000,31.000,96.000,0.000,63014.000,63059.000,3.000
570.000,83.000,79.000,116.000,35.000,52.000,31.000,96.000,0.000,63014.000,63059.000,3.000
571.000,83.000,80.000,116.000,35.000,52.000,31.000,95.000,0.000,63014.000,63059.000,3.000
572.000,81.000,80.000,116.000,35.000,52.000,31.000,95.000,0.000,63014.000,63059.000,3.000
573.000,77.000,80.000,116.000,35.000,52.000,31.000,95.000,0.000,63014.000,63059.000,3.000
574.000,76.000,80.000,116.000,35.000,52.000,31.000,95.000,0.000,63014.000,63059.000,3.000
575.000,77.000,79.000,116.000,35.000,52.000,31.000,95.000,1.000,63014.000,63059.000,3.000
576.000,77.000,79.000,116.000,35.000,52.000,31.000,95.000,1.000,63014.000,63059.000,3.000
577.000,77.000,78.000,116.000,35.000,52.000,30.000,95.000,1.000,63014.000,63059.000,3.000
578.000,80.000,77.000,116.000,35.000,52.000,30.000,96.000,2.000,63014.000,63059.000,3.000
579.000,79.000,76.000,116.000,35.000,52.000,30.000,96.000,2.000,63014.000,63059.000,3.000
580.000,80.000,75.000,116.000,35.000,52.000,30.000,96.000,2.000,63014.000,63059.000,3.000
581.000,80.000,74.000,116.000,35.000,52.000,30.000,96.000,2.000,63014.000,63059.000,3.000
582.000,82.000,75.000,116.000,35.000,52.000,30.000,96.000,2.000,63014.000,63059.000,3.000
583.000,81.000,76.000,116.000,35.000,52.000,30.000,96.000,2.000,63014.000,63059.000,3.000
584.000,81.000,77.000,116.000,35.000,52.000,30.000,96.000,3.000,63014.000,63059.000,3.000
585.000,82.000,78.000,116.000,35.000,52.000,30.000,96.000,3.000,63014.000,63059.000,3.000
586.000,80.000,79.000,116.000,35.000,52.000,30.000,96.000,3.000,63014.000,63059.000,3.000
587.000,79.000,80.000,116.000,35.000,52.000,30.000,96.000,3.000,63014.000,63059.000,3.000
588.000,81.000,80.000,116.000,35.000,52.000,30.000,96.000,3.000,63014.000,63059.000,3.000
589.000,83.000,80.000,116.000,35.000,52.000,30.000,96.000,4.000,63014.000,63059.000,3.000
590.000,79.000,80.000,116.000,35.000,52.000,28.000,96.000,4.000,63014.000,63059.000,3.000
591.000,82.000,79.000,116.000,35.000,52.000,28.000,96.000,4.000,63014.000,63059.000,4.000
592.000,82.000,79.000,116.000,35.000,52.000,28.000,96.000,4.000,63014.000,63059.000,4.000
593.000,79.000,78.000,116.000,35.000,52.000,28.000,96.000,4.000,63014.000,63059.000,4.000
594.000,82.000,78.000,116.000,35.000,52.000,28.000,96.000,5.000,63014.000,63059.000,4.000
595.000,79.000,79.000,116.000,35.000,52.000,29.000,96.000,5.000,63014.000,63059.000,4.000
596.000,78.000,78.000,116.000,35.000,52.000,29.000,96.000,5.000,63014.000,63059.000,4.000
597.000,77.000,78.000,116.000,35.000,52.000,29.000,96.000,5.000,63014.000,63059.000,4.000
598.000,77.000,78.000,116.000,35.000,52.000,29.000,96.000,5.000,63014.000,63059.000,4.000
599.000,77.000,79.000,116.000,35.000,52.000,29.000,96.000,6.000,63014.000,63059.000,4.000
