'Elapsed time','HR','ABPSys','ABPDias','ABPMean','CVP','PULSE','RESP','SpO2','NBPSys','NBPDias','NBPMean'
'seconds','bpm','mmHg','mmHg','mmHg','mmHg','bpm','pm','%','mmHg','mmHg','mmHg'
0.000,117.600,0.000,0.000,0.000,0.000,0.000,46.300,100.000,-,-,-
60.000,117.000,0.000,0.000,0.000,0.000,0.000,44.300,100.000,119.000,42.000,67.000
120.000,116.600,0.000,0.000,0.000,0.000,0.000,39.400,100.000,107.000,43.000,65.000
180.000,116.900,0.000,0.000,0.000,0.000,0.000,42.600,100.000,-,-,-
240.000,116.900,0.000,0.000,0.000,0.000,0.000,35.900,99.500,-,-,-
300.000,116.000,0.000,0.000,0.000,0.000,0.000,36.800,97.600,-,-,-
360.000,116.700,0.000,0.000,0.000,0.000,0.000,39.300,85.600,-,-,-
420.000,117.500,0.000,0.000,0.000,0.000,0.000,39.900,91.000,-,-,-
480.000,118.800,0.000,0.000,0.000,0.000,0.000,41.800,100.000,96.000,45.000,63.000
540.000,117.500,0.000,0.000,0.000,0.000,0.000,40.700,100.000,108.000,45.000,65.000
