'Elapsed time','HR','ABPSys','ABPDias','ABPMean','PULSE','RESP','SpO2'
'seconds','bpm','mmHg','mmHg','mmHg','bpm','pm','%'
0.000,73.500,0.000,0.000,0.000,0.000,0.000,100.000
60.000,64.600,174.100,85.400,106.400,61.400,0.000,100.000
120.000,57.600,167.000,81.000,111.300,56.800,0.000,100.000
180.000,51.600,153.700,74.000,101.200,53.400,0.000,100.000
240.000,57.200,160.000,77.900,106.400,55.900,0.000,100.000
300.000,65.100,168.900,87.900,115.000,66.600,0.000,99.700
360.000,65.700,168.100,89.200,115.800,65.500,0.000,99.600
420.000,60.300,165.400,87.400,113.400,60.500,0.000,98.900
480.000,70.500,170.500,90.400,118.200,70.400,0.000,99.200
540.000,73.100,161.600,84.000,112.300,69.700,22.400,100.000
