'Elapsed time','HR','ABPSys','ABPDias','ABPMean','PAPSys','PAPDias','PAPMean','CVP','PULSE','RESP','SpO2','CO'
'seconds','bpm','mmHg','mmHg','mmHg','mmHg','mmHg','mmHg','mmHg','bpm','pm','%','Lpm'
0.000,78.900,106.300,62.200,78.600,41.000,21.100,28.900,13.100,78.800,10.900,100.000,0.000
60.000,78.900,106.900,62.900,78.900,40.400,21.200,29.100,12.900,78.800,11.300,100.000,0.000
120.000,78.400,111.900,65.500,82.300,41.000,21.900,29.500,13.400,78.500,10.700,100.000,0.000
180.000,78.600,114.600,64.100,82.000,41.900,20.800,29.300,143.500,82.900,11.000,100.000,0.000
240.000,79.000,115.600,66.500,84.300,41.300,22.800,30.100,15.300,79.000,10.000,100.000,0.000
300.000,79.000,114.400,67.500,84.300,41.300,22.800,30.100,15.200,79.000,10.000,100.000,0.000
360.000,79.800,115.900,66.900,84.600,42.900,22.600,30.400,30.300,79.000,11.300,100.000,0.000
420.000,79.600,114.700,66.900,84.300,40.600,21.900,29.300,101.400,79.000,14.000,100.000,0.000
480.000,80.800,105.000,64.300,79.500,37.300,20.900,27.600,0.000,79.100,10.100,100.000,0.000
540.000,79.700,107.000,65.300,80.700,37.900,21.300,27.900,0.000,79.400,9.900,100.000,0.000
