'Elapsed time','HR','ABPSys','ABPDias','ABPMean','PULSE','RESP','SpO2'
'seconds','bpm','mmHg','mmHg','mmHg','bpm','pm','%'
0.000,125.300,0.000,0.000,0.000,0.000,26.100,92.000
60.000,125.000,0.000,0.000,0.000,0.000,26.900,92.000
120.000,125.000,0.000,0.000,46.200,117.500,28.400,95.000
180.000,124.500,91.000,58.000,70.300,124.500,28.300,95.700
240.000,124.000,90.800,57.500,69.800,125.300,28.400,96.000
300.000,124.000,89.500,57.500,69.400,124.000,27.400,96.000
360.000,122.400,92.500,58.400,71.000,125.600,33.500,96.600
420.000,125.600,94.800,59.100,72.000,124.300,35.500,96.600
480.000,125.900,93.400,59.800,72.200,126.600,30.100,96.800
540.000,126.000,90.600,58.400,70.300,126.300,28.700,96.200
