'Elapsed time','HR','ABPSys','ABPDias','ABPMean','PAPSys','PAPDias','PAPMean','CVP','PULSE','RESP','SpO2','PAWP'
'seconds','bpm','mmHg','mmHg','mmHg','mmHg','mmHg','mmHg','mmHg','bpm','pm','%','mmHg'
0.000,94.000,119.300,65.600,85.900,32.000,11.200,19.300,7.300,91.100,15.300,99.000,0.000
60.000,90.200,116.400,66.100,84.900,32.500,11.100,19.600,7.400,91.000,8.400,100.000,0.000
120.000,89.600,116.600,65.900,84.500,34.000,11.200,20.100,8.000,89.500,0.000,100.000,0.000
180.000,89.800,117.500,63.200,83.600,38.100,10.700,21.900,9.400,94.300,9.600,100.000,0.000
240.000,91.600,121.500,70.400,89.400,41.900,16.200,26.600,13.700,90.400,3.400,100.000,0.000
300.000,92.700,113.300,66.800,84.200,40.300,15.300,25.400,13.300,92.700,9.100,100.000,0.000
360.000,92.500,113.800,66.200,84.400,40.800,15.100,26.000,13.700,93.800,17.000,100.000,0.000
420.000,92.400,104.600,62.300,78.600,37.800,15.900,24.800,12.600,92.100,12.100,100.000,0.000
480.000,91.500,95.600,57.700,72.300,35.400,15.400,23.900,11.900,90.400,7.300,100.000,0.000
540.000,88.300,83.900,52.700,65.100,35.000,16.100,24.400,12.400,88.400,11.800,100.000,0.000
