'Elapsed time','HR','ABPSys','ABPDias','ABPMean','PAPSys','PAPDias','PAPMean','CVP','PULSE','RESP','SpO2','NBPSys','NBPDias','NBPMean','PAWP','CO'
'seconds','bpm','mmHg','mmHg','mmHg','mmHg','mmHg','mmHg','mmHg','bpm','pm','%','mmHg','mmHg','mmHg','mmHg','Lpm'
0.000,0.000,0.000,0.000,0.000,0.000,0.000,0.000,0.000,0.000,0.000,91.000,-,-,-,0.000,0.000
60.000,69.600,0.000,0.000,0.000,0.000,0.000,0.000,0.000,0.000,14.800,91.800,-,-,-,0.000,0.000
120.000,69.000,0.000,0.000,0.000,0.000,0.000,0.000,0.000,0.000,17.100,92.400,-,-,-,0.000,0.000
180.000,64.600,0.000,0.000,0.000,0.000,0.000,0.000,0.000,0.000,17.800,97.600,-,-,-,0.000,0.000
240.000,74.400,0.000,0.000,0.000,0.000,0.000,0.000,0.000,0.000,21.300,97.400,-,-,-,0.000,0.000
300.000,65.100,0.000,0.000,0.000,0.000,0.000,0.000,0.000,0.000,22.500,97.100,-,-,-,0.000,0.000
360.000,65.700,0.000,0.000,0.000,0.000,0.000,0.000,0.000,0.000,18.800,96.000,127.000,62.000,82.000,0.000,0.000
420.000,63.600,0.000,0.000,0.000,0.000,0.000,0.000,0.000,0.000,17.900,96.000,-,-,-,0.000,0.000
480.000,62.400,0.000,0.000,0.000,0.000,0.000,0.000,0.000,0.000,14.800,96.000,137.000,59.000,83.000,0.000,0.000
540.000,64.500,0.000,0.000,0.000,0.000,0.000,0.000,0.000,0.000,19.600,96.000,-,-,-,0.000,0.000
