'Elapsed time','HR','ABPSys','ABPDias','ABPMean','PAPSys','PAPDias','PAPMean','CVP','PULSE','RESP','SpO2','NBPSys','NBPDias','NBPMean'
'seconds','bpm','mmHg','mmHg','mmHg','mmHg','mmHg','mmHg','mmHg','bpm','pm','%','mmHg','mmHg','mmHg'
0.000,112.000,0.000,0.000,0.000,0.000,0.000,0.000,0.000,59.000,20.400,87.000,-,-,-
60.000,109.600,0.000,0.000,0.000,0.000,0.000,0.000,0.000,59.000,25.600,87.000,-,-,-
120.000,109.000,0.000,0.000,0.000,0.000,0.000,0.000,0.000,99.900,24.600,87.500,-,-,-
180.000,108.700,0.000,0.000,0.000,0.000,0.000,0.000,0.000,121.000,18.100,85.400,112.000,75.000,90.000
240.000,107.800,0.000,0.000,0.000,0.000,0.000,0.000,0.000,130.000,17.900,85.000,-,-,-
300.000,106.300,0.000,0.000,0.000,0.000,0.000,0.000,0.000,0.000,25.600,0.000,-,-,-
360.000,105.100,0.000,0.000,0.000,0.000,0.000,0.000,0.000,0.000,23.800,0.000,116.000,59.000,78.000
420.000,104.400,0.000,0.000,0.000,0.000,0.000,0.000,0.000,113.000,26.900,0.000,-,-,-
480.000,103.700,0.000,0.000,0.000,0.000,0.000,0.000,0.000,107.000,26.000,85.900,122.000,89.000,104.000
540.000,103.200,0.000,0.000,0.000,0.000,0.000,0.000,0.000,0.000,25.100,0.000,-,-,-
