'Elapsed time','HR','ABPSys','ABPDias','ABPMean','PAPSys','PAPDias','PAPMean','CVP','PULSE','RESP','SpO2','NBPSys','NBPDias','NBPMean','PAWP'
'seconds','bpm','mmHg','mmHg','mmHg','mmHg','mmHg','mmHg','mmHg','bpm','pm','%','mmHg','mmHg','mmHg','mmHg'
0.000,0.000,0.000,0.000,0.000,0.000,0.000,0.000,0.000,0.000,6.000,0.000,-,-,-,0.000
60.000,83.900,0.000,0.000,0.000,0.000,0.000,0.000,0.000,0.000,14.500,0.000,-,-,-,0.000
120.000,83.600,0.000,0.000,0.000,0.000,0.000,0.000,0.000,82.400,16.300,99.500,120.000,57.000,76.000,0.000
180.000,83.100,0.000,0.000,0.000,0.000,0.000,0.000,0.000,0.000,17.100,0.000,98.000,71.000,83.000,0.000
240.000,83.700,0.000,0.000,0.000,0.000,0.000,0.000,0.000,0.000,17.900,0.000,-,-,-,0.000
300.000,83.000,0.000,0.000,0.000,0.000,0.000,0.000,0.000,0.000,15.300,0.000,-,-,-,0.000
360.000,84.000,0.000,0.000,0.000,0.000,0.000,0.000,0.000,0.000,17.700,0.000,-,-,-,0.000
420.000,84.200,0.000,0.000,0.000,0.000,0.000,0.000,0.000,0.000,16.800,0.000,-,-,-,0.000
480.000,85.400,0.000,0.000,0.000,0.000,0.000,0.000,0.000,0.000,17.600,0.000,-,-,-,0.000
540.000,86.000,0.000,0.000,0.000,0.000,0.000,0.000,0.000,0.000,17.200,0.000,-,-,-,0.000
