'Elapsed time','HR','ABPSys','ABPDias','ABPMean','PULSE','RESP','SpO2'
'seconds','bpm','mmHg','mmHg','mmHg','bpm','pm','%'
0.000,0.000,0.000,0.000,0.000,0.000,12.900,0.000
60.000,0.000,0.000,0.000,0.000,0.000,0.000,0.000
120.000,56.100,0.000,0.000,0.000,0.000,16.000,0.000
180.000,44.300,0.000,0.000,0.000,54.000,18.100,95.000
240.000,50.800,0.000,0.000,0.000,56.700,15.800,95.000
300.000,47.300,0.000,0.000,0.000,56.800,20.500,95.300
360.000,57.100,0.000,0.000,0.000,59.900,17.700,95.200
420.000,41.800,0.000,0.000,0.000,57.800,15.700,96.000
480.000,43.400,0.000,0.000,0.000,59.500,18.200,95.200
540.000,47.400,0.000,0.000,0.000,62.000,18.800,94.000
