'Elapsed time','HR','ABPSys','ABPDias','ABPMean','PAPSys','PAPDias','PAPMean','CVP','PULSE','RESP','SpO2','CO'
'seconds','bpm','mmHg','mmHg','mmHg','mmHg','mmHg','mmHg','mmHg','bpm','pm','%','Lpm'
0.000,91.000,126.300,56.800,88.200,34.000,17.100,24.600,10.000,182.000,12.000,100.000,0.000
60.000,89.200,125.400,56.600,87.200,32.800,16.600,23.700,9.500,173.800,12.000,100.000,0.000
120.000,89.400,122.500,54.300,85.000,31.400,15.700,22.800,9.100,177.800,12.000,100.000,0.000
180.000,88.900,121.500,52.800,83.500,30.800,15.200,22.100,9.100,176.100,12.000,100.000,0.000
240.000,90.100,118.200,50.800,81.100,29.400,15.100,21.500,8.700,179.400,12.000,100.000,0.000
300.000,89.500,120.100,50.400,81.400,28.500,14.700,20.900,8.400,177.800,12.000,100.000,0.000
360.000,89.800,126.200,51.600,84.800,28.000,14.500,20.600,8.600,178.200,13.600,100.000,0.000
420.000,92.000,133.400,52.400,87.900,28.100,14.600,20.700,8.100,180.500,15.000,100.000,0.000
480.000,89.300,139.400,56.600,92.400,30.900,16.200,22.600,10.200,164.400,12.100,100.000,0.000
540.000,90.100,138.300,57.700,93.300,0.000,0.000,26.800,14.200,179.600,13.000,100.000,0.000
