'Elapsed time','HR','ABPSys','ABPDias','ABPMean','PAPSys','PAPDias','PAPMean','CVP','PULSE','RESP','SpO2','CO'
'seconds','bpm','mmHg','mmHg','mmHg','mmHg','mmHg','mmHg','mmHg','bpm','pm','%','Lpm'
0.000,87.600,106.100,50.900,69.200,30.500,15.300,21.600,12.100,87.700,0.000,100.000,0.000
60.000,89.600,106.700,53.100,70.800,31.700,16.500,22.400,12.100,87.600,0.000,0.000,0.000
120.000,91.600,111.000,53.200,72.600,0.000,0.000,21.200,11.800,88.100,0.000,0.000,0.000
180.000,89.900,114.400,56.400,75.800,31.100,16.100,22.200,11.100,88.700,0.000,0.000,0.000
240.000,88.600,122.300,59.800,80.700,31.500,16.200,22.600,11.700,88.600,0.000,0.000,0.000
300.000,90.300,127.000,62.700,84.100,31.600,16.900,23.000,12.000,90.600,0.000,0.000,0.000
360.000,90.500,130.100,64.000,86.300,31.800,17.000,23.100,11.800,90.700,0.000,0.000,0.000
420.000,91.100,136.300,67.300,90.700,31.100,16.500,22.600,11.900,91.000,0.000,0.000,0.000
480.000,91.800,141.000,69.600,94.100,31.100,16.300,22.400,11.700,91.800,0.000,0.000,0.000
540.000,92.900,144.800,71.700,96.900,31.100,16.500,22.400,11.500,92.800,0.000,0.000,0.000
