'Elapsed time','HR','ABPSys','ABPDias','ABPMean','PULSE','RESP','SpO2'
'seconds','bpm','mmHg','mmHg','mmHg','bpm','pm','%'
0.000,113.600,101.300,61.600,75.200,89.700,19.300,98.500
60.000,114.500,100.800,61.500,74.900,86.100,21.500,98.700
120.000,115.100,102.300,62.800,76.300,106.600,20.500,98.300
180.000,115.700,103.300,63.700,77.100,93.200,19.400,98.700
240.000,114.800,102.600,63.100,76.400,98.300,20.800,98.300
300.000,112.600,101.600,61.900,75.300,89.000,23.700,98.600
360.000,117.800,102.200,62.300,75.500,101.100,22.400,98.600
420.000,116.500,101.500,62.000,75.300,93.100,19.300,99.200
480.000,117.600,103.800,63.300,76.700,101.500,22.200,98.900
540.000,112.800,101.700,61.300,75.000,82.400,22.900,99.100
