'Elapsed time','HR','ABPSys','ABPDias','ABPMean','PAPSys','PAPDias','PAPMean','CVP','PULSE','RESP','SpO2','CO'
'seconds','bpm','mmHg','mmHg','mmHg','mmHg','mmHg','mmHg','mmHg','bpm','pm','%','Lpm'
0.000,100.300,0.000,0.000,0.000,0.000,0.000,0.000,0.000,0.000,20.300,0.000,0.000
60.000,93.500,0.000,0.000,0.000,0.000,0.000,0.000,0.000,0.000,17.100,0.000,0.000
120.000,107.900,0.000,0.000,0.000,0.000,0.000,0.000,0.000,95.700,19.900,98.000,0.000
180.000,96.200,0.000,0.000,0.000,0.000,0.000,0.000,0.000,89.600,22.500,99.000,0.000
240.000,98.800,109.300,64.400,66.800,0.000,0.000,0.000,0.000,0.000,19.900,0.000,0.000
300.000,97.300,109.000,58.700,76.100,46.900,19.400,31.000,0.000,0.000,17.200,0.000,0.000
360.000,100.300,110.200,62.500,78.100,44.000,23.000,30.400,0.000,0.000,19.000,0.000,0.000
420.000,97.900,110.700,62.000,77.500,44.600,23.500,30.500,0.000,85.200,20.700,98.800,0.000
480.000,100.900,107.900,63.000,77.500,43.800,21.700,30.500,0.000,93.700,20.000,99.000,0.000
540.000,97.000,109.700,62.400,77.700,53.700,27.800,31.200,0.000,96.100,22.300,99.000,0.000
