'Elapsed time','HR','ABPSys','ABPDias','ABPMean','CVP','PULSE','RESP','SpO2'
'seconds','bpm','mmHg','mmHg','mmHg','mmHg','bpm','pm','%'
0.000,84.600,0.000,0.000,23.000,0.000,0.000,17.100,0.000
60.000,85.400,95.400,41.600,62.200,0.500,85.300,19.000,0.000
120.000,87.200,93.900,41.100,61.500,6.100,87.300,17.200,0.000
180.000,86.000,94.100,41.900,62.100,6.900,85.900,18.900,0.000
240.000,87.100,93.400,41.900,61.900,7.200,87.200,16.900,0.000
300.000,89.700,98.000,41.700,63.400,6.100,89.800,21.700,0.000
360.000,90.700,104.000,48.100,69.500,9.700,90.500,17.400,0.000
420.000,90.600,103.800,48.200,69.800,10.100,91.200,20.700,0.000
480.000,89.000,114.500,52.700,76.700,8.500,88.400,24.600,0.000
540.000,94.000,97.000,43.800,64.000,7.800,92.300,24.800,0.000
