'Elapsed time','HR','ABPSys','ABPDias','ABPMean','CVP','PULSE','RESP','SpO2'
'seconds','bpm','mmHg','mmHg','mmHg','mmHg','bpm','pm','%'
0.000,108.600,0.000,0.000,0.000,253.000,0.000,26.200,97.500
60.000,110.000,0.000,0.000,0.000,253.000,0.000,24.000,97.100
120.000,107.800,0.000,0.000,0.000,253.000,0.000,29.800,97.000
180.000,105.700,0.000,0.000,0.000,253.000,0.000,27.300,97.000
240.000,106.700,0.000,0.000,0.000,253.000,0.000,23.400,97.000
300.000,106.100,0.000,0.000,0.000,253.000,0.000,21.700,97.000
360.000,103.900,0.000,0.000,0.000,199.900,0.000,13.200,97.000
420.000,102.700,0.000,0.000,0.000,45.800,0.000,12.700,96.900
480.000,98.100,0.000,0.000,0.000,19.400,0.000,17.400,97.000
540.000,105.300,193.600,86.000,103.400,20.100,104.800,23.500,97.300
