'Elapsed time','HR','ABPSys','ABPDias','ABPMean','PAPSys','PAPDias','PAPMean','CVP','PULSE','RESP','SpO2','ST_II','NBPSys','NBPDias','NBPMean','CO'
'seconds','bpm','mmHg','mmHg','mmHg','mmHg','mmHg','mmHg','mmHg','bpm','pm','%','mV','mmHg','mmHg','mmHg','Lpm'
0.000,115.700,0.000,0.000,0.000,0.000,0.000,0.000,0.000,0.000,0.000,0.000,0.000,-,-,-,0.000
60.000,115.000,0.000,0.000,0.000,0.000,0.000,0.000,0.000,0.000,0.000,0.000,0.000,-,-,-,0.000
120.000,114.200,0.000,0.000,0.000,0.000,0.000,0.000,0.000,0.000,0.000,0.000,0.000,-,-,-,0.000
180.000,112.600,0.000,0.000,0.000,0.000,0.000,0.000,0.000,0.000,0.000,0.000,0.000,127.000,50.000,74.000,0.000
240.000,113.200,0.000,0.000,0.000,0.000,0.000,0.000,0.000,0.000,0.000,99.500,0.000,87.000,49.000,64.000,0.000
300.000,113.400,0.000,0.000,0.000,0.000,0.000,0.000,0.000,0.000,0.000,100.000,0.000,-,-,-,0.000
360.000,114.200,0.000,0.000,0.000,0.000,0.000,0.000,0.000,0.000,0.000,99.700,0.000,-,-,-,0.000
420.000,115.100,0.000,0.000,0.000,0.000,0.000,0.000,0.000,0.000,0.000,0.000,0.000,-,-,-,0.000
480.000,116.100,0.000,0.000,0.000,0.000,0.000,0.000,0.000,0.000,17.400,79.000,0.000,-,-,-,0.000
540.000,115.000,0.000,0.000,0.000,0.000,0.000,0.000,0.000,0.000,26.900,89.000,0.200,-,-,-,0.000
