'Elapsed time','HR','ABPSys','ABPDias','ABPMean','CVP','PULSE','RESP','SpO2'
'seconds','bpm','mmHg','mmHg','mmHg','mmHg','bpm','pm','%'
0.000,88.300,0.000,0.000,0.000,0.000,0.000,20.200,0.000
60.000,89.800,0.000,0.000,0.000,0.000,0.000,20.400,100.000
120.000,88.500,0.000,0.000,0.000,0.000,0.000,19.900,100.000
180.000,90.200,0.000,0.000,0.000,0.000,0.000,19.700,100.000
240.000,90.500,0.000,0.000,0.000,0.000,0.000,19.400,99.800
300.000,91.700,0.000,0.000,0.000,0.000,0.000,19.000,99.800
360.000,90.900,0.000,0.000,0.000,0.000,0.000,18.200,99.400
420.000,88.000,0.000,0.000,0.000,0.000,0.000,17.800,99.400
480.000,87.900,0.000,0.000,0.000,0.000,0.000,17.100,99.200
540.000,83.000,0.000,0.000,0.000,0.000,0.000,16.700,99.000
