'Elapsed time','HR','PULSE','ABP Sys','ABP Dias','ABP Mean','CVP','PAP Sys','PAP Dias','PAP Mean','RESP','BLOODT','SpO2'
'seconds','bpm','bpm','mmHg','mmHg','mmHg','mmHg','mmHg','mmHg','mmHg','pm','?','%'
0.000,74.000,-,136.000,46.000,72.000,8.000,39.000,19.000,28.000,-,-,-
1.000,-,-,135.000,46.000,71.000,12.000,39.000,20.000,28.000,-,-,-
2.000,-,74.000,135.000,45.000,71.000,10.000,39.000,20.000,28.000,-,37.940,88.000
3.000,-,74.000,134.000,45.000,71.000,11.000,39.000,20.000,28.000,-,37.950,88.000
4.000,-,74.000,135.000,45.000,71.000,10.000,40.000,20.000,28.000,-,37.950,88.000
5.000,-,74.000,135.000,45.000,71.000,11.000,40.000,20.000,28.000,-,37.950,88.000
6.000,-,74.000,135.000,45.000,71.000,11.000,40.000,20.000,28.000,-,37.950,88.000
7.000,-,74.000,135.000,45.000,71.000,11.000,40.000,20.000,28.000,-,37.950,88.000
8.000,74.000,74.000,134.000,45.000,71.000,10.000,39.000,19.000,28.000,-,37.960,88.000
9.000,74.000,74.000,134.000,45.000,71.000,10.000,39.000,19.000,28.000,-,37.960,88.000
10.000,75.000,74.000,134.000,44.000,71.000,10.000,39.000,20.000,28.000,-,37.960,88.000
11.000,75.000,74.000,134.000,44.000,71.000,10.000,39.000,20.000,28.000,-,37.950,88.000
12.000,75.000,74.000,133.000,44.000,70.000,10.000,39.000,19.000,28.000,-,37.950,88.000
13.000,75.000,74.000,132.000,44.000,70.000,11.000,39.000,20.000,28.000,-,37.940,88.000
14.000,75.000,74.000,132.000,44.000,69.000,11.000,38.000,19.000,28.000,11.000,37.910,88.000
15.000,74.000,74.000,132.000,44.000,69.000,11.000,38.000,19.000,28.000,11.000,37.930,88.000
16.000,74.000,74.000,133.000,44.000,70.000,11.000,39.000,19.000,28.000,13.000,37.940,88.000
17.000,74.000,74.000,132.000,44.000,69.000,9.000,38.000,19.000,27.000,13.000,37.940,88.000
18.000,74.000,74.000,133.000,44.000,70.000,9.000,39.000,19.000,28.000,13.000,37.950,88.000
19.000,75.000,74.000,133.000,44.000,70.000,9.000,39.000,19.000,27.000,14.000,37.940,88.000
20.000,74.000,74.000,132.000,44.000,69.000,9.000,38.000,18.000,27.000,14.000,37.950,88.000
21.000,74.000,74.000,132.000,44.000,70.000,9.000,38.000,19.000,27.000,14.000,37.960,88.000
22.000,74.000,74.000,132.000,44.000,70.000,9.000,38.000,19.000,27.000,15.000,37.960,88.000
23.000,74.000,73.000,132.000,44.000,69.000,9.000,38.000,18.000,27.000,15.000,37.960,88.000
24.000,75.000,73.000,131.000,44.000,69.000,9.000,38.000,19.000,27.000,15.000,37.960,88.000
25.000,74.000,73.000,131.000,44.000,69.000,9.000,38.000,19.000,27.000,15.000,37.970,88.000
26.000,74.000,73.000,130.000,44.000,68.000,10.000,36.000,15.000,25.000,15.000,37.950,88.000
27.000,74.000,73.000,130.000,44.000,68.000,10.000,36.000,15.000,25.000,15.000,37.960,88.000
28.000,74.000,73.000,131.000,44.000,69.000,10.000,37.000,16.000,25.000,16.000,37.960,88.000
29.000,74.000,73.000,131.000,44.000,69.000,9.000,36.000,15.000,25.000,16.000,37.960,88.000
30.000,74.000,74.000,131.000,44.000,69.000,9.000,36.000,15.000,25.000,16.000,37.940,88.000
31.000,75.000,74.000,131.000,44.000,69.000,9.000,37.000,16.000,26.000,16.000,37.940,88.000
32.000,74.000,74.000,131.000,44.000,69.000,9.000,37.000,16.000,25.000,16.000,37.940,88.000
33.000,74.000,74.000,131.000,44.000,69.000,8.000,37.000,16.000,26.000,16.000,37.940,88.000
34.000,74.000,74.000,131.000,44.000,69.000,8.000,37.000,16.000,26.000,20.000,37.940,88.000
35.000,74.000,74.000,131.000,44.000,69.000,8.000,37.000,16.000,25.000,20.000,37.940,88.000
36.000,74.000,74.000,131.000,44.000,69.000,8.000,38.000,17.000,26.000,20.000,37.940,88.000
37.000,74.000,74.000,131.000,44.000,69.000,8.000,37.000,17.000,26.000,20.000,37.940,88.000
38.000,74.000,74.000,131.000,43.000,69.000,7.000,37.000,17.000,26.000,20.000,37.940,88.000
39.000,74.000,74.000,131.000,43.000,69.000,7.000,37.000,17.000,26.000,20.000,37.950,88.000
40.000,74.000,74.000,131.000,44.000,69.000,8.000,37.000,17.000,26.000,20.000,37.960,88.000
41.000,74.000,74.000,131.000,44.000,69.000,7.000,37.000,17.000,26.000,20.000,37.960,88.000
42.000,74.000,74.000,131.000,44.000,69.000,8.000,37.000,17.000,26.000,20.000,37.950,88.000
43.000,74.000,74.000,132.000,44.000,70.000,8.000,37.000,17.000,26.000,20.000,37.940,88.000
44.000,74.000,74.000,131.000,44.000,69.000,8.000,37.000,17.000,26.000,20.000,37.940,88.000
45.000,74.000,74.000,131.000,44.000,70.000,8.000,37.000,17.000,26.000,20.000,37.940,88.000
46.000,75.000,74.000,132.000,44.000,70.000,8.000,37.000,17.000,26.000,19.000,37.950,88.000
47.000,74.000,74.000,132.000,44.000,70.000,7.000,37.000,17.000,26.000,19.000,37.960,88.000
48.000,74.000,74.000,132.000,44.000,70.000,7.000,37.000,17.000,26.000,19.000,37.950,88.000
49.000,74.000,74.000,132.000,44.000,70.000,8.000,37.000,17.000,26.000,19.000,37.950,88.000
50.000,74.000,74.000,132.000,44.000,70.000,8.000,37.000,17.000,26.000,19.000,37.940,88.000
51.000,74.000,74.000,132.000,44.000,70.000,8.000,37.000,17.000,26.000,19.000,37.940,88.000
52.000,74.000,74.000,132.000,44.000,70.000,8.000,37.000,17.000,26.000,19.000,37.950,88.000
53.000,74.000,74.000,132.000,44.000,70.000,8.000,37.000,17.000,26.000,19.000,37.950,89.000
54.000,74.000,74.000,132.000,44.000,70.000,8.000,37.000,17.000,26.000,19.000,37.930,89.000
55.000,74.000,74.000,132.000,44.000,70.000,8.000,37.000,17.000,26.000,19.000,37.930,89.000
56.000,74.000,74.000,132.000,44.000,70.000,8.000,37.000,17.000,26.000,19.000,37.940,89.000
57.000,74.000,74.000,132.000,44.000,70.000,8.000,37.000,17.000,26.000,19.000,37.940,89.000
58.000,74.000,74.000,131.000,44.000,70.000,7.000,37.000,17.000,26.000,19.000,37.950,89.000
59.000,74.000,74.000,132.000,44.000,70.000,8.000,37.000,18.000,26.000,19.000,37.940,89.000
60.000,74.000,74.000,131.000,44.000,69.000,7.000,37.000,17.000,26.000,19.000,37.940,89.000
61.000,74.000,74.000,131.000,44.000,69.000,7.000,37.000,17.000,26.000,19.000,37.930,89.000
62.000,74.000,74.000,131.000,44.000,69.000,8.000,37.000,17.000,26.000,20.000,37.940,89.000
63.000,74.000,74.000,130.000,44.000,69.000,8.000,36.000,16.000,25.000,20.000,37.950,89.000
64.000,74.000,74.000,131.000,44.000,69.000,8.000,37.000,17.000,26.000,20.000,37.940,89.000
65.000,74.000,74.000,131.000,44.000,69.000,8.000,36.000,17.000,26.000,20.000,37.930,90.000
66.000,74.000,74.000,130.000,44.000,69.000,8.000,34.000,15.000,24.000,20.000,37.930,90.000
67.000,74.000,74.000,130.000,43.000,69.000,8.000,36.000,18.000,26.000,20.000,37.950,90.000
68.000,75.000,74.000,130.000,43.000,69.000,8.000,36.000,18.000,26.000,19.000,37.950,90.000
69.000,74.000,73.000,129.000,43.000,68.000,9.000,36.000,18.000,25.000,19.000,37.950,90.000
70.000,75.000,73.000,128.000,43.000,68.000,9.000,36.000,18.000,26.000,19.000,37.960,90.000
71.000,74.000,73.000,128.000,43.000,67.000,10.000,36.000,19.000,26.000,19.000,37.960,90.000
72.000,74.000,73.000,127.000,43.000,67.000,10.000,35.000,18.000,26.000,19.000,37.950,90.000
73.000,74.000,73.000,126.000,43.000,67.000,11.000,36.000,18.000,26.000,19.000,37.940,90.000
74.000,74.000,73.000,127.000,43.000,67.000,11.000,37.000,19.000,27.000,20.000,37.940,90.000
75.000,74.000,73.000,127.000,43.000,67.000,10.000,37.000,19.000,27.000,20.000,37.960,90.000
76.000,74.000,73.000,127.000,43.000,67.000,10.000,37.000,19.000,27.000,20.000,37.950,90.000
77.000,74.000,73.000,128.000,43.000,67.000,10.000,37.000,19.000,26.000,20.000,37.950,90.000
78.000,74.000,73.000,128.000,43.000,67.000,10.000,37.000,18.000,26.000,20.000,37.950,90.000
79.000,74.000,73.000,128.000,43.000,68.000,9.000,37.000,18.000,26.000,20.000,37.940,90.000
80.000,74.000,73.000,129.000,43.000,68.000,9.000,37.000,18.000,26.000,20.000,37.940,90.000
81.000,74.000,73.000,129.000,43.000,68.000,8.000,36.000,17.000,25.000,20.000,37.940,90.000
82.000,74.000,73.000,129.000,43.000,68.000,8.000,37.000,18.000,26.000,20.000,37.930,90.000
83.000,74.000,73.000,130.000,43.000,68.000,8.000,37.000,18.000,26.000,20.000,37.930,90.000
84.000,74.000,73.000,130.000,43.000,68.000,8.000,36.000,17.000,25.000,20.000,37.950,90.000
85.000,74.000,74.000,130.000,43.000,68.000,8.000,36.000,17.000,26.000,20.000,37.950,90.000
86.000,74.000,74.000,130.000,43.000,69.000,8.000,37.000,18.000,26.000,19.000,37.940,90.000
87.000,74.000,74.000,130.000,43.000,68.000,8.000,36.000,17.000,25.000,19.000,37.920,90.000
88.000,74.000,74.000,130.000,43.000,69.000,8.000,36.000,17.000,26.000,19.000,37.870,90.000
89.000,74.000,74.000,131.000,43.000,69.000,8.000,36.000,17.000,26.000,19.000,37.820,90.000
90.000,74.000,74.000,130.000,43.000,68.000,8.000,34.000,14.000,24.000,19.000,37.840,90.000
91.000,74.000,74.000,130.000,43.000,68.000,8.000,34.000,14.000,24.000,19.000,37.850,90.000
92.000,74.000,74.000,130.000,43.000,69.000,8.000,35.000,16.000,25.000,19.000,37.850,90.000
93.000,74.000,74.000,130.000,43.000,69.000,8.000,35.000,16.000,25.000,19.000,37.850,90.000
94.000,74.000,74.000,130.000,43.000,69.000,8.000,35.000,16.000,25.000,19.000,37.850,90.000
95.000,74.000,74.000,130.000,43.000,69.000,7.000,35.000,15.000,25.000,19.000,37.840,90.000
96.000,74.000,74.000,130.000,44.000,69.000,8.000,35.000,16.000,25.000,19.000,37.840,90.000
97.000,74.000,74.000,130.000,44.000,69.000,8.000,35.000,16.000,25.000,19.000,37.860,90.000
98.000,74.000,74.000,130.000,44.000,69.000,7.000,35.000,16.000,25.000,19.000,37.930,90.000
99.000,74.000,74.000,130.000,44.000,69.000,8.000,36.000,17.000,25.000,19.000,37.950,91.000
100.000,74.000,74.000,130.000,44.000,69.000,8.000,36.000,17.000,25.000,19.000,37.950,91.000
101.000,74.000,74.000,129.000,44.000,69.000,8.000,35.000,17.000,25.000,19.000,37.950,91.000
102.000,75.000,74.000,129.000,44.000,68.000,8.000,35.000,17.000,25.000,19.000,37.950,91.000
103.000,74.000,74.000,128.000,44.000,68.000,9.000,35.000,18.000,25.000,19.000,37.960,91.000
104.000,74.000,74.000,128.000,43.000,68.000,10.000,34.000,15.000,25.000,19.000,37.950,91.000
105.000,74.000,74.000,128.000,43.000,68.000,10.000,34.000,15.000,25.000,19.000,37.950,91.000
106.000,74.000,74.000,129.000,43.000,68.000,10.000,35.000,16.000,25.000,19.000,37.960,91.000
107.000,74.000,74.000,129.000,43.000,68.000,9.000,34.000,15.000,24.000,19.000,37.950,91.000
108.000,74.000,74.000,129.000,43.000,68.000,9.000,35.000,15.000,24.000,19.000,37.950,91.000
109.000,74.000,74.000,129.000,43.000,69.000,9.000,35.000,16.000,25.000,19.000,37.950,91.000
110.000,74.000,74.000,129.000,43.000,68.000,8.000,34.000,14.000,24.000,19.000,37.950,91.000
111.000,74.000,74.000,129.000,43.000,68.000,8.000,34.000,14.000,24.000,19.000,37.950,91.000
112.000,74.000,74.000,130.000,43.000,69.000,8.000,36.000,16.000,25.000,19.000,37.950,91.000
113.000,74.000,74.000,130.000,44.000,69.000,8.000,36.000,17.000,25.000,18.000,37.950,91.000
114.000,74.000,74.000,129.000,43.000,69.000,8.000,35.000,16.000,25.000,18.000,37.950,91.000
115.000,74.000,74.000,130.000,43.000,69.000,8.000,35.000,17.000,25.000,18.000,37.950,91.000
116.000,74.000,74.000,130.000,43.000,69.000,8.000,35.000,17.000,25.000,19.000,37.950,91.000
117.000,74.000,74.000,129.000,43.000,68.000,8.000,33.000,15.000,24.000,19.000,37.950,91.000
118.000,74.000,74.000,129.000,43.000,68.000,8.000,34.000,17.000,25.000,19.000,37.950,91.000
119.000,74.000,74.000,129.000,43.000,68.000,9.000,34.000,17.000,25.000,18.000,37.950,91.000
120.000,74.000,74.000,127.000,43.000,67.000,9.000,33.000,16.000,24.000,18.000,37.950,91.000
121.000,75.000,74.000,126.000,43.000,67.000,10.000,34.000,17.000,25.000,18.000,37.960,91.000
122.000,74.000,74.000,127.000,43.000,67.000,10.000,34.000,17.000,25.000,18.000,37.950,91.000
123.000,74.000,74.000,126.000,43.000,67.000,10.000,34.000,15.000,24.000,18.000,37.950,91.000
124.000,74.000,74.000,127.000,43.000,67.000,10.000,34.000,15.000,24.000,18.000,37.950,91.000
125.000,74.000,74.000,128.000,43.000,68.000,9.000,34.000,15.000,25.000,19.000,37.950,91.000
126.000,74.000,74.000,127.000,43.000,68.000,9.000,34.000,15.000,25.000,19.000,37.950,91.000
127.000,74.000,74.000,128.000,43.000,68.000,8.000,35.000,15.000,25.000,19.000,37.950,91.000
128.000,74.000,74.000,128.000,43.000,68.000,8.000,35.000,16.000,25.000,19.000,37.960,91.000
129.000,74.000,74.000,129.000,44.000,68.000,8.000,34.000,15.000,24.000,19.000,37.950,91.000
130.000,74.000,74.000,129.000,44.000,69.000,8.000,34.000,15.000,24.000,19.000,37.950,91.000
131.000,74.000,74.000,130.000,44.000,69.000,8.000,36.000,17.000,25.000,19.000,37.950,91.000
132.000,74.000,74.000,130.000,44.000,69.000,8.000,35.000,16.000,25.000,19.000,37.950,91.000
133.000,74.000,74.000,130.000,44.000,69.000,8.000,35.000,16.000,25.000,19.000,37.950,90.000
134.000,74.000,74.000,130.000,44.000,69.000,8.000,37.000,18.000,26.000,19.000,37.950,90.000
135.000,74.000,74.000,131.000,44.000,69.000,8.000,37.000,18.000,26.000,18.000,37.950,90.000
136.000,74.000,74.000,130.000,44.000,69.000,8.000,36.000,17.000,25.000,18.000,37.950,90.000
137.000,74.000,74.000,130.000,44.000,69.000,8.000,37.000,18.000,26.000,18.000,37.950,90.000
138.000,74.000,74.000,131.000,44.000,69.000,8.000,37.000,18.000,26.000,18.000,37.950,90.000
139.000,74.000,74.000,130.000,44.000,69.000,8.000,37.000,18.000,26.000,18.000,37.950,90.000
140.000,74.000,74.000,130.000,44.000,69.000,8.000,37.000,18.000,26.000,18.000,37.950,90.000
141.000,75.000,74.000,130.000,44.000,69.000,8.000,37.000,18.000,26.000,18.000,37.950,90.000
142.000,74.000,74.000,130.000,44.000,69.000,8.000,37.000,18.000,26.000,18.000,37.950,90.000
143.000,74.000,74.000,129.000,43.000,69.000,8.000,36.000,18.000,26.000,18.000,37.950,90.000
144.000,75.000,74.000,129.000,43.000,68.000,7.000,36.000,18.000,26.000,18.000,37.960,90.000
145.000,74.000,74.000,128.000,43.000,68.000,6.000,36.000,17.000,26.000,18.000,37.960,90.000
146.000,74.000,74.000,128.000,43.000,68.000,6.000,36.000,17.000,25.000,18.000,37.960,90.000
147.000,74.000,74.000,127.000,42.000,67.000,6.000,35.000,17.000,25.000,18.000,37.960,90.000
148.000,74.000,74.000,126.000,42.000,66.000,7.000,35.000,16.000,24.000,18.000,37.970,90.000
149.000,74.000,74.000,123.000,41.000,64.000,7.000,35.000,16.000,24.000,18.000,37.960,90.000
150.000,74.000,74.000,122.000,40.000,63.000,7.000,34.000,16.000,24.000,18.000,37.960,91.000
151.000,74.000,74.000,121.000,39.000,63.000,6.000,34.000,16.000,24.000,19.000,37.950,91.000
152.000,74.000,74.000,120.000,38.000,62.000,6.000,34.000,15.000,23.000,19.000,37.940,91.000
153.000,74.000,74.000,119.000,38.000,62.000,7.000,34.000,15.000,23.000,20.000,37.950,91.000
154.000,74.000,74.000,118.000,38.000,62.000,7.000,34.000,15.000,23.000,20.000,37.950,91.000
155.000,74.000,74.000,118.000,37.000,62.000,7.000,34.000,15.000,23.000,21.000,37.950,91.000
156.000,74.000,74.000,118.000,37.000,61.000,7.000,33.000,14.000,23.000,21.000,37.950,91.000
157.000,74.000,74.000,118.000,37.000,61.000,6.000,33.000,14.000,22.000,22.000,37.950,91.000
158.000,74.000,74.000,118.000,37.000,62.000,6.000,33.000,14.000,22.000,22.000,37.950,92.000
159.000,74.000,74.000,118.000,37.000,61.000,6.000,33.000,14.000,22.000,22.000,37.960,92.000
160.000,74.000,74.000,119.000,37.000,61.000,6.000,33.000,14.000,22.000,21.000,37.960,92.000
161.000,74.000,74.000,119.000,37.000,61.000,6.000,32.000,13.000,22.000,20.000,37.960,92.000
162.000,74.000,74.000,120.000,37.000,62.000,6.000,32.000,13.000,22.000,20.000,37.960,92.000
163.000,74.000,74.000,122.000,38.000,63.000,6.000,32.000,13.000,21.000,20.000,37.960,92.000
164.000,75.000,74.000,126.000,36.000,64.000,8.000,33.000,13.000,22.000,20.000,37.960,92.000
165.000,74.000,74.000,127.000,37.000,65.000,8.000,32.000,13.000,22.000,20.000,37.980,92.000
166.000,74.000,74.000,126.000,38.000,65.000,8.000,33.000,12.000,22.000,20.000,37.980,92.000
167.000,74.000,74.000,131.000,41.000,69.000,8.000,33.000,13.000,22.000,20.000,37.970,92.000
168.000,75.000,74.000,129.000,42.000,69.000,8.000,33.000,13.000,22.000,20.000,37.980,91.000
169.000,75.000,74.000,129.000,43.000,69.000,8.000,36.000,13.000,23.000,20.000,37.990,91.000
170.000,75.000,74.000,128.000,43.000,69.000,12.000,36.000,13.000,23.000,22.000,37.990,91.000
171.000,75.000,74.000,126.000,42.000,68.000,8.000,35.000,12.000,23.000,22.000,38.010,91.000
172.000,75.000,74.000,126.000,42.000,68.000,8.000,36.000,13.000,23.000,22.000,38.010,90.000
173.000,75.000,74.000,127.000,42.000,70.000,8.000,36.000,13.000,23.000,22.000,38.010,90.000
174.000,75.000,74.000,129.000,44.000,71.000,9.000,37.000,15.000,25.000,22.000,37.990,90.000
175.000,75.000,74.000,133.000,46.000,74.000,17.000,38.000,16.000,25.000,21.000,37.990,90.000
176.000,75.000,74.000,132.000,47.000,74.000,17.000,38.000,16.000,26.000,21.000,37.990,89.000
177.000,75.000,75.000,131.000,47.000,74.000,17.000,38.000,16.000,26.000,21.000,37.980,89.000
178.000,75.000,75.000,127.000,47.000,72.000,15.000,38.000,16.000,26.000,21.000,37.980,89.000
179.000,75.000,75.000,127.000,47.000,72.000,14.000,41.000,16.000,26.000,21.000,37.980,89.000
180.000,75.000,75.000,127.000,47.000,72.000,14.000,41.000,16.000,26.000,21.000,37.980,89.000
181.000,75.000,75.000,128.000,48.000,72.000,14.000,41.000,16.000,27.000,21.000,37.980,89.000
182.000,75.000,75.000,127.000,47.000,71.000,14.000,41.000,16.000,26.000,19.000,37.970,89.000
183.000,75.000,75.000,127.000,47.000,71.000,14.000,41.000,16.000,26.000,19.000,37.970,89.000
184.000,75.000,75.000,127.000,47.000,70.000,12.000,40.000,16.000,26.000,23.000,37.970,89.000
185.000,75.000,75.000,127.000,47.000,73.000,12.000,40.000,16.000,26.000,23.000,37.970,89.000
186.000,75.000,75.000,127.000,48.000,72.000,13.000,41.000,16.000,26.000,25.000,37.970,89.000
187.000,75.000,75.000,127.000,47.000,72.000,13.000,41.000,16.000,26.000,25.000,37.970,89.000
188.000,75.000,75.000,127.000,47.000,72.000,7.000,40.000,16.000,26.000,26.000,37.970,89.000
189.000,74.000,75.000,127.000,46.000,71.000,5.000,40.000,16.000,26.000,26.000,37.960,88.000
190.000,74.000,76.000,127.000,46.000,71.000,7.000,41.000,13.000,26.000,26.000,37.960,88.000
191.000,74.000,75.000,127.000,45.000,71.000,9.000,40.000,15.000,26.000,26.000,37.950,88.000
192.000,74.000,74.000,126.000,42.000,69.000,5.000,40.000,15.000,25.000,22.000,37.940,88.000
193.000,74.000,74.000,125.000,41.000,68.000,6.000,40.000,15.000,25.000,22.000,37.940,88.000
194.000,75.000,74.000,123.000,40.000,67.000,6.000,40.000,15.000,25.000,23.000,37.940,88.000
195.000,74.000,74.000,121.000,40.000,66.000,7.000,40.000,15.000,26.000,23.000,37.940,88.000
196.000,74.000,74.000,121.000,40.000,66.000,7.000,40.000,15.000,26.000,23.000,37.940,88.000
197.000,75.000,74.000,121.000,40.000,65.000,8.000,40.000,15.000,26.000,23.000,37.940,88.000
198.000,74.000,74.000,122.000,41.000,67.000,8.000,40.000,16.000,26.000,23.000,37.930,88.000
199.000,75.000,74.000,122.000,42.000,66.000,8.000,40.000,16.000,26.000,23.000,37.930,88.000
200.000,74.000,74.000,122.000,42.000,67.000,8.000,40.000,16.000,26.000,23.000,37.930,88.000
201.000,74.000,74.000,124.000,42.000,67.000,9.000,41.000,18.000,27.000,24.000,37.930,88.000
202.000,74.000,74.000,125.000,43.000,68.000,9.000,41.000,18.000,28.000,24.000,37.920,88.000
203.000,74.000,72.000,127.000,44.000,69.000,10.000,44.000,25.000,32.000,24.000,37.930,88.000
204.000,74.000,70.000,128.000,45.000,70.000,10.000,48.000,23.000,32.000,23.000,37.930,88.000
205.000,74.000,70.000,131.000,44.000,71.000,9.000,49.000,22.000,32.000,23.000,37.920,89.000
206.000,74.000,70.000,131.000,45.000,72.000,7.000,52.000,21.000,33.000,24.000,37.900,89.000
207.000,74.000,70.000,132.000,47.000,73.000,7.000,52.000,22.000,33.000,24.000,37.890,89.000
208.000,74.000,71.000,132.000,51.000,75.000,-11.000,54.000,23.000,35.000,24.000,37.900,89.000
209.000,75.000,71.000,134.000,52.000,76.000,23.000,54.000,23.000,35.000,24.000,37.940,89.000
210.000,75.000,71.000,134.000,52.000,76.000,23.000,54.000,23.000,35.000,27.000,37.940,89.000
211.000,75.000,71.000,134.000,53.000,76.000,23.000,54.000,25.000,36.000,27.000,37.960,89.000
212.000,75.000,71.000,134.000,52.000,76.000,23.000,54.000,24.000,36.000,27.000,37.970,89.000
213.000,75.000,73.000,134.000,52.000,76.000,21.000,51.000,21.000,35.000,27.000,37.980,89.000
214.000,76.000,74.000,135.000,52.000,76.000,19.000,51.000,23.000,35.000,23.000,37.980,89.000
215.000,75.000,76.000,134.000,51.000,76.000,18.000,47.000,22.000,35.000,23.000,37.980,89.000
216.000,75.000,77.000,134.000,51.000,75.000,11.000,47.000,26.000,35.000,24.000,37.960,90.000
217.000,75.000,77.000,134.000,50.000,75.000,11.000,48.000,25.000,35.000,24.000,37.940,90.000
218.000,75.000,76.000,133.000,50.000,74.000,11.000,47.000,25.000,35.000,25.000,37.960,90.000
219.000,74.000,75.000,131.000,49.000,73.000,10.000,48.000,25.000,34.000,25.000,37.970,90.000
220.000,75.000,74.000,131.000,49.000,74.000,10.000,49.000,25.000,35.000,24.000,37.950,91.000
221.000,75.000,74.000,131.000,49.000,74.000,10.000,49.000,25.000,35.000,24.000,37.950,91.000
222.000,74.000,72.000,129.000,48.000,74.000,9.000,49.000,24.000,35.000,24.000,37.940,92.000
223.000,74.000,70.000,130.000,48.000,74.000,10.000,49.000,24.000,35.000,24.000,37.940,92.000
224.000,74.000,70.000,131.000,49.000,75.000,10.000,51.000,25.000,36.000,24.000,37.960,92.000
225.000,74.000,70.000,131.000,48.000,74.000,10.000,51.000,24.000,35.000,24.000,37.980,92.000
226.000,74.000,70.000,131.000,48.000,74.000,10.000,48.000,23.000,33.000,24.000,37.970,92.000
227.000,74.000,70.000,131.000,48.000,73.000,13.000,47.000,23.000,32.000,24.000,37.950,92.000
228.000,74.000,70.000,130.000,47.000,72.000,13.000,47.000,23.000,32.000,24.000,37.940,92.000
229.000,74.000,70.000,130.000,47.000,72.000,13.000,47.000,23.000,32.000,24.000,37.940,92.000
230.000,74.000,69.000,129.000,47.000,71.000,13.000,47.000,23.000,32.000,24.000,37.950,93.000
231.000,74.000,69.000,129.000,47.000,71.000,12.000,46.000,21.000,32.000,24.000,37.940,93.000
232.000,75.000,69.000,129.000,46.000,71.000,12.000,45.000,22.000,32.000,27.000,37.940,94.000
233.000,74.000,70.000,129.000,46.000,71.000,12.000,45.000,22.000,32.000,27.000,37.920,93.000
234.000,75.000,71.000,130.000,46.000,71.000,12.000,45.000,22.000,31.000,27.000,37.900,93.000
235.000,74.000,72.000,130.000,46.000,71.000,14.000,42.000,19.000,31.000,27.000,37.920,93.000
236.000,74.000,74.000,131.000,46.000,71.000,14.000,42.000,20.000,31.000,28.000,37.930,92.000
237.000,74.000,74.000,131.000,47.000,71.000,17.000,42.000,20.000,31.000,28.000,37.940,91.000
238.000,74.000,74.000,131.000,47.000,71.000,15.000,42.000,20.000,31.000,29.000,37.950,91.000
239.000,74.000,74.000,131.000,47.000,71.000,16.000,42.000,21.000,31.000,29.000,37.950,91.000
240.000,74.000,74.000,131.000,47.000,71.000,15.000,42.000,21.000,31.000,30.000,37.940,90.000
241.000,75.000,73.000,131.000,47.000,72.000,13.000,42.000,20.000,31.000,30.000,37.930,90.000
242.000,74.000,73.000,132.000,47.000,72.000,14.000,42.000,21.000,31.000,29.000,37.930,90.000
243.000,74.000,73.000,133.000,48.000,72.000,13.000,42.000,21.000,31.000,29.000,37.940,90.000
244.000,74.000,73.000,133.000,48.000,73.000,13.000,42.000,21.000,31.000,29.000,37.940,91.000
245.000,74.000,72.000,134.000,48.000,73.000,14.000,42.000,21.000,31.000,28.000,37.940,91.000
246.000,74.000,72.000,134.000,48.000,73.000,14.000,42.000,21.000,31.000,28.000,37.940,91.000
247.000,74.000,72.000,134.000,48.000,73.000,14.000,42.000,21.000,31.000,27.000,37.940,91.000
248.000,74.000,72.000,133.000,48.000,73.000,14.000,42.000,21.000,31.000,27.000,37.940,92.000
249.000,74.000,-,134.000,48.000,73.000,14.000,42.000,22.000,31.000,27.000,37.940,-
250.000,74.000,-,135.000,49.000,74.000,14.000,42.000,22.000,31.000,27.000,37.940,-
251.000,74.000,-,137.000,49.000,75.000,14.000,42.000,22.000,32.000,27.000,37.940,-
252.000,74.000,74.000,137.000,49.000,75.000,15.000,43.000,22.000,32.000,27.000,37.950,-
253.000,74.000,74.000,137.000,50.000,75.000,15.000,43.000,22.000,32.000,24.000,37.950,-
254.000,74.000,74.000,137.000,50.000,75.000,15.000,43.000,22.000,32.000,24.000,37.950,-
255.000,74.000,74.000,137.000,50.000,76.000,15.000,43.000,22.000,32.000,24.000,37.950,-
256.000,74.000,74.000,137.000,50.000,76.000,14.000,43.000,22.000,32.000,24.000,37.950,-
257.000,74.000,74.000,137.000,50.000,76.000,14.000,43.000,23.000,32.000,24.000,37.950,-
258.000,74.000,74.000,139.000,51.000,77.000,15.000,43.000,22.000,32.000,24.000,37.950,-
259.000,74.000,74.000,140.000,51.000,77.000,15.000,43.000,23.000,32.000,25.000,37.950,-
260.000,74.000,74.000,140.000,51.000,78.000,15.000,42.000,21.000,31.000,25.000,37.940,-
261.000,74.000,74.000,141.000,52.000,78.000,15.000,42.000,21.000,31.000,25.000,37.940,-
262.000,74.000,75.000,141.000,52.000,78.000,15.000,42.000,22.000,31.000,25.000,37.940,-
263.000,74.000,74.000,143.000,52.000,79.000,15.000,43.000,22.000,32.000,25.000,37.950,-
264.000,74.000,74.000,143.000,52.000,79.000,14.000,42.000,22.000,31.000,25.000,37.940,-
265.000,74.000,74.000,143.000,52.000,79.000,14.000,42.000,22.000,31.000,25.000,37.940,-
266.000,74.000,-,144.000,53.000,79.000,15.000,43.000,22.000,32.000,26.000,37.940,-
267.000,74.000,-,144.000,53.000,79.000,15.000,43.000,22.000,32.000,26.000,37.940,-
268.000,74.000,74.000,144.000,53.000,79.000,15.000,43.000,23.000,32.000,26.000,37.940,94.000
269.000,75.000,74.000,144.000,53.000,79.000,15.000,43.000,23.000,32.000,26.000,37.940,94.000
270.000,74.000,74.000,144.000,53.000,79.000,15.000,43.000,23.000,32.000,28.000,37.940,93.000
271.000,75.000,74.000,145.000,53.000,80.000,14.000,43.000,23.000,32.000,28.000,37.950,93.000
272.000,74.000,73.000,146.000,53.000,80.000,15.000,43.000,23.000,32.000,28.000,37.950,93.000
273.000,74.000,73.000,147.000,53.000,81.000,15.000,44.000,23.000,32.000,28.000,37.950,93.000
274.000,74.000,74.000,147.000,53.000,81.000,15.000,43.000,23.000,32.000,28.000,37.950,93.000
275.000,74.000,74.000,147.000,53.000,80.000,15.000,44.000,25.000,33.000,27.000,37.950,93.000
276.000,74.000,74.000,147.000,53.000,80.000,15.000,44.000,25.000,33.000,27.000,37.950,93.000
277.000,74.000,74.000,147.000,53.000,80.000,15.000,44.000,25.000,33.000,27.000,37.950,93.000
278.000,74.000,74.000,148.000,53.000,81.000,15.000,45.000,26.000,34.000,26.000,37.950,93.000
279.000,74.000,74.000,148.000,53.000,81.000,15.000,45.000,26.000,34.000,26.000,37.950,93.000
280.000,74.000,73.000,149.000,53.000,81.000,15.000,45.000,26.000,34.000,26.000,37.950,93.000
281.000,74.000,73.000,148.000,53.000,81.000,15.000,45.000,26.000,34.000,26.000,37.950,93.000
282.000,74.000,73.000,148.000,53.000,81.000,15.000,45.000,26.000,34.000,26.000,37.950,93.000
283.000,74.000,73.000,148.000,53.000,80.000,15.000,45.000,26.000,34.000,26.000,37.950,93.000
284.000,74.000,73.000,148.000,52.000,80.000,15.000,45.000,26.000,34.000,26.000,37.950,94.000
285.000,74.000,73.000,148.000,52.000,81.000,15.000,46.000,26.000,34.000,25.000,37.940,94.000
286.000,74.000,73.000,148.000,52.000,81.000,15.000,45.000,25.000,34.000,25.000,37.940,94.000
287.000,74.000,73.000,149.000,52.000,81.000,15.000,46.000,26.000,34.000,25.000,37.950,94.000
288.000,74.000,73.000,149.000,52.000,81.000,15.000,45.000,26.000,34.000,24.000,37.950,94.000
289.000,74.000,74.000,148.000,52.000,81.000,14.000,45.000,26.000,34.000,24.000,37.950,94.000
290.000,74.000,74.000,149.000,52.000,81.000,14.000,45.000,26.000,34.000,24.000,37.950,94.000
291.000,75.000,74.000,148.000,52.000,80.000,14.000,45.000,25.000,34.000,24.000,37.950,94.000
292.000,74.000,74.000,148.000,53.000,81.000,14.000,45.000,25.000,34.000,24.000,37.940,95.000
293.000,75.000,74.000,149.000,53.000,81.000,14.000,44.000,25.000,33.000,24.000,37.940,95.000
294.000,74.000,74.000,149.000,53.000,81.000,14.000,44.000,25.000,33.000,24.000,37.950,95.000
295.000,74.000,74.000,150.000,53.000,82.000,14.000,44.000,25.000,33.000,24.000,37.950,95.000
296.000,74.000,74.000,150.000,53.000,81.000,15.000,44.000,24.000,33.000,24.000,37.950,95.000
297.000,74.000,74.000,150.000,53.000,82.000,15.000,44.000,24.000,33.000,25.000,37.950,95.000
298.000,74.000,74.000,150.000,53.000,82.000,14.000,44.000,24.000,33.000,25.000,37.950,95.000
299.000,74.000,74.000,151.000,53.000,82.000,15.000,45.000,25.000,34.000,24.000,37.950,95.000
300.000,74.000,74.000,152.000,53.000,83.000,15.000,45.000,25.000,34.000,24.000,37.960,95.000
301.000,74.000,74.000,152.000,54.000,83.000,15.000,45.000,25.000,34.000,24.000,37.960,95.000
302.000,74.000,74.000,153.000,54.000,83.000,15.000,45.000,25.000,34.000,24.000,37.960,95.000
303.000,74.000,74.000,152.000,54.000,83.000,15.000,44.000,24.000,34.000,24.000,37.960,95.000
304.000,74.000,74.000,152.000,54.000,83.000,15.000,44.000,24.000,34.000,25.000,37.960,95.000
305.000,74.000,73.000,152.000,54.000,83.000,15.000,44.000,24.000,34.000,25.000,37.960,95.000
306.000,74.000,73.000,152.000,54.000,83.000,15.000,45.000,26.000,34.000,25.000,37.960,95.000
307.000,74.000,73.000,152.000,54.000,83.000,15.000,45.000,26.000,34.000,25.000,37.960,95.000
308.000,74.000,73.000,152.000,54.000,83.000,15.000,45.000,26.000,34.000,25.000,37.960,95.000
309.000,74.000,73.000,153.000,54.000,83.000,15.000,45.000,26.000,34.000,25.000,37.970,95.000
310.000,74.000,73.000,153.000,54.000,83.000,15.000,45.000,26.000,34.000,25.000,37.970,95.000
311.000,74.000,73.000,152.000,54.000,83.000,15.000,45.000,26.000,34.000,25.000,37.970,95.000
312.000,74.000,74.000,152.000,54.000,83.000,15.000,45.000,26.000,34.000,25.000,37.970,95.000
313.000,74.000,74.000,152.000,53.000,82.000,16.000,45.000,26.000,34.000,25.000,37.970,95.000
314.000,74.000,74.000,152.000,53.000,82.000,16.000,45.000,26.000,34.000,25.000,37.970,94.000
315.000,74.000,74.000,152.000,53.000,83.000,16.000,45.000,26.000,34.000,25.000,37.970,94.000
316.000,74.000,74.000,152.000,53.000,83.000,15.000,45.000,25.000,34.000,25.000,37.970,94.000
317.000,74.000,74.000,153.000,53.000,83.000,15.000,45.000,26.000,34.000,25.000,37.970,94.000
318.000,74.000,74.000,152.000,53.000,82.000,16.000,45.000,26.000,34.000,24.000,37.970,94.000
319.000,74.000,74.000,151.000,53.000,82.000,15.000,45.000,26.000,34.000,24.000,37.970,94.000
320.000,74.000,74.000,151.000,53.000,82.000,16.000,45.000,26.000,34.000,23.000,37.970,94.000
321.000,74.000,74.000,150.000,53.000,81.000,15.000,43.000,24.000,33.000,23.000,37.970,94.000
322.000,74.000,74.000,151.000,53.000,81.000,15.000,43.000,24.000,33.000,23.000,37.970,94.000
323.000,74.000,74.000,151.000,53.000,82.000,16.000,43.000,24.000,33.000,24.000,37.960,94.000
324.000,74.000,74.000,151.000,53.000,82.000,16.000,43.000,24.000,33.000,24.000,37.970,94.000
325.000,74.000,74.000,152.000,53.000,82.000,16.000,43.000,24.000,33.000,23.000,37.970,94.000
326.000,74.000,74.000,151.000,53.000,81.000,15.000,43.000,24.000,32.000,23.000,37.970,94.000
327.000,74.000,74.000,151.000,53.000,81.000,15.000,43.000,24.000,33.000,23.000,37.970,94.000
328.000,74.000,74.000,150.000,53.000,81.000,15.000,43.000,22.000,33.000,23.000,37.970,94.000
329.000,74.000,74.000,150.000,53.000,81.000,15.000,43.000,22.000,33.000,23.000,37.970,94.000
330.000,74.000,74.000,151.000,53.000,81.000,15.000,43.000,23.000,33.000,23.000,37.970,95.000
331.000,74.000,74.000,151.000,53.000,81.000,15.000,43.000,21.000,32.000,23.000,37.970,95.000
332.000,74.000,73.000,152.000,53.000,82.000,15.000,43.000,22.000,32.000,24.000,37.970,95.000
333.000,74.000,73.000,152.000,53.000,82.000,15.000,43.000,22.000,32.000,24.000,37.970,95.000
334.000,74.000,73.000,152.000,53.000,82.000,15.000,43.000,22.000,32.000,24.000,37.970,96.000
335.000,74.000,73.000,152.000,53.000,82.000,15.000,43.000,22.000,32.000,24.000,37.970,96.000
336.000,74.000,73.000,151.000,53.000,82.000,15.000,43.000,22.000,32.000,24.000,37.970,96.000
337.000,74.000,73.000,152.000,53.000,82.000,15.000,43.000,22.000,32.000,24.000,37.970,96.000
338.000,74.000,73.000,152.000,53.000,82.000,15.000,43.000,22.000,32.000,24.000,37.980,96.000
339.000,74.000,73.000,153.000,53.000,83.000,15.000,43.000,22.000,32.000,24.000,37.980,96.000
340.000,74.000,73.000,154.000,53.000,83.000,15.000,43.000,23.000,32.000,24.000,37.980,96.000
341.000,74.000,74.000,153.000,53.000,83.000,15.000,43.000,23.000,32.000,24.000,37.980,95.000
342.000,74.000,74.000,153.000,53.000,83.000,15.000,43.000,25.000,33.000,24.000,37.960,95.000
343.000,74.000,74.000,153.000,53.000,83.000,15.000,43.000,25.000,33.000,24.000,37.950,95.000
344.000,74.000,74.000,153.000,53.000,83.000,15.000,44.000,26.000,34.000,24.000,37.940,95.000
345.000,74.000,74.000,154.000,53.000,83.000,14.000,44.000,26.000,34.000,24.000,37.940,95.000
346.000,74.000,74.000,153.000,53.000,83.000,14.000,43.000,22.000,32.000,24.000,37.950,95.000
347.000,74.000,74.000,153.000,53.000,83.000,14.000,43.000,23.000,32.000,24.000,37.960,95.000
348.000,74.000,74.000,153.000,53.000,82.000,14.000,43.000,23.000,32.000,23.000,37.960,95.000
349.000,74.000,74.000,152.000,53.000,82.000,14.000,43.000,23.000,32.000,23.000,37.960,95.000
350.000,74.000,74.000,151.000,53.000,82.000,14.000,43.000,25.000,33.000,23.000,37.970,95.000
351.000,74.000,74.000,151.000,53.000,82.000,14.000,43.000,25.000,33.000,23.000,37.970,95.000
352.000,74.000,74.000,150.000,52.000,81.000,14.000,43.000,25.000,33.000,23.000,37.970,95.000
353.000,74.000,74.000,151.000,52.000,81.000,14.000,43.000,25.000,33.000,23.000,37.970,95.000
354.000,74.000,74.000,151.000,52.000,81.000,14.000,43.000,25.000,33.000,23.000,37.970,95.000
355.000,74.000,74.000,150.000,52.000,81.000,14.000,43.000,24.000,33.000,23.000,37.970,95.000
356.000,74.000,74.000,150.000,52.000,81.000,14.000,43.000,25.000,33.000,23.000,37.970,95.000
357.000,74.000,74.000,150.000,52.000,81.000,14.000,43.000,25.000,33.000,22.000,37.970,95.000
358.000,74.000,74.000,149.000,52.000,80.000,14.000,43.000,25.000,33.000,22.000,37.980,95.000
359.000,74.000,74.000,149.000,52.000,80.000,14.000,43.000,25.000,33.000,22.000,37.980,95.000
360.000,74.000,74.000,148.000,52.000,80.000,14.000,43.000,24.000,33.000,22.000,37.980,95.000
361.000,74.000,74.000,148.000,51.000,80.000,14.000,43.000,24.000,33.000,22.000,37.980,95.000
362.000,74.000,74.000,149.000,51.000,80.000,14.000,43.000,24.000,33.000,22.000,37.980,95.000
363.000,74.000,74.000,149.000,51.000,80.000,14.000,43.000,24.000,32.000,22.000,37.980,95.000
364.000,74.000,74.000,149.000,52.000,80.000,14.000,43.000,24.000,32.000,22.000,37.980,95.000
365.000,74.000,74.000,149.000,51.000,80.000,14.000,43.000,24.000,32.000,22.000,37.980,95.000
366.000,74.000,74.000,149.000,51.000,80.000,14.000,43.000,24.000,32.000,22.000,37.980,95.000
367.000,74.000,74.000,148.000,51.000,80.000,14.000,43.000,25.000,33.000,22.000,37.980,95.000
368.000,74.000,74.000,148.000,51.000,80.000,14.000,43.000,25.000,33.000,22.000,37.980,95.000
369.000,74.000,74.000,149.000,51.000,80.000,14.000,44.000,25.000,33.000,22.000,37.980,95.000
370.000,74.000,74.000,150.000,52.000,80.000,14.000,44.000,25.000,33.000,22.000,37.980,95.000
371.000,74.000,74.000,149.000,52.000,80.000,14.000,43.000,24.000,32.000,22.000,37.980,95.000
372.000,74.000,74.000,150.000,52.000,80.000,14.000,43.000,24.000,33.000,22.000,37.980,95.000
373.000,74.000,74.000,150.000,52.000,81.000,14.000,43.000,24.000,32.000,22.000,37.980,95.000
374.000,75.000,74.000,149.000,52.000,80.000,14.000,43.000,24.000,33.000,22.000,37.980,95.000
375.000,75.000,74.000,149.000,52.000,80.000,14.000,43.000,24.000,32.000,22.000,37.980,95.000
376.000,75.000,74.000,148.000,51.000,79.000,14.000,43.000,24.000,32.000,22.000,37.980,95.000
377.000,75.000,74.000,148.000,51.000,79.000,14.000,43.000,24.000,32.000,22.000,37.980,95.000
378.000,75.000,74.000,147.000,51.000,79.000,13.000,42.000,24.000,32.000,22.000,37.980,95.000
379.000,75.000,74.000,147.000,51.000,79.000,14.000,42.000,23.000,32.000,22.000,37.980,95.000
380.000,75.000,74.000,148.000,51.000,79.000,14.000,43.000,24.000,33.000,22.000,37.980,95.000
381.000,75.000,74.000,148.000,51.000,79.000,13.000,43.000,24.000,33.000,22.000,37.980,95.000
382.000,74.000,74.000,147.000,51.000,79.000,14.000,43.000,24.000,32.000,22.000,37.980,95.000
383.000,75.000,74.000,148.000,51.000,79.000,14.000,43.000,24.000,32.000,22.000,37.980,95.000
384.000,74.000,74.000,148.000,51.000,79.000,14.000,43.000,24.000,32.000,22.000,37.980,95.000
385.000,74.000,74.000,147.000,51.000,79.000,13.000,43.000,24.000,32.000,22.000,37.980,95.000
386.000,74.000,74.000,147.000,51.000,79.000,14.000,43.000,24.000,32.000,21.000,37.990,95.000
387.000,74.000,74.000,147.000,50.000,78.000,13.000,43.000,24.000,32.000,21.000,37.990,95.000
388.000,74.000,74.000,146.000,50.000,78.000,14.000,43.000,24.000,32.000,21.000,37.990,95.000
389.000,74.000,74.000,145.000,50.000,78.000,13.000,42.000,25.000,32.000,21.000,37.990,95.000
390.000,74.000,74.000,144.000,50.000,77.000,13.000,42.000,24.000,32.000,21.000,37.990,95.000
391.000,74.000,74.000,144.000,50.000,77.000,14.000,42.000,24.000,32.000,21.000,37.990,95.000
392.000,75.000,74.000,145.000,50.000,77.000,14.000,42.000,24.000,32.000,21.000,37.990,95.000
393.000,75.000,74.000,145.000,50.000,77.000,14.000,42.000,24.000,32.000,21.000,37.990,95.000
394.000,74.000,74.000,144.000,50.000,77.000,13.000,42.000,23.000,32.000,21.000,37.990,95.000
395.000,74.000,74.000,145.000,50.000,78.000,13.000,42.000,24.000,32.000,21.000,37.990,95.000
396.000,74.000,74.000,145.000,50.000,78.000,13.000,42.000,24.000,32.000,21.000,37.990,95.000
397.000,74.000,74.000,145.000,50.000,78.000,13.000,42.000,23.000,32.000,21.000,37.990,95.000
398.000,74.000,74.000,145.000,50.000,78.000,14.000,42.000,24.000,32.000,21.000,37.990,95.000
399.000,74.000,74.000,144.000,50.000,77.000,13.000,42.000,24.000,32.000,21.000,37.990,95.000
400.000,74.000,74.000,143.000,50.000,77.000,14.000,42.000,24.000,32.000,21.000,37.990,95.000
401.000,75.000,74.000,143.000,50.000,77.000,13.000,42.000,24.000,32.000,21.000,37.990,95.000
402.000,74.000,74.000,143.000,50.000,77.000,13.000,42.000,23.000,32.000,21.000,37.990,95.000
403.000,74.000,74.000,143.000,50.000,77.000,13.000,42.000,23.000,32.000,21.000,37.990,95.000
404.000,74.000,74.000,144.000,50.000,77.000,14.000,42.000,23.000,32.000,21.000,37.990,95.000
405.000,74.000,74.000,144.000,50.000,77.000,14.000,42.000,23.000,32.000,21.000,38.010,95.000
406.000,74.000,74.000,144.000,50.000,77.000,14.000,42.000,24.000,32.000,21.000,38.020,95.000
407.000,74.000,74.000,144.000,50.000,77.000,13.000,42.000,24.000,32.000,21.000,38.020,95.000
408.000,74.000,74.000,143.000,50.000,77.000,13.000,42.000,24.000,32.000,21.000,38.020,95.000
409.000,74.000,74.000,143.000,50.000,77.000,14.000,42.000,25.000,32.000,21.000,38.020,95.000
410.000,74.000,74.000,142.000,49.000,76.000,13.000,41.000,22.000,31.000,21.000,38.040,95.000
411.000,74.000,74.000,142.000,49.000,76.000,13.000,41.000,22.000,31.000,21.000,38.020,95.000
412.000,74.000,74.000,143.000,49.000,77.000,14.000,41.000,22.000,32.000,21.000,37.990,95.000
413.000,74.000,74.000,143.000,49.000,77.000,13.000,41.000,22.000,31.000,21.000,38.030,95.000
414.000,74.000,74.000,143.000,49.000,77.000,14.000,42.000,23.000,32.000,21.000,38.040,95.000
415.000,74.000,74.000,144.000,49.000,77.000,14.000,42.000,23.000,32.000,22.000,38.030,95.000
416.000,74.000,74.000,143.000,49.000,77.000,14.000,42.000,23.000,32.000,22.000,38.070,95.000
417.000,74.000,74.000,143.000,49.000,77.000,14.000,42.000,25.000,32.000,22.000,38.090,95.000
418.000,74.000,74.000,142.000,49.000,76.000,14.000,41.000,25.000,32.000,21.000,38.090,95.000
419.000,74.000,74.000,142.000,49.000,76.000,14.000,42.000,24.000,32.000,21.000,38.120,95.000
420.000,74.000,74.000,142.000,49.000,76.000,13.000,43.000,25.000,32.000,22.000,38.120,95.000
421.000,74.000,74.000,142.000,49.000,76.000,13.000,42.000,24.000,32.000,22.000,38.120,95.000
422.000,74.000,74.000,142.000,49.000,76.000,13.000,42.000,24.000,32.000,22.000,38.120,95.000
423.000,74.000,74.000,142.000,49.000,76.000,13.000,42.000,24.000,32.000,22.000,38.120,95.000
424.000,74.000,74.000,142.000,49.000,76.000,13.000,42.000,23.000,31.000,22.000,38.120,95.000
425.000,74.000,74.000,142.000,49.000,76.000,14.000,42.000,25.000,32.000,22.000,38.070,95.000
426.000,74.000,74.000,141.000,49.000,76.000,13.000,42.000,25.000,32.000,22.000,38.020,95.000
427.000,74.000,74.000,140.000,49.000,75.000,13.000,42.000,25.000,32.000,22.000,37.990,95.000
428.000,74.000,74.000,140.000,49.000,75.000,13.000,42.000,25.000,32.000,22.000,37.990,95.000
429.000,74.000,74.000,140.000,48.000,75.000,13.000,42.000,24.000,32.000,22.000,37.990,94.000
430.000,74.000,74.000,140.000,48.000,75.000,13.000,42.000,24.000,32.000,22.000,37.990,94.000
431.000,74.000,74.000,141.000,49.000,76.000,13.000,42.000,24.000,32.000,22.000,37.990,94.000
432.000,74.000,74.000,141.000,48.000,75.000,13.000,40.000,21.000,30.000,22.000,37.990,94.000
433.000,74.000,74.000,141.000,49.000,75.000,13.000,40.000,22.000,30.000,22.000,37.990,94.000
434.000,74.000,74.000,140.000,48.000,75.000,13.000,40.000,21.000,30.000,22.000,37.990,94.000
435.000,74.000,74.000,139.000,48.000,75.000,13.000,40.000,22.000,30.000,22.000,37.990,94.000
436.000,74.000,74.000,139.000,48.000,75.000,13.000,40.000,22.000,30.000,22.000,37.990,94.000
437.000,74.000,74.000,140.000,48.000,75.000,13.000,40.000,22.000,30.000,22.000,37.990,94.000
438.000,74.000,74.000,140.000,48.000,75.000,13.000,41.000,22.000,31.000,22.000,37.980,94.000
439.000,74.000,74.000,140.000,48.000,75.000,13.000,41.000,22.000,31.000,22.000,37.980,94.000
440.000,74.000,74.000,141.000,48.000,76.000,14.000,41.000,22.000,31.000,22.000,37.970,94.000
441.000,74.000,74.000,141.000,48.000,75.000,14.000,41.000,22.000,31.000,22.000,37.980,94.000
442.000,74.000,74.000,141.000,49.000,76.000,14.000,42.000,24.000,32.000,22.000,37.990,94.000
443.000,74.000,74.000,141.000,49.000,76.000,14.000,41.000,24.000,31.000,22.000,37.980,94.000
444.000,74.000,74.000,140.000,49.000,75.000,14.000,41.000,24.000,31.000,22.000,37.990,94.000
445.000,74.000,74.000,140.000,48.000,75.000,15.000,41.000,24.000,31.000,22.000,37.990,94.000
446.000,74.000,74.000,139.000,48.000,74.000,14.000,41.000,23.000,31.000,22.000,37.990,94.000
447.000,74.000,74.000,139.000,48.000,74.000,14.000,41.000,23.000,31.000,23.000,37.990,94.000
448.000,74.000,74.000,139.000,48.000,75.000,14.000,41.000,23.000,31.000,23.000,37.990,94.000
449.000,74.000,74.000,139.000,48.000,75.000,14.000,42.000,24.000,32.000,23.000,37.990,94.000
450.000,74.000,74.000,139.000,48.000,75.000,14.000,42.000,24.000,31.000,23.000,37.990,94.000
451.000,74.000,74.000,139.000,48.000,74.000,14.000,42.000,24.000,31.000,23.000,37.990,94.000
452.000,74.000,74.000,138.000,48.000,74.000,15.000,42.000,24.000,31.000,23.000,37.990,94.000
453.000,74.000,74.000,138.000,48.000,74.000,15.000,40.000,21.000,30.000,23.000,37.990,94.000
454.000,74.000,74.000,138.000,48.000,74.000,15.000,40.000,21.000,31.000,23.000,37.990,94.000
455.000,74.000,74.000,138.000,48.000,74.000,15.000,40.000,21.000,31.000,23.000,38.010,94.000
456.000,75.000,74.000,138.000,48.000,74.000,14.000,40.000,21.000,30.000,23.000,38.010,94.000
457.000,74.000,73.000,139.000,48.000,75.000,15.000,41.000,22.000,31.000,23.000,38.020,94.000
458.000,74.000,73.000,139.000,48.000,74.000,14.000,40.000,22.000,30.000,23.000,38.020,94.000
459.000,74.000,73.000,139.000,48.000,74.000,14.000,41.000,22.000,30.000,23.000,38.010,95.000
460.000,74.000,73.000,138.000,48.000,74.000,14.000,41.000,24.000,31.000,23.000,38.010,95.000
461.000,74.000,73.000,137.000,48.000,74.000,13.000,41.000,23.000,31.000,23.000,38.010,95.000
462.000,74.000,73.000,137.000,48.000,74.000,13.000,41.000,24.000,31.000,23.000,38.010,95.000
463.000,74.000,73.000,138.000,48.000,74.000,13.000,41.000,23.000,31.000,23.000,38.010,95.000
464.000,74.000,73.000,138.000,48.000,74.000,13.000,41.000,23.000,31.000,23.000,38.010,95.000
465.000,74.000,73.000,138.000,48.000,74.000,13.000,41.000,24.000,31.000,23.000,38.010,94.000
466.000,74.000,73.000,138.000,48.000,74.000,13.000,41.000,24.000,31.000,23.000,38.010,94.000
467.000,74.000,74.000,137.000,48.000,74.000,13.000,41.000,23.000,31.000,23.000,38.010,94.000
468.000,74.000,74.000,138.000,48.000,74.000,13.000,41.000,24.000,31.000,23.000,38.010,94.000
469.000,74.000,74.000,137.000,48.000,74.000,13.000,41.000,24.000,31.000,22.000,38.010,94.000
470.000,74.000,74.000,136.000,48.000,73.000,13.000,40.000,23.000,31.000,22.000,38.010,94.000
471.000,74.000,74.000,135.000,47.000,73.000,13.000,41.000,23.000,31.000,22.000,38.010,94.000
472.000,74.000,74.000,136.000,47.000,73.000,13.000,41.000,24.000,31.000,21.000,38.010,94.000
473.000,74.000,74.000,135.000,47.000,73.000,13.000,40.000,22.000,30.000,21.000,38.010,94.000
474.000,74.000,74.000,135.000,47.000,73.000,13.000,40.000,22.000,30.000,21.000,38.010,93.000
475.000,74.000,74.000,136.000,47.000,73.000,13.000,40.000,22.000,30.000,21.000,38.010,93.000
476.000,74.000,74.000,135.000,47.000,73.000,13.000,40.000,22.000,30.000,21.000,38.010,93.000
477.000,74.000,74.000,135.000,47.000,73.000,13.000,40.000,22.000,30.000,21.000,38.010,93.000
478.000,74.000,74.000,136.000,47.000,73.000,13.000,41.000,23.000,31.000,21.000,38.010,93.000
479.000,74.000,74.000,136.000,47.000,73.000,13.000,39.000,21.000,30.000,21.000,38.010,93.000
480.000,74.000,74.000,135.000,47.000,73.000,14.000,39.000,21.000,30.000,21.000,38.010,93.000
481.000,74.000,74.000,135.000,47.000,73.000,14.000,39.000,22.000,30.000,21.000,38.010,93.000
482.000,74.000,74.000,134.000,47.000,72.000,14.000,39.000,21.000,30.000,21.000,38.010,93.000
483.000,74.000,74.000,134.000,47.000,72.000,14.000,39.000,22.000,30.000,21.000,38.010,93.000
484.000,75.000,74.000,134.000,47.000,72.000,14.000,39.000,22.000,30.000,21.000,37.990,93.000
485.000,74.000,74.000,134.000,47.000,72.000,14.000,39.000,22.000,30.000,21.000,37.990,93.000
486.000,74.000,74.000,135.000,47.000,73.000,14.000,40.000,22.000,30.000,21.000,37.990,93.000
487.000,74.000,74.000,135.000,47.000,73.000,14.000,40.000,22.000,30.000,21.000,37.990,93.000
488.000,74.000,74.000,135.000,47.000,73.000,14.000,40.000,22.000,30.000,21.000,37.990,93.000
489.000,74.000,74.000,136.000,47.000,73.000,14.000,40.000,22.000,30.000,21.000,37.990,93.000
490.000,74.000,74.000,136.000,47.000,74.000,14.000,40.000,22.000,30.000,21.000,37.990,93.000
491.000,74.000,74.000,135.000,46.000,73.000,14.000,40.000,22.000,30.000,21.000,37.990,93.000
492.000,74.000,74.000,135.000,46.000,73.000,14.000,40.000,22.000,30.000,21.000,37.990,93.000
493.000,74.000,74.000,134.000,46.000,72.000,13.000,40.000,22.000,30.000,21.000,37.990,93.000
494.000,74.000,74.000,134.000,46.000,73.000,13.000,40.000,22.000,30.000,22.000,37.990,93.000
495.000,74.000,74.000,135.000,46.000,73.000,13.000,40.000,21.000,30.000,22.000,37.990,93.000
496.000,74.000,74.000,135.000,46.000,73.000,13.000,40.000,21.000,30.000,22.000,37.990,93.000
497.000,74.000,74.000,136.000,46.000,73.000,14.000,40.000,22.000,31.000,22.000,37.990,93.000
498.000,74.000,74.000,136.000,46.000,73.000,14.000,40.000,22.000,30.000,22.000,37.990,93.000
499.000,74.000,74.000,135.000,46.000,73.000,14.000,40.000,22.000,31.000,22.000,37.990,93.000
500.000,74.000,74.000,135.000,47.000,73.000,14.000,40.000,22.000,30.000,22.000,37.990,93.000
501.000,74.000,74.000,134.000,46.000,72.000,13.000,40.000,22.000,30.000,22.000,37.990,93.000
502.000,74.000,74.000,134.000,46.000,72.000,13.000,40.000,22.000,30.000,22.000,37.990,93.000
503.000,74.000,74.000,133.000,46.000,72.000,13.000,40.000,22.000,30.000,22.000,37.990,93.000
504.000,74.000,74.000,133.000,46.000,72.000,13.000,40.000,22.000,30.000,22.000,37.990,93.000
505.000,74.000,74.000,134.000,46.000,72.000,13.000,40.000,22.000,30.000,22.000,38.010,93.000
506.000,74.000,74.000,134.000,47.000,72.000,13.000,40.000,22.000,30.000,22.000,38.010,93.000
507.000,74.000,74.000,134.000,47.000,72.000,13.000,40.000,22.000,30.000,21.000,38.010,93.000
508.000,74.000,74.000,134.000,47.000,72.000,13.000,40.000,22.000,30.000,21.000,37.990,93.000
509.000,74.000,74.000,134.000,47.000,72.000,13.000,40.000,23.000,30.000,21.000,38.010,93.000
510.000,74.000,74.000,133.000,47.000,72.000,12.000,41.000,23.000,30.000,21.000,38.010,93.000
511.000,74.000,74.000,133.000,47.000,72.000,12.000,41.000,23.000,30.000,21.000,37.990,93.000
512.000,74.000,74.000,132.000,47.000,72.000,11.000,40.000,23.000,30.000,21.000,38.010,93.000
513.000,74.000,74.000,132.000,47.000,72.000,13.000,41.000,23.000,30.000,22.000,37.990,93.000
514.000,74.000,74.000,133.000,47.000,72.000,13.000,40.000,22.000,30.000,22.000,37.990,93.000
515.000,74.000,74.000,133.000,47.000,72.000,13.000,41.000,22.000,30.000,22.000,37.990,93.000
516.000,74.000,74.000,134.000,47.000,73.000,13.000,41.000,23.000,30.000,22.000,37.990,93.000
517.000,74.000,74.000,135.000,47.000,73.000,13.000,41.000,24.000,30.000,23.000,37.990,93.000
518.000,74.000,74.000,135.000,46.000,72.000,13.000,40.000,24.000,30.000,23.000,37.990,93.000
519.000,74.000,74.000,134.000,47.000,72.000,14.000,40.000,24.000,30.000,23.000,37.990,93.000
520.000,74.000,73.000,135.000,47.000,72.000,13.000,40.000,24.000,30.000,23.000,37.990,93.000
521.000,74.000,73.000,135.000,47.000,72.000,13.000,40.000,24.000,30.000,23.000,37.990,93.000
522.000,75.000,73.000,135.000,47.000,72.000,13.000,40.000,24.000,30.000,24.000,37.990,93.000
523.000,75.000,73.000,135.000,47.000,72.000,13.000,40.000,24.000,30.000,24.000,37.990,93.000
524.000,74.000,73.000,135.000,47.000,72.000,13.000,40.000,23.000,30.000,24.000,37.990,94.000
525.000,74.000,73.000,136.000,47.000,73.000,13.000,40.000,23.000,30.000,27.000,37.990,94.000
526.000,74.000,73.000,135.000,47.000,73.000,13.000,40.000,22.000,30.000,27.000,37.990,94.000
527.000,74.000,73.000,135.000,47.000,73.000,13.000,40.000,23.000,30.000,27.000,37.990,94.000
528.000,74.000,73.000,135.000,47.000,73.000,14.000,40.000,23.000,30.000,26.000,37.990,94.000
529.000,74.000,73.000,135.000,47.000,73.000,14.000,39.000,20.000,30.000,26.000,37.990,94.000
530.000,74.000,73.000,136.000,47.000,73.000,14.000,39.000,21.000,30.000,26.000,37.990,94.000
531.000,74.000,73.000,137.000,48.000,74.000,14.000,39.000,21.000,30.000,26.000,37.990,94.000
532.000,74.000,73.000,137.000,48.000,74.000,14.000,39.000,21.000,30.000,26.000,38.010,94.000
533.000,74.000,73.000,138.000,48.000,74.000,14.000,39.000,22.000,30.000,26.000,38.010,94.000
534.000,75.000,74.000,138.000,48.000,74.000,13.000,40.000,22.000,30.000,26.000,38.010,94.000
535.000,74.000,74.000,138.000,48.000,74.000,13.000,40.000,24.000,31.000,25.000,38.010,93.000
536.000,74.000,74.000,137.000,48.000,74.000,13.000,40.000,24.000,31.000,25.000,38.010,93.000
537.000,74.000,74.000,138.000,48.000,74.000,13.000,41.000,24.000,31.000,25.000,38.010,93.000
538.000,74.000,74.000,138.000,48.000,74.000,13.000,41.000,24.000,31.000,24.000,38.010,93.000
539.000,74.000,74.000,138.000,48.000,74.000,13.000,41.000,24.000,31.000,24.000,38.010,93.000
540.000,74.000,74.000,138.000,48.000,74.000,13.000,41.000,24.000,31.000,24.000,38.010,93.000
541.000,74.000,74.000,139.000,48.000,75.000,13.000,41.000,24.000,31.000,23.000,38.010,93.000
542.000,74.000,74.000,138.000,48.000,74.000,12.000,40.000,23.000,31.000,23.000,38.010,93.000
543.000,74.000,74.000,138.000,48.000,74.000,13.000,40.000,24.000,31.000,23.000,38.010,93.000
544.000,74.000,74.000,137.000,48.000,74.000,13.000,40.000,23.000,31.000,22.000,38.010,93.000
545.000,74.000,74.000,136.000,48.000,74.000,13.000,40.000,23.000,31.000,22.000,38.010,93.000
546.000,74.000,74.000,137.000,48.000,74.000,13.000,41.000,23.000,31.000,22.000,38.010,93.000
547.000,74.000,73.000,137.000,48.000,74.000,12.000,41.000,23.000,31.000,22.000,38.010,93.000
548.000,74.000,74.000,137.000,48.000,74.000,13.000,41.000,23.000,31.000,22.000,38.010,93.000
549.000,75.000,74.000,137.000,48.000,74.000,13.000,40.000,23.000,31.000,22.000,38.010,93.000
550.000,74.000,73.000,137.000,48.000,73.000,13.000,40.000,23.000,30.000,21.000,38.010,93.000
551.000,74.000,74.000,136.000,47.000,73.000,13.000,40.000,23.000,30.000,21.000,38.010,93.000
552.000,74.000,74.000,135.000,47.000,72.000,13.000,40.000,23.000,30.000,21.000,38.010,93.000
553.000,74.000,74.000,134.000,47.000,72.000,13.000,40.000,23.000,30.000,21.000,38.010,93.000
554.000,74.000,74.000,134.000,47.000,72.000,13.000,40.000,23.000,30.000,21.000,37.990,93.000
555.000,74.000,74.000,134.000,47.000,72.000,13.000,40.000,23.000,31.000,21.000,37.990,93.000
556.000,74.000,74.000,134.000,47.000,72.000,13.000,40.000,22.000,30.000,21.000,37.990,93.000
557.000,74.000,74.000,134.000,47.000,72.000,13.000,40.000,22.000,30.000,21.000,37.990,93.000
558.000,74.000,74.000,134.000,47.000,72.000,13.000,40.000,23.000,30.000,21.000,37.990,93.000
559.000,74.000,74.000,135.000,47.000,72.000,13.000,40.000,23.000,30.000,20.000,37.990,93.000
560.000,74.000,74.000,134.000,47.000,72.000,13.000,39.000,22.000,30.000,20.000,38.010,93.000
561.000,74.000,74.000,133.000,47.000,72.000,13.000,39.000,23.000,30.000,20.000,38.010,93.000
562.000,74.000,74.000,133.000,47.000,71.000,13.000,39.000,23.000,30.000,20.000,38.010,93.000
563.000,74.000,74.000,133.000,47.000,71.000,13.000,39.000,23.000,30.000,20.000,38.010,93.000
564.000,74.000,74.000,131.000,46.000,71.000,13.000,39.000,23.000,30.000,20.000,37.990,93.000
565.000,74.000,74.000,132.000,46.000,71.000,12.000,39.000,23.000,30.000,20.000,37.990,93.000
566.000,74.000,74.000,132.000,46.000,71.000,12.000,39.000,23.000,30.000,20.000,37.990,93.000
567.000,74.000,74.000,132.000,46.000,71.000,13.000,39.000,23.000,30.000,20.000,37.990,93.000
568.000,74.000,74.000,132.000,46.000,71.000,13.000,40.000,22.000,30.000,20.000,38.010,93.000
569.000,74.000,74.000,133.000,46.000,72.000,13.000,40.000,22.000,30.000,20.000,38.010,93.000
570.000,74.000,74.000,133.000,46.000,72.000,13.000,40.000,22.000,30.000,20.000,38.010,93.000
571.000,74.000,74.000,133.000,46.000,72.000,13.000,40.000,22.000,30.000,20.000,38.010,93.000
572.000,74.000,74.000,133.000,46.000,72.000,12.000,38.000,19.000,28.000,20.000,38.010,93.000
573.000,74.000,74.000,133.000,47.000,72.000,12.000,38.000,20.000,28.000,20.000,38.010,93.000
574.000,74.000,74.000,134.000,47.000,72.000,13.000,39.000,20.000,29.000,20.000,38.010,93.000
575.000,74.000,74.000,134.000,47.000,72.000,12.000,38.000,20.000,29.000,20.000,38.010,93.000
576.000,74.000,74.000,134.000,47.000,72.000,12.000,39.000,21.000,29.000,20.000,38.010,93.000
577.000,74.000,74.000,134.000,47.000,72.000,13.000,39.000,21.000,29.000,20.000,38.010,93.000
578.000,74.000,74.000,133.000,47.000,72.000,13.000,38.000,21.000,29.000,20.000,38.010,93.000
579.000,74.000,74.000,133.000,47.000,72.000,13.000,38.000,21.000,29.000,20.000,38.010,93.000
580.000,74.000,74.000,132.000,47.000,71.000,13.000,38.000,22.000,29.000,20.000,38.010,93.000
581.000,74.000,74.000,130.000,46.000,70.000,12.000,38.000,22.000,29.000,20.000,38.010,93.000
582.000,74.000,74.000,130.000,46.000,70.000,12.000,39.000,22.000,29.000,20.000,38.010,93.000
583.000,74.000,74.000,131.000,46.000,71.000,12.000,39.000,22.000,29.000,20.000,38.010,93.000
584.000,74.000,74.000,131.000,46.000,70.000,12.000,39.000,22.000,29.000,20.000,38.010,93.000
585.000,74.000,74.000,131.000,46.000,71.000,12.000,39.000,22.000,30.000,20.000,38.010,93.000
586.000,75.000,74.000,131.000,46.000,71.000,12.000,39.000,22.000,29.000,20.000,38.010,93.000
587.000,74.000,74.000,132.000,46.000,71.000,12.000,38.000,19.000,29.000,20.000,38.010,93.000
588.000,74.000,74.000,132.000,46.000,71.000,13.000,38.000,20.000,29.000,20.000,38.010,93.000
589.000,74.000,74.000,132.000,46.000,71.000,12.000,38.000,20.000,29.000,20.000,38.010,93.000
590.000,74.000,74.000,132.000,46.000,71.000,13.000,38.000,20.000,29.000,20.000,38.010,93.000
591.000,74.000,74.000,133.000,47.000,72.000,13.000,38.000,20.000,29.000,21.000,38.010,93.000
592.000,74.000,74.000,133.000,47.000,72.000,12.000,37.000,19.000,28.000,21.000,38.010,93.000
593.000,74.000,74.000,133.000,47.000,72.000,13.000,37.000,19.000,28.000,21.000,38.010,94.000
594.000,75.000,74.000,134.000,47.000,72.000,13.000,37.000,20.000,28.000,21.000,38.010,94.000
595.000,74.000,74.000,133.000,47.000,72.000,13.000,37.000,20.000,28.000,21.000,37.990,94.000
596.000,74.000,74.000,133.000,47.000,72.000,13.000,38.000,22.000,29.000,21.000,38.010,94.000
597.000,74.000,74.000,133.000,47.000,72.000,13.000,38.000,22.000,29.000,21.000,38.010,94.000
598.000,74.000,74.000,131.000,47.000,71.000,13.000,39.000,22.000,30.000,21.000,38.010,94.000
599.000,74.000,74.000,132.000,47.000,71.000,13.000,39.000,22.000,30.000,21.000,38.010,94.000
