'Elapsed time','HR','PULSE','NBP Sys','NBP Dias','NBP Mean','RESP','SpO2','PVC Rate per Minute','Rhythm Status','Ectopic Status','Ectopic Count'
'seconds','bpm','bpm','mmHg','mmHg','mmHg','pm','%','pm','?','?','?'
0.000,96.000,104.000,117.000,65.000,78.000,22.000,91.000,0.000,63004.000,-,-
1.000,96.000,104.000,117.000,65.000,78.000,22.000,91.000,0.000,63004.000,-,-
2.000,96.000,104.000,117.000,65.000,78.000,22.000,93.000,0.000,63004.000,-,-
3.000,96.000,104.000,117.000,65.000,78.000,21.000,93.000,0.000,63004.000,-,-
4.000,96.000,103.000,117.000,65.000,78.000,20.000,93.000,0.000,63004.000,-,-
5.000,96.000,103.000,117.000,65.000,78.000,19.000,93.000,0.000,63004.000,-,-
6.000,96.000,103.000,117.000,65.000,78.000,18.000,93.000,0.000,63004.000,-,-
7.000,95.000,103.000,117.000,65.000,78.000,17.000,93.000,0.000,63004.000,-,-
8.000,-,-,-,-,-,-,-,-,-,-,-
9.000,-,-,-,-,-,-,-,-,-,-,-
10.000,-,-,-,-,-,-,-,-,-,-,-
11.000,-,-,-,-,-,-,-,-,-,-,-
12.000,-,-,-,-,-,-,-,-,-,-,-
13.000,-,-,-,-,-,-,-,-,-,-,-
14.000,-,-,-,-,-,-,-,-,-,-,-
15.000,-,-,-,-,-,-,-,-,-,-,-
16.000,-,-,-,-,-,-,-,-,-,-,-
17.000,-,-,-,-,-,-,-,-,-,-,-
18.000,-,103.000,117.000,65.000,78.000,15.000,-,-,63015.000,63059.000,5.000
19.000,103.000,103.000,117.000,65.000,78.000,15.000,92.000,0.000,63015.000,63059.000,5.000
20.000,103.000,102.000,117.000,65.000,78.000,15.000,92.000,0.000,63015.000,63059.000,5.000
21.000,103.000,102.000,117.000,65.000,78.000,15.000,93.000,0.000,63015.000,63059.000,5.000
22.000,103.000,102.000,117.000,65.000,78.000,15.000,93.000,0.000,63015.000,63059.000,5.000
23.000,103.000,102.000,117.000,65.000,78.000,15.000,94.000,0.000,63015.000,63059.000,5.000
24.000,103.000,102.000,117.000,65.000,78.000,15.000,94.000,0.000,63015.000,63059.000,5.000
25.000,103.000,102.000,117.000,65.000,78.000,15.000,94.000,0.000,63015.000,63059.000,5.000
26.000,103.000,102.000,117.000,65.000,78.000,15.000,95.000,0.000,63015.000,63059.000,5.000
27.000,103.000,101.000,117.000,65.000,78.000,15.000,95.000,0.000,63015.000,63059.000,5.000
28.000,103.000,101.000,117.000,65.000,78.000,15.000,95.000,0.000,63015.000,63059.000,5.000
29.000,103.000,100.000,117.000,65.000,78.000,15.000,95.000,0.000,63015.000,63059.000,5.000
30.000,103.000,100.000,117.000,65.000,78.000,15.000,95.000,0.000,63015.000,63059.000,5.000
31.000,103.000,101.000,117.000,65.000,78.000,14.000,95.000,0.000,63015.000,63059.000,5.000
32.000,103.000,101.000,117.000,65.000,78.000,14.000,95.000,0.000,63015.000,63059.000,5.000
33.000,103.000,101.000,117.000,65.000,78.000,14.000,95.000,0.000,63015.000,63059.000,5.000
34.000,103.000,102.000,117.000,65.000,78.000,14.000,95.000,0.000,63015.000,63059.000,5.000
35.000,103.000,102.000,117.000,65.000,78.000,14.000,95.000,0.000,63015.000,63059.000,5.000
36.000,103.000,102.000,117.000,65.000,78.000,16.000,95.000,0.000,63015.000,63059.000,5.000
37.000,103.000,102.000,117.000,65.000,78.000,16.000,95.000,0.000,63015.000,63059.000,5.000
38.000,104.000,102.000,117.000,65.000,78.000,19.000,95.000,0.000,63015.000,63059.000,5.000
39.000,104.000,-,117.000,65.000,78.000,19.000,-,0.000,63015.000,63059.000,5.000
40.000,103.000,-,117.000,65.000,78.000,19.000,-,0.000,63015.000,63059.000,5.000
41.000,104.000,-,117.000,65.000,78.000,19.000,-,0.000,63015.000,63059.000,5.000
42.000,104.000,-,117.000,65.000,78.000,19.000,-,0.000,63015.000,63059.000,5.000
43.000,104.000,-,117.000,65.000,78.000,19.000,-,0.000,63015.000,63059.000,5.000
44.000,104.000,-,117.000,65.000,78.000,19.000,-,0.000,63015.000,63059.000,5.000
45.000,104.000,-,117.000,65.000,78.000,18.000,-,0.000,63015.000,63059.000,5.000
46.000,104.000,-,117.000,65.000,78.000,18.000,-,0.000,63015.000,63059.000,5.000
47.000,104.000,-,117.000,65.000,78.000,18.000,-,0.000,63015.000,63059.000,5.000
48.000,104.000,-,117.000,65.000,78.000,18.000,-,0.000,63015.000,63059.000,5.000
49.000,104.000,-,117.000,65.000,78.000,18.000,-,0.000,63015.000,63059.000,5.000
50.000,104.000,-,117.000,65.000,78.000,19.000,-,0.000,63015.000,63059.000,5.000
51.000,104.000,-,117.000,65.000,78.000,19.000,-,0.000,63015.000,63059.000,5.000
52.000,104.000,-,117.000,65.000,78.000,19.000,-,0.000,63015.000,63059.000,5.000
53.000,104.000,-,117.000,65.000,78.000,19.000,-,0.000,63015.000,63059.000,5.000
54.000,104.000,-,117.000,65.000,78.000,18.000,-,0.000,63015.000,63059.000,5.000
55.000,104.000,-,117.000,65.000,78.000,17.000,-,0.000,63015.000,63059.000,5.000
56.000,104.000,-,117.000,65.000,78.000,17.000,-,0.000,63015.000,63059.000,5.000
57.000,104.000,-,117.000,65.000,78.000,17.000,-,0.000,63015.000,63059.000,5.000
