s12351-3115-12-10-17-50n,[0.008054114693861256,0.0,9.0895065859017e-6,4.408062752161896,0.0]
s32285-2826-02-19-14-25n,[0.007528799080487599,0.03960318062193667,5.200289453845596e-5,6.842210737411473,0.04677686450191691]
s19700-3390-03-10-17-40n,[0.006461462603209985,0.03610347142294599,4.716304686521016e-5,7.223339933332264,0.04480582441267476]
s27192-3078-05-03-16-47n,[0.005094992540232192,0.03192585189571511,3.9955351723299594e-5,7.205872671951665,0.043108807298872315]
s29199-2741-01-21-16-24n,[0.01190174929304671,0.0,1.0906803741182733e-5,5.358350326355317,0.0]
s31618-3121-02-21-15-09n,[0.01075079681587211,0.017798244923659955,2.296522885362881e-5,6.745354659606703,0.038768147982491265]
s08141-2806-04-27-18-01n,[0.005972763826449843,0.0,7.765386516479548e-6,6.258490628682863,0.0]
s12351-3115-12-03-20-48n,[0.007340585350307429,0.0,7.937915952761482e-6,1.510829990959823,0.0]
s17875-3026-11-08-15-43n,[0.007704198541309924,0.039405728205570124,5.180214197865361e-5,7.667368327272418,0.04623914950970501]
s21730-3044-01-29-13-30n,[0.0068623855081645195,0.03704642893819424,4.857716296720347e-5,7.37413929385865,0.045152478495532555]
