[500.0],168999.57997259253
[750.0],143102.56139412115
[1000.0],134700.73602401838
[975.841],53030.70521436027
[913.341],47998.72670759795
[882.091],46070.96662177729
[850.841],44364.777089707175
[819.591],42830.706327829634
[788.341],41426.15292386984
[725.841],38893.29075083621
[600.841],34450.51405183976
[475.841],30326.394407039523
[225.841],21373.49403576064
[0.0001],96.33405386596027
[3.66802],3573.7303177375293
[5.20577],4147.163211472843
[19.7055],7385.907078291249
[3.18966],3373.0676955398426
[0.121496],526.8944755886014
[0.0357658],307.73538364206956
[0.119632],519.402447816334
[0.426606],1398.9933849211222
[0.0569304],315.46747672000396
[0.0058537],191.29972029936297
[0.000826029],89.19911063189832
[0.00273338],113.9543807403336
[0.0001],96.33405386694204
[0.00130287],91.95017088282735
[0.000587611],89.48718080076941
[0.000945238],89.54326287129824
[0.000766425],89.15635677311258
[0.00070682],89.1640585851308
[0.000736622],89.1673297632439
[0.000781326],89.16716149049402
[0.000758974],89.15963284393635
[0.00077015],89.1466834284102
[0.000773875],89.16337737953181
[0.000772012],89.1625233923768
[0.000769219],89.14720526088159
[0.000770615],89.16220159744233
[0.000769917],89.1468121240387
[0.000770266],89.14661952205833
[0.000770499],89.16222589399445
[0.00077015],89.1466834284102
[0.000770324],89.14658767892918
[0.000770441],89.16226175677502
[0.000770266],89.14661952205833
[0.000770354],89.14657178468198
[0.000770412],89.1465400512146
[0.000770528],89.16220799027671
[0.000770354],89.14657178468198
[0.000770441],89.16226175677933
[0.000770397],89.14654797771102
[0.000770419],89.16227522435562
[0.000770408],89.14654203241135
[0.000770414],89.14653906072468
[0.000770417],89.16227634712372
[0.000770412],89.1465400512146
[0.000770414],89.14653856550919
[0.000770416],89.16227690853049
[0.000770414],89.14653906072468
[0.000770415],89.14653831790693
[0.000770416],89.16227718924769
[0.000770414],89.14653856550919
[0.000770415],89.1465381941088
[0.000770416],89.16227732960411
[0.000770415],89.14653831790693
[0.000770415],89.14653813220727
[0.000770416],89.16227739977892
[0.000770415],89.1465381941088
[0.000770415],89.14653810125382
[0.000770415],89.16227743487387
[0.000770415],89.14653813220727
[0.000770415],89.14653808578512
[0.000770415],89.16227745241656
[0.000770415],89.14653810125382
[0.000770415],89.14653807804207
[0.000770415],89.16227746118945
[0.000770415],89.14653808578512
[0.000770415],89.16227747434421
[0.000770415],89.1465380799821
[0.000770415],89.14653807707705
[0.000770415],89.16227747543873
[0.000770415],89.14653807804207
[0.000770415],89.16227747709056
[0.000770415],89.14653807732162
[0.000770415],89.16227747750283
[0.000770415],89.14653807713643
[0.000770415],89.14653807704711
[0.000770415],89.16227747753298
[0.000770415],89.14653807707705
[0.000770415],89.14653807703212
[0.000770415],89.1622774775483
[0.000770415],89.14653807704711
[0.000770415],89.16227747757473
[0.000770415],89.14653807703705
[0.000770415],89.14653807703031
[0.000770415],89.16227747758009
[0.000770415],89.14653807703208
[0.000770415],89.14653807703378
[0.000770415],89.14653807702885
[0.000770415],89.14653807703087
[0.000770415],89.14653807702719
[0.000770415],89.14653807703031
[0.000770415],89.14653807703095
[0.000770415],89.14653807702736
[0.000770415],89.14653807702804
[0.000770415],89.1465380770338
[0.000770415],89.14653807703368
[0.000770415],89.14653807703206
[0.000770415],89.14653807703151
[0.000770415],89.1465380770352
[0.000770415],89.146538077032
[0.000770415],89.14653807702815
[0.000770415],89.14653807703297
[0.000770415],89.14653807702719
[0.000770415],89.14653807702719
[0.000770415],89.14653807702719
[0.000770415],89.14653807702719
[0.000770415],89.14653807702719
[0.000770415],89.14653807702719
[0.000770415],89.14653807702719
[0.000770415],89.14653807702719
[0.000770415],89.14653807702719
[0.000770415],89.14653807702719
[0.000770415],89.14653807702719
[0.000770415],89.14653807702719
[0.000770415],89.14653807702719
[0.000770415],89.14653807702719
[0.000770415],89.14653807702719
[0.000770415],89.14653807702719
[0.000770415],89.14653807702719
[0.000770415],89.14653807702719
[0.000770415],89.14653807702719
[0.000770415],89.14653807702719
[0.000770415],89.14653807702719
[0.000770415],89.14653807702719
[0.000770415],89.14653807702719
[0.000770415],89.14653807702719
[0.000770415],89.14653807702719
[0.000770415],89.14653807702719
[0.000770415],89.14653807702719
[0.000770415],89.14653807702719
[0.000770415],89.14653807702719
[0.000770415],89.14653807702719
[0.000770415],89.14653807702719
[0.000770415],89.14653807702719
[0.000770415],89.14653807702719
[0.000770415],89.14653807702719
[0.000770415],89.14653807702719
[0.000770415],89.14653807702719
[0.000770415],89.14653807702719
[0.000770415],89.14653807702719
[0.000770415],89.14653807702719
[0.000770415],89.14653807702719
[0.000770415],89.14653807702719
[0.000770415],89.14653807702719
[0.000770415],89.14653807702719
[0.000770415],89.14653807702719
[0.000770415],89.14653807702719
[0.000770415],89.14653807702719
[0.000770415],89.14653807702719
[0.000770415],89.14653807702719
[0.000770415],89.14653807702719
[0.000770415],89.14653807702719
[0.000770415],89.14653807702719
[0.000770415],89.14653807702719
[0.000770415],89.14653807702719
[0.000770415],89.14653807702719
[0.000770415],89.14653807702719
[0.000770415],89.14653807702719
[0.000770415],89.14653807702719
[0.000770415],89.14653807702719
[0.000770415],89.14653807702719
[0.000770415],89.14653807702719
[0.000770415],89.14653807702719
[0.000770415],89.14653807702719
[0.000770415],89.14653807702719
[0.000770415],89.14653807702719
[0.000770415],89.14653807702719
[0.000770415],89.14653807702719
[0.000770415],89.14653807702719
[0.000770415],89.14653807702719
[0.000770415],89.14653807702719
[0.000770415],89.14653807702719
[0.000770415],89.14653807702719
[0.000770415],89.14653807702719
[0.000770415],89.14653807702719
[0.000770415],89.14653807702719
[0.000770415],89.14653807702719
[0.000770415],89.14653807702719
[0.000770415],89.14653807702719
[0.000770415],89.14653807702719
[0.000770415],89.14653807702719
[0.000770415],89.14653807702719
[0.000770415],89.14653807702719
[0.000770415],89.14653807702719
[0.000770415],89.14653807702719
[0.000770415],89.14653807702719
[0.000770415],89.14653807702719
[0.000770415],89.14653807702719
[0.000770415],89.14653807702719
[0.000770415],89.14653807702719
[0.000770415],89.14653807702719
[0.000770415],89.14653807702719
[0.000770415],89.14653807702719
[0.000770415],89.14653807702719
[0.000770415],89.14653807702719
[0.000770415],89.14653807702719
[0.000770415],89.14653807702719
[0.000770415],89.14653807702719
[0.000770415],89.14653807702719
[0.000770415],89.14653807702719
[0.000770415],89.14653807702719
[0.000770415],89.14653807702719
[0.000770415],89.14653807702719
[0.000770415],89.14653807702719
[0.000770415],89.14653807702719
[0.000770415],89.14653807702719
[0.000770415],89.14653807702719
[0.000770415],89.14653807702719
[0.000770415],89.14653807702719
[0.000770415],89.14653807702719
[0.000770415],89.14653807702719
[0.000770415],89.14653807702719
[0.000770415],89.14653807702719
[0.000770415],89.14653807702719
[0.000770415],89.14653807702719
[0.000770415],89.14653807702719
[0.000770415],89.14653807702719
[0.000770415],89.14653807702719
[0.000770415],89.14653807702719
[0.000770415],89.14653807702719
[0.000770415],89.14653807702719
[0.000770415],89.14653807702719
[0.000770415],89.14653807702719
[0.000770415],89.14653807702719
[0.000770415],89.14653807702719
[0.000770415],89.14653807702719
[0.000770415],89.14653807702719
[0.000770415],89.14653807702719
[0.000770415],89.14653807702719
[0.000770415],89.14653807702719
[0.000770415],89.14653807702719
[0.000770415],89.14653807702719
[0.000770415],89.14653807702719
[0.000770415],89.14653807702719
[0.000770415],89.14653807702719
[0.000770415],89.14653807702719
[0.000770415],89.14653807702719
[0.000770415],89.14653807702719
[0.000770415],89.14653807702719
[0.000770415],89.14653807702719
[0.000770415],89.14653807702719
[0.000770415],89.14653807702719
[0.000770415],89.14653807702719
[0.000770415],89.14653807702719
[0.000770415],89.14653807702719
[0.000770415],89.14653807702719
[0.000770415],89.14653807702719
[0.000770415],89.14653807702719
[0.000770415],89.14653807702719
[0.000770415],89.14653807702719
[0.000770415],89.14653807702719
[0.000770415],89.14653807702719
[0.000770415],89.14653807702719
[0.000770415],89.14653807702719
[0.000770415],89.14653807702719
[0.000770415],89.14653807702719
[0.000770415],89.14653807702719
[0.000770415],89.14653807702719
[0.000770415],89.14653807702719
[0.000770415],89.14653807702719
[0.000770415],89.14653807702719
[0.000770415],89.14653807702719
[0.000770415],89.14653807702719
[0.000770415],89.14653807702719
[0.000770415],89.14653807702719
[0.000770415],89.14653807702719
[0.000770415],89.14653807702719
[0.000770415],89.14653807702719
[0.000770415],89.14653807702719
[0.000770415],89.14653807702719
[0.000770415],89.14653807702719
[0.000770415],89.14653807702719
[0.000770415],89.14653807702719
[0.000770415],89.14653807702719
[0.000770415],89.14653807702719
[0.000770415],89.14653807702719
[0.000770415],89.14653807702719
[0.000770415],89.14653807702719
[0.000770415],89.14653807702719
[0.000770415],89.14653807702719
[0.000770415],89.14653807702719
[0.000770415],89.14653807702719
[0.000770415],89.14653807702719
[0.000770415],89.14653807702719
[0.000770415],89.14653807702719
[0.000770415],89.14653807702719
[0.000770415],89.14653807702719
[0.000770415],89.14653807702719
[0.000770415],89.14653807702719
[0.000770415],89.14653807702719
[0.000770415],89.14653807702719
[0.000770415],89.14653807702719
[0.000770415],89.14653807702719
[0.000770415],89.14653807702719
[0.000770415],89.14653807702719
[0.000770415],89.14653807702719
[0.000770415],89.14653807702719
[0.000770415],89.14653807702719
[0.000770415],89.14653807702719
[0.000770415],89.14653807702719
[0.000770415],89.14653807702719
[0.000770415],89.14653807702719
[0.000770415],89.14653807702719
[0.000770415],89.14653807702719
[0.000770415],89.14653807702719
[0.000770415],89.14653807702719
[0.000770415],89.14653807702719
[0.000770415],89.14653807702719
[0.000770415],89.14653807702719
[0.000770415],89.14653807702719
[0.000770415],89.14653807702719
[0.000770415],89.14653807702719
[0.000770415],89.14653807702719
[0.000770415],89.14653807702719
[0.000770415],89.14653807702719
[0.000770415],89.14653807702719
[0.000770415],89.14653807702719
[0.000770415],89.14653807702719
[0.000770415],89.14653807702719
[0.000770415],89.14653807702719
[0.000770415],89.14653807702719
[0.000770415],89.14653807702719
[0.000770415],89.14653807702719
[0.000770415],89.14653807702719
[0.000770415],89.14653807702719
[0.000770415],89.14653807702719
[0.000770415],89.14653807702719
[0.000770415],89.14653807702719
[0.000770415],89.14653807702719
[0.000770415],89.14653807702719
[0.000770415],89.14653807702719
[0.000770415],89.14653807702719
[0.000770415],89.14653807702719
[0.000770415],89.14653807702719
[0.000770415],89.14653807702719
[0.000770415],89.14653807702719
[0.000770415],89.14653807702719
[0.000770415],89.14653807702719
[0.000770415],89.14653807702719
[0.000770415],89.14653807702719
[0.000770415],89.14653807702719
[0.000770415],89.14653807702719
[0.000770415],89.14653807702719
[0.000770415],89.14653807702719
[0.000770415],89.14653807702719
[0.000770415],89.14653807702719
[0.000770415],89.14653807702719
[0.000770415],89.14653807702719
[0.000770415],89.14653807702719
[0.000770415],89.14653807702719
[0.000770415],89.14653807702719
[0.000770415],89.14653807702719
[0.000770415],89.14653807702719
[0.000770415],89.14653807702719
[0.000770415],89.14653807702719
[0.000770415],89.14653807702719
[0.000770415],89.14653807702719
[0.000770415],89.14653807702719
[0.000770415],89.14653807702719
[0.000770415],89.14653807702719
[0.000770415],89.14653807702719
[0.000770415],89.14653807702719
[0.000770415],89.14653807702719
[0.000770415],89.14653807702719
[0.000770415],89.14653807702719
[0.000770415],89.14653807702719
[0.000770415],89.14653807702719
[0.000770415],89.14653807702719
[0.000770415],89.14653807702719
[0.000770415],89.14653807702719
[0.000770415],89.14653807702719
[0.000770415],89.14653807702719
[0.000770415],89.14653807702719
[0.000770415],89.14653807702719
[0.000770415],89.14653807702719
[0.000770415],89.14653807702719
[0.000770415],89.14653807702719
[0.000770415],89.14653807702719
[0.000770415],89.14653807702719
[0.000770415],89.14653807702719
[0.000770415],89.14653807702719
[0.000770415],89.14653807702719
[0.000770415],89.14653807702719
[500.0],60238.42525058339
[750.0],38406.57278010802
[1000.0],48331.914864841885
[875.0],14601.133485211025
[1000.0],18946.39554139978
[937.5],16230.451594091788
[843.75],13949.651326219935
[812.5],13311.647913309533
[750.0],12338.02576837719
[687.5],11487.35496044142
[625.0],10715.540179826668
[500.0],9297.663169660625
[250.0],6514.500393021797
[0.0001],112.05130331577864
[24.1592],2403.3812357047846
[0.45859],321.593309173519
[0.650808],452.4175466373065
[2.46327],967.7439818504757
[0.398795],273.68298419493317
[0.0152745],104.56109527615675
[0.137345],77.09838403786324
[0.259415],154.05329041750718
[0.19838],106.76082837174948
[0.106827],75.62829059876141
[0.0915685],79.60828684737965
[0.114457],74.81372086905948
[0.122086],74.87569839950237
[0.118271],74.79346931878521
[0.120179],74.78407226241978
[0.123993],74.98068011230322
[0.118271],74.79346931878521
[0.121132],74.86139982320864
[0.119702],74.74243977741901
[0.118748],74.76454669982587
[0.120179],74.78407226241978
[0.119463],74.8286081770137
[0.119821],74.75368819813546
[0.119642],74.80982772953033
[0.119732],74.74523235042636
[0.119687],74.81420981754741
[0.119709],74.7431370077333
[0.119698],74.74209140397693
[0.119691],74.7413951084948
[0.119676],74.81311196475058
[0.119698],74.74209140397693
[0.119687],74.81420981754704
[0.119693],74.74156912385986
[0.11969],74.74130811607047
[0.119688],74.81430137418366
[0.119691],74.7413951084948
[0.119689],74.74126462342318
[0.119688],74.79964485284556
[0.11969],74.74130811607047
[0.119689],74.74124287796803
[0.119689],74.79966725113894
[0.119689],74.74126462342318
[0.119689],74.74123200545665
[0.119689],74.79967845050403
[0.119689],74.74124287796803
[0.119689],74.74122656925546
[0.119689],74.74121569696189
[0.119689],74.79966165151116
[0.119689],74.74122656925546
[0.119689],74.79967845050369
[0.119689],74.7412184150228
[0.119689],74.74121433793495
[0.119689],74.7996798504338
[0.119689],74.74121569696189
[0.119689],74.74121365842382
[0.119689],74.79968055040037
[0.119689],74.74121433793495
[0.119689],74.74121331866714
[0.119689],74.79968090038369
[0.119689],74.74121365842382
[0.119689],74.74121314878994
[0.119689],74.79968107537587
[0.119689],74.74121331866714
[0.119689],74.74121306385064
[0.119689],74.79968116287212
[0.119689],74.74121314878994
[0.119689],74.74121302138117
[0.119689],74.7996812066192
[0.119689],74.74121306385064
[0.119689],74.74121300014616
[0.119689],74.79968122849357
[0.119689],74.74121302138117
[0.119689],74.74121298952915
[0.119689],74.79968123943094
[0.119689],74.74121300014616
[0.119689],74.79968125583572
[0.119689],74.74121299218399
[0.119689],74.79968125993702
[0.119689],74.74121299019295
[0.119689],74.74121298919735
[0.119689],74.79968126027907
[0.119689],74.74121298952915
[0.119689],74.79968126079174
[0.119689],74.74121298928021
[0.119689],74.7996812609198
[0.119689],74.74121298921821
[0.119689],74.74121298918716
[0.119689],74.79968126092997
[0.119689],74.74121298919735
[0.119689],74.74121298918072
[0.119689],74.74121298917645
[0.119689],74.79968126093559
[0.119689],74.79968126093878
[0.119689],74.74121298917738
[0.119689],74.7412129891758
[0.119689],74.79968126093965
[0.119689],74.79968126094029
[0.119689],74.74121298917593
[0.119689],74.74121298917571
[0.119689],74.79968126094032
[0.119689],74.7996812609398
[0.119689],74.79968126093998
[0.119689],74.79968126094028
[0.119689],74.79968126094008
[0.119689],74.79968126093976
[0.119689],74.79968126094016
[0.119689],74.74121298917571
[0.119689],74.74121298917571
[0.119689],74.74121298917571
[0.119689],74.74121298917571
[0.119689],74.74121298917571
[0.119689],74.74121298917571
[0.119689],74.74121298917571
[0.119689],74.74121298917571
[0.119689],74.74121298917571
[0.119689],74.74121298917571
[0.119689],74.74121298917571
[0.119689],74.74121298917571
[0.119689],74.74121298917571
[0.119689],74.74121298917571
[0.119689],74.74121298917571
[0.119689],74.74121298917571
[0.119689],74.74121298917571
[0.119689],74.74121298917571
[0.119689],74.74121298917571
[0.119689],74.74121298917571
[0.119689],74.74121298917571
[0.119689],74.74121298917571
[0.119689],74.74121298917571
[0.119689],74.74121298917571
[0.119689],74.74121298917571
[0.119689],74.74121298917571
[0.119689],74.74121298917571
[0.119689],74.74121298917571
[0.119689],74.74121298917571
[0.119689],74.74121298917571
[0.119689],74.74121298917571
[0.119689],74.74121298917571
[0.119689],74.74121298917571
[0.119689],74.74121298917571
[0.119689],74.74121298917571
[0.119689],74.74121298917571
[0.119689],74.74121298917571
[0.119689],74.74121298917571
[0.119689],74.74121298917571
[0.119689],74.74121298917571
[0.119689],74.74121298917571
[0.119689],74.74121298917571
[0.119689],74.74121298917571
[0.119689],74.74121298917571
[0.119689],74.74121298917571
[0.119689],74.74121298917571
[0.119689],74.74121298917571
[0.119689],74.74121298917571
[0.119689],74.74121298917571
[0.119689],74.74121298917571
[0.119689],74.74121298917571
[0.119689],74.74121298917571
[0.119689],74.74121298917571
[0.119689],74.74121298917571
[0.119689],74.74121298917571
[0.119689],74.74121298917571
[0.119689],74.74121298917571
[0.119689],74.74121298917571
[0.119689],74.74121298917571
[0.119689],74.74121298917571
[0.119689],74.74121298917571
[0.119689],74.74121298917571
[0.119689],74.74121298917571
[0.119689],74.74121298917571
[0.119689],74.74121298917571
[0.119689],74.74121298917571
[0.119689],74.74121298917571
[0.119689],74.74121298917571
[0.119689],74.74121298917571
[0.119689],74.74121298917571
[0.119689],74.74121298917571
[0.119689],74.74121298917571
[0.119689],74.74121298917571
[0.119689],74.74121298917571
[0.119689],74.74121298917571
[0.119689],74.74121298917571
[0.119689],74.74121298917571
[0.119689],74.74121298917571
[0.119689],74.74121298917571
[0.119689],74.74121298917571
[0.119689],74.74121298917571
[0.119689],74.74121298917571
[0.119689],74.74121298917571
[0.119689],74.74121298917571
[0.119689],74.74121298917571
[0.119689],74.74121298917571
[0.119689],74.74121298917571
[0.119689],74.74121298917571
[0.119689],74.74121298917571
[0.119689],74.74121298917571
[0.119689],74.74121298917571
[0.119689],74.74121298917571
[0.119689],74.74121298917571
[0.119689],74.74121298917571
[0.119689],74.74121298917571
[0.119689],74.74121298917571
[0.119689],74.74121298917571
[0.119689],74.74121298917571
[0.119689],74.74121298917571
[0.119689],74.74121298917571
[0.119689],74.74121298917571
[0.119689],74.74121298917571
[0.119689],74.74121298917571
[0.119689],74.74121298917571
[0.119689],74.74121298917571
[0.119689],74.74121298917571
[0.119689],74.74121298917571
[0.119689],74.74121298917571
[0.119689],74.74121298917571
[0.119689],74.74121298917571
[0.119689],74.74121298917571
[0.119689],74.74121298917571
[0.119689],74.74121298917571
[0.119689],74.74121298917571
[0.119689],74.74121298917571
[0.119689],74.74121298917571
[0.119689],74.74121298917571
[0.119689],74.74121298917571
[0.119689],74.74121298917571
[0.119689],74.74121298917571
[0.119689],74.74121298917571
[0.119689],74.74121298917571
[0.119689],74.74121298917571
[0.119689],74.74121298917571
[0.119689],74.74121298917571
[0.119689],74.74121298917571
[0.119689],74.74121298917571
[0.119689],74.74121298917571
[0.119689],74.74121298917571
[0.119689],74.74121298917571
[0.119689],74.74121298917571
[0.119689],74.74121298917571
[0.119689],74.74121298917571
[0.119689],74.74121298917571
[0.119689],74.74121298917571
[0.119689],74.74121298917571
[0.119689],74.74121298917571
[0.119689],74.74121298917571
[0.119689],74.74121298917571
[0.119689],74.74121298917571
[0.119689],74.74121298917571
[0.119689],74.74121298917571
[0.119689],74.74121298917571
[0.119689],74.74121298917571
[0.119689],74.74121298917571
[0.119689],74.74121298917571
[0.119689],74.74121298917571
[0.119689],74.74121298917571
[0.119689],74.74121298917571
[0.119689],74.74121298917571
[0.119689],74.74121298917571
[0.119689],74.74121298917571
[0.119689],74.74121298917571
[0.119689],74.74121298917571
[0.119689],74.74121298917571
[0.119689],74.74121298917571
[0.119689],74.74121298917571
[0.119689],74.74121298917571
[0.119689],74.74121298917571
[0.119689],74.74121298917571
[0.119689],74.74121298917571
[0.119689],74.74121298917571
[0.119689],74.74121298917571
[0.119689],74.74121298917571
[0.119689],74.74121298917571
[0.119689],74.74121298917571
[0.119689],74.74121298917571
[0.119689],74.74121298917571
[0.119689],74.74121298917571
[0.119689],74.74121298917571
[0.119689],74.74121298917571
[0.119689],74.74121298917571
[0.119689],74.74121298917571
[0.119689],74.74121298917571
[0.119689],74.74121298917571
[0.119689],74.74121298917571
[0.119689],74.74121298917571
[0.119689],74.74121298917571
[0.119689],74.74121298917571
[0.119689],74.74121298917571
[0.119689],74.74121298917571
[0.119689],74.74121298917571
[0.119689],74.74121298917571
[0.119689],74.74121298917571
[0.119689],74.74121298917571
[0.119689],74.74121298917571
[0.119689],74.74121298917571
[0.119689],74.74121298917571
[0.119689],74.74121298917571
[0.119689],74.74121298917571
[0.119689],74.74121298917571
[0.119689],74.74121298917571
[0.119689],74.74121298917571
[0.119689],74.74121298917571
[0.119689],74.74121298917571
[0.119689],74.74121298917571
[0.119689],74.74121298917571
[0.119689],74.74121298917571
[0.119689],74.74121298917571
[0.119689],74.74121298917571
[0.119689],74.74121298917571
[0.119689],74.74121298917571
[0.119689],74.74121298917571
[0.119689],74.74121298917571
[0.119689],74.74121298917571
[0.119689],74.74121298917571
[0.119689],74.74121298917571
[0.119689],74.74121298917571
[0.119689],74.74121298917571
[0.119689],74.74121298917571
[0.119689],74.74121298917571
[0.119689],74.74121298917571
[0.119689],74.74121298917571
[0.119689],74.74121298917571
[0.119689],74.74121298917571
[0.119689],74.74121298917571
[0.119689],74.74121298917571
[0.119689],74.74121298917571
[0.119689],74.74121298917571
[0.119689],74.74121298917571
[0.119689],74.74121298917571
[0.119689],74.74121298917571
[0.119689],74.74121298917571
[0.119689],74.74121298917571
[0.119689],74.74121298917571
[0.119689],74.74121298917571
[0.119689],74.74121298917571
[0.119689],74.74121298917571
[0.119689],74.74121298917571
[0.119689],74.74121298917571
[0.119689],74.74121298917571
[0.119689],74.74121298917571
[0.119689],74.74121298917571
[0.119689],74.74121298917571
[0.119689],74.74121298917571
[0.119689],74.74121298917571
[0.119689],74.74121298917571
[0.119689],74.74121298917571
[0.119689],74.74121298917571
[0.119689],74.74121298917571
[0.119689],74.74121298917571
[0.119689],74.74121298917571
[0.119689],74.74121298917571
[0.119689],74.74121298917571
[0.119689],74.74121298917571
[0.119689],74.74121298917571
[0.119689],74.74121298917571
[0.119689],74.74121298917571
[0.119689],74.74121298917571
[0.119689],74.74121298917571
[0.119689],74.74121298917571
[0.119689],74.74121298917571
[0.119689],74.74121298917571
[0.119689],74.74121298917571
[0.119689],74.74121298917571
[0.119689],74.74121298917571
[0.119689],74.74121298917571
[0.119689],74.74121298917571
[0.119689],74.74121298917571
[0.119689],74.74121298917571
[0.119689],74.74121298917571
[0.119689],74.74121298917571
[0.119689],74.74121298917571
[0.119689],74.74121298917571
[0.119689],74.74121298917571
[0.119689],74.74121298917571
[0.119689],74.74121298917571
[0.119689],74.74121298917571
[0.119689],74.74121298917571
[0.119689],74.74121298917571
[0.119689],74.74121298917571
[0.119689],74.74121298917571
[0.119689],74.74121298917571
[0.119689],74.74121298917571
[0.119689],74.74121298917571
[0.119689],74.74121298917571
[0.119689],74.74121298917571
[0.119689],74.74121298917571
[0.119689],74.74121298917571
[0.119689],74.74121298917571
[0.119689],74.74121298917571
[0.119689],74.74121298917571
[0.119689],74.74121298917571
[0.119689],74.74121298917571
[0.119689],74.74121298917571
[0.119689],74.74121298917571
