7	0	0	0
20	0	0	0
33	0	0	0
46	0	0	0
59	0	0	0
72	0	0	0
85	0	0	0
98	0	0	0
111	0	0	0
124	0	0	0
137	0	0	0
150	0	0	0
163	0	0	0
176	0	0	0
189	0	0	4.4809230769
202	0	0	8.3992923077
215	4.8371384615	3.2341692308	13.0300923077
228	3.9466	6.4401076923	17.1265692308
241	6.7963230769	6.7963230769	23.1822307692
254	7.6868615385	7.8649692308	27.9911384615
267	6.9744307692	7.6868615385	40.1024615385
280	12.1395538462	5.5495692308	52.7481076923
293	11.4271230769	17.839	56.3102615385
306	22.8260153846	15.8798153846	69.6683384615
319	24.7852	15.5236	78.0394
332	28.3473538462	26.2100615385	89.2601846154
345	32.0876153846	28.5254615385	96.2063846154
358	39.2119230769	29.0597846154	120.6071384615
371	43.3084	39.7462461538	108.3177076923
384	53.2824307692	45.2675846154	123.8130769231
397	59.5162	46.5143384615	132.7184615385
410	60.2286307692	52.57	133.9652153846
423	70.0245538462	65.5718615385	152.4884153846
436	71.8056307692	66.1061846154	145.186
449	88.7258615385	71.2713076923	162.8186615385
462	82.8483076923	82.3139846154	149.9949076923
475	96.3844923077	81.9577692308	157.4754307692
488	94.2472	94.9596307692	171.5459384615
501	92.2880153846	89.2601846154	166.0246
514	113.4828307692	98.1655692308	165.1340615385
527	111.7017538462	106.0023076923	184.9040153846
540	108.1396	105.4679846154	158.1878615385
553	132.5403538462	106.7147384615	174.3956615385
566	122.3882153846	120.6071384615	163.8873076923
579	125.2379384615	114.7295846154	174.3956615385
592	148.0357230769	121.3195692308	182.2324
605	131.2936	130.9373846154	165.1340615385
618	147.6795076923	123.4568615385	176.3548461538
631	104.9336615385	136.4587230769	158.1878615385
644	135.5681846154	147.5014	183.6572615385
657	133.609	128.2657692308	155.6943538462
670	137.5273692308	141.2676307692	177.0672769231
683	154.8038153846	126.1284769231	159.6127230769
696	171.3678307692	155.8724615385	164.2435230769
709	124.1692923077	143.5830307692	322.7593692308
722	174.2175538462	146.2546461538	236.0209230769
735	148.9262615385	156.4067846154	202.3585692308
748	150.8854461538	143.5830307692	172.4364769231
761	165.1340615385	152.1322	187.5756307692
774	154.9819230769	164.4216307692	170.6554
787	164.7778461538	159.4346153846	166.5589230769
800	174.7518769231	141.4457384615	143.4049230769
813	169.5867538462	173.1489076923	151.5978769231
826	148.5700461538	149.9949076923	164.9559538462
839	184.0134769231	154.8038153846	156.763
852	146.9670769231	156.0505692308	150.3511230769
865	174.7518769231	167.0932461538	153.3789538462
878	171.9021538462	139.3084461538	151.2416615385
891	174.0394461538	164.9559538462	145.5422153846
904	144.6516769231	159.4346153846	144.1173538462
917	173.6832307692	164.2435230769	129.6906307692
930	160.1470461538	147.1451846154	149.1043692308
943	179.3826769231	159.4346153846	145.5422153846
956	140.9114153846	147.1451846154	132.3622461538
969	160.1470461538	160.5032615385	120.9633538462
982	140.5552	170.6554	145.0078923077
995	174.7518769231	143.2268153846	106.0023076923
1008	151.9540923077	154.8038153846	138.2398
1021	157.8316461538	141.2676307692	116.3325538462
1034	148.5700461538	164.9559538462	136.9930461538
1047	145.3641076923	126.3065846154	99.9466461538
1060	170.8335076923	170.8335076923	115.2639076923
1073	133.7871076923	143.7611384615	101.9058307692
1086	160.1470461538	143.4049230769	154.2694923077
1099	139.6646615385	132.0060307692	88.7258615385
1112	125.5941538462	145.8984307692	73.9429230769
1125	150.1730153846	124.7036153846	90.6850461538
1138	118.6479538462	-19.7417230769	102.9744769231
1151	141.6238461538	-129.0998461538	96.0282769231
1164	155.1600307692	101.5496153846	88.9039692308
1177	98.1655692308	140.1989846154	86.4104615385
1190	149.4605846154	123.6349692308	88.9039692308
1203	117.0449846154	114.1952615385	90.8631538462
1216	105.2898769231	141.8019538462	66.4624
1229	130.5811692308	88.0134307692	92.1099076923
1242	118.4698461538	114.5514769231	76.4364307692
1255	114.3733692308	105.1117692308	57.5570153846
1268	106.1804153846	129.1563076923	76.9707538462
1281	106.0023076923	67.1748307692	67.3529384615
1294	102.2620461538	117.7574153846	48.6516307692
1307	97.8093538462	91.5755846154	79.2861538462
1320	96.2063846154	104.3993384615	75.724
1333	114.0171538462	87.8353230769	35.6497692308
1346	81.7796615385	90.5069384615	70.3807692308
1359	86.7666769231	92.2880153846	74.1210307692
1372	101.1934	92.4661230769	23.8946615385
1385	85.3418153846	88.0134307692	64.3251076923
1398	71.8056307692	94.4253076923	25.4976307692
1411	96.0282769231	75.5458923077	53.2824307692
1424	90.8631538462	74.2991384615	44.7332615385
1437	52.3918923077	80.3548	49.8983846154
1450	63.6126769231	54.1729692308	21.9354769231
1463	62.9002461538	74.1210307692	50.4327076923
1476	83.0264153846	90.8631538462	35.8278769231
1489	82.3139846154	43.8427230769	60.4067384615
1502	26.2100615385	62.7221384615	3.4122769231
1515	92.4661230769	38.1432769231	45.0894769231
1528	57.2008	91.0412615385	37.2527384615
1541	51.5013538462	39.9243538462	40.2805692308
1554	80.1766923077	46.1581230769	-34.5246615385
1567	46.3362307692	59.5162	84.8074923077
1580	49.3640615385	67.8872615385	7.5087538462
1593	37.4308461538	24.9633076923	-2.8214923077
1606	37.4308461538	53.8167538462	62.5440307692
1619	54.8854	32.8000461538	11.4271230769
1632	55.4197230769	47.4048769231	34.4030153846
1645	17.1265692308	49.8983846154	10.5365846154
1658	66.1061846154	20.6887230769	4.1247076923
1671	26.9224923077	22.6479076923	40.4586769231
1684	42.4178615385	59.6943076923	15.1673846154
1697	13.5644153846	32.2657230769	6.9744307692
1710	51.3232461538	35.8278769231	2.6998461538
1723	41.1711076923	21.2230461538	38.6776
1736	38.8557076923	31.1970769231	-0.1498769231
1749	37.9651692308	7.5087538462	13.7425230769
1762	24.0727692308	25.8538461538	30.8408615385
1775	33.1562615385	56.6664769231	2.6998461538
1788	9.2898307692	-9.5895846154	18.1952153846
1801	2.5217384615	29.416	7.1525384615
1814	62.0097076923	31.9095076923	-8.3428307692
1827	23.5384461538	13.3863076923	19.6200769231
1840	28.3473538462	27.6349230769	8.5774
1853	-2.4652769231	22.4698	18.9076461538
1866	25.4976307692	23.5384461538	-5.315
1879	35.4716615385	7.6868615385	15.3454923077
1892	10.7146923077	31.1970769231	3.2341692308
1905	4.3028153846	31.5532923077	40.4586769231

