s28611-3018-03-06-18-24n,[0.3080704767192527,0.0,0.0002699107266321569,3.7263232655446274,0.0]
s31060-2832-03-02-17-54n,[0.3076341209423906,0.005045239303642023,0.00031256513564372704,7.048853956196065,0.004496194014707533]
s32708-3329-04-18-17-36n,[0.2967548636671005,0.010198703222186679,0.0002832830580808046,6.9401505767466345,0.002718695096565516]
s11431-3470-12-06-13-09n,[0.31174510126267346,0.0,0.0002877827172150535,5.334151534092637,0.0]
s28048-3442-03-02-14-30n,[0.29251732558375915,0.0,0.00025898264527177465,4.72450696399837,0.0]
s29569-3484-05-07-14-41n,[0.29357912107644674,0.0,0.0002786294726927785,6.550360674867052,0.0]
s31021-2783-01-31-18-41n,[0.27034498775333016,0.0,0.00025398212656815774,6.68436904209222,0.0]
s31061-3245-03-24-14-54n,[0.2924463807434445,0.0,0.00027872453312855194,6.704973168828017,0.0]
s28698-3091-07-19-18-22n,[0.3085111938099734,0.0,0.00026614391681011707,2.911525251564057,0.0]
s04802-3156-12-03-14-01n,[0.29634634104941515,0.0,0.00025245131635705145,3.21780647808981,0.0]
s28905-3094-03-05-21-25n,[0.3169196737943027,0.019577736262394993,0.00030551628212451676,6.110910945276829,0.00479957352536821]
s31032-3315-05-08-18-36n,[0.36507344624873683,0.021897038271548746,0.00036351961685304843,6.994147826575373,0.009109229062556996]
s28897-2743-03-20-21-26n,[0.29519745361286354,0.02305750849017729,0.0003511544675882878,7.367083200932773,0.004782258646743988]
s20726-3106-09-05-15-04n,[0.317217360331664,0.0,0.00028569362693986293,4.33619419343573,0.0]
s29167-2518-07-06-18-43n,[0.30963650758567834,0.0,0.00028441851780847447,5.278455786582877,0.0]
s29120-2597-07-21-13-54n,[0.2408641970154754,0.0,0.00018829112345212557,6.515767510353525,0.0]
s15218-2811-09-23-14-40n,[0.28678572106548406,0.0,0.0002658658529338713,6.137998278405478,0.0]
s25724-3312-10-08-08-17n,[0.3143297840782278,0.0,0.0002904674211119419,5.213978255952188,0.0]
s20839-2722-12-15-16-03n,[0.30923711110659974,0.0,0.00029593922628325505,6.587802652548618,0.0]
s21202-2514-04-25-19-51n,[0.31348101350108093,0.0,0.0002984273642707383,6.733122510650905,0.0]
s16139-3046-10-26-15-48n,[0.2655118731446592,0.0,0.00023477776540317422,5.632021740166953,0.0]
s27193-3271-03-15-10-39n,[0.29930732387082604,0.016261972157497456,0.0003092547582501039,7.094368115589035,0.005890270423111067]
s30591-3187-04-07-13-14n,[0.2912315570282161,0.00827892631306365,0.00027477812336062265,7.135256416992768,0.002703769300533726]
s28905-3094-03-05-14-13n,[0.30165266105694966,0.0,0.00028841101101248387,6.640762267475448,0.0]
s30160-3159-03-18-16-02n,[0.3396797284742585,0.02003550816284102,0.0003316088999247857,7.673207747821326,0.00805988240199427]
s27232-2863-10-14-17-52n,[0.3077471244627019,0.0,0.0002937278346092182,6.521544945400794,0.0]
s00801-2861-06-26-01-18n,[0.31377738384481824,0.0,0.0002826663042637641,4.310101253456759,0.0]
s27193-3271-03-15-13-26n,[0.33965856171070313,0.021049484692497795,0.0003436823114218104,6.810247718052152,0.008345718846698361]
s27887-3442-02-21-13-18n,[0.3006831294984287,0.0,0.0002890508397862062,6.799823725899384,0.0]
s17795-3483-10-23-06-36n,[0.35522855265842906,0.017781482488244505,0.0002930858079901002,8.830208810245708,0.0042167468783106754]
s30296-2616-04-05-12-36n,[0.33315499360502987,0.03689008931876776,0.0004568203694098209,6.783021269817427,0.009824994278976177]
s29127-3478-07-17-12-22n,[0.33227657967339663,0.0,0.00028928464490419987,6.200861067681444,0.0]
s31977-3287-02-10-18-44n,[0.3393103138304554,0.02829372428841726,0.0004004867695842136,6.735523015637218,0.009156389327479404]
s06946-2700-10-02-19-19n,[0.27280672586601995,0.0,0.00024219425446463919,6.0071351391710825,0.0]
s22462-3003-02-14-13-56n,[0.1922067649340448,0.0,0.00014779848564292638,5.843968348387098,0.0]
s15902-2945-03-24-13-21n,[0.2974523120971904,0.0629529247296132,0.0006437345719240623,7.058031551914887,0.01108382308802851]
s28077-2900-04-27-13-49n,[0.32841933431520803,0.02749003045972349,0.0003921621323349927,6.923275017156726,0.008938233774565381]
s31405-2676-02-22-13-29n,[0.35771352725044614,0.0,0.0002845262418783046,6.9224970906113015,0.0]
s02906-3263-01-24-14-51n,[0.31957419423933836,0.0,0.00031157646569455143,6.759627878889041,0.0]
s30669-3033-04-11-12-33n,[0.31455976824789345,0.03395381778290808,0.0004375170935667888,6.987941579347841,0.009351922802580532]
s00801-2861-07-01-17-16n,[0.29511076665605124,0.062028557066505265,0.0006396925345954128,6.70391180985328,0.010975441227551964]
s31405-2676-02-23-03-23n,[0.3096225961897894,0.03377378428941369,0.00042874616106949664,6.815973167145386,0.009260871873005398]
s19578-3447-11-11-13-47n,[0.32629721239120785,0.0,0.0003109539221591286,6.573630929033736,0.0]
s16112-3503-05-13-14-25n,[0.29640537704012077,0.06236682664086392,0.0006420864758099521,6.860641068726598,0.011025630116819037]
s23238-2647-02-12-14-17n,[0.2845264960801978,0.0,0.00025040021389445793,5.828881134808147,0.0]
s27434-3057-04-08-15-12n,[0.3176839158969603,0.013461258548535283,0.0002871359944896164,7.622283750923109,0.004728060853607942]
