s32166-3118-04-23-15-09n,[0.2964788262651394,0.0,0.0001279466091793647,2.28191445563609,0.0]
s02104-2542-04-20-17-33n,[0.17929908946088702,0.0,0.00013525625845530687,1.6233634226717415,0.0]
s10667-3062-11-09-19-36n,[0.17903087630278522,0.0,0.0001359961481501352,1.483512591688075,0.0]
s32701-3247-03-03-14-59n,[0.187027282326981,0.0,0.00014085532259185607,2.90196803167012,0.0]
s15480-2803-10-21-19-54n,[0.3769508989992464,0.0,0.0002629134499850313,1.9786122485124629,0.0]
s31058-2721-04-10-11-20n,[0.23464225912752523,0.03412560296609655,0.0003129089169941022,1.3205085036478503,0.007334661990755707]
s07614-3227-02-24-13-21n,[0.18112218315625733,0.0797638906906432,0.0007336857781648502,2.9317873275001767,0.009451306657422729]
s32082-2698-02-24-11-23n,[0.19174670468184066,0.0,0.00012925448560923683,2.7622663546113264,0.0]
s09058-3363-09-06-20-17n,[0.19062909261975894,0.0,0.0001305374129359804,2.9481368937479693,0.0]
s02458-2778-01-02-15-10n,[0.3266508669823462,0.0,0.00021721746610096614,2.4500156172501804,0.0]
s31405-2676-02-22-18-02n,[0.2876302922491994,0.04471843286166851,0.00043248643767889285,3.236225612070931,0.008017554413463059]
s32068-2674-03-11-17-14n,[0.19143617386178657,0.0,0.0001526343129459029,2.8292589224407783,0.0]
s30297-2903-04-30-12-46n,[0.18051282466384738,0.0,0.00013635556812076298,2.889560891804214,0.0]
s28075-3395-05-18-16-21n,[0.25807134878604776,0.00958840464174323,0.0001449829521869386,3.949123996118914,0.003907142017165574]
s30640-3495-02-01-18-47n,[0.1905338171692159,0.0,0.00015037173663377628,2.6431205937383813,0.0]
s28075-3395-05-19-11-41n,[0.1967854391236311,0.0,0.00012199889098133956,2.977487212889444,0.0]
s14579-3182-06-25-13-57n,[0.18344844741042343,0.0,0.00014243598000384178,2.4781696859205304,0.0]
s30822-3155-04-12-16-25n,[0.39026515736502243,0.0,0.00023920233648757139,2.35688676648388,0.0]
s04833-2669-06-04-16-10n,[0.18180901132505314,0.0796851263156983,0.0007321366843879924,2.983052418291305,0.009464160902391192]
s30026-3337-03-14-14-25n,[0.1719304488261372,0.0736514838051892,0.0006800415767063581,2.851233901800204,0.009140970978165975]
s29466-2715-05-07-01-01n,[0.18797058190940882,0.06126519040207387,0.0005640768893736058,2.9686908019716363,0.008611696504531486]
s06875-2827-03-11-08-28n,[0.18440758522479764,0.0,0.00013718996350601704,2.7705995077960526,0.0]
s32249-3304-05-19-17-22n,[0.3705935023508293,0.0,0.00022329409713823633,2.5951168308437844,0.0]
s09993-3464-06-07-15-08n,[0.17698968197187087,0.07692797828656323,0.0007065411105996637,2.8805742396414598,0.009364919885266318]
s22462-3003-02-15-20-29n,[0.2655858502575861,0.0,0.00014174272176965534,1.033888379955987,0.0]
s23363-2676-12-13-14-23n,[0.24006388372546766,0.041899437879021756,0.00039604894904113076,3.6874863134457954,0.007618856559526926]
s22585-3335-09-17-10-58n,[0.19412303313351234,0.0,0.0001557753371933126,2.6138785927051296,0.0]
s28507-2894-04-19-17-09n,[0.2259651392058728,0.04531151369127246,0.00042466806565545065,3.069222915361244,0.008510395478900997]
s13136-2568-10-25-14-55n,[0.1842964172182323,0.0,0.00013048726536383685,2.5938746058328985,0.0]
s28510-3113-03-03-13-15n,[0.18786302842809785,0.012924223360448614,0.00014646929125520066,3.169263476568935,0.004194139570499263]
s03617-2874-01-30-06-30n,[0.17874992003239132,0.0,0.0001338079314364651,2.065946365551103,0.0]
s12878-3033-11-19-14-56n,[0.18037129921159484,0.0,0.0001374866071751672,2.5899384445447313,0.0]
s29569-3484-05-05-17-47n,[0.1801095913503724,0.0,0.00013959954642523217,1.571301372683605,0.0]
s32555-2989-11-13-16-28n,[0.21517742898121905,0.0,0.00015810308656607507,1.5875048131205824,0.0]
s27551-2551-06-05-15-10n,[0.19873748333761687,0.0654594511435128,0.0005974701308332401,2.9124924827339798,0.00884170585411284]
s31034-2505-05-05-15-19n,[0.2373506389445257,0.0,0.00010687799124026497,2.0611301116830276,0.0]
s01978-2790-10-05-11-22n,[0.18921698208288168,0.0,0.00015054686117613525,1.733699847384161,0.0]
s17582-2588-03-04-17-06n,[0.21189777611611604,0.05700280990685445,0.0005285540026135312,2.9472078681752483,0.008622788388866789]
s04802-3156-12-13-07-37n,[0.18002124845732334,0.07561353791205869,0.0006970675849455821,3.320026524185132,0.009286598824217186]
s28079-2666-02-28-22-19n,[0.18888907150333353,0.0,0.00014907710736747438,2.670566342449662,0.0]
s30589-3182-03-19-14-13n,[0.24995279110453186,0.025148333506885317,0.00022750245602409818,2.935351553144843,0.006568959106485718]
s14266-2770-01-13-15-29n,[0.21303465768888122,0.0,9.576450840082861e-5,2.261337689063784,0.0]
s04324-3333-09-08-12-22n,[0.17218385372716039,0.07071128461547027,0.0006504751642066669,2.9073093140987725,0.009037458569375533]
s25284-3485-11-04-08-25n,[0.16988142025002403,0.07261453428826423,0.0006697842001091241,2.846958285191566,0.00910069523128318]
s03386-2577-08-01-10-02n,[0.18585792135832255,0.0,0.0001459001051671549,2.062254522232795,0.0]
s28774-2531-01-23-22-52n,[0.1784764256007077,0.0,0.00013561972536473146,2.421699615282837,0.0]
