s32166-3118-04-23-15-09n,[0.0837630670546454,0.0,6.625497797417585e-5,1.8881234889723046,0.0]
s02104-2542-04-20-17-33n,[0.072884188918901,0.0,7.294221713200673e-5,1.3473204384889708,0.0]
s10667-3062-11-09-19-36n,[0.07334772299184816,0.0,7.295014933473533e-5,1.2391158025027145,0.0]
s32701-3247-03-03-14-59n,[0.07725588756619507,0.0,8.660597785392486e-5,2.309119835149352,0.0]
s15480-2803-10-21-19-54n,[0.14766147147417197,0.0,0.00014951965607749932,1.6930658773561238,0.0]
s31058-2721-04-10-11-20n,[0.1122853644324756,0.024049036328662465,0.0002585098105672389,1.5326540304450398,0.005569176908380368]
s07614-3227-02-24-13-21n,[0.08243321366432377,0.05300492506843997,0.0005461976293860181,2.47568998276821,0.006771425674758098]
s32082-2698-02-24-11-23n,[0.06992285814829234,0.0,7.607648419208208e-5,2.231352366542723,0.0]
s09058-3363-09-06-20-17n,[0.06986432704298867,0.0,7.561119187019544e-5,2.310601537891764,0.0]
s02458-2778-01-02-15-10n,[0.12349209025942995,0.0,0.00012707217353351912,1.9900673218595832,0.0]
s31405-2676-02-22-18-02n,[0.120936421251204,0.03089785152656339,0.00032489336230205384,2.8489548849838116,0.0059634656302059025]
s32068-2674-03-11-17-14n,[0.08303816956180397,0.0,9.6238903908483e-5,2.2682342065962233,0.0]
s30297-2903-04-30-12-46n,[0.07359346794472597,3.824311031532874e-9,8.311671792739477e-5,2.315304316497704,1.0241257115141002e-7]
s28075-3395-05-18-16-21n,[0.14462687117651513,0.009664546440887172,8.439120031686623e-5,4.328850663237964,0.002171463925261311]
s30640-3495-02-01-18-47n,[0.08221375544963384,0.0,9.223121967432706e-5,2.0965927534173656,0.0]
s28075-3395-05-19-11-41n,[0.4175234294834132,0.0005784898382498125,9.349163927513813e-5,6.899911768497639,0.0013231751366542574]
s14579-3182-06-25-13-57n,[0.07783271415804428,0.0,8.552530669527529e-5,2.002708263253767,0.0]
s30822-3155-04-12-16-25n,[0.1387719985606548,0.0,0.0001302149334294629,2.0387151487645854,0.0]
s04833-2669-06-04-16-10n,[0.08264403718034899,0.052885533253165196,0.0005318929056737871,2.4080736886428333,0.006469685790561468]
s30026-3337-03-14-14-25n,[0.07541662817963692,0.04746973997187194,0.0004903808096442045,2.4695170268201263,0.0064876086566639036]
s29466-2715-05-07-01-01n,[0.08152960899722399,0.03974001114010649,0.00040925422367618907,2.6015768548863107,0.006176304207609461]
s06875-2827-03-11-08-28n,[0.07411978345975888,0.0,8.087337519481963e-5,2.1687256022159094,0.0]
s32249-3304-05-19-17-22n,[0.13007087797804875,0.0,0.00013227219865027772,2.0625902812882506,0.0]
s09993-3464-06-07-15-08n,[0.07985700360374971,0.05025030403055197,0.0005182833495186943,2.4548361321056857,0.0066715387442700495]
s22462-3003-02-15-20-29n,[0.08656967151746235,0.0,7.321061946403322e-5,0.9752348949873058,0.0]
s23363-2676-12-13-14-23n,[0.1082954887951627,0.02805588965449477,0.00030181527243112744,3.3910966611829374,0.0056247555974316054]
s22585-3335-09-17-10-58n,[0.08364981343542187,0.0,9.436615661330968e-5,2.1008731727557963,0.0]
s28507-2894-04-19-17-09n,[0.11150240390016505,0.03170446209956546,0.00029830434744727987,3.412825342431695,0.005733551907556326]
s13136-2568-10-25-14-55n,[0.07016729086110417,0.0,7.53152486941725e-5,2.097324823319658,0.0]
s28510-3113-03-03-13-15n,[0.08618227495167202,0.011286455406479592,0.00015143734881789003,3.14235959105703,0.003208380442379478]
s03617-2874-01-30-06-30n,[0.07175492048398821,0.0,7.428083850393191e-5,1.672724147399653,0.0]
s12878-3033-11-19-14-56n,[0.07442511213861176,0.0,8.184768291303617e-5,2.0917367281391903,0.0]
s29569-3484-05-05-17-47n,[0.07581225864186103,0.0,7.731390948181912e-5,1.3127983781970518,0.0]
s32555-2989-11-13-16-28n,[0.08726388237437938,0.0,8.874318159907009e-5,1.275164883580477,0.0]
s27551-2551-06-05-15-10n,[0.08892248436518169,0.043180248729029834,0.00044672677938461044,2.4885440662045006,0.006364503418736046]
s31034-2505-05-05-15-19n,[0.06339632823434568,0.0,5.147465445451326e-5,1.7487891806183986,0.0]
s01978-2790-10-05-11-22n,[0.08200253503402345,0.0,8.799211653773815e-5,1.4437728295967145,0.0]
s17582-2588-03-04-17-06n,[0.09923364057117814,0.039167922501638884,0.0003957409289544638,2.594444164950187,0.006329355051235573]
s04802-3156-12-13-07-37n,[0.07935325887796149,0.049039093677463994,0.0005090981139537023,2.7468085089491616,0.006619140884793114]
s28079-2666-02-28-22-19n,[0.08161523920237392,0.0,9.266849156381109e-5,2.1570213686873876,0.0]
s30589-3182-03-19-14-13n,[0.12069266977081712,0.018289538719455534,0.00021627607100514567,2.7446514674435383,0.00516147152895127]
s14266-2770-01-13-15-29n,[0.05436168769947241,0.0,4.612522349322591e-5,1.887160228284152,0.0]
s04324-3333-09-08-12-22n,[0.0688107995360507,0.04539525786875885,0.00046218401645974305,2.4889290318101005,0.006419200189716555]
s25284-3485-11-04-08-25n,[0.07249483851831429,0.046694948613759044,0.0004813773289929177,2.4332885199535514,0.0064679687580963706]
s03386-2577-08-01-10-02n,[0.0798706374462349,0.0,8.577973255660796e-5,1.675197314147935,0.0]
s28774-2531-01-23-22-52n,[0.07297062944433788,0.0,7.889380861025908e-5,1.9620957116777802,0.0]
