s08915-3391-06-17-18-19n,[0.07316032193734874,0.04691599910434922,0.000481272353983991,2.5060927162028452,0.0064588932267238995]
s08318-3495-11-26-06-13n,[0.08533490987117869,0.0,9.044444892919655e-5,2.5248825254796463,0.0]
s10667-3062-11-11-16-05n,[0.08351904011432008,0.0,9.674067260276707e-5,2.313738517573111,0.0]
s18970-3262-02-13-13-30n,[0.0675069553655292,0.0454514337766382,0.00046280175479772724,2.5009612038744184,0.006394711810548986]
s18123-2527-07-17-14-43n,[0.10542614839395,0.03023998452773613,0.0002967931949555749,2.3665898527873055,0.005588553085682746]
s31171-2957-05-08-20-00n,[0.08309478361770214,0.0,8.789939146979924e-5,2.0786506831580325,0.0]
s26709-3112-07-24-15-04n,[0.07509489034614317,0.04708090803561755,0.00048169892676507237,2.6357717214689953,0.006480532410123806]
s08142-2721-12-03-20-41n,[0.13363302387289072,0.0,0.00018301401339906921,1.6848726239297653,0.0]
s32701-3247-02-25-15-06n,[0.07358735940204596,0.04676387096776417,0.0004808866190270024,2.488361812078177,0.006466107589190778]
s08396-2838-06-03-15-32n,[0.08401089986423788,0.04079020535568546,0.00042207164722590426,2.5657245535448894,0.006231022290121929]
s28044-2706-12-20-00-19n,[0.14879419330448512,0.0,0.00014468246209416787,2.1041153981448124,0.0]
s29770-2733-02-24-16-48n,[0.07968424715435979,0.05028647648311497,0.0005203135924134446,2.450379175186793,0.0066327252604519715]
s26868-2926-03-22-14-16n,[0.1352734679532004,0.0,0.00012429603978172482,1.752533727539505,0.0]
s03744-2968-03-16-20-14n,[0.11654079146358932,0.0,0.00012012021843981419,2.569353235331026,0.0]
s29770-2733-02-28-16-22n,[0.08173703924745129,0.05219522271185377,0.0005397727893007078,2.430047167777456,0.006745277133456905]
s08318-3495-11-26-07-41n,[0.0784561043654016,0.04938748858074556,0.0005112862431366346,2.422553598277694,0.006661168451885355]
s32361-3392-05-11-15-22n,[0.058016712615705665,0.04350929898247795,0.000432842983992528,2.4679192993052483,0.006419476441030655]
s32047-2933-07-15-01-31n,[0.1809518235709463,0.0,0.0001735420982643081,2.282614853034772,0.0]
s30047-2525-03-09-16-48n,[0.07271917360330248,0.046513501361053616,0.0004765522217723615,2.392810780936857,0.006496935131513786]
s03386-2577-07-30-13-04n,[0.06880694890570302,0.04568559661922844,0.0004655174729404439,2.077601382949616,0.0064282523589732285]
s01791-2924-04-26-15-14n,[0.08342720874101385,0.05140122047203291,0.0005325480429680982,1.736539037679586,0.006756579221927272]
s29530-2996-03-10-12-07n,[0.08282858260543524,0.0,9.551190756683303e-5,2.230949842056849,0.0]
s24942-3310-10-07-12-40n,[0.08761123030129708,0.0,8.628776701213536e-5,1.1573036414160085,0.0]
s30464-2512-02-19-17-28n,[0.07475769703376002,0.04756480513104123,0.0004908822863643017,2.4336467957681145,0.006516902776013131]
s11187-2768-11-11-16-37n,[0.08347073623087181,0.0,9.399324150550878e-5,1.8688266348622218,0.0]
s13600-2601-12-16-08-25n,[0.07591567886929372,0.048054808846867164,0.000497346912765599,2.45973969756892,0.006523434561508327]
s20839-2722-12-14-20-44n,[0.08073915517808382,0.0,8.934351878228256e-5,1.9539777412526818,0.0]
s01501-3477-12-09-15-02n,[0.07937658468536193,0.0,8.146280546299078e-5,1.1796248638000728,0.0]
s23363-2676-12-12-11-07n,[0.07441376080805498,0.0,8.23326028729613e-5,2.1380853028706195,0.0]
s21002-3006-02-18-15-45n,[0.07847669060471807,0.0,8.585114389514665e-5,1.9107583294048511,0.0]
s02063-3061-11-07-18-17n,[0.06868896333534044,0.04567727491439558,0.0004664034343315071,2.520839586173141,0.0064149752730472765]
s15298-2922-11-09-15-38n,[0.07630273596153633,0.04820579626909561,0.0004991768124315165,2.4718040752410113,0.006519625286220625]
s16139-3046-10-27-16-44n,[0.0832313630585681,0.039946816667202185,0.00041317748206415794,2.3337997304992033,0.0061975501624744606]
s27542-3428-12-05-17-28n,[0.07726544287044909,0.04878621380125174,0.0005057184453826937,2.3880304673467783,0.006607173981191949]
s22585-3335-09-18-12-05n,[0.11227504710421919,0.05747428193371342,0.0006113053285155551,3.3093565116666124,0.006977680683930917]
s11727-2931-10-16-17-09n,[0.07815420990851206,0.0,7.779789949086133e-5,0.7318450663755429,0.0]
s32474-2736-03-18-14-25n,[0.0842853474724865,0.0,9.827199538607328e-5,2.335313918738555,0.0]
s21734-3352-11-17-11-24n,[0.06873747839832708,0.04565777394627804,0.00046409364530076384,2.527202746056883,0.0063768861176469885]
s30170-3316-05-20-10-48n,[0.08364052098039992,0.0,9.161749928064356e-5,1.5710266449548878,0.0]
s12531-3144-03-08-13-21n,[0.07627925935235777,0.04855197375172418,0.0005015988099687811,2.4742321355845975,0.006536960625764588]
s28758-2718-12-27-17-28n,[0.06038353878330152,0.043820820794149874,0.0004356339934746916,2.5211070939103744,0.0063210177731193905]
s30144-3320-02-09-16-48n,[0.07657646007581857,0.0479922647693839,0.0004952724938543908,2.5300735818618594,0.006506596983689769]
s02906-3263-01-29-15-08n,[0.08522474509184304,0.0,9.863855467591781e-5,2.3599094203931363,0.0]
s27551-2551-06-08-22-03n,[0.10416704988251003,0.029752874643832087,0.00031596330954444346,3.1007557478218812,0.005816190405147999]
s14533-3457-09-04-17-16n,[0.06787549987567643,0.04536322568421789,0.0004617356439515139,2.528646388597783,0.006386100282157929]
s16391-2843-12-10-07-37n,[0.0796466313196779,0.05034852311108308,0.0005195936302454426,2.4518095897051113,0.006622665610396913]
