s08915-3391-06-17-18-19n,[0.3080704767192527,0.0,0.0002699107266321569,3.7263232655446274,0.0]
s08318-3495-11-26-06-13n,[0.32872308480797363,0.0,0.00029369572775601947,7.818403242731005,0.0]
s10667-3062-11-11-16-05n,[0.3182744558086145,0.0,0.00030974405031969414,6.943299368405087,0.0]
s18970-3262-02-13-13-30n,[0.24260275994523267,0.052996198605532736,0.000550473845735726,6.975597376433618,0.010353380224619886]
s18123-2527-07-17-14-43n,[0.32663764545443175,0.03513002266747725,0.00045952504614425944,6.880296400036967,0.009747490449595943]
s31171-2957-05-08-20-00n,[0.31450810517147104,0.0,0.0002821781828906325,6.488765568868842,0.0]
s26709-3112-07-24-15-04n,[0.26796060572287234,0.05477826045835267,0.0005810973383922157,7.243291763816634,0.010496837862279952]
s08142-2721-12-03-20-41n,[0.5486530158589773,0.0,0.0006009905670408848,5.297877457520161,0.0]
s32701-3247-02-25-15-06n,[0.26331390999565035,0.054405430579900854,0.0005769000209799146,6.962616039637192,0.010469369292572233]
s08396-2838-06-03-15-32n,[0.2809534908922272,0.04739216469540487,0.000529246004297102,7.005669350969306,0.01008744575101194]
s28044-2706-12-20-00-19n,[0.5566161851365155,0.0,0.00046479962918350505,6.669571184426561,0.0]
s29770-2733-02-24-16-48n,[0.2842461706188559,0.05836669240747394,0.0006183867196759516,6.845998652312711,0.010745705615728011]
s26868-2926-03-22-14-16n,[0.5049568181302572,0.0,0.0004017621386782425,5.752483846748268,0.0]
s03744-2968-03-16-20-14n,[0.446640117394838,0.0,0.00038990163645785545,7.961041596950095,0.0]
s29770-2733-02-28-16-22n,[0.292501396086042,0.060758417175394694,0.0006349053789158835,6.874999087452864,0.010950855559741245]
s08318-3495-11-26-07-41n,[0.2800421107635995,0.05732883928045752,0.000609713073241503,6.97890084951728,0.01079834785271657]
s32361-3392-05-11-15-22n,[0.20666678930079566,0.05107404560325961,0.0005010482020163817,7.173954067846214,0.010420533729646804]
s32047-2933-07-15-01-31n,[0.6838442213567345,0.0,0.0005607906491894089,7.671259631366855,0.0]
s30047-2525-03-09-16-48n,[0.2602686179474012,0.054155558456522944,0.0005705248436464129,6.72813828651448,0.010527265808167346]
s03386-2577-07-30-13-04n,[0.24716493126537412,0.05326200899725782,0.0005492311521645473,5.741098535110146,0.0104115905115009]
s01791-2924-04-26-15-14n,[0.29842013250426896,0.05976243409069197,0.0006219277164276155,5.049221323912306,0.010967352890270374]
s29530-2996-03-10-12-07n,[0.31571188791195737,0.0,0.00030585832692296873,6.671379396347936,0.0]
s24942-3310-10-07-12-40n,[0.3286109327133557,0.0,0.00027674444841111005,3.6646275941938367,0.0]
s30464-2512-02-19-17-28n,[0.2669773194436898,0.05524945019273012,0.0005874442328161846,6.844578422294205,0.010550933498239564]
s11187-2768-11-11-16-37n,[0.31963411544877257,0.0,0.0003015849481052331,5.685437991661787,0.0]
s13600-2601-12-16-08-25n,[0.270863924927189,0.05577971540404388,0.0005949681462743602,6.882297763457074,0.010558733280457646]
s20839-2722-12-14-20-44n,[0.30701867373532166,0.0,0.0002864636703865318,5.895499646710773,0.0]
s01501-3477-12-09-15-02n,[0.30200786543870184,0.0,0.0002617039512624434,3.7242999643617907,0.0]
s23363-2676-12-12-11-07n,[0.2828588005462805,0.0,0.00026459715396431654,6.4026282677145305,0.0]
s21002-3006-02-18-15-45n,[0.2982454299828935,0.0,0.000275577921561456,5.772596455191741,0.0]
s02063-3061-11-07-18-17n,[0.24637763176720054,0.053256471110674296,0.0005553878610680554,7.05930795766154,0.010388746165649242]
s15298-2922-11-09-15-38n,[0.27210175417120985,0.055934331002136725,0.0005975465300490232,6.887563692287267,0.01055029474124627]
s16139-3046-10-27-16-44n,[0.2758027909323668,0.046478135195157,0.0005067965313246372,6.502864191651368,0.010035406401575634]
s27542-3428-12-05-17-28n,[0.27568722182225425,0.056616772645222614,0.000603653296938586,6.831446854562572,0.01070322290349238]
s22585-3335-09-18-12-05n,[0.4101500968189145,0.06829441177368267,0.0007638220663772304,9.949382406716957,0.011454356974824564]
s11727-2931-10-16-17-09n,[0.2974895922643949,0.0,0.0002504006882167666,2.5578146516691698,0.0]
s32474-2736-03-18-14-25n,[0.3219895048003128,0.0,0.0003150236391691733,7.044529319916827,0.0]
s21734-3352-11-17-11-24n,[0.24674593317227503,0.05321039183512226,0.0005528927196214519,6.907123864537486,0.010321060331887122]
s30170-3316-05-20-10-48n,[0.3214801152616182,0.0,0.00029420890490013726,4.985258123334125,0.0]
s12531-3144-03-08-13-21n,[0.27194195822685047,0.05633268685209627,0.000598479947308558,6.871841800812749,0.010579972719345075]
s28758-2718-12-27-17-28n,[0.21568802192250108,0.05133498795789312,0.0005064112327404137,7.074680740838329,0.010240741772411226]
s30144-3320-02-09-16-48n,[0.272923826353959,0.05571063286831119,0.0005950247348373432,6.960593564089185,0.010530911467281691]
s02906-3263-01-29-15-08n,[0.32784947704001516,0.0,0.00031655090177417706,7.226322839469166,0.0]
s27551-2551-06-08-22-03n,[0.322721538988186,0.03451361442030775,0.0004507192344432878,8.919220025988688,0.009429680661880735]
s14533-3457-09-04-17-16n,[0.24369920278062931,0.05292456940450217,0.0005498198199419608,7.019107236592387,0.010340723405187758]
s16391-2843-12-10-07-37n,[0.2839340279131644,0.058439152080862034,0.0006170066882039888,6.749873053765774,0.010728284276337896]
