s32285-2826-02-19-14-25n,[0.35326004188822574,0.014565667312084234,0.002017362492518174,3.980081069188541,0.0024523011939237846]
s19700-3390-03-10-17-40n,[0.3188411056245075,0.01322028420234694,0.0018598997358975603,4.091773359070549,0.0023435020134021764]
s27192-3078-05-03-16-47n,[0.24366261202388972,0.011985044535086534,0.00153959918979805,4.248321567326009,0.0022710010759530385]
s29199-2741-01-21-16-24n,[0.5604848270655688,0.0,0.0014826123294553904,4.215614879524455,0.0]
s31618-3121-02-21-15-09n,[0.4032951552723481,0.0065931959742102815,0.0014158052734935993,3.8903759498076895,0.002058178899306439]
s08141-2806-04-27-18-01n,[0.31467237638586737,0.0,0.0009960049470096833,3.8195868466051253,0.0]
s12351-3115-12-03-20-48n,[0.3599932199938733,0.0,0.001111607948368399,1.2214740268853712,0.0]
s17875-3026-11-08-15-43n,[0.38091860078622114,0.014481749328032903,0.0020227816408299906,4.5381385314895875,0.002424280889977451]
s21730-3044-01-29-13-30n,[0.33113656780988177,0.013538804991631103,0.001915411327698413,4.302083172156114,0.0023604580506830317]
s15716-3078-02-13-13-21n,[0.34180355892927733,0.013538735663192806,0.001898742118972412,3.9662677104888493,0.002366416971940146]
s25284-3485-11-09-15-38n,[0.3698117397033248,0.015224604776395853,0.0021148604205309405,4.269839281422589,0.0024786552470601343]
s08915-3391-06-03-19-50n,[0.2894413638769433,0.012497237986142981,0.0017153046746508293,4.537374148934371,0.0022961410274919295]
s01978-2790-09-26-14-58n,[0.277098299764407,0.01258277481475541,0.0017331864122881577,4.0731155437319915,0.0023022723410526334]
s10475-2611-09-09-10-14n,[0.41266823571462813,0.0,0.0012730374345596507,4.0255053959864355,0.0]
s30348-2675-01-26-15-03n,[0.40038297159145736,0.0,0.001236642844152223,3.3157473704849245,0.0]
s15488-2783-02-14-09-55n,[0.3413650931953691,0.0,0.0010564111142514175,3.095569673471262,0.0]
s08141-2806-04-26-17-40n,[0.47198620440770067,0.01633489231423726,0.002722871735902669,4.580337584321147,0.002568518694771826]
s00801-2861-07-11-16-26n,[0.5289957521039056,0.01181887144252859,0.002093592921451779,4.326198135884985,0.0022944658532081277]
s30294-3500-03-14-21-46n,[0.2506670595747536,0.0,0.0006987184762062763,3.7852907878784774,0.0]
s03386-2577-08-04-14-31n,[0.3688351564298587,0.015119826058523555,0.0020985170263261906,4.396920337712246,0.002483674774454517]
s06158-3136-02-11-14-32n,[0.7052388020329793,0.0,0.00199815901029631,3.93454316286618,0.0]
s31135-2696-04-14-15-06n,[0.786367029010889,0.005579589554119836,0.0011233444244894378,4.520506751847193,0.0018698010209050897]
s05937-3100-04-04-17-40n,[0.28620177343724834,0.0127629221312396,0.00177770636775869,4.052940940348819,0.0023172381315443007]
s07415-2804-11-01-11-55n,[0.29667337745964767,0.0,0.0008300207299141832,3.012608119890268,0.0]
s30670-3258-03-26-17-57n,[0.36390262940631296,0.0,0.0011394673786093183,3.587241801744656,0.0]
s04802-3156-12-06-15-12n,[0.6333847006688628,0.0,0.001841595654857831,2.9793047931252556,0.0]
s26897-2816-04-04-16-54n,[0.4292419906575847,0.0,0.0013025725940070843,4.193999763517729,0.0]
s17795-3483-10-01-15-38n,[0.28123155164178343,0.01206758027095211,0.001570716687547403,4.156312742138635,0.0022759418501569254]
s27585-2988-07-31-12-42n,[0.3879777828295483,0.0,0.00119313037207184,2.954229623703272,0.0]
s01049-3449-09-09-21-08n,[0.6241055713817495,0.0,0.0017953992133374179,4.094585767628666,0.0]
s17848-3323-04-25-18-48n,[0.40082135263549645,0.0,0.0012220029792213178,2.19150072484424,0.0]
s10629-3278-05-18-17-40n,[0.285724478244327,0.012208850890690055,0.0016523161597029408,4.369563212303765,0.0022710133750209753]
s31989-2994-12-03-10-32n,[0.28762173716391165,0.01312492221258167,0.0018077390595809728,1.370071057539994,0.0023404179998186285]
s32195-2757-07-21-18-01n,[0.46173423400677643,0.012620880944304328,0.0019770623587439377,6.1558267185259,0.002362112710101293]
s32247-3409-12-22-17-22n,[0.38418929117667894,0.015013030885598628,0.0022822612562655486,2.222747439909199,0.0018835981657368368]
s30851-2859-08-08-16-46n,[0.2730391792407565,0.012201253927747926,0.0016098312376685547,4.133918795537332,0.002275592900003648]
s04331-2696-12-18-12-06n,[0.3294416392385005,0.0,0.0010019930576182887,4.977534548047011,0.0]
s27446-3452-04-25-18-04n,[0.34618823850466995,0.01436433326796066,0.0019899714531368563,3.8956071690840215,0.0024235847531105777]
s28189-2716-05-23-13-16n,[0.4056844090381275,0.0,0.001194731111276362,3.7259971743150873,0.0]
s21730-3044-01-29-16-10n,[0.4001502373514782,0.010892620930387226,0.0017711715763757943,4.453108194452239,0.002320778932864685]
s17795-3483-10-22-17-06n,[0.3500267271362116,0.014347563528786933,0.0019949255487594748,4.052659491747983,0.0024243005584156313]
s29869-3310-10-26-20-43n,[0.4536698210229304,0.0,0.0013607244563805256,4.037452386578233,0.0]
s00652-2965-06-14-18-19n,[0.3997502915886222,0.015869315366887363,0.0023208754367904185,4.686205895170357,0.0024590543137231156]
s22364-3263-10-30-23-14n,[0.3931776975051278,0.0,0.0012108627331028124,2.1711041779906664,0.0]
