'Elapsed time','II','AVR','V','RESP','PLETH'
'seconds','mV','mV','mV','pm','NU'
0.000,0.220,0.725,1.185,0.039,2.091
0.008,0.225,0.725,1.180,0.040,2.058
0.016,0.200,0.735,1.175,0.041,2.031
0.024,0.215,0.710,1.170,0.042,2.010
0.032,0.175,0.750,1.160,0.044,1.984
0.040,0.160,0.765,1.135,0.047,1.956
0.048,0.140,0.770,1.115,0.050,1.926
0.056,0.135,0.775,1.095,0.053,1.896
0.064,0.130,0.780,1.065,0.056,1.870
0.072,0.135,0.775,1.035,0.060,1.845
0.080,0.145,0.755,1.005,0.064,1.820
0.088,0.170,0.740,0.975,0.068,1.796
0.096,0.175,0.745,0.945,0.072,1.771
0.104,0.180,0.755,0.920,0.076,1.747
0.112,0.185,0.760,0.910,0.081,1.727
0.120,0.215,0.720,0.920,0.085,1.709
0.128,0.235,0.705,0.930,0.089,1.688
0.136,0.255,0.695,0.945,0.093,1.666
0.144,0.285,0.670,0.960,0.098,1.642
0.152,0.315,0.650,0.985,0.100,1.621
0.160,0.345,0.630,1.000,0.103,1.601
0.168,0.375,0.610,1.010,0.105,1.584
0.176,0.390,0.605,1.015,0.107,1.567
0.184,0.390,0.600,1.020,0.107,1.550
0.192,0.415,0.590,1.025,0.107,1.534
0.200,0.420,0.575,1.030,0.105,1.516
0.208,0.440,0.570,1.035,0.105,1.495
0.216,0.425,0.585,1.040,0.103,1.476
0.224,0.440,0.575,1.045,0.102,1.460
0.232,0.445,0.570,1.055,0.100,1.445
0.240,0.460,0.560,1.055,0.099,1.429
0.248,0.445,0.570,1.055,0.097,1.413
0.256,0.455,0.565,1.055,0.095,1.397
0.264,0.435,0.575,1.060,0.092,1.381
0.272,0.435,0.580,1.050,0.089,1.368
0.280,0.425,0.585,1.060,0.087,1.356
0.288,0.445,0.565,1.070,0.085,1.346
0.296,0.425,0.575,1.060,0.082,1.337
0.304,0.415,0.590,1.055,0.080,1.329
0.312,0.415,0.595,1.060,0.078,1.326
0.320,0.445,0.575,1.060,0.076,1.319
0.328,0.470,0.555,1.070,0.075,1.308
0.336,0.490,0.550,1.080,0.075,1.298
0.344,0.510,0.550,1.055,0.075,1.289
0.352,0.525,0.525,1.045,0.075,1.283
0.360,0.505,0.515,1.020,0.076,1.287
0.368,0.490,0.540,0.995,0.078,1.312
0.376,0.500,0.530,0.985,0.080,1.361
0.384,0.470,0.540,1.010,0.082,1.435
0.392,0.430,0.565,1.020,0.084,1.533
0.400,0.400,0.575,1.010,0.086,1.650
0.408,0.405,0.575,1.000,0.090,1.781
0.416,0.350,0.610,1.005,0.093,1.900
0.424,0.330,0.635,1.000,0.098,2.011
0.432,0.320,0.645,1.010,0.103,2.128
0.440,0.335,0.625,1.000,0.108,2.241
0.448,0.320,0.640,1.000,0.114,2.344
0.456,0.340,0.625,1.005,0.120,2.438
0.464,0.325,0.640,1.000,0.126,2.519
0.472,0.320,0.645,1.000,0.131,2.586
0.480,0.340,0.625,1.005,0.135,2.641
0.488,0.345,0.625,1.010,0.138,2.689
0.496,0.335,0.635,1.000,0.142,2.733
0.504,0.345,0.630,1.000,0.144,2.775
0.512,0.340,0.640,1.005,0.147,2.806
0.520,0.335,0.635,1.010,0.149,2.826
0.528,0.350,0.625,1.005,0.151,2.842
0.536,0.360,0.620,1.005,0.152,2.851
0.544,0.360,0.615,1.005,0.154,2.854
0.552,0.345,0.625,1.010,0.154,2.852
0.560,0.475,0.575,0.840,0.155,2.843
0.568,0.605,0.490,0.325,0.154,2.824
0.576,0.725,0.385,-0.470,0.153,2.797
0.584,0.880,0.230,-0.500,0.151,2.761
0.592,0.380,0.450,-0.355,0.148,2.717
0.600,0.050,0.660,0.345,0.145,2.669
0.608,0.135,0.715,0.905,0.142,2.620
0.616,0.225,0.695,1.160,0.139,2.576
0.624,0.270,0.685,1.210,0.135,2.534
0.632,0.240,0.695,1.235,0.132,2.489
0.640,0.250,0.700,1.235,0.129,2.442
0.648,0.245,0.690,1.245,0.126,2.396
0.656,0.235,0.705,1.240,0.123,2.353
0.664,0.225,0.720,1.235,0.120,2.316
0.672,0.225,0.720,1.230,0.117,2.281
0.680,0.215,0.710,1.225,0.115,2.242
0.688,0.225,0.705,1.220,0.112,2.203
0.696,0.185,0.735,1.230,0.111,2.168
0.704,0.195,0.735,1.220,0.109,2.136
0.712,0.195,0.725,1.225,0.108,2.110
0.720,0.180,0.740,1.210,0.108,2.089
0.728,0.165,0.750,1.200,0.108,2.066
0.736,0.130,0.775,1.185,0.109,2.043
0.744,0.120,0.780,1.170,0.111,2.018
0.752,0.100,0.790,1.150,0.113,1.988
0.760,0.085,0.810,1.125,0.115,1.958
0.768,0.085,0.795,1.110,0.119,1.927
0.776,0.090,0.805,1.070,0.122,1.897
0.784,0.100,0.790,1.045,0.126,1.873
0.792,0.090,0.790,1.010,0.130,1.852
0.800,0.115,0.770,1.000,0.133,1.834
0.808,0.130,0.765,0.985,0.137,1.814
0.816,0.145,0.760,0.975,0.140,1.797
0.824,0.160,0.765,0.975,0.144,1.780
0.832,0.175,0.740,0.985,0.147,1.760
0.840,0.215,0.715,1.000,0.151,1.737
0.848,0.225,0.695,1.020,0.154,1.714
0.856,0.265,0.680,1.030,0.157,1.690
0.864,0.275,0.670,1.045,0.160,1.667
0.872,0.315,0.645,1.060,0.162,1.642
0.880,0.320,0.640,1.075,0.164,1.621
0.888,0.350,0.610,1.065,0.166,1.601
0.896,0.370,0.600,1.070,0.167,1.584
0.904,0.365,0.610,1.075,0.167,1.567
0.912,0.390,0.605,1.075,0.167,1.554
0.920,0.395,0.595,1.090,0.166,1.544
0.928,0.410,0.575,1.090,0.166,1.531
0.936,0.395,0.590,1.085,0.165,1.516
0.944,0.415,0.585,1.090,0.164,1.500
0.952,0.410,0.590,1.090,0.164,1.485
0.960,0.415,0.585,1.090,0.163,1.469
0.968,0.405,0.595,1.090,0.162,1.454
0.976,0.410,0.590,1.095,0.162,1.437
0.984,0.390,0.605,1.100,0.161,1.421
0.992,0.400,0.595,1.095,0.161,1.405
1.000,0.390,0.600,1.100,0.162,1.389
1.008,0.375,0.610,1.090,0.163,1.375
1.016,0.370,0.620,1.090,0.163,1.367
1.024,0.380,0.610,1.080,0.164,1.360
1.032,0.370,0.620,1.085,0.166,1.350
1.040,0.420,0.585,1.090,0.167,1.337
1.048,0.440,0.590,1.110,0.170,1.325
1.056,0.465,0.555,1.115,0.173,1.321
1.064,0.480,0.545,1.060,0.176,1.330
1.072,0.485,0.540,1.040,0.180,1.358
1.080,0.455,0.560,1.020,0.186,1.408
1.088,0.440,0.570,1.000,0.193,1.483
1.096,0.465,0.545,1.015,0.200,1.583
1.104,0.430,0.560,1.035,0.208,1.701
1.112,0.375,0.585,1.040,0.216,1.812
1.120,0.365,0.580,1.035,0.224,1.923
1.128,0.320,0.630,1.020,0.232,2.046
1.136,0.310,0.645,1.015,0.240,2.170
1.144,0.290,0.660,1.025,0.249,2.286
1.152,0.285,0.650,1.020,0.258,2.391
1.160,0.305,0.645,1.020,0.267,2.484
1.168,0.290,0.650,1.015,0.276,2.562
1.176,0.300,0.660,1.015,0.284,2.630
1.184,0.295,0.650,1.015,0.293,2.691
1.192,0.310,0.655,1.010,0.300,2.746
1.200,0.310,0.645,1.015,0.308,2.792
1.208,0.325,0.635,1.020,0.315,2.829
1.216,0.320,0.630,1.020,0.323,2.851
1.224,0.320,0.640,1.020,0.331,2.864
1.232,0.325,0.635,1.010,0.339,2.879
1.240,0.350,0.625,1.005,0.346,2.891
1.248,0.345,0.625,1.015,0.354,2.892
1.256,0.350,0.625,1.010,0.360,2.885
1.264,0.385,0.605,0.995,0.366,2.871
1.272,0.495,0.565,0.805,0.372,2.852
1.280,0.670,0.455,0.230,0.378,2.827
1.288,0.775,0.350,-0.495,0.382,2.794
1.296,0.885,0.260,-0.500,0.387,2.756
1.304,0.290,0.535,-0.190,0.393,2.710
1.312,0.060,0.700,0.405,0.398,2.665
1.320,0.155,0.720,0.935,0.405,2.623
1.328,0.250,0.690,1.155,0.411,2.577
1.336,0.280,0.680,1.190,0.416,2.530
1.344,0.275,0.675,1.210,0.422,2.480
1.352,0.275,0.685,1.205,0.426,2.429
1.360,0.260,0.695,1.205,0.431,2.381
1.368,0.275,0.685,1.210,0.436,2.337
1.376,0.265,0.695,1.195,0.441,2.297
1.384,0.255,0.690,1.200,0.446,2.263
1.392,0.265,0.700,1.190,0.452,2.230
1.400,0.240,0.705,1.180,0.457,2.197
1.408,0.225,0.720,1.175,0.463,2.165
1.416,0.205,0.735,1.180,0.469,2.135
1.424,0.210,0.720,1.170,0.475,2.108
1.432,0.200,0.730,1.170,0.480,2.078
1.440,0.180,0.740,1.165,0.485,2.047
1.448,0.160,0.750,1.155,0.490,2.016
1.456,0.145,0.765,1.130,0.496,1.987
1.464,0.135,0.770,1.110,0.500,1.961
1.472,0.140,0.770,1.085,0.505,1.932
1.480,0.125,0.775,1.065,0.510,1.903
1.488,0.130,0.780,1.030,0.514,1.880
1.496,0.135,0.775,1.000,0.518,1.858
1.504,0.150,0.765,0.975,0.522,1.835
1.512,0.145,0.765,0.950,0.525,1.815
1.520,0.160,0.765,0.925,0.529,1.798
1.528,0.195,0.730,0.925,0.531,1.776
1.536,0.240,0.700,0.935,0.534,1.754
1.544,0.255,0.700,0.935,0.535,1.728
1.552,0.290,0.685,0.950,0.536,1.702
1.560,0.300,0.675,0.970,0.537,1.673
1.568,0.325,0.660,0.995,0.537,1.643
1.576,0.350,0.645,1.000,0.537,1.621
1.584,0.385,0.605,1.015,0.536,1.601
1.592,0.410,0.590,1.030,0.534,1.584
1.600,0.405,0.600,1.035,0.533,1.567
1.608,0.415,0.590,1.040,0.530,1.550
1.616,0.430,0.580,1.035,0.527,1.539
1.624,0.445,0.575,1.045,0.524,1.528
1.632,0.450,0.560,1.050,0.520,1.515
1.640,0.465,0.550,1.050,0.515,1.500
1.648,0.440,0.575,1.055,0.510,1.485
1.656,0.460,0.570,1.050,0.505,1.469
1.664,0.455,0.565,1.060,0.501,1.456
1.672,0.460,0.570,1.060,0.497,1.443
1.680,0.450,0.575,1.050,0.492,1.428
1.688,0.460,0.555,1.065,0.488,1.413
1.696,0.450,0.570,1.070,0.483,1.397
1.704,0.455,0.565,1.055,0.479,1.381
1.712,0.450,0.575,1.055,0.475,1.370
1.720,0.445,0.560,1.045,0.471,1.357
1.728,0.430,0.575,1.050,0.468,1.343
1.736,0.425,0.580,1.045,0.465,1.329
1.744,0.460,0.560,1.045,0.463,1.315
1.752,0.485,0.545,1.055,0.462,1.302
1.760,0.495,0.540,1.060,0.461,1.291
1.768,0.520,0.535,1.065,0.460,1.285
1.776,0.545,0.520,1.030,0.460,1.293
1.784,0.540,0.525,1.005,0.462,1.317
1.792,0.525,0.510,0.980,0.464,1.363
1.800,0.520,0.525,0.965,0.469,1.434
1.808,0.530,0.515,0.960,0.473,1.514
1.816,0.480,0.540,1.000,0.478,1.609
1.824,0.440,0.555,1.000,0.483,1.730
1.832,0.430,0.555,0.990,0.488,1.867
1.840,0.405,0.585,0.985,0.494,1.986
1.848,0.375,0.600,0.980,0.501,2.090
1.856,0.380,0.600,0.980,0.507,2.200
1.864,0.350,0.625,0.985,0.515,2.304
1.872,0.360,0.635,0.975,0.523,2.396
1.880,0.350,0.620,0.975,0.530,2.476
1.888,0.360,0.620,0.975,0.538,2.546
1.896,0.360,0.625,0.970,0.545,2.606
1.904,0.370,0.610,0.975,0.552,2.656
1.912,0.360,0.620,0.975,0.558,2.693
1.920,0.380,0.600,0.970,0.563,2.721
1.928,0.385,0.610,0.975,0.566,2.748
1.936,0.370,0.615,0.970,0.570,2.768
1.944,0.395,0.595,0.975,0.572,2.785
1.952,0.395,0.595,0.975,0.573,2.796
1.960,0.390,0.600,0.980,0.573,2.799
1.968,0.395,0.595,0.980,0.573,2.794
1.976,0.420,0.600,0.955,0.571,2.782
1.984,0.540,0.530,0.785,0.570,2.761
1.992,0.680,0.460,0.220,0.567,2.733
2.000,0.830,0.325,-0.500,0.564,2.699
2.008,0.940,0.205,-0.500,0.559,2.662
2.016,0.365,0.470,-0.250,0.554,2.619
2.024,0.115,0.645,0.390,0.547,2.572
2.032,0.195,0.680,0.900,0.540,2.524
2.040,0.290,0.665,1.130,0.531,2.476
2.048,0.320,0.660,1.165,0.522,2.427
2.056,0.315,0.665,1.180,0.512,2.379
2.064,0.295,0.670,1.185,0.502,2.334
2.072,0.325,0.650,1.190,0.492,2.296
2.080,0.295,0.670,1.185,0.481,2.261
2.088,0.295,0.670,1.180,0.472,2.228
2.096,0.300,0.685,1.175,0.462,2.195
2.104,0.275,0.695,1.170,0.453,2.160
2.112,0.280,0.685,1.180,0.443,2.127
2.120,0.270,0.695,1.165,0.433,2.096
2.128,0.275,0.685,1.170,0.423,2.065
2.136,0.245,0.705,1.160,0.415,2.032
2.144,0.235,0.720,1.160,0.407,2.000
2.152,0.215,0.730,1.150,0.399,1.968
2.160,0.205,0.740,1.140,0.392,1.935
2.168,0.175,0.750,1.120,0.386,1.905
2.176,0.155,0.765,1.105,0.380,1.879
2.184,0.155,0.765,1.075,0.375,1.851
2.192,0.135,0.765,1.045,0.370,1.821
2.200,0.120,0.780,1.025,0.365,1.793
2.208,0.125,0.790,0.990,0.360,1.770
2.216,0.135,0.775,0.965,0.356,1.751
2.224,0.130,0.765,0.950,0.351,1.729
2.232,0.160,0.755,0.925,0.348,1.707
2.240,0.190,0.740,0.925,0.345,1.683
2.248,0.195,0.735,0.920,0.342,1.659
2.256,0.235,0.715,0.935,0.339,1.635
2.264,0.245,0.700,0.950,0.336,1.611
2.272,0.280,0.680,0.970,0.332,1.587
2.280,0.305,0.655,0.990,0.329,1.560
2.288,0.330,0.645,1.000,0.325,1.536
2.296,0.355,0.625,1.010,0.321,1.515
2.304,0.385,0.600,1.020,0.318,1.497
2.312,0.400,0.600,1.020,0.314,1.484
2.320,0.420,0.585,1.030,0.311,1.473
2.328,0.410,0.590,1.025,0.307,1.459
2.336,0.435,0.580,1.030,0.303,1.445
2.344,0.440,0.575,1.035,0.299,1.429
2.352,0.425,0.570,1.040,0.295,1.415
2.360,0.445,0.575,1.045,0.291,1.403
2.368,0.420,0.575,1.045,0.287,1.388
2.376,0.405,0.595,1.060,0.283,1.372
2.384,0.400,0.600,1.065,0.280,1.359
2.392,0.415,0.590,1.055,0.276,1.348
2.400,0.400,0.595,1.050,0.274,1.336
2.408,0.410,0.600,1.050,0.272,1.326
2.416,0.400,0.585,1.045,0.270,1.318
2.424,0.405,0.595,1.045,0.270,1.305
2.432,0.410,0.590,1.040,0.271,1.291
2.440,0.430,0.580,1.040,0.273,1.279
2.448,0.450,0.565,1.050,0.276,1.266
2.456,0.490,0.545,1.065,0.280,1.249
2.464,0.505,0.540,1.045,0.283,1.233
2.472,0.530,0.525,1.015,0.288,1.223
2.480,0.525,0.525,0.995,0.293,1.222
2.488,0.515,0.525,0.965,0.301,1.236
2.496,0.515,0.525,0.955,0.308,1.269
2.504,0.510,0.520,0.960,0.319,1.326
2.512,0.465,0.545,0.985,0.330,1.394
2.520,0.440,0.555,0.990,0.343,1.476
2.528,0.420,0.560,0.975,0.356,1.586
2.536,0.400,0.585,0.970,0.371,1.715
2.544,0.365,0.610,0.975,0.385,1.853
2.552,0.360,0.620,0.970,0.399,1.993
2.560,0.365,0.625,0.975,0.413,2.128
2.568,0.355,0.620,0.970,0.425,2.253
2.576,0.370,0.605,0.970,0.439,2.367
2.584,0.375,0.600,0.970,0.451,2.465
2.592,0.370,0.610,0.965,0.463,2.553
2.600,0.380,0.600,0.970,0.475,2.630
2.608,0.390,0.595,0.965,0.488,2.685
2.616,0.390,0.580,0.965,0.498,2.727
2.624,0.405,0.595,0.975,0.509,2.766
2.632,0.395,0.600,0.970,0.519,2.803
2.640,0.405,0.595,0.975,0.529,2.837
2.648,0.395,0.595,0.975,0.538,2.865
2.656,0.425,0.575,0.970,0.547,2.888
2.664,0.420,0.575,0.975,0.555,2.903
2.672,0.440,0.570,0.975,0.563,2.909
2.680,0.510,0.540,0.895,0.570,2.906
2.688,0.650,0.470,0.465,0.577,2.894
2.696,0.775,0.365,-0.255,0.582,2.874
2.704,0.970,0.200,-0.500,0.588,2.844
2.712,0.585,0.350,-0.445,0.592,2.808
2.720,0.145,0.590,0.220,0.597,2.769
2.728,0.170,0.655,0.790,0.600,2.721
2.736,0.285,0.645,1.090,0.604,2.669
2.744,0.320,0.650,1.160,0.608,2.615
2.752,0.320,0.650,1.185,0.612,2.561
2.760,0.325,0.650,1.185,0.615,2.510
2.768,0.315,0.650,1.190,0.619,2.464
2.776,0.305,0.660,1.190,0.622,2.421
2.784,0.295,0.655,1.185,0.626,2.376
2.792,0.305,0.665,1.185,0.629,2.331
2.800,0.295,0.670,1.185,0.631,2.288
2.808,0.290,0.670,1.180,0.634,2.251
2.816,0.275,0.670,1.180,0.638,2.216
2.824,0.265,0.685,1.175,0.641,2.179
2.832,0.250,0.695,1.175,0.645,2.140
2.840,0.255,0.695,1.175,0.650,2.101
2.848,0.215,0.710,1.165,0.654,2.063
2.856,0.220,0.715,1.150,0.659,2.027
2.864,0.195,0.730,1.140,0.665,1.994
2.872,0.200,0.730,1.125,0.670,1.961
2.880,0.160,0.750,1.105,0.675,1.929
2.888,0.170,0.750,1.070,0.681,1.900
2.896,0.160,0.745,1.040,0.686,1.874
2.904,0.180,0.740,1.005,0.693,1.845
2.912,0.175,0.740,0.975,0.700,1.818
2.920,0.195,0.735,0.950,0.708,1.795
2.928,0.205,0.740,0.930,0.715,1.769
2.936,0.230,0.700,0.920,0.723,1.743
2.944,0.250,0.695,0.915,0.730,1.717
2.952,0.270,0.680,0.925,0.737,1.692
2.960,0.275,0.675,0.945,0.744,1.668
2.968,0.305,0.655,0.965,0.752,1.643
2.976,0.340,0.630,0.975,0.760,1.619
2.984,0.375,0.605,0.995,0.768,1.594
2.992,0.390,0.605,1.005,0.777,1.566
3.000,0.410,0.590,1.015,0.786,1.539
3.008,0.440,0.570,1.020,0.796,1.518
3.016,0.435,0.570,1.030,0.806,1.500
3.024,0.460,0.560,1.035,0.816,1.481
3.032,0.465,0.555,1.045,0.824,1.463
3.040,0.480,0.540,1.045,0.833,1.447
3.048,0.465,0.555,1.050,0.841,1.430
3.056,0.480,0.550,1.060,0.849,1.413
3.064,0.485,0.540,1.055,0.859,1.398
3.072,0.480,0.555,1.065,0.869,1.381
3.080,0.465,0.555,1.065,0.880,1.364
3.088,0.460,0.560,1.070,0.891,1.342
3.096,0.465,0.555,1.070,0.901,1.322
3.104,0.470,0.540,1.070,0.912,1.303
3.112,0.455,0.570,1.075,0.921,1.290
3.120,0.460,0.575,1.070,0.931,1.282
3.128,0.460,0.560,1.070,0.943,1.271
3.136,0.475,0.550,1.080,0.955,1.258
3.144,0.505,0.535,1.100,0.969,1.241
3.152,0.520,0.530,1.110,0.983,1.221
3.160,0.545,0.520,1.075,1.000,1.202
3.168,0.540,0.510,1.055,1.016,1.190
3.176,0.520,0.525,1.030,1.033,1.179
3.184,0.510,0.520,1.005,1.051,1.176
3.192,0.520,0.515,1.015,1.067,1.191
3.200,0.485,0.530,1.035,1.083,1.230
3.208,0.455,0.545,1.040,1.098,1.285
3.216,0.395,0.575,1.035,1.114,1.360
3.224,0.380,0.580,1.040,1.131,1.463
3.232,0.350,0.615,1.030,1.148,1.587
3.240,0.355,0.615,1.025,1.166,1.723
3.248,0.325,0.625,1.040,1.185,1.864
3.256,0.315,0.635,1.035,1.201,2.001
3.264,0.310,0.640,1.025,1.218,2.130
3.272,0.330,0.625,1.020,1.232,2.246
3.280,0.310,0.640,1.030,1.247,2.351
3.288,0.320,0.630,1.030,1.263,2.444
3.296,0.325,0.625,1.040,1.278,2.526
3.304,0.315,0.640,1.030,1.284,2.601
3.312,0.335,0.630,1.035,1.290,2.659
3.320,0.320,0.635,1.035,1.290,2.704
3.328,0.325,0.625,1.035,1.290,2.749
3.336,0.335,0.630,1.025,1.290,2.789
3.344,0.320,0.635,1.030,1.290,2.825
3.352,0.345,0.620,1.035,1.290,2.857
3.360,0.355,0.610,1.040,1.290,2.884
3.368,0.350,0.625,1.020,1.290,2.901
3.376,0.455,0.580,0.895,1.290,2.908
3.384,0.630,0.480,0.355,1.290,2.905
3.392,0.755,0.370,-0.395,1.290,2.891
3.400,0.905,0.235,-0.500,1.290,2.867
3.408,0.390,0.475,-0.260,1.290,2.835
3.416,0.040,0.680,0.355,1.290,2.796
3.424,0.120,0.720,0.890,1.290,2.751
3.432,0.215,0.705,1.170,1.290,2.700
3.440,0.265,0.690,1.210,1.290,2.646
3.448,0.255,0.685,1.230,1.290,2.593
3.456,0.270,0.680,1.230,1.290,2.543
3.464,0.225,0.715,1.240,1.290,2.497
3.472,0.240,0.710,1.225,1.290,2.454
3.480,0.230,0.715,1.220,1.290,2.413
3.488,0.225,0.720,1.225,1.290,2.375
3.496,0.210,0.710,1.220,1.290,2.337
3.504,0.225,0.715,1.210,1.290,2.300
3.512,0.210,0.720,1.210,1.290,2.267
3.520,0.200,0.730,1.205,1.290,2.235
3.528,0.175,0.740,1.210,1.290,2.200
3.536,0.160,0.755,1.200,1.290,2.165
3.544,0.135,0.765,1.200,1.290,2.131
3.552,0.130,0.775,1.185,1.290,2.100
3.560,0.115,0.780,1.170,1.290,2.072
3.568,0.105,0.790,1.150,1.290,2.044
3.576,0.090,0.800,1.130,1.290,2.014
3.584,0.080,0.795,1.100,1.290,1.982
3.592,0.085,0.810,1.075,1.290,1.951
3.600,0.070,0.815,1.040,1.290,1.920
3.608,0.095,0.795,1.015,1.290,1.891
3.616,0.105,0.785,0.995,1.290,1.865
3.624,0.125,0.775,0.970,1.290,1.836
3.632,0.135,0.780,0.955,1.290,1.807
3.640,0.160,0.760,0.950,1.290,1.782
3.648,0.175,0.750,0.955,1.290,1.757
3.656,0.220,0.720,0.965,1.290,1.732
3.664,0.245,0.705,0.985,1.290,1.706
3.672,0.285,0.670,1.000,1.290,1.674
3.680,0.305,0.665,1.005,1.290,1.643
3.688,0.340,0.640,1.015,1.290,1.611
3.696,0.355,0.625,1.020,1.290,1.579
3.704,0.390,0.600,1.020,1.290,1.554
3.712,0.400,0.600,1.025,1.290,1.537
3.720,0.420,0.590,1.025,1.290,1.519
3.728,0.430,0.575,1.025,1.290,1.502
3.736,0.440,0.580,1.030,1.290,1.489
3.744,0.445,0.585,1.025,1.290,1.477
3.752,0.455,0.575,1.030,1.290,1.467
3.760,0.460,0.575,1.035,1.290,1.457
3.768,0.455,0.565,1.030,1.290,1.443
3.776,0.470,0.555,1.035,1.290,1.428
3.784,0.465,0.565,1.030,1.290,1.413
3.792,0.470,0.565,1.025,1.290,1.397
3.800,0.465,0.560,1.025,1.290,1.381
3.808,0.475,0.565,1.020,1.290,1.370
3.816,0.455,0.575,1.020,1.290,1.360
3.824,0.460,0.575,1.020,1.290,1.346
3.832,0.450,0.575,1.020,1.290,1.327
3.840,0.460,0.570,1.015,1.290,1.304
3.848,0.460,0.570,1.020,1.290,1.281
3.856,0.495,0.555,1.025,1.290,1.259
3.864,0.525,0.520,1.040,1.290,1.241
3.872,0.550,0.530,1.015,1.290,1.231
3.880,0.540,0.520,0.990,1.290,1.230
3.888,0.525,0.530,0.970,1.290,1.238
3.896,0.515,0.530,0.950,1.290,1.264
3.904,0.520,0.530,0.945,1.290,1.311
3.912,0.480,0.545,0.970,1.290,1.381
3.920,0.455,0.555,0.985,1.290,1.483
3.928,0.410,0.575,0.980,1.290,1.607
3.936,0.400,0.585,0.970,1.290,1.744
3.944,0.370,0.600,0.970,1.290,1.882
3.952,0.360,0.620,0.975,1.290,2.020
3.960,0.350,0.625,0.970,1.290,2.151
3.968,0.345,0.630,0.965,1.290,2.268
3.976,0.360,0.625,0.965,1.290,2.371
3.984,0.355,0.610,0.965,1.290,2.461
3.992,0.370,0.620,0.970,1.290,2.539
4.000,0.365,0.610,0.955,1.290,2.605
4.008,0.370,0.620,0.960,1.290,2.656
4.016,0.360,0.615,0.965,1.290,2.694
4.024,0.370,0.620,0.965,1.290,2.728
4.032,0.370,0.610,0.975,1.290,2.761
4.040,0.380,0.605,0.970,1.290,2.795
4.048,0.385,0.605,0.975,1.290,2.823
4.056,0.395,0.600,0.970,1.271,2.844
4.064,0.390,0.600,0.975,1.253,2.854
4.072,0.400,0.600,0.970,1.231,2.853
4.080,0.450,0.570,0.940,1.210,2.841
4.088,0.585,0.510,0.670,1.187,2.818
4.096,0.710,0.430,0.090,1.165,2.787
4.104,0.890,0.285,-0.500,1.142,2.751
4.112,0.990,0.205,-0.500,1.119,2.715
4.120,0.265,0.530,-0.030,1.097,2.676
4.128,0.135,0.660,0.605,1.075,2.633
4.136,0.215,0.680,1.000,1.054,2.584
4.144,0.290,0.650,1.135,1.034,2.533
4.152,0.310,0.660,1.160,1.015,2.484
4.160,0.320,0.660,1.175,0.998,2.435
4.168,0.295,0.675,1.180,0.982,2.386
4.176,0.290,0.680,1.185,0.966,2.342
4.184,0.280,0.680,1.180,0.951,2.300
4.192,0.280,0.685,1.175,0.937,2.256
4.200,0.275,0.685,1.165,0.924,2.214
4.208,0.280,0.690,1.165,0.910,2.177
4.216,0.270,0.695,1.165,0.898,2.143
4.224,0.260,0.695,1.160,0.887,2.106
4.232,0.245,0.705,1.160,0.877,2.066
4.240,0.230,0.715,1.160,0.867,2.029
4.248,0.205,0.730,1.150,0.858,1.994
4.256,0.200,0.740,1.140,0.849,1.961
4.264,0.175,0.750,1.135,0.841,1.929
4.272,0.170,0.755,1.115,0.833,1.896
4.280,0.155,0.755,1.090,0.826,1.864
4.288,0.150,0.750,1.070,0.820,1.832
4.296,0.135,0.775,1.040,0.814,1.800
4.304,0.150,0.770,1.010,0.808,1.771
4.312,0.145,0.765,0.975,0.802,1.748
4.320,0.160,0.755,0.945,0.797,1.723
4.328,0.170,0.760,0.925,0.791,1.700
4.336,0.195,0.730,0.905,0.785,1.675
4.344,0.210,0.720,0.900,0.779,1.649
4.352,0.230,0.715,0.905,0.773,1.618
4.360,0.255,0.700,0.920,0.765,1.583
4.368,0.290,0.675,0.930,0.758,1.548
4.376,0.315,0.655,0.945,0.751,1.520
4.384,0.335,0.635,0.965,0.743,1.492
4.392,0.380,0.605,0.975,0.736,1.465
4.400,0.375,0.615,0.980,0.728,1.444
4.408,0.410,0.600,0.990,0.720,1.429
4.416,0.425,0.585,0.995,0.712,1.417
4.424,0.450,0.565,1.000,0.702,1.402
4.432,0.445,0.565,1.015,0.693,1.382
4.440,0.465,0.565,1.010,0.682,1.363
4.448,0.465,0.560,1.020,0.671,1.344
4.456,0.470,0.555,1.015,0.659,1.327
4.464,0.460,0.565,1.020,0.647,1.311
4.472,0.470,0.555,1.020,0.635,1.290
4.480,0.450,0.575,1.030,0.623,1.268
4.488,0.460,0.565,1.030,0.612,1.251
4.496,0.450,0.575,1.030,0.601,1.235
4.504,0.460,0.565,1.025,0.589,1.222
4.512,0.460,0.570,1.040,0.577,1.216
4.520,0.495,0.555,1.050,0.565,1.209
4.528,0.525,0.530,1.075,0.553,1.201
4.536,0.550,0.520,1.065,0.542,1.190
4.544,0.555,0.525,1.035,0.531,1.171
4.552,0.535,0.530,1.020,0.519,1.151
4.560,0.510,0.525,1.000,0.508,1.128
4.568,0.505,0.535,0.985,0.498,1.109
4.576,0.510,0.525,0.995,0.488,1.095
4.584,0.465,0.550,1.020,0.478,1.090
4.592,0.430,0.570,1.020,0.468,1.102
4.600,0.410,0.575,1.000,0.459,1.138
4.608,0.380,0.595,1.000,0.450,1.190
4.616,0.350,0.615,1.000,0.442,1.260
4.624,0.340,0.630,1.000,0.434,1.362
4.632,0.320,0.650,1.000,0.427,1.489
4.640,0.325,0.645,1.000,0.420,1.632
4.648,0.330,0.640,0.995,0.415,1.780
4.656,0.345,0.630,0.990,0.409,1.925
4.664,0.345,0.625,0.995,0.404,2.061
4.672,0.345,0.625,0.990,0.398,2.185
4.680,0.345,0.630,0.995,0.393,2.297
4.688,0.355,0.620,0.990,0.387,2.398
4.696,0.350,0.625,0.985,0.382,2.487
4.704,0.365,0.615,0.995,0.377,2.555
4.712,0.360,0.620,0.995,0.372,2.611
4.720,0.370,0.610,0.995,0.367,2.667
4.728,0.360,0.620,0.990,0.360,2.717
4.736,0.375,0.600,0.995,0.354,2.761
4.744,0.380,0.610,0.985,0.346,2.798
4.752,0.375,0.610,0.990,0.337,2.829
4.760,0.435,0.590,0.950,0.328,2.852
4.768,0.560,0.520,0.665,0.319,2.872
4.776,0.685,0.435,0.020,0.308,2.887
4.784,0.825,0.300,-0.500,0.298,2.891
4.792,0.930,0.220,-0.500,0.289,2.888
4.800,0.195,0.555,-0.005,0.280,2.874
4.808,0.095,0.680,0.640,0.272,2.850
4.816,0.210,0.685,1.030,0.263,2.819
4.824,0.290,0.665,1.165,0.254,2.781
4.832,0.300,0.670,1.190,0.245,2.738
4.840,0.305,0.670,1.200,0.235,2.688
4.848,0.295,0.680,1.200,0.225,2.635
4.856,0.295,0.670,1.190,0.217,2.581
4.864,0.285,0.675,1.195,0.208,2.528
4.872,0.295,0.675,1.185,0.201,2.477
4.880,0.275,0.685,1.190,0.194,2.429
4.888,0.270,0.700,1.185,0.187,2.385
4.896,0.250,0.710,1.180,0.180,2.345
4.904,0.255,0.705,1.175,0.174,2.309
4.912,0.230,0.715,1.175,0.168,2.273
4.920,0.225,0.720,1.170,0.163,2.235
4.928,0.195,0.740,1.165,0.159,2.196
4.936,0.200,0.735,1.160,0.156,2.156
4.944,0.175,0.745,1.145,0.153,2.116
4.952,0.165,0.755,1.125,0.150,2.076
4.960,0.145,0.770,1.105,0.147,2.036
4.968,0.155,0.760,1.080,0.146,1.996
4.976,0.145,0.765,1.050,0.144,1.958
4.984,0.135,0.770,1.025,0.142,1.923
4.992,0.160,0.765,0.995,0.141,1.890
5.000,0.155,0.760,0.965,0.139,1.856
5.008,0.195,0.740,0.950,0.138,1.828
5.016,0.205,0.730,0.930,0.137,1.802
5.024,0.225,0.720,0.925,0.136,1.772
5.032,0.235,0.715,0.930,0.134,1.744
5.040,0.265,0.695,0.950,0.133,1.717
5.048,0.285,0.675,0.965,0.130,1.690
5.056,0.320,0.655,0.980,0.128,1.661
5.064,0.340,0.640,0.995,0.124,1.628
5.072,0.375,0.610,0.995,0.120,1.595
5.080,0.390,0.595,1.005,0.115,1.563
5.088,0.410,0.590,1.010,0.111,1.531
5.096,0.415,0.595,1.020,0.105,1.504
5.104,0.435,0.575,1.025,0.099,1.488
5.112,0.440,0.575,1.040,0.094,1.473
5.120,0.455,0.565,1.050,0.088,1.454
5.128,0.455,0.560,1.060,0.083,1.434
5.136,0.460,0.570,1.055,0.078,1.413
5.144,0.470,0.555,1.070,0.072,1.389
5.152,0.465,0.555,1.070,0.066,1.370
5.160,0.455,0.570,1.070,0.060,1.352
5.168,0.455,0.565,1.075,0.054,1.335
5.176,0.455,0.575,1.070,0.048,1.315
5.184,0.445,0.565,1.080,0.043,1.292
5.192,0.430,0.580,1.080,0.039,1.273
5.200,0.425,0.585,1.085,0.035,1.255
5.208,0.490,0.535,1.090,0.032,1.242
5.216,0.505,0.535,1.115,0.029,1.232
5.224,0.520,0.530,1.105,0.026,1.217
5.232,0.545,0.520,1.075,0.023,1.197
5.240,0.540,0.525,1.060,0.021,1.175
5.248,0.510,0.530,1.040,0.019,1.152
5.256,0.525,0.515,1.010,0.017,1.131
5.264,0.510,0.510,1.015,0.015,1.116
5.272,0.485,0.535,1.045,0.014,1.118
5.280,0.425,0.565,1.050,0.013,1.150
5.288,0.415,0.570,1.030,0.012,1.212
5.296,0.380,0.585,1.020,0.012,1.301
5.304,0.380,0.595,1.030,0.012,1.396
5.312,0.350,0.620,1.040,0.011,1.500
5.320,0.335,0.625,1.030,0.010,1.630
5.328,0.315,0.635,1.035,0.010,1.771
5.336,0.335,0.625,1.030,0.010,1.912
5.344,0.325,0.630,1.040,0.010,2.047
5.352,0.320,0.640,1.045,0.010,2.172
5.360,0.320,0.630,1.045,0.010,2.289
5.368,0.330,0.625,1.040,0.009,2.394
5.376,0.325,0.625,1.040,0.008,2.485
5.384,0.335,0.630,1.040,0.005,2.562
5.392,0.320,0.645,1.035,0.003,2.629
5.400,0.315,0.630,1.045,0.001,2.678
5.408,0.330,0.635,1.040,-0.001,2.715
5.416,0.320,0.640,1.050,-0.003,2.751
5.424,0.325,0.630,1.050,-0.006,2.783
5.432,0.350,0.620,1.045,-0.008,2.809
5.440,0.360,0.610,1.040,-0.010,2.829
5.448,0.410,0.615,0.980,-0.013,2.841
5.456,0.565,0.515,0.550,-0.015,2.843
5.464,0.680,0.425,-0.160,-0.019,2.833
5.472,0.850,0.270,-0.500,-0.021,2.814
5.480,0.530,0.390,-0.500,-0.025,2.785
5.488,0.085,0.630,0.105,-0.028,2.748
5.496,0.040,0.715,0.690,-0.031,2.706
5.504,0.105,0.725,0.990,-0.033,2.660
5.512,0.160,0.715,1.220,-0.035,2.613
5.520,0.190,0.720,1.255,-0.037,2.562
5.528,0.225,0.695,1.265,-0.039,2.510
5.536,0.205,0.715,1.275,-0.041,2.464
5.544,0.200,0.710,1.265,-0.043,2.421
5.552,0.215,0.720,1.260,-0.045,2.375
5.560,0.210,0.720,1.255,-0.046,2.332
5.568,0.220,0.720,1.245,-0.047,2.290
5.576,0.225,0.720,1.235,-0.047,2.247
5.584,0.205,0.730,1.230,-0.047,2.206
5.592,0.210,0.725,1.230,-0.047,2.169
5.600,0.185,0.740,1.225,-0.046,2.139
5.608,0.200,0.735,1.220,-0.044,2.109
5.616,0.185,0.735,1.210,-0.042,2.079
5.624,0.150,0.760,1.200,-0.038,2.050
5.632,0.135,0.765,1.180,-0.035,2.021
5.640,0.145,0.785,1.160,-0.030,1.992
5.648,0.120,0.780,1.140,-0.025,1.964
5.656,0.125,0.770,1.115,-0.020,1.934
5.664,0.110,0.790,1.090,-0.014,1.902
5.672,0.120,0.780,1.060,-0.007,1.871
5.680,0.120,0.780,1.035,-0.001,1.839
5.688,0.155,0.765,1.000,0.008,1.806
5.696,0.125,0.775,0.995,0.017,1.775
5.704,0.165,0.780,0.975,0.028,1.750
5.712,0.185,0.740,0.975,0.039,1.729
5.720,0.210,0.725,0.975,0.051,1.707
5.728,0.220,0.715,1.005,0.063,1.683
5.736,0.265,0.685,1.015,0.076,1.660
5.744,0.275,0.675,1.035,0.090,1.635
5.752,0.325,0.645,1.045,0.102,1.609
5.760,0.315,0.655,1.055,0.113,1.580
5.768,0.350,0.640,1.060,0.123,1.549
5.776,0.385,0.610,1.065,0.133,1.520
5.784,0.390,0.605,1.070,0.143,1.494
5.792,0.415,0.590,1.070,0.153,1.466
5.800,0.420,0.585,1.070,0.162,1.445
5.808,0.440,0.575,1.070,0.171,1.427
5.816,0.440,0.570,1.080,0.180,1.407
5.824,0.435,0.580,1.080,0.188,1.386
5.832,0.430,0.575,1.075,0.195,1.369
5.840,0.440,0.575,1.085,0.202,1.352
5.848,0.435,0.575,1.080,0.208,1.335
5.856,0.435,0.585,1.080,0.216,1.319
5.864,0.430,0.575,1.080,0.224,1.302
5.872,0.435,0.590,1.080,0.232,1.286
5.880,0.415,0.585,1.075,0.241,1.270
5.888,0.415,0.595,1.075,0.250,1.254
5.896,0.405,0.595,1.070,0.261,1.240
5.904,0.405,0.595,1.065,0.271,1.232
5.912,0.395,0.600,1.055,0.281,1.223
5.920,0.400,0.595,1.050,0.292,1.208
5.928,0.395,0.590,1.045,0.302,1.193
5.936,0.405,0.600,1.040,0.313,1.193
5.944,0.415,0.585,1.040,0.325,1.199
5.952,0.450,0.575,1.050,0.339,1.203
5.960,0.485,0.555,1.070,0.353,1.214
5.968,0.490,0.555,1.045,0.368,1.241
5.976,0.510,0.535,1.020,0.383,1.291
5.984,0.515,0.530,0.995,0.397,1.370
5.992,0.500,0.540,0.975,0.412,1.476
6.000,0.510,0.530,0.965,0.427,1.583
6.008,0.505,0.525,0.980,0.443,1.689
6.016,0.450,0.565,1.000,0.459,1.814
6.024,0.410,0.580,0.995,0.476,1.946
6.032,0.385,0.595,0.980,0.493,2.075
6.040,0.370,0.600,0.975,0.509,2.197
6.048,0.350,0.625,0.980,0.525,2.309
6.056,0.355,0.630,0.980,0.540,2.408
6.064,0.335,0.635,0.975,0.555,2.494
6.072,0.345,0.630,0.975,0.567,2.567
6.080,0.345,0.625,0.970,0.579,2.629
6.088,0.360,0.625,0.975,0.589,2.679
6.096,0.355,0.620,0.970,0.599,2.719
6.104,0.370,0.615,0.965,0.606,2.748
6.112,0.355,0.635,0.965,0.614,2.769
6.120,0.365,0.625,0.970,0.618,2.792
6.128,0.370,0.615,0.975,0.623,2.811
6.136,0.365,0.610,0.965,0.625,2.825
6.144,0.370,0.625,0.970,0.628,2.828
6.152,0.390,0.600,0.965,0.629,2.821
6.160,0.390,0.600,0.960,0.630,2.806
6.168,0.400,0.605,0.965,0.629,2.781
6.176,0.450,0.580,0.935,0.627,2.750
6.184,0.590,0.510,0.655,0.623,2.715
6.192,0.725,0.425,0.010,0.619,2.674
6.200,0.890,0.270,-0.500,0.614,2.630
6.208,0.980,0.200,-0.500,0.608,2.586
6.216,0.235,0.555,-0.045,0.602,2.538
6.224,0.140,0.665,0.550,0.595,2.493
6.232,0.235,0.680,0.990,0.589,2.451
6.240,0.320,0.660,1.130,0.582,2.409
6.248,0.325,0.655,1.160,0.576,2.365
6.256,0.320,0.660,1.165,0.569,2.320
6.264,0.315,0.665,1.170,0.562,2.278
6.272,0.315,0.670,1.165,0.554,2.241
6.280,0.300,0.680,1.170,0.546,2.205
6.288,0.310,0.675,1.160,0.538,2.168
6.296,0.300,0.675,1.155,0.531,2.131
6.304,0.290,0.690,1.150,0.523,2.097
6.312,0.275,0.695,1.155,0.516,2.064
6.320,0.275,0.690,1.145,0.509,2.030
6.328,0.250,0.700,1.145,0.502,1.998
6.336,0.250,0.705,1.135,0.495,1.967
6.344,0.230,0.720,1.130,0.489,1.935
6.352,0.225,0.725,1.115,0.483,1.904
6.360,0.205,0.735,1.110,0.478,1.873
6.368,0.195,0.745,1.090,0.473,1.842
6.376,0.180,0.740,1.070,0.468,1.811
6.384,0.170,0.760,1.040,0.464,1.783
6.392,0.175,0.745,1.015,0.461,1.758
6.400,0.165,0.765,0.985,0.457,1.737
6.408,0.175,0.760,0.950,0.453,1.718
6.416,0.170,0.750,0.920,0.449,1.698
6.424,0.205,0.735,0.905,0.446,1.674
6.432,0.205,0.740,0.885,0.444,1.647
6.440,0.210,0.740,0.870,0.441,1.618
6.448,0.235,0.715,0.880,0.439,1.586
6.456,0.265,0.700,0.895,0.436,1.554
6.464,0.275,0.690,0.920,0.433,1.525
6.472,0.315,0.660,0.935,0.430,1.497
6.480,0.350,0.635,0.960,0.427,1.471
6.488,0.385,0.620,0.980,0.424,1.445
6.496,0.380,0.605,0.995,0.420,1.416
6.504,0.425,0.590,1.000,0.415,1.395
6.512,0.430,0.575,1.010,0.410,1.376
6.520,0.455,0.565,1.010,0.403,1.353
6.528,0.460,0.565,1.020,0.397,1.329
6.536,0.475,0.555,1.020,0.390,1.309
6.544,0.470,0.555,1.025,0.383,1.292
6.552,0.485,0.550,1.035,0.376,1.281
6.560,0.470,0.560,1.040,0.370,1.271
6.568,0.480,0.555,1.035,0.363,1.262
6.576,0.475,0.555,1.045,0.357,1.249
6.584,0.470,0.565,1.045,0.350,1.236
6.592,0.475,0.565,1.040,0.343,1.225
6.600,0.455,0.575,1.045,0.336,1.220
6.608,0.460,0.575,1.040,0.329,1.213
6.616,0.450,0.575,1.045,0.323,1.200
6.624,0.460,0.570,1.040,0.317,1.186
6.632,0.440,0.575,1.030,0.312,1.169
6.640,0.460,0.565,1.025,0.307,1.150
6.648,0.475,0.555,1.040,0.302,1.128
6.656,0.515,0.530,1.055,0.297,1.106
6.664,0.525,0.525,1.060,0.293,1.083
6.672,0.550,0.530,1.020,0.289,1.064
6.680,0.540,0.515,1.005,0.286,1.054
6.688,0.525,0.530,0.980,0.284,1.059
6.696,0.515,0.525,0.965,0.282,1.084
6.704,0.525,0.525,0.965,0.280,1.126
6.712,0.475,0.545,1.000,0.279,1.190
6.720,0.455,0.560,1.000,0.278,1.283
6.728,0.415,0.575,0.985,0.278,1.402
6.736,0.390,0.595,0.980,0.278,1.538
6.744,0.360,0.615,0.980,0.278,1.682
6.752,0.365,0.620,0.985,0.279,1.828
6.760,0.340,0.635,0.980,0.280,1.968
6.768,0.335,0.640,0.980,0.280,2.098
6.776,0.350,0.630,0.990,0.281,2.213
6.784,0.345,0.630,0.985,0.283,2.315
6.792,0.360,0.625,0.985,0.284,2.405
6.800,0.350,0.625,0.980,0.285,2.471
6.808,0.350,0.635,0.975,0.285,2.521
6.816,0.360,0.625,0.985,0.285,2.573
6.824,0.370,0.620,0.985,0.285,2.623
6.832,0.370,0.620,0.985,0.284,2.665
6.840,0.365,0.625,0.985,0.281,2.699
6.848,0.355,0.620,0.990,0.279,2.726
6.856,0.385,0.600,0.985,0.275,2.744
6.864,0.380,0.605,0.990,0.270,2.753
6.872,0.390,0.600,0.995,0.266,2.753
6.880,0.425,0.595,0.965,0.261,2.743
6.888,0.550,0.535,0.680,0.256,2.724
6.896,0.685,0.445,0.065,0.251,2.698
6.904,0.830,0.315,-0.500,0.245,2.666
6.912,0.935,0.220,-0.500,0.239,2.627
6.920,0.220,0.545,-0.080,0.232,2.576
6.928,0.090,0.680,0.585,0.225,2.517
6.936,0.195,0.695,1.010,0.219,2.459
6.944,0.255,0.695,1.160,0.212,2.404
6.952,0.280,0.685,1.185,0.206,2.349
6.960,0.280,0.675,1.195,0.200,2.294
6.968,0.270,0.695,1.200,0.195,2.239
6.976,0.265,0.695,1.200,0.190,2.182
6.984,0.265,0.695,1.195,0.185,2.118
6.992,0.260,0.700,1.190,0.181,2.054
7.000,0.275,0.690,1.195,0.178,1.998
7.008,0.255,0.695,1.185,0.175,1.947
7.016,0.245,0.710,1.180,0.173,1.894
7.024,0.245,0.710,1.175,0.171,1.846
7.032,0.225,0.725,1.180,0.170,1.800
7.040,0.220,0.730,1.170,0.170,1.758
7.048,0.205,0.735,1.160,0.171,1.717
7.056,0.180,0.750,1.150,0.172,1.678
7.064,0.160,0.755,1.140,0.175,1.639
7.072,0.155,0.765,1.130,0.178,1.600
7.080,0.150,0.745,1.105,0.182,1.563
7.088,0.135,0.770,1.075,0.186,1.530
7.096,0.135,0.775,1.040,0.190,1.498
7.104,0.145,0.770,1.010,0.194,1.472
7.112,0.135,0.775,0.985,0.198,1.448
7.120,0.175,0.760,0.950,0.201,1.413
7.128,0.180,0.750,0.930,0.205,1.377
7.136,0.200,0.730,0.920,0.209,1.340
7.144,0.205,0.720,0.915,0.213,1.302
7.152,0.225,0.715,0.925,0.217,1.270
7.160,0.245,0.700,0.940,0.220,1.242
7.168,0.275,0.685,0.955,0.223,1.217
7.176,0.295,0.665,0.975,0.225,1.193
7.184,0.315,0.670,0.990,0.227,1.171
7.192,0.350,0.630,1.005,0.228,1.154
7.200,0.375,0.625,1.015,0.229,1.146
7.208,0.395,0.595,1.020,0.229,1.140
7.216,0.420,0.585,1.030,0.229,1.129
7.224,0.430,0.575,1.025,0.227,1.115
7.232,0.435,0.575,1.035,0.226,1.100
7.240,0.440,0.575,1.040,0.223,1.082
7.248,0.450,0.575,1.045,0.220,1.064
7.256,0.460,0.560,1.045,0.217,1.046
7.264,0.455,0.570,1.050,0.213,1.033
7.272,0.460,0.565,1.055,0.209,1.022
7.280,0.455,0.570,1.055,0.205,1.010
7.288,0.460,0.555,1.060,0.200,0.998
7.296,0.440,0.575,1.070,0.195,0.990
7.304,0.440,0.580,1.065,0.190,0.984
7.312,0.440,0.575,1.070,0.185,0.974
7.320,0.470,0.560,1.070,0.179,0.961
7.328,0.500,0.545,1.100,0.174,0.947
7.336,0.515,0.535,1.105,0.169,0.935
7.344,0.525,0.525,1.080,0.164,0.922
7.352,0.530,0.520,1.060,0.159,0.908
7.360,0.505,0.525,1.040,0.155,0.893
7.368,0.500,0.530,1.015,0.151,0.879
7.376,0.485,0.515,1.010,0.147,0.867
7.384,0.465,0.535,1.025,0.144,0.865
7.392,0.420,0.560,1.035,0.141,0.878
7.400,0.405,0.575,1.020,0.140,0.905
7.408,0.390,0.590,1.015,0.139,0.951
7.416,0.360,0.615,1.020,0.138,1.026
7.424,0.360,0.625,1.010,0.137,1.132
7.432,0.345,0.630,1.015,0.137,1.262
7.440,0.370,0.625,1.015,0.137,1.410
7.448,0.375,0.620,1.010,0.137,1.566
7.456,0.380,0.615,1.015,0.137,1.723
7.464,0.370,0.620,1.020,0.137,1.876
7.472,0.375,0.615,1.020,0.137,2.018
7.480,0.380,0.605,1.020,0.137,2.142
7.488,0.375,0.610,1.020,0.136,2.250
7.496,0.365,0.620,1.020,0.135,2.335
7.504,0.370,0.615,1.020,0.134,2.403
7.512,0.360,0.620,1.020,0.133,2.467
7.520,0.370,0.610,1.020,0.132,2.527
7.528,0.360,0.610,1.020,0.130,2.582
7.536,0.350,0.620,1.020,0.128,2.630
7.544,0.360,0.625,1.020,0.125,2.673
7.552,0.380,0.605,1.020,0.122,2.705
7.560,0.445,0.580,0.925,0.119,2.729
7.568,0.565,0.510,0.465,0.115,2.747
7.576,0.680,0.410,-0.290,0.110,2.758
7.584,0.845,0.255,-0.500,0.106,2.763
7.592,0.480,0.390,-0.500,0.102,2.762
7.600,0.065,0.620,0.200,0.098,2.750
7.608,0.110,0.700,0.810,0.092,2.728
7.616,0.200,0.710,1.120,0.087,2.700
7.624,0.255,0.680,1.205,0.081,2.665
7.632,0.250,0.695,1.220,0.075,2.622
7.640,0.250,0.700,1.230,0.069,2.571
7.648,0.240,0.705,1.225,0.063,2.519
7.656,0.245,0.705,1.225,0.057,2.470
7.664,0.235,0.705,1.230,0.051,2.422
7.672,0.230,0.710,1.220,0.046,2.375
7.680,0.210,0.720,1.225,0.042,2.328
7.688,0.220,0.725,1.210,0.038,2.283
7.696,0.200,0.710,1.205,0.034,2.239
7.704,0.205,0.730,1.200,0.031,2.201
7.712,0.170,0.750,1.200,0.028,2.162
7.720,0.180,0.740,1.190,0.025,2.124
7.728,0.155,0.760,1.180,0.023,2.085
7.736,0.150,0.765,1.160,0.021,2.047
7.744,0.135,0.775,1.150,0.020,2.010
7.752,0.105,0.785,1.120,0.019,1.977
7.760,0.080,0.790,1.105,0.018,1.944
7.768,0.090,0.780,1.075,0.018,1.912
7.776,0.105,0.775,1.045,0.019,1.881
7.784,0.120,0.770,1.020,0.020,1.849
7.792,0.125,0.785,0.990,0.021,1.819
7.800,0.160,0.755,0.960,0.023,1.792
7.808,0.180,0.740,0.940,0.025,1.769
7.816,0.195,0.730,0.930,0.028,1.747
7.824,0.220,0.715,0.935,0.031,1.723
7.832,0.240,0.700,0.945,0.034,1.696
7.840,0.260,0.690,0.955,0.037,1.668
7.848,0.295,0.670,0.975,0.040,1.639
7.856,0.320,0.650,0.995,0.043,1.610
7.864,0.350,0.625,1.005,0.047,1.578
7.872,0.380,0.620,1.015,0.051,1.544
7.880,0.390,0.610,1.020,0.054,1.514
7.888,0.425,0.580,1.025,0.058,1.488
7.896,0.440,0.575,1.030,0.062,1.467
7.904,0.450,0.570,1.035,0.066,1.449
7.912,0.440,0.565,1.045,0.069,1.426
7.920,0.460,0.575,1.045,0.073,1.403
7.928,0.460,0.560,1.050,0.076,1.380
7.936,0.460,0.570,1.045,0.080,1.357
7.944,0.460,0.565,1.060,0.084,1.333
7.952,0.470,0.565,1.060,0.088,1.311
7.960,0.460,0.560,1.070,0.092,1.291
7.968,0.465,0.570,1.065,0.096,1.274
7.976,0.455,0.560,1.070,0.100,1.255
7.984,0.445,0.575,1.070,0.105,1.304
7.992,0.435,0.580,1.070,0.108,1.387
8.000,0.430,0.585,1.065,0.112,1.424
8.008,0.440,0.575,1.070,0.116,1.438
8.016,0.450,0.575,1.070,0.119,1.435
8.024,0.490,0.550,1.080,0.123,1.424
8.032,0.500,0.545,1.095,0.127,1.410
8.040,0.535,0.520,1.075,0.131,1.392
8.048,0.555,0.505,1.045,0.135,1.375
8.056,0.515,0.530,1.030,0.138,1.363
8.064,0.510,0.525,1.000,0.141,1.358
8.072,0.530,0.510,0.995,0.143,1.368
8.080,0.490,0.530,1.010,0.146,1.398
8.088,0.450,0.555,1.020,0.148,1.450
8.096,0.400,0.570,1.025,0.150,1.510
8.104,0.405,0.575,1.005,0.152,1.585
8.112,0.365,0.600,1.010,0.154,1.684
8.120,0.355,0.620,1.010,0.156,1.797
8.128,0.335,0.635,1.005,0.158,1.916
8.136,0.340,0.630,1.000,0.159,2.036
8.144,0.340,0.625,1.000,0.160,2.150
8.152,0.345,0.625,1.000,0.161,2.255
8.160,0.335,0.635,1.000,0.162,2.353
8.168,0.330,0.645,0.995,0.163,2.439
8.176,0.325,0.630,1.000,0.164,2.514
8.184,0.355,0.620,1.005,0.164,2.579
8.192,0.345,0.625,1.005,0.164,2.633
8.200,0.350,0.625,1.000,0.164,2.672
8.208,0.365,0.610,1.000,0.165,2.700
8.216,0.370,0.610,1.005,0.164,2.728
8.224,0.380,0.600,1.000,0.164,2.754
8.232,0.375,0.605,1.005,0.163,2.774
8.240,0.395,0.585,1.000,0.163,2.788
8.248,0.425,0.590,0.990,0.161,2.795
8.256,0.525,0.545,0.775,0.160,2.795
8.264,0.635,0.475,0.170,0.158,2.787
8.272,0.725,0.355,-0.500,0.157,2.772
8.280,0.840,0.235,-0.500,0.155,2.749
8.288,0.305,0.470,-0.295,0.153,2.718
8.296,0.090,0.645,0.445,0.151,2.685
8.304,0.210,0.670,0.965,0.149,2.650
8.312,0.310,0.650,1.170,0.148,2.610
8.320,0.320,0.665,1.210,0.146,2.570
8.328,0.315,0.660,1.225,0.145,2.531
8.336,0.320,0.670,1.225,0.144,2.492
8.344,0.300,0.675,1.230,0.143,2.454
8.352,0.295,0.680,1.220,0.142,2.415
8.360,0.295,0.675,1.225,0.141,2.377
8.368,0.305,0.675,1.215,0.141,2.339
8.376,0.275,0.690,1.215,0.140,2.303
8.384,0.255,0.715,1.210,0.139,2.269
8.392,0.270,0.700,1.220,0.139,2.236
8.400,0.275,0.680,1.215,0.139,2.206
8.408,0.255,0.675,1.210,0.139,2.176
8.416,0.235,0.715,1.200,0.140,2.144
8.424,0.240,0.720,1.185,0.142,2.115
8.432,0.215,0.720,1.170,0.143,2.088
8.440,0.185,0.745,1.150,0.144,2.062
8.448,0.170,0.755,1.130,0.144,2.032
8.456,0.180,0.750,1.095,0.144,2.002
8.464,0.160,0.765,1.075,0.144,1.975
8.472,0.155,0.760,1.050,0.144,1.950
8.480,0.165,0.765,1.015,0.143,1.927
8.488,0.190,0.735,0.990,0.142,1.902
8.496,0.180,0.740,0.975,0.141,1.883
8.504,0.195,0.735,0.960,0.139,1.866
8.512,0.200,0.740,0.955,0.137,1.846
8.520,0.220,0.720,0.960,0.134,1.822
8.528,0.230,0.700,0.980,0.131,1.798
8.536,0.255,0.690,1.000,0.128,1.771
8.544,0.290,0.660,1.015,0.125,1.747
8.552,0.315,0.645,1.040,0.121,1.725
8.560,0.320,0.650,1.055,0.118,1.705
8.568,0.355,0.625,1.065,0.113,1.687
8.576,0.370,0.605,1.070,0.109,1.672
8.584,0.385,0.605,1.075,0.104,1.655
8.592,0.390,0.590,1.085,0.100,1.636
8.600,0.425,0.560,1.085,0.095,1.625
8.608,0.435,0.555,1.090,0.090,1.614
8.616,0.420,0.575,1.090,0.086,1.599
8.624,0.425,0.580,1.090,0.081,1.584
8.632,0.435,0.575,1.095,0.078,1.566
8.640,0.425,0.580,1.105,0.074,1.549
8.648,0.420,0.585,1.105,0.070,1.539
8.656,0.425,0.580,1.100,0.067,1.530
8.664,0.430,0.575,1.115,0.064,1.522
8.672,0.415,0.590,1.105,0.061,1.515
8.680,0.410,0.590,1.100,0.059,1.508
8.688,0.395,0.600,1.105,0.056,1.499
8.696,0.390,0.600,1.100,0.054,1.491
8.704,0.390,0.605,1.100,0.053,1.487
8.712,0.370,0.610,1.095,0.052,1.480
8.720,0.400,0.595,1.090,0.051,1.468
8.728,0.410,0.590,1.090,0.050,1.454
8.736,0.450,0.570,1.105,0.050,1.436
8.744,0.460,0.555,1.115,0.049,1.419
8.752,0.480,0.555,1.090,0.049,1.409
8.760,0.485,0.550,1.075,0.049,1.406
8.768,0.485,0.550,1.050,0.049,1.418
8.776,0.470,0.550,1.025,0.050,1.456
8.784,0.485,0.535,1.015,0.050,1.516
8.792,0.445,0.550,1.035,0.051,1.599
8.800,0.415,0.565,1.045,0.051,1.685
8.808,0.380,0.590,1.030,0.051,1.775
8.816,0.340,0.615,1.035,0.052,1.885
8.824,0.315,0.640,1.030,0.053,2.003
8.832,0.315,0.645,1.035,0.053,2.122
8.840,0.295,0.650,1.025,0.054,2.236
8.848,0.305,0.645,1.020,0.055,2.338
8.856,0.300,0.650,1.015,0.056,2.429
8.864,0.295,0.665,1.025,0.056,2.506
8.872,0.285,0.665,1.020,0.057,2.572
8.880,0.295,0.650,1.020,0.058,2.628
8.888,0.310,0.650,1.020,0.057,2.674
8.896,0.300,0.645,1.020,0.056,2.703
8.904,0.310,0.650,1.025,0.055,2.723
8.912,0.315,0.645,1.015,0.054,2.743
8.920,0.325,0.650,1.015,0.052,2.760
8.928,0.320,0.640,1.020,0.050,2.774
8.936,0.345,0.625,1.020,0.048,2.785
8.944,0.335,0.625,1.020,0.046,2.790
8.952,0.360,0.630,1.010,0.044,2.789
8.960,0.445,0.585,0.925,0.042,2.779
8.968,0.570,0.520,0.445,0.040,2.759
8.976,0.705,0.405,-0.320,0.038,2.731
8.984,0.890,0.240,-0.500,0.035,2.698
8.992,0.435,0.440,-0.385,0.033,2.663
9.000,0.060,0.670,0.235,0.030,2.626
9.008,0.130,0.700,0.815,0.027,2.584
9.016,0.235,0.685,1.140,0.024,2.541
9.024,0.275,0.675,1.200,0.022,2.497
9.032,0.260,0.695,1.210,0.020,2.453
9.040,0.250,0.700,1.215,0.019,2.412
9.048,0.245,0.695,1.210,0.018,2.372
9.056,0.245,0.715,1.215,0.017,2.335
9.064,0.235,0.710,1.210,0.016,2.301
9.072,0.245,0.700,1.200,0.015,2.268
9.080,0.235,0.715,1.200,0.015,2.236
9.088,0.245,0.700,1.195,0.016,2.203
9.096,0.220,0.725,1.190,0.018,2.175
9.104,0.205,0.730,1.195,0.020,2.150
9.112,0.195,0.730,1.185,0.022,2.124
9.120,0.190,0.740,1.175,0.025,2.099
9.128,0.175,0.755,1.165,0.029,2.073
9.136,0.170,0.760,1.155,0.033,2.048
9.144,0.140,0.765,1.145,0.037,2.022
9.152,0.145,0.770,1.115,0.042,1.997
9.160,0.120,0.785,1.095,0.047,1.972
9.168,0.120,0.790,1.065,0.052,1.948
9.176,0.120,0.770,1.040,0.057,1.928
9.184,0.125,0.785,1.010,0.062,1.904
9.192,0.115,0.790,0.980,0.067,1.884
9.200,0.140,0.780,0.955,0.072,1.863
9.208,0.175,0.760,0.925,0.078,1.838
9.216,0.165,0.750,0.925,0.085,1.812
9.224,0.175,0.750,0.925,0.091,1.787
9.232,0.205,0.725,0.930,0.098,1.761
9.240,0.230,0.715,0.950,0.104,1.739
9.248,0.255,0.695,0.975,0.110,1.718
9.256,0.270,0.680,0.995,0.115,1.697
9.264,0.310,0.650,1.015,0.120,1.675
9.272,0.345,0.640,1.025,0.124,1.654
9.280,0.365,0.625,1.035,0.128,1.631
9.288,0.390,0.605,1.045,0.131,1.609
9.296,0.385,0.600,1.050,0.134,1.591
9.304,0.410,0.595,1.045,0.135,1.578
9.312,0.405,0.575,1.070,0.137,1.562
9.320,0.445,0.570,1.060,0.138,1.547
9.328,0.455,0.565,1.070,0.139,1.538
9.336,0.440,0.580,1.070,0.139,1.529
9.344,0.430,0.580,1.070,0.139,1.522
9.352,0.440,0.575,1.075,0.140,1.515
9.360,0.440,0.575,1.075,0.140,1.508
9.368,0.435,0.570,1.075,0.140,1.501
9.376,0.405,0.600,1.070,0.141,1.496
9.384,0.430,0.585,1.070,0.141,1.489
9.392,0.435,0.580,1.080,0.141,1.484
9.400,0.425,0.575,1.070,0.142,1.477
9.408,0.415,0.595,1.060,0.144,1.465
9.416,0.410,0.600,1.050,0.146,1.452
9.424,0.410,0.590,1.050,0.148,1.435
9.432,0.425,0.580,1.045,0.151,1.417
9.440,0.460,0.565,1.060,0.154,1.400
9.448,0.495,0.555,1.070,0.159,1.381
9.456,0.515,0.540,1.075,0.163,1.364
9.464,0.540,0.520,1.030,0.170,1.352
9.472,0.525,0.530,1.010,0.178,1.349
9.480,0.510,0.530,0.985,0.187,1.362
9.488,0.530,0.525,0.975,0.196,1.399
9.496,0.505,0.520,0.980,0.206,1.451
9.504,0.465,0.550,1.000,0.215,1.519
9.512,0.440,0.565,1.000,0.225,1.613
9.520,0.425,0.570,0.990,0.235,1.725
9.528,0.385,0.595,0.975,0.246,1.846
9.536,0.360,0.625,0.975,0.258,1.968
9.544,0.345,0.635,0.980,0.270,2.087
9.552,0.360,0.625,0.975,0.282,2.197
9.560,0.345,0.625,0.975,0.295,2.295
9.568,0.355,0.625,0.970,0.307,2.380
9.576,0.345,0.630,0.975,0.319,2.452
9.584,0.365,0.620,0.965,0.331,2.509
9.592,0.365,0.625,0.970,0.340,2.549
9.600,0.370,0.615,0.975,0.349,2.578
9.608,0.380,0.610,0.970,0.356,2.602
9.616,0.395,0.600,0.970,0.363,2.625
9.624,0.430,0.595,0.965,0.368,2.643
9.632,0.450,0.600,0.960,0.372,2.658
9.640,0.440,0.600,0.960,0.375,2.668
9.648,0.445,0.590,0.970,0.378,2.673
9.656,0.440,0.595,0.960,0.379,2.671
9.664,0.480,0.570,0.920,0.381,2.660
9.672,0.610,0.510,0.595,0.381,2.640
9.680,0.745,0.415,-0.040,0.381,2.615
9.688,0.920,0.255,-0.500,0.380,2.583
9.696,0.960,0.200,-0.500,0.378,2.549
9.704,0.240,0.545,-0.045,0.375,2.517
9.712,0.150,0.670,0.580,0.372,2.482
9.720,0.245,0.690,1.010,0.367,2.446
9.728,0.320,0.650,1.130,0.363,2.409
9.736,0.340,0.650,1.145,0.357,2.370
9.744,0.320,0.670,1.160,0.351,2.334
9.752,0.325,0.665,1.170,0.346,2.300
9.760,0.320,0.665,1.170,0.340,2.268
9.768,0.315,0.670,1.160,0.335,2.236
9.776,0.325,0.660,1.160,0.330,2.203
9.784,0.310,0.680,1.155,0.323,2.172
9.792,0.295,0.685,1.160,0.317,2.145
9.800,0.300,0.675,1.150,0.308,2.122
9.808,0.275,0.695,1.150,0.301,2.098
9.816,0.280,0.695,1.145,0.293,2.071
9.824,0.295,0.685,1.140,0.286,2.042
9.832,0.285,0.680,1.145,0.279,2.012
9.840,0.275,0.695,1.140,0.272,1.982
9.848,0.290,0.685,1.140,0.264,1.954
9.856,0.315,0.675,1.130,0.257,1.928
9.864,0.315,0.665,1.100,0.248,1.904
9.872,0.270,0.700,1.085,0.240,1.884
9.880,0.255,0.710,1.050,0.231,1.863
9.888,0.240,0.705,0.980,0.223,1.844
9.896,0.210,0.735,0.945,0.214,1.828
9.904,0.175,0.765,0.925,0.205,1.813
9.912,0.155,0.770,0.910,0.196,1.797
9.920,0.145,0.765,0.905,0.188,1.779
9.928,0.155,0.755,0.900,0.179,1.761
9.936,0.165,0.755,0.905,0.171,1.740
9.944,0.180,0.740,0.925,0.161,1.720
9.952,0.220,0.720,0.940,0.152,1.701
9.960,0.240,0.700,0.960,0.142,1.679
9.968,0.270,0.690,0.975,0.132,1.656
9.976,0.295,0.665,0.995,0.124,1.631
9.984,0.335,0.645,1.010,0.115,1.606
9.992,0.350,0.635,1.020,0.107,1.586
10.000,0.370,0.615,1.025,0.100,1.567
10.008,0.390,0.605,1.040,0.091,1.548
10.016,0.410,0.590,1.045,0.083,1.533
10.024,0.420,0.580,1.045,0.074,1.519
10.032,0.425,0.585,1.045,0.066,1.473
10.040,0.440,0.580,1.050,0.058,1.413
10.048,0.435,0.575,1.060,0.049,1.379
10.056,0.445,0.570,1.065,0.042,1.359
10.064,0.440,0.575,1.070,0.035,1.345
10.072,0.445,0.575,1.065,0.029,1.335
10.080,0.440,0.575,1.060,0.024,1.324
10.088,0.440,0.575,1.055,0.020,1.310
10.096,0.455,0.565,1.055,0.017,1.302
10.104,0.470,0.560,1.045,0.017,1.294
10.112,0.505,0.555,1.000,0.016,1.282
10.120,0.585,0.505,0.745,0.017,1.266
10.128,0.690,0.390,0.215,0.019,1.249
10.136,0.845,0.250,-0.435,0.022,1.233
10.144,0.525,0.375,-0.035,0.025,1.215
10.152,0.250,0.570,0.470,0.029,1.199
10.160,0.290,0.625,0.935,0.034,1.189
10.168,0.365,0.625,1.090,0.040,1.183
10.176,0.375,0.625,1.110,0.046,1.186
10.184,0.370,0.630,1.120,0.053,1.200
10.192,0.365,0.635,1.135,0.061,1.231
10.200,0.370,0.630,1.125,0.069,1.283
10.208,0.350,0.640,1.130,0.077,1.364
10.216,0.340,0.650,1.125,0.085,1.469
10.224,0.345,0.650,1.115,0.093,1.594
10.232,0.325,0.660,1.100,0.100,1.730
10.240,0.315,0.670,1.095,0.107,1.869
10.248,0.320,0.665,1.090,0.111,2.003
10.256,0.305,0.670,1.080,0.116,2.128
10.264,0.295,0.685,1.070,0.119,2.240
10.272,0.290,0.690,1.055,0.121,2.338
10.280,0.265,0.700,1.045,0.122,2.422
10.288,0.260,0.705,1.035,0.123,2.495
10.296,0.255,0.690,1.005,0.122,2.548
10.304,0.270,0.695,0.985,0.122,2.589
10.312,0.250,0.710,0.965,0.120,2.630
10.320,0.270,0.700,0.930,0.118,2.664
10.328,0.270,0.690,0.905,0.114,2.689
10.336,0.275,0.695,0.880,0.109,2.706
10.344,0.270,0.685,0.865,0.102,2.712
10.352,0.290,0.685,0.850,0.095,2.712
10.360,0.280,0.695,0.855,0.087,2.705
10.368,0.295,0.680,0.865,0.079,2.690
10.376,0.295,0.670,0.900,0.071,2.669
10.384,0.335,0.650,0.935,0.063,2.640
10.392,0.340,0.645,0.970,0.055,2.611
10.400,0.350,0.635,0.995,0.048,2.577
10.408,0.375,0.625,1.010,0.041,2.537
10.416,0.395,0.610,1.020,0.035,2.496
10.424,0.410,0.600,1.035,0.029,2.454
10.432,0.435,0.580,1.045,0.024,2.412
10.440,0.455,0.570,1.055,0.019,2.368
10.448,0.450,0.575,1.055,0.014,2.325
10.456,0.460,0.575,1.070,0.011,2.283
10.464,0.450,0.575,1.070,0.008,2.242
10.472,0.460,0.565,1.075,0.005,2.202
10.480,0.445,0.575,1.070,0.003,2.164
10.488,0.475,0.545,1.080,0.002,2.128
10.496,0.485,0.535,1.070,0.000,2.096
10.504,0.455,0.565,1.070,-0.002,2.067
10.512,0.435,0.575,1.070,-0.003,2.041
10.520,0.455,0.555,1.055,-0.003,2.016
10.528,0.440,0.575,1.060,-0.004,1.988
10.536,0.450,0.565,1.050,-0.004,1.961
10.544,0.420,0.580,1.060,-0.004,1.933
10.552,0.435,0.575,1.045,-0.004,1.903
10.560,0.440,0.570,1.055,-0.004,1.874
10.568,0.435,0.570,1.045,-0.005,1.849
10.576,0.420,0.580,1.035,-0.005,1.827
10.584,0.415,0.590,1.030,-0.005,1.802
10.592,0.410,0.590,1.035,-0.006,1.778
10.600,0.415,0.585,1.025,-0.006,1.760
10.608,0.405,0.580,1.030,-0.007,1.736
10.616,0.390,0.600,1.020,-0.007,1.709
10.624,0.400,0.595,1.025,-0.007,1.680
10.632,0.405,0.590,1.025,-0.008,1.652
10.640,0.395,0.595,1.020,-0.008,1.628
10.648,0.390,0.600,1.015,-0.009,1.608
10.656,0.385,0.600,1.010,-0.010,1.595
10.664,0.400,0.585,1.010,-0.011,1.590
10.672,0.410,0.595,1.010,-0.012,1.595
10.680,0.395,0.600,1.010,-0.014,1.610
10.688,0.385,0.605,1.010,-0.015,1.636
10.696,0.380,0.610,1.010,-0.016,1.669
10.704,0.395,0.595,1.000,-0.017,1.708
10.712,0.390,0.600,1.000,-0.017,1.758
10.720,0.415,0.585,1.000,-0.018,1.810
10.728,0.405,0.595,1.000,-0.019,1.861
10.736,0.455,0.570,1.025,-0.020,1.906
10.744,0.460,0.565,1.035,-0.020,1.942
10.752,0.490,0.555,1.010,-0.020,1.966
10.760,0.500,0.545,1.000,-0.021,1.976
10.768,0.485,0.550,0.980,-0.021,1.974
10.776,0.480,0.555,0.960,-0.022,1.960
10.784,0.485,0.545,0.960,-0.022,1.935
10.792,0.450,0.565,0.985,-0.022,1.908
10.800,0.400,0.580,0.990,-0.023,1.877
10.808,0.370,0.600,0.980,-0.023,1.837
10.816,0.370,0.590,0.975,-0.024,1.792
10.824,0.340,0.620,0.980,-0.024,1.749
10.832,0.315,0.655,0.980,-0.024,1.710
10.840,0.295,0.660,0.980,-0.025,1.673
10.848,0.305,0.665,0.980,-0.025,1.637
10.856,0.315,0.655,0.980,-0.025,1.608
10.864,0.300,0.645,0.990,-0.026,1.585
10.872,0.315,0.655,0.975,-0.026,1.566
10.880,0.295,0.645,0.985,-0.026,1.549
10.888,0.315,0.650,0.990,-0.027,1.538
10.896,0.325,0.640,0.990,-0.027,1.528
10.904,0.335,0.635,0.985,-0.027,1.516
10.912,0.330,0.640,0.985,-0.027,1.503
10.920,0.340,0.630,0.995,-0.027,1.490
10.928,0.330,0.635,0.995,-0.027,1.476
10.936,0.345,0.630,0.995,-0.028,1.462
10.944,0.360,0.620,0.990,-0.028,1.449
10.952,0.460,0.580,0.840,-0.028,1.434
10.960,0.595,0.505,0.280,-0.028,1.420
10.968,0.745,0.375,-0.495,-0.029,1.408
10.976,0.905,0.220,-0.500,-0.029,1.398
10.984,0.400,0.460,-0.390,-0.029,1.389
10.992,0.065,0.670,0.265,-0.029,1.383
11.000,0.110,0.730,0.870,-0.029,1.375
11.008,0.215,0.705,1.155,-0.029,1.361
11.016,0.240,0.695,1.210,-0.029,1.345
11.024,0.235,0.695,1.225,-0.029,1.331
11.032,0.230,0.715,1.240,-0.029,1.321
11.040,0.225,0.715,1.235,-0.029,1.309
11.048,0.225,0.720,1.230,-0.028,1.296
11.056,0.215,0.730,1.230,-0.027,1.285
11.064,0.210,0.720,1.225,-0.027,1.276
11.072,0.220,0.725,1.215,-0.026,1.263
11.080,0.200,0.735,1.210,-0.026,1.250
11.088,0.190,0.740,1.210,-0.025,1.240
11.096,0.175,0.745,1.210,-0.024,1.234
11.104,0.180,0.745,1.195,-0.023,1.227
11.112,0.160,0.755,1.185,-0.021,1.216
11.120,0.165,0.750,1.170,-0.019,1.203
11.128,0.145,0.765,1.160,-0.017,1.194
11.136,0.135,0.770,1.140,-0.014,1.188
11.144,0.125,0.775,1.115,-0.011,1.185
11.152,0.125,0.780,1.090,-0.008,1.183
11.160,0.110,0.780,1.065,-0.005,1.182
11.168,0.120,0.775,1.045,-0.001,1.182
11.176,0.115,0.790,1.020,0.003,1.182
11.184,0.120,0.780,0.995,0.007,1.182
11.192,0.115,0.790,0.975,0.011,1.183
11.200,0.150,0.755,0.950,0.015,1.184
11.208,0.155,0.755,0.935,0.019,1.179
11.216,0.160,0.750,0.915,0.023,1.173
11.224,0.155,0.760,0.925,0.028,1.170
11.232,0.165,0.750,0.935,0.033,1.168
11.240,0.180,0.735,0.960,0.038,1.167
11.248,0.190,0.725,0.980,0.043,1.167
11.256,0.205,0.720,1.000,0.047,1.167
11.264,0.230,0.700,1.020,0.052,1.167
11.272,0.255,0.680,1.035,0.055,1.167
11.280,0.285,0.660,1.045,0.058,1.167
11.288,0.320,0.640,1.055,0.061,1.170
11.296,0.330,0.645,1.060,0.064,1.176
11.304,0.345,0.635,1.065,0.066,1.179
11.312,0.365,0.620,1.070,0.068,1.180
11.320,0.375,0.615,1.075,0.069,1.181
11.328,0.380,0.605,1.075,0.071,1.181
11.336,0.385,0.620,1.080,0.071,1.183
11.344,0.380,0.615,1.085,0.072,1.186
11.352,0.390,0.605,1.090,0.072,1.189
11.360,0.370,0.610,1.095,0.072,1.190
11.368,0.395,0.595,1.095,0.071,1.187
11.376,0.370,0.620,1.090,0.071,1.184
11.384,0.365,0.625,1.095,0.072,1.183
11.392,0.360,0.620,1.095,0.073,1.184
11.400,0.365,0.615,1.090,0.075,1.184
11.408,0.355,0.620,1.095,0.076,1.181
11.416,0.355,0.620,1.090,0.079,1.175
11.424,0.365,0.605,1.085,0.081,1.171
11.432,0.365,0.620,1.075,0.085,1.169
11.440,0.370,0.615,1.070,0.088,1.168
11.448,0.365,0.615,1.065,0.093,1.171
11.456,0.385,0.605,1.070,0.098,1.183
11.464,0.365,0.620,1.055,0.105,1.210
11.472,0.380,0.605,1.060,0.113,1.262
11.480,0.375,0.600,1.040,0.122,1.343
11.488,0.390,0.600,1.040,0.131,1.434
11.496,0.390,0.595,1.030,0.142,1.542
11.504,0.390,0.600,1.030,0.153,1.677
11.512,0.375,0.605,1.035,0.163,1.832
11.520,0.370,0.620,1.025,0.173,1.993
11.528,0.415,0.575,1.035,0.183,2.152
11.536,0.450,0.565,1.045,0.193,2.299
11.544,0.460,0.555,1.065,0.203,2.433
11.552,0.490,0.550,1.050,0.213,2.551
11.560,0.495,0.540,1.025,0.223,2.654
11.568,0.510,0.525,1.005,0.233,2.742
11.576,0.485,0.535,0.985,0.242,2.816
11.584,0.485,0.530,0.975,0.250,2.880
11.592,0.460,0.550,0.990,0.257,2.924
11.600,0.435,0.555,1.015,0.264,2.955
11.608,0.375,0.595,1.000,0.269,2.984
11.616,0.370,0.590,1.000,0.275,3.010
11.624,0.330,0.625,0.995,0.278,3.029
11.632,0.320,0.635,0.985,0.282,3.043
11.640,0.335,0.625,0.995,0.283,3.050
11.648,0.305,0.650,0.985,0.285,3.048
11.656,0.315,0.640,0.985,0.285,3.038
11.664,0.305,0.645,0.990,0.286,3.021
11.672,0.330,0.625,0.990,0.285,2.996
11.680,0.335,0.625,0.995,0.285,2.965
11.688,0.325,0.635,0.985,0.283,2.930
11.696,0.315,0.645,0.985,0.282,2.891
11.704,0.335,0.635,0.990,0.281,2.845
11.712,0.340,0.625,0.995,0.280,2.794
11.720,0.360,0.605,0.990,0.280,2.742
11.728,0.350,0.625,0.980,0.279,2.688
11.736,0.370,0.615,0.980,0.278,2.631
11.744,0.385,0.605,0.985,0.277,2.575
11.752,0.485,0.555,0.880,0.276,2.521
11.760,0.615,0.490,0.400,0.276,2.473
11.768,0.760,0.375,-0.315,0.275,2.430
11.776,0.945,0.210,-0.500,0.275,2.389
11.784,0.500,0.400,-0.375,0.275,2.348
11.792,0.115,0.630,0.205,0.274,2.312
11.800,0.095,0.705,0.790,0.274,2.280
11.808,0.265,0.670,1.115,0.273,2.245
11.816,0.305,0.660,1.165,0.273,2.211
11.824,0.310,0.670,1.180,0.272,2.176
11.832,0.295,0.675,1.185,0.271,2.143
11.840,0.300,0.680,1.185,0.270,2.111
11.848,0.290,0.675,1.190,0.269,2.084
11.856,0.285,0.685,1.185,0.267,2.060
11.864,0.290,0.680,1.175,0.264,2.035
11.872,0.275,0.690,1.170,0.262,2.009
11.880,0.270,0.685,1.160,0.259,1.981
11.888,0.260,0.700,1.165,0.256,1.956
11.896,0.250,0.705,1.160,0.253,1.929
11.904,0.240,0.715,1.155,0.250,1.897
11.912,0.225,0.720,1.140,0.247,1.868
11.920,0.220,0.725,1.130,0.244,1.843
11.928,0.205,0.730,1.120,0.241,1.820
11.936,0.205,0.725,1.110,0.238,1.798
11.944,0.215,0.730,1.095,0.234,1.776
11.952,0.235,0.730,1.050,0.230,1.755
11.960,0.225,0.725,1.020,0.227,1.731
11.968,0.210,0.740,0.995,0.223,1.706
11.976,0.200,0.745,0.970,0.220,1.677
11.984,0.190,0.740,0.935,0.217,1.647
11.992,0.200,0.740,0.900,0.214,1.624
12.000,0.190,0.750,0.875,0.212,1.605
12.008,0.225,0.720,0.875,0.209,1.587
12.016,0.245,0.700,0.865,0.207,1.570
12.024,0.240,0.700,0.860,0.204,1.555
12.032,0.265,0.690,0.885,0.202,1.541
12.040,0.295,0.670,0.910,0.198,1.526
12.048,0.320,0.655,0.930,0.195,1.512
12.056,0.340,0.640,0.960,0.191,1.495
12.064,0.365,0.625,0.975,0.188,1.475
12.072,0.390,0.600,0.990,0.183,1.458
12.080,0.410,0.590,1.005,0.179,1.439
12.088,0.430,0.575,1.020,0.173,1.422
12.096,0.440,0.570,1.020,0.167,1.411
12.104,0.455,0.560,1.030,0.159,1.401
12.112,0.460,0.555,1.040,0.152,1.393
12.120,0.460,0.565,1.045,0.142,1.386
12.128,0.465,0.555,1.055,0.132,1.376
12.136,0.475,0.555,1.050,0.122,1.366
12.144,0.485,0.540,1.060,0.111,1.357
12.152,0.475,0.555,1.065,0.102,1.349
12.160,0.455,0.565,1.070,0.092,1.342
12.168,0.470,0.560,1.070,0.084,1.336
12.176,0.455,0.560,1.075,0.076,1.330
12.184,0.460,0.560,1.070,0.068,1.325
12.192,0.445,0.570,1.070,0.059,1.322
12.200,0.445,0.575,1.065,0.052,1.320
12.208,0.440,0.565,1.070,0.044,1.318
12.216,0.445,0.570,1.055,0.038,1.315
12.224,0.420,0.565,1.060,0.032,1.310
12.232,0.415,0.580,1.055,0.029,1.305
12.240,0.440,0.575,1.060,0.025,1.298
12.248,0.420,0.575,1.045,0.022,1.290
12.256,0.440,0.575,1.045,0.020,1.284
12.264,0.420,0.585,1.045,0.020,1.287
12.272,0.435,0.570,1.050,0.019,1.307
12.280,0.470,0.545,1.065,0.020,1.346
12.288,0.495,0.550,1.085,0.022,1.394
12.296,0.515,0.530,1.065,0.025,1.456
12.304,0.525,0.530,1.045,0.028,1.543
12.312,0.505,0.535,1.020,0.031,1.647
12.320,0.510,0.525,1.000,0.034,1.761
12.328,0.500,0.530,1.000,0.037,1.878
12.336,0.510,0.530,0.995,0.041,1.990
12.344,0.430,0.560,1.025,0.044,2.095
12.352,0.405,0.575,1.030,0.049,2.190
12.360,0.370,0.595,1.020,0.054,2.272
12.368,0.335,0.625,1.020,0.059,2.341
12.376,0.310,0.645,1.020,0.063,2.404
12.384,0.315,0.645,1.015,0.068,2.457
12.392,0.300,0.650,1.020,0.071,2.495
12.400,0.305,0.650,1.015,0.076,2.521
12.408,0.295,0.650,1.020,0.079,2.546
12.416,0.315,0.635,1.020,0.083,2.570
12.424,0.300,0.650,1.015,0.086,2.588
12.432,0.310,0.645,1.020,0.089,2.603
12.440,0.305,0.645,1.025,0.092,2.612
12.448,0.305,0.640,1.020,0.095,2.613
12.456,0.295,0.655,1.020,0.098,2.607
12.464,0.295,0.655,1.020,0.101,2.595
12.472,0.305,0.650,1.020,0.103,2.574
12.480,0.310,0.650,1.020,0.105,2.546
12.488,0.320,0.635,1.025,0.107,2.518
12.496,0.365,0.600,1.005,0.109,2.486
12.504,0.495,0.560,0.795,0.111,2.449
12.512,0.625,0.485,0.205,0.114,2.408
12.520,0.770,0.340,-0.500,0.116,2.363
12.528,0.890,0.250,-0.500,0.119,2.318
12.536,0.255,0.540,-0.195,0.122,2.273
12.544,0.035,0.705,0.445,0.125,2.229
12.552,0.140,0.720,0.960,0.127,2.187
12.560,0.235,0.680,1.180,0.131,2.148
12.568,0.245,0.705,1.210,0.135,2.113
12.576,0.235,0.705,1.225,0.139,2.081
12.584,0.230,0.715,1.225,0.144,2.050
12.592,0.220,0.720,1.230,0.150,2.023
12.600,0.230,0.715,1.220,0.157,2.001
12.608,0.225,0.715,1.215,0.163,1.979
12.616,0.220,0.720,1.210,0.170,1.961
12.624,0.225,0.710,1.200,0.178,1.942
12.632,0.225,0.695,1.205,0.184,1.921
12.640,0.210,0.720,1.200,0.191,1.898
12.648,0.190,0.740,1.205,0.197,1.875
12.656,0.175,0.745,1.185,0.204,1.851
12.664,0.160,0.750,1.175,0.211,1.827
12.672,0.165,0.750,1.165,0.219,1.804
12.680,0.130,0.770,1.145,0.227,1.781
12.688,0.130,0.775,1.135,0.236,1.764
12.696,0.125,0.765,1.115,0.243,1.750
12.704,0.115,0.770,1.085,0.251,1.733
12.712,0.110,0.790,1.055,0.258,1.716
12.720,0.115,0.790,1.025,0.265,1.698
12.728,0.110,0.790,0.995,0.272,1.680
12.736,0.135,0.765,0.955,0.280,1.663
12.744,0.130,0.785,0.930,0.288,1.644
12.752,0.165,0.750,0.920,0.295,1.626
12.760,0.175,0.745,0.900,0.302,1.606
12.768,0.195,0.750,0.890,0.310,1.585
12.776,0.220,0.720,0.905,0.316,1.561
12.784,0.250,0.700,0.920,0.322,1.543
12.792,0.275,0.675,0.940,0.327,1.529
12.800,0.310,0.660,0.955,0.332,1.512
12.808,0.350,0.630,0.980,0.336,1.499
12.816,0.375,0.620,0.995,0.339,1.485
12.824,0.390,0.615,1.000,0.341,1.474
12.832,0.410,0.600,1.000,0.343,1.464
12.840,0.425,0.585,1.010,0.344,1.453
12.848,0.450,0.570,1.020,0.345,1.441
12.856,0.470,0.555,1.020,0.344,1.428
12.864,0.460,0.560,1.025,0.344,1.413
12.872,0.475,0.555,1.030,0.342,1.397
12.880,0.480,0.550,1.040,0.340,1.384
12.888,0.485,0.560,1.045,0.336,1.378
12.896,0.465,0.565,1.045,0.332,1.375
12.904,0.480,0.555,1.040,0.327,1.370
12.912,0.470,0.550,1.035,0.322,1.367
12.920,0.480,0.565,1.045,0.315,1.364
12.928,0.465,0.565,1.045,0.308,1.359
12.936,0.470,0.565,1.040,0.300,1.354
12.944,0.460,0.565,1.045,0.292,1.348
12.952,0.455,0.575,1.040,0.284,1.342
12.960,0.445,0.575,1.040,0.276,1.334
12.968,0.440,0.575,1.035,0.269,1.323
12.976,0.435,0.560,1.040,0.262,1.310
12.984,0.455,0.570,1.025,0.255,1.300
12.992,0.460,0.560,1.025,0.247,1.294
13.000,0.495,0.555,1.040,0.240,1.288
13.008,0.510,0.545,1.055,0.233,1.283
13.016,0.535,0.535,1.020,0.227,1.287
13.024,0.555,0.515,1.010,0.222,1.307
13.032,0.550,0.510,0.990,0.217,1.346
13.040,0.525,0.515,0.960,0.213,1.405
13.048,0.530,0.520,0.950,0.208,1.484
13.056,0.510,0.515,0.970,0.204,1.583
13.064,0.465,0.550,0.990,0.199,1.695
13.072,0.435,0.565,0.980,0.195,1.811
13.080,0.420,0.555,0.975,0.190,1.927
13.088,0.400,0.585,0.975,0.185,2.025
13.096,0.380,0.605,0.970,0.180,2.109
13.104,0.365,0.625,0.975,0.175,2.196
13.112,0.350,0.625,0.975,0.170,2.277
13.120,0.345,0.630,0.970,0.165,2.347
13.128,0.365,0.615,0.980,0.160,2.408
13.136,0.370,0.625,0.985,0.155,2.459
13.144,0.360,0.625,0.975,0.150,2.501
13.152,0.365,0.625,0.980,0.144,2.537
13.160,0.360,0.615,0.990,0.139,2.566
13.168,0.370,0.620,0.980,0.133,2.591
13.176,0.370,0.610,0.985,0.127,2.612
13.184,0.370,0.615,0.980,0.122,2.622
13.192,0.380,0.595,0.995,0.117,2.624
13.200,0.385,0.605,0.990,0.111,2.624
13.208,0.390,0.595,1.000,0.105,2.619
13.216,0.430,0.600,0.985,0.099,2.607
13.224,0.520,0.545,0.850,0.092,2.587
13.232,0.645,0.470,0.325,0.086,2.558
13.240,0.765,0.360,-0.470,0.079,2.524
13.248,0.930,0.205,-0.500,0.073,2.486
13.256,0.435,0.415,-0.370,0.066,2.444
13.264,0.110,0.630,0.315,0.060,2.400
13.272,0.160,0.690,0.870,0.054,2.356
13.280,0.265,0.670,1.140,0.049,2.313
13.288,0.295,0.670,1.200,0.043,2.275
13.296,0.310,0.650,1.215,0.038,2.238
13.304,0.290,0.665,1.230,0.034,2.198
13.312,0.275,0.695,1.230,0.030,2.162
13.320,0.275,0.685,1.230,0.027,2.129
13.328,0.265,0.690,1.230,0.024,2.098
13.336,0.270,0.695,1.230,0.021,2.066
13.344,0.245,0.705,1.225,0.018,2.038
13.352,0.250,0.715,1.210,0.016,2.010
13.360,0.235,0.700,1.210,0.014,1.982
13.368,0.225,0.720,1.210,0.013,1.956
13.376,0.200,0.730,1.215,0.012,1.932
13.384,0.195,0.720,1.210,0.013,1.910
13.392,0.175,0.740,1.200,0.013,1.890
13.400,0.160,0.755,1.185,0.015,1.868
13.408,0.135,0.770,1.170,0.017,1.845
13.416,0.135,0.765,1.150,0.021,1.821
13.424,0.115,0.780,1.130,0.024,1.798
13.432,0.145,0.765,1.100,0.028,1.775
13.440,0.155,0.765,1.080,0.031,1.755
13.448,0.140,0.765,1.060,0.035,1.736
13.456,0.170,0.745,1.035,0.038,1.717
13.464,0.235,0.705,1.015,0.042,1.698
13.472,0.255,0.695,1.000,0.046,1.674
13.480,0.260,0.690,0.995,0.050,1.650
13.488,0.235,0.710,1.020,0.054,1.632
13.496,0.275,0.675,0.985,0.058,1.617
13.504,0.285,0.655,0.980,0.062,1.600
13.512,0.265,0.695,1.000,0.066,1.585
13.520,0.250,0.695,1.020,0.069,1.571
13.528,0.265,0.675,1.040,0.073,1.558
13.536,0.290,0.660,1.055,0.076,1.543
13.544,0.310,0.635,1.060,0.079,1.528
13.552,0.320,0.630,1.050,0.082,1.509
13.560,0.295,0.655,1.060,0.085,1.491
13.568,0.330,0.625,1.070,0.087,1.475
13.576,0.325,0.635,1.075,0.089,1.461
13.584,0.345,0.625,1.070,0.091,1.452
13.592,0.345,0.620,1.075,0.092,1.444
13.600,0.360,0.615,1.080,0.093,1.434
13.608,0.365,0.600,1.085,0.095,1.423
13.616,0.375,0.600,1.085,0.096,1.413
13.624,0.360,0.620,1.090,0.097,1.403
13.632,0.380,0.605,1.100,0.099,1.394
13.640,0.375,0.600,1.105,0.102,1.386
13.648,0.370,0.610,1.095,0.104,1.379
13.656,0.360,0.625,1.090,0.107,1.372
13.664,0.355,0.615,1.090,0.109,1.367
13.672,0.370,0.610,1.085,0.112,1.361
13.680,0.360,0.620,1.080,0.115,1.355
13.688,0.380,0.600,1.075,0.119,1.350
13.696,0.375,0.600,1.080,0.124,1.343
13.704,0.415,0.580,1.050,0.131,1.330
13.712,0.520,0.530,0.800,0.137,1.318
13.720,0.590,0.480,0.160,0.146,1.309
13.728,0.730,0.345,-0.500,0.154,1.303
13.736,0.825,0.265,-0.500,0.164,1.306
13.744,0.230,0.530,-0.005,0.174,1.326
13.752,0.120,0.650,0.675,0.183,1.364
13.760,0.265,0.650,1.085,0.193,1.422
13.768,0.315,0.655,1.185,0.203,1.500
13.776,0.325,0.650,1.205,0.213,1.594
13.784,0.295,0.670,1.210,0.223,1.687
13.792,0.280,0.670,1.205,0.233,1.779
13.800,0.285,0.675,1.210,0.244,1.884
13.808,0.280,0.675,1.190,0.254,1.988
13.816,0.275,0.670,1.190,0.263,2.088
13.824,0.255,0.690,1.190,0.273,2.182
13.832,0.270,0.695,1.185,0.281,2.267
13.840,0.255,0.690,1.185,0.289,2.339
13.848,0.240,0.715,1.180,0.295,2.401
13.856,0.245,0.710,1.180,0.301,2.453
13.864,0.225,0.720,1.175,0.305,2.496
13.872,0.210,0.730,1.175,0.310,2.531
13.880,0.205,0.725,1.165,0.313,2.559
13.888,0.190,0.740,1.160,0.315,2.576
13.896,0.200,0.735,1.140,0.317,2.586
13.904,0.185,0.745,1.120,0.319,2.595
13.912,0.180,0.755,1.085,0.319,2.602
13.920,0.195,0.740,1.060,0.320,2.603
13.928,0.205,0.735,1.020,0.321,2.598
13.936,0.215,0.730,0.990,0.322,2.585
13.944,0.205,0.735,0.970,0.321,2.564
13.952,0.225,0.720,0.945,0.320,2.539
13.960,0.245,0.700,0.940,0.318,2.511
13.968,0.255,0.705,0.950,0.317,2.479
13.976,0.270,0.690,0.970,0.315,2.442
13.984,0.300,0.665,0.990,0.314,2.406
13.992,0.325,0.645,1.010,0.312,2.370
14.000,0.345,0.635,1.015,0.312,2.335
14.008,0.360,0.620,1.020,0.312,2.297
14.016,0.385,0.615,1.030,0.312,2.259
14.024,0.395,0.600,1.040,0.312,2.222
14.032,0.420,0.580,1.045,0.314,2.187
14.040,0.425,0.575,1.050,0.315,2.153
14.048,0.420,0.585,1.055,0.316,2.122
14.056,0.430,0.585,1.055,0.317,2.091
14.064,0.440,0.580,1.055,0.319,2.061
14.072,0.440,0.575,1.055,0.320,2.030
14.080,0.435,0.575,1.060,0.322,2.000
14.088,0.445,0.575,1.055,0.324,1.976
14.096,0.440,0.570,1.045,0.325,1.956
14.104,0.445,0.570,1.045,0.326,1.935
14.112,0.435,0.575,1.045,0.327,1.916
14.120,0.445,0.570,1.045,0.328,1.896
14.128,0.440,0.575,1.040,0.329,1.879
14.136,0.460,0.555,1.030,0.329,1.862
14.144,0.440,0.575,1.025,0.330,1.839
14.152,0.445,0.575,1.020,0.330,1.812
14.160,0.440,0.570,1.015,0.330,1.787
14.168,0.440,0.575,1.010,0.329,1.764
14.176,0.440,0.570,1.005,0.329,1.742
14.184,0.445,0.575,1.005,0.328,1.723
14.192,0.435,0.575,1.000,0.327,1.707
14.200,0.445,0.570,1.000,0.325,1.686
14.208,0.440,0.570,1.000,0.324,1.661
14.216,0.440,0.565,0.990,0.322,1.634
14.224,0.440,0.560,0.995,0.321,1.608
14.232,0.440,0.575,0.980,0.319,1.585
14.240,0.430,0.580,0.980,0.318,1.565
14.248,0.440,0.575,0.985,0.316,1.553
14.256,0.425,0.575,0.980,0.315,1.551
14.264,0.425,0.580,0.980,0.313,1.563
14.272,0.435,0.575,0.980,0.311,1.592
14.280,0.425,0.575,0.985,0.308,1.637
14.288,0.435,0.575,0.975,0.305,1.687
14.296,0.425,0.580,0.975,0.302,1.741
14.304,0.440,0.575,0.975,0.299,1.804
14.312,0.425,0.575,0.980,0.296,1.871
14.320,0.455,0.570,0.975,0.293,1.935
14.328,0.500,0.545,1.000,0.288,1.991
14.336,0.530,0.535,1.000,0.283,2.037
14.344,0.550,0.525,0.985,0.278,2.071
14.352,0.560,0.525,0.970,0.272,2.092
14.360,0.525,0.530,0.950,0.264,2.099
14.368,0.520,0.530,0.925,0.257,2.091
14.376,0.510,0.535,0.935,0.249,2.070
14.384,0.495,0.530,0.970,0.240,2.046
14.392,0.435,0.570,0.975,0.232,2.018
14.400,0.410,0.580,0.955,0.223,1.981
14.408,0.375,0.600,0.955,0.215,1.942
14.416,0.365,0.610,0.960,0.206,1.900
14.424,0.340,0.635,0.965,0.197,1.858
14.432,0.325,0.650,0.965,0.188,1.817
14.440,0.340,0.635,0.970,0.178,1.781
14.448,0.345,0.630,0.960,0.168,1.747
14.456,0.335,0.640,0.955,0.159,1.715
14.464,0.330,0.645,0.965,0.151,1.688
14.472,0.345,0.635,0.960,0.143,1.664
14.480,0.330,0.645,0.965,0.135,1.644
14.488,0.345,0.635,0.975,0.126,1.628
14.496,0.345,0.640,0.975,0.117,1.610
14.504,0.365,0.620,0.985,0.108,1.592
14.512,0.355,0.625,0.975,0.099,1.575
14.520,0.365,0.625,0.975,0.091,1.560
14.528,0.360,0.620,0.975,0.083,1.547
14.536,0.410,0.590,0.970,0.075,1.538
14.544,0.520,0.545,0.760,0.067,1.529
14.552,0.650,0.470,0.205,0.061,1.517
14.560,0.790,0.340,-0.500,0.055,1.504
14.568,0.930,0.210,-0.500,0.049,1.493
14.576,0.345,0.475,-0.260,0.044,1.483
14.584,0.110,0.645,0.405,0.040,1.476
14.592,0.170,0.695,0.925,0.035,1.469
14.600,0.265,0.675,1.135,0.031,1.458
14.608,0.285,0.685,1.180,0.027,1.446
14.616,0.295,0.680,1.195,0.024,1.432
14.624,0.275,0.685,1.200,0.021,1.418
14.632,0.255,0.695,1.190,0.019,1.405
14.640,0.285,0.670,1.205,0.018,1.388
14.648,0.290,0.675,1.195,0.016,1.371
14.656,0.265,0.695,1.190,0.015,1.356
14.664,0.265,0.695,1.185,0.013,1.340
14.672,0.250,0.705,1.185,0.012,1.327
14.680,0.240,0.715,1.185,0.012,1.321
14.688,0.225,0.715,1.180,0.012,1.314
14.696,0.220,0.725,1.165,0.012,1.303
14.704,0.225,0.720,1.170,0.013,1.294
14.712,0.210,0.720,1.155,0.014,1.286
14.720,0.205,0.725,1.135,0.015,1.279
14.728,0.180,0.740,1.115,0.016,1.271
14.736,0.165,0.755,1.090,0.017,1.264
14.744,0.170,0.750,1.065,0.019,1.256
14.752,0.175,0.740,1.040,0.021,1.249
14.760,0.155,0.760,1.015,0.023,1.242
14.768,0.180,0.750,0.985,0.025,1.235
14.776,0.180,0.740,0.965,0.027,1.230
14.784,0.185,0.745,0.935,0.029,1.229
14.792,0.195,0.730,0.910,0.030,1.228
14.800,0.210,0.730,0.900,0.032,1.224
14.808,0.205,0.735,0.895,0.033,1.218
14.816,0.225,0.720,0.890,0.035,1.212
14.824,0.235,0.710,0.910,0.036,1.205
14.832,0.265,0.685,0.925,0.037,1.198
14.840,0.275,0.670,0.950,0.037,1.192
14.848,0.295,0.675,0.970,0.038,1.184
14.856,0.300,0.660,0.990,0.037,1.177
14.864,0.335,0.640,0.995,0.037,1.170
14.872,0.365,0.620,1.005,0.036,1.162
14.880,0.385,0.600,1.010,0.035,1.158
14.888,0.400,0.595,1.020,0.034,1.155
14.896,0.420,0.580,1.025,0.033,1.149
14.904,0.430,0.575,1.020,0.031,1.141
14.912,0.420,0.580,1.030,0.029,1.134
14.920,0.440,0.575,1.040,0.026,1.126
14.928,0.450,0.575,1.045,0.023,1.119
14.936,0.455,0.575,1.045,0.020,1.114
14.944,0.440,0.570,1.050,0.017,1.109
14.952,0.445,0.575,1.045,0.014,1.104
14.960,0.440,0.570,1.055,0.012,1.099
14.968,0.450,0.575,1.060,0.009,1.097
14.976,0.430,0.575,1.060,0.007,1.096
14.984,0.425,0.585,1.060,0.005,1.097
14.992,0.415,0.590,1.065,0.003,1.097
15.000,0.415,0.600,1.055,0.003,1.096
15.008,0.410,0.590,1.060,0.002,1.095
15.016,0.405,0.595,1.055,0.003,1.095
15.024,0.395,0.595,1.055,0.003,1.093
15.032,0.415,0.585,1.060,0.004,1.090
15.040,0.400,0.595,1.045,0.005,1.090
15.048,0.405,0.595,1.045,0.006,1.099
15.056,0.395,0.600,1.040,0.007,1.125
15.064,0.400,0.595,1.030,0.010,1.178
15.072,0.405,0.590,1.025,0.013,1.264
15.080,0.415,0.580,1.030,0.017,1.364
15.088,0.430,0.575,1.035,0.021,1.478
15.096,0.455,0.555,1.045,0.025,1.624
15.104,0.485,0.540,1.055,0.029,1.787
15.112,0.510,0.535,1.045,0.034,1.955
15.120,0.525,0.525,1.020,0.039,2.118
15.128,0.530,0.515,1.005,0.043,2.271
15.136,0.510,0.525,0.980,0.048,2.409
15.144,0.500,0.530,0.970,0.053,2.530
15.152,0.480,0.545,0.980,0.058,2.633
15.160,0.435,0.560,1.005,0.061,2.723
15.168,0.410,0.575,1.010,0.065,2.801
15.176,0.400,0.570,1.000,0.068,2.867
15.184,0.370,0.595,1.000,0.071,2.914
15.192,0.330,0.625,1.000,0.073,2.948
15.200,0.320,0.645,0.995,0.075,2.983
15.208,0.315,0.640,1.000,0.077,3.016
15.216,0.310,0.650,0.995,0.079,3.043
15.224,0.310,0.645,1.000,0.079,3.064
15.232,0.325,0.635,0.995,0.080,3.077
15.240,0.320,0.630,0.995,0.079,3.084
15.248,0.320,0.640,0.995,0.078,3.082
15.256,0.325,0.640,1.000,0.077,3.070
15.264,0.335,0.630,1.000,0.076,3.048
15.272,0.320,0.650,0.995,0.075,3.016
15.280,0.350,0.620,1.000,0.074,2.976
15.288,0.355,0.615,1.005,0.072,2.933
15.296,0.345,0.625,0.995,0.071,2.884
15.304,0.355,0.625,1.000,0.068,2.830
15.312,0.390,0.610,0.980,0.066,2.773
15.320,0.515,0.550,0.740,0.063,2.716
15.328,0.655,0.460,0.110,0.061,2.662
15.336,0.775,0.335,-0.500,0.058,2.609
15.344,0.885,0.240,-0.500,0.055,2.557
15.352,0.255,0.515,-0.185,0.053,2.508
15.360,0.085,0.665,0.470,0.051,2.462
15.368,0.185,0.695,0.975,0.049,2.417
15.376,0.260,0.680,1.165,0.048,2.373
15.384,0.285,0.675,1.200,0.048,2.333
15.392,0.275,0.690,1.210,0.048,2.295
15.400,0.270,0.695,1.210,0.048,2.256
15.408,0.255,0.705,1.215,0.049,2.218
15.416,0.260,0.695,1.210,0.050,2.181
15.424,0.255,0.700,1.210,0.051,2.145
15.432,0.265,0.695,1.205,0.053,2.109
15.440,0.250,0.705,1.195,0.055,2.074
15.448,0.240,0.715,1.190,0.057,2.041
15.456,0.225,0.720,1.185,0.060,2.008
15.464,0.215,0.730,1.180,0.063,1.977
15.472,0.200,0.740,1.180,0.066,1.947
15.480,0.190,0.745,1.170,0.069,1.921
15.488,0.170,0.755,1.160,0.073,1.897
15.496,0.170,0.750,1.145,0.077,1.871
15.504,0.160,0.755,1.125,0.081,1.844
15.512,0.135,0.770,1.095,0.084,1.815
15.520,0.130,0.775,1.080,0.088,1.789
15.528,0.140,0.765,1.045,0.091,1.765
15.536,0.130,0.780,1.015,0.094,1.742
15.544,0.125,0.770,0.980,0.097,1.719
15.552,0.140,0.765,0.955,0.100,1.696
15.560,0.155,0.770,0.935,0.103,1.672
15.568,0.160,0.765,0.920,0.105,1.648
15.576,0.170,0.750,0.910,0.107,1.626
15.584,0.190,0.740,0.905,0.110,1.607
15.592,0.205,0.725,0.925,0.111,1.589
15.600,0.240,0.705,0.950,0.113,1.568
15.608,0.265,0.690,0.980,0.114,1.547
15.616,0.290,0.670,1.000,0.114,1.530
15.624,0.310,0.655,1.010,0.114,1.514
15.632,0.350,0.625,1.030,0.114,1.500
15.640,0.345,0.620,1.045,0.113,1.485
15.648,0.400,0.585,1.045,0.112,1.470
15.656,0.395,0.600,1.055,0.109,1.456
15.664,0.415,0.585,1.065,0.107,1.441
15.672,0.410,0.595,1.070,0.105,1.426
15.680,0.415,0.580,1.070,0.102,1.415
15.688,0.435,0.575,1.080,0.099,1.407
15.696,0.430,0.575,1.085,0.096,1.395
15.704,0.425,0.575,1.090,0.092,1.381
15.712,0.420,0.575,1.085,0.089,1.368
15.720,0.415,0.590,1.090,0.084,1.356
15.728,0.420,0.580,1.090,0.080,1.344
15.736,0.410,0.595,1.095,0.076,1.332
15.744,0.400,0.600,1.095,0.071,1.324
15.752,0.400,0.600,1.100,0.067,1.316
15.760,0.405,0.585,1.095,0.063,1.306
15.768,0.400,0.595,1.090,0.060,1.295
15.776,0.385,0.600,1.090,0.057,1.283
15.784,0.380,0.605,1.090,0.055,1.274
15.792,0.365,0.615,1.085,0.053,1.265
15.800,0.360,0.620,1.075,0.053,1.253
15.808,0.370,0.600,1.075,0.053,1.244
15.816,0.380,0.605,1.065,0.053,1.236
15.824,0.365,0.610,1.070,0.054,1.234
15.832,0.395,0.595,1.070,0.056,1.243
15.840,0.430,0.575,1.075,0.058,1.270
15.848,0.440,0.575,1.095,0.059,1.319
15.856,0.460,0.560,1.090,0.062,1.394
15.864,0.470,0.555,1.070,0.065,1.494
15.872,0.465,0.555,1.045,0.068,1.612
15.880,0.470,0.545,1.020,0.072,1.724
15.888,0.460,0.555,1.010,0.076,1.833
15.896,0.455,0.545,1.015,0.080,1.956
15.904,0.410,0.580,1.035,0.083,2.085
15.912,0.360,0.600,1.035,0.087,2.209
15.920,0.340,0.605,1.035,0.090,2.322
15.928,0.325,0.625,1.025,0.093,2.421
15.936,0.295,0.650,1.020,0.097,2.507
15.944,0.270,0.665,1.030,0.100,2.579
15.952,0.260,0.675,1.035,0.103,2.638
15.960,0.270,0.670,1.030,0.105,2.688
15.968,0.275,0.660,1.025,0.108,2.729
15.976,0.270,0.665,1.025,0.110,2.762
15.984,0.285,0.650,1.025,0.113,2.782
15.992,0.265,0.670,1.030,0.115,2.794
16.000,0.275,0.660,1.025,0.116,2.805
16.008,0.280,0.655,1.025,0.117,2.813
16.016,0.290,0.665,1.030,0.117,2.815
16.024,0.295,0.650,1.025,0.117,2.809
16.032,0.300,0.645,1.030,0.117,2.794
16.040,0.290,0.660,1.025,0.116,2.767
16.048,0.300,0.650,1.035,0.115,2.732
16.056,0.320,0.645,1.025,0.115,2.691
16.064,0.440,0.585,0.890,0.115,2.646
16.072,0.575,0.505,0.370,0.114,2.598
16.080,0.710,0.395,-0.410,0.114,2.552
16.088,0.855,0.250,-0.500,0.114,2.507
16.096,0.385,0.465,-0.340,0.113,2.461
16.104,0.030,0.680,0.300,0.113,2.417
16.112,0.095,0.730,0.875,0.113,2.373
16.120,0.185,0.720,1.165,0.113,2.329
16.128,0.240,0.695,1.220,0.113,2.284
16.136,0.245,0.710,1.240,0.114,2.239
16.144,0.220,0.715,1.245,0.115,2.199
16.152,0.225,0.705,1.240,0.116,2.161
16.160,0.230,0.710,1.240,0.117,2.126
16.168,0.210,0.720,1.240,0.119,2.094
16.176,0.215,0.715,1.225,0.120,2.047
16.184,0.220,0.730,1.220,0.123,1.993
16.192,0.180,0.735,1.230,0.125,1.953
16.200,0.190,0.730,1.220,0.129,1.921
16.208,0.180,0.725,1.210,0.133,1.893
16.216,0.160,0.755,1.210,0.137,1.868
16.224,0.150,0.760,1.200,0.141,1.844
16.232,0.155,0.765,1.195,0.145,1.819
16.240,0.125,0.755,1.185,0.150,1.796
16.248,0.110,0.785,1.170,0.155,1.772
16.256,0.080,0.795,1.155,0.161,1.751
16.264,0.075,0.810,1.125,0.167,1.731
16.272,0.055,0.820,1.090,0.173,1.713
16.280,0.065,0.805,1.070,0.180,1.698
16.288,0.070,0.795,1.040,0.186,1.684
16.296,0.080,0.795,1.010,0.193,1.669
16.304,0.085,0.800,0.990,0.200,1.651
16.312,0.080,0.795,0.960,0.205,1.629
16.320,0.105,0.790,0.950,0.211,1.606
16.328,0.120,0.780,0.945,0.215,1.586
16.336,0.150,0.750,0.960,0.220,1.568
16.344,0.185,0.725,0.975,0.225,1.553
16.352,0.205,0.720,1.000,0.230,1.541
16.360,0.235,0.700,1.015,0.234,1.528
16.368,0.260,0.690,1.030,0.239,1.516
16.376,0.285,0.665,1.045,0.242,1.507
16.384,0.330,0.635,1.060,0.246,1.500
16.392,0.345,0.615,1.055,0.248,1.490
16.400,0.370,0.605,1.055,0.251,1.479
16.408,0.375,0.610,1.065,0.253,1.466
16.416,0.390,0.605,1.060,0.255,1.452
16.424,0.385,0.610,1.070,0.256,1.437
16.432,0.405,0.595,1.070,0.258,1.423
16.440,0.415,0.580,1.080,0.259,1.411
16.448,0.430,0.580,1.070,0.261,1.399
16.456,0.425,0.585,1.080,0.263,1.388
16.464,0.435,0.580,1.075,0.264,1.380
16.472,0.410,0.600,1.080,0.266,1.373
16.480,0.420,0.580,1.080,0.268,1.370
16.488,0.425,0.580,1.075,0.269,1.370
16.496,0.410,0.590,1.070,0.272,1.368
16.504,0.405,0.600,1.075,0.275,1.364
16.512,0.410,0.595,1.070,0.279,1.359
16.520,0.415,0.585,1.070,0.283,1.354
16.528,0.395,0.600,1.065,0.288,1.348
16.536,0.390,0.600,1.060,0.294,1.339
16.544,0.390,0.600,1.050,0.299,1.328
16.552,0.390,0.610,1.040,0.305,1.319
16.560,0.410,0.595,1.045,0.311,1.311
16.568,0.465,0.560,1.060,0.319,1.307
16.576,0.480,0.550,1.070,0.327,1.311
16.584,0.510,0.535,1.055,0.336,1.326
16.592,0.515,0.530,1.030,0.345,1.355
16.600,0.520,0.535,1.005,0.356,1.402
16.608,0.500,0.530,0.975,0.366,1.467
16.616,0.510,0.545,0.965,0.377,1.551
16.624,0.485,0.540,0.975,0.388,1.650
16.632,0.465,0.550,1.000,0.398,1.757
16.640,0.420,0.570,1.000,0.409,1.867
16.648,0.405,0.575,0.985,0.418,1.978
16.656,0.375,0.595,0.985,0.427,2.082
16.664,0.345,0.630,0.975,0.436,2.176
16.672,0.330,0.645,0.980,0.444,2.256
16.680,0.340,0.630,0.975,0.451,2.317
16.688,0.345,0.635,0.975,0.458,2.364
16.696,0.330,0.645,0.975,0.463,2.408
16.704,0.350,0.625,0.975,0.468,2.444
16.712,0.345,0.635,0.975,0.472,2.474
16.720,0.355,0.625,0.970,0.476,2.500
16.728,0.365,0.625,0.975,0.476,2.519
16.736,0.370,0.620,0.970,0.478,2.535
16.744,0.370,0.610,0.970,0.476,2.546
16.752,0.380,0.600,0.970,0.475,2.554
16.760,0.375,0.605,0.975,0.472,2.556
16.768,0.395,0.590,0.970,0.469,2.553
16.776,0.380,0.605,0.975,0.464,2.543
16.784,0.420,0.595,0.960,0.459,2.526
16.792,0.510,0.545,0.835,0.453,2.503
16.800,0.650,0.475,0.325,0.448,2.474
16.808,0.780,0.360,-0.415,0.441,2.441
16.816,0.965,0.200,-0.500,0.435,2.402
16.824,0.460,0.425,-0.360,0.428,2.359
16.832,0.125,0.630,0.265,0.421,2.316
16.840,0.180,0.685,0.825,0.413,2.275
16.848,0.285,0.665,1.095,0.405,2.237
16.856,0.320,0.655,1.140,0.397,2.200
16.864,0.325,0.655,1.160,0.388,2.164
16.872,0.320,0.660,1.165,0.380,2.131
16.880,0.315,0.665,1.160,0.372,2.103
16.888,0.320,0.660,1.160,0.364,2.076
16.896,0.325,0.665,1.160,0.355,2.050
16.904,0.320,0.660,1.165,0.346,2.023
16.912,0.310,0.680,1.150,0.337,1.996
16.920,0.290,0.685,1.155,0.329,1.968
16.928,0.275,0.695,1.150,0.322,1.940
16.936,0.285,0.695,1.145,0.314,1.915
16.944,0.250,0.700,1.145,0.307,1.893
16.952,0.250,0.710,1.145,0.300,1.874
16.960,0.240,0.720,1.135,0.294,1.852
16.968,0.260,0.705,1.130,0.288,1.830
16.976,0.220,0.725,1.135,0.283,1.809
16.984,0.235,0.710,1.115,0.278,1.791
16.992,0.245,0.705,1.090,0.273,1.769
17.000,0.280,0.690,1.075,0.269,1.751
17.008,0.290,0.675,1.045,0.265,1.736
17.016,0.295,0.690,1.020,0.261,1.721
17.024,0.260,0.695,0.985,0.258,1.705
17.032,0.255,0.705,0.930,0.256,1.688
17.040,0.235,0.700,0.900,0.253,1.671
17.048,0.220,0.735,0.880,0.250,1.653
17.056,0.195,0.740,0.905,0.247,1.635
17.064,0.205,0.735,0.910,0.244,1.617
17.072,0.215,0.725,0.940,0.242,1.597
17.080,0.210,0.710,0.950,0.238,1.582
17.088,0.250,0.685,0.975,0.234,1.569
17.096,0.290,0.665,0.995,0.229,1.554
17.104,0.285,0.670,1.010,0.225,1.538
17.112,0.335,0.630,1.020,0.220,1.524
17.120,0.350,0.615,1.025,0.215,1.511
17.128,0.345,0.620,1.040,0.210,1.496
17.136,0.385,0.605,1.055,0.205,1.479
17.144,0.395,0.595,1.060,0.199,1.465
17.152,0.385,0.600,1.055,0.193,1.453
17.160,0.390,0.595,1.070,0.186,1.440
17.168,0.400,0.590,1.075,0.179,1.428
17.176,0.405,0.585,1.080,0.173,1.419
17.184,0.410,0.590,1.080,0.166,1.412
17.192,0.400,0.585,1.085,0.160,1.402
17.200,0.415,0.595,1.075,0.154,1.391
17.208,0.415,0.585,1.080,0.148,1.381
17.216,0.410,0.595,1.080,0.142,1.373
17.224,0.395,0.600,1.085,0.137,1.367
17.232,0.415,0.580,1.080,0.131,1.361
17.240,0.400,0.600,1.070,0.128,1.355
17.248,0.450,0.580,1.040,0.125,1.349
17.256,0.520,0.535,0.805,0.123,1.343
17.264,0.615,0.440,0.290,0.122,1.334
17.272,0.790,0.280,-0.435,0.123,1.322
17.280,0.620,0.260,-0.450,0.124,1.312
17.288,0.240,0.540,0.245,0.126,1.307
17.296,0.175,0.645,0.805,0.129,1.303
17.304,0.290,0.650,1.105,0.134,1.304
17.312,0.325,0.645,1.160,0.140,1.316
17.320,0.320,0.650,1.180,0.148,1.347
17.328,0.305,0.660,1.185,0.156,1.401
17.336,0.295,0.670,1.175,0.165,1.476
17.344,0.305,0.665,1.180,0.174,1.569
17.352,0.290,0.675,1.170,0.183,1.676
17.360,0.280,0.690,1.160,0.192,1.793
17.368,0.285,0.680,1.155,0.201,1.911
17.376,0.275,0.690,1.140,0.211,2.012
17.384,0.275,0.680,1.130,0.220,2.097
17.392,0.255,0.700,1.120,0.231,2.182
17.400,0.250,0.700,1.115,0.239,2.259
17.408,0.230,0.720,1.100,0.247,2.327
17.416,0.240,0.710,1.090,0.254,2.385
17.424,0.225,0.725,1.090,0.261,2.433
17.432,0.240,0.715,1.070,0.266,2.473
17.440,0.225,0.725,1.045,0.271,2.505
17.448,0.225,0.730,1.025,0.274,2.534
17.456,0.245,0.705,1.005,0.278,2.556
17.464,0.255,0.695,0.970,0.279,2.574
17.472,0.245,0.720,0.935,0.280,2.586
17.480,0.255,0.705,0.905,0.280,2.588
17.488,0.275,0.695,0.890,0.279,2.584
17.496,0.275,0.705,0.875,0.277,2.574
17.504,0.295,0.680,0.880,0.276,2.559
17.512,0.315,0.670,0.900,0.274,2.538
17.520,0.340,0.650,0.925,0.273,2.509
17.528,0.370,0.625,0.950,0.270,2.476
17.536,0.390,0.615,0.970,0.268,2.439
17.544,0.405,0.610,0.985,0.264,2.400
17.552,0.430,0.585,0.995,0.261,2.360
17.560,0.445,0.575,1.005,0.258,2.321
17.568,0.470,0.555,1.020,0.255,2.282
17.576,0.465,0.560,1.020,0.252,2.246
17.584,0.480,0.565,1.020,0.249,2.211
17.592,0.465,0.570,1.035,0.247,2.173
17.600,0.500,0.535,1.040,0.245,2.138
17.608,0.490,0.535,1.045,0.243,2.106
17.616,0.500,0.545,1.045,0.241,2.075
17.624,0.480,0.555,1.050,0.239,2.045
17.632,0.485,0.550,1.045,0.237,2.016
17.640,0.475,0.545,1.050,0.234,1.986
17.648,0.485,0.555,1.045,0.232,1.958
17.656,0.465,0.545,1.050,0.230,1.933
17.664,0.460,0.555,1.040,0.227,1.908
17.672,0.460,0.550,1.045,0.225,1.884
17.680,0.445,0.565,1.040,0.222,1.863
17.688,0.450,0.570,1.045,0.218,1.844
17.696,0.440,0.555,1.040,0.214,1.824
17.704,0.440,0.565,1.035,0.208,1.804
17.712,0.450,0.565,1.025,0.202,1.783
17.720,0.425,0.575,1.025,0.195,1.764
17.728,0.415,0.585,1.025,0.189,1.747
17.736,0.425,0.575,1.020,0.181,1.729
17.744,0.420,0.585,1.020,0.174,1.712
17.752,0.410,0.580,1.020,0.167,1.694
17.760,0.405,0.590,1.020,0.159,1.676
17.768,0.415,0.575,1.015,0.152,1.659
17.776,0.415,0.585,1.010,0.145,1.644
17.784,0.420,0.580,1.015,0.137,1.631
17.792,0.400,0.595,1.020,0.129,1.619
17.800,0.410,0.580,1.010,0.121,1.611
17.808,0.395,0.590,1.015,0.114,1.613
17.816,0.400,0.590,1.015,0.107,1.629
17.824,0.390,0.600,1.015,0.100,1.657
17.832,0.390,0.600,1.005,0.095,1.696
17.840,0.370,0.610,1.005,0.090,1.743
17.848,0.380,0.605,1.005,0.085,1.796
17.856,0.385,0.605,1.005,0.081,1.847
17.864,0.380,0.610,1.000,0.078,1.892
17.872,0.420,0.575,1.015,0.076,1.932
17.880,0.455,0.570,1.030,0.073,1.959
17.888,0.475,0.555,1.045,0.071,1.977
17.896,0.510,0.530,1.020,0.070,1.987
17.904,0.510,0.535,1.005,0.069,1.988
17.912,0.485,0.530,0.975,0.068,1.979
17.920,0.490,0.540,0.955,0.068,1.962
17.928,0.505,0.520,0.965,0.068,1.938
17.936,0.450,0.565,0.980,0.069,1.911
17.944,0.410,0.585,0.990,0.070,1.878
17.952,0.385,0.590,0.985,0.071,1.840
17.960,0.350,0.615,0.975,0.072,1.799
17.968,0.335,0.625,0.985,0.074,1.760
17.976,0.320,0.645,0.990,0.075,1.728
17.984,0.305,0.650,0.980,0.076,1.703
17.992,0.295,0.655,0.985,0.077,1.675
18.000,0.320,0.650,0.975,0.078,1.648
18.008,0.325,0.640,0.990,0.080,1.625
18.016,0.330,0.630,0.985,0.082,1.604
18.024,0.320,0.645,0.990,0.084,1.585
18.032,0.325,0.650,0.980,0.087,1.569
18.040,0.325,0.640,0.990,0.090,1.557
18.048,0.330,0.635,0.985,0.093,1.545
18.056,0.320,0.645,0.990,0.097,1.535
18.064,0.345,0.625,0.985,0.100,1.527
18.072,0.345,0.625,0.990,0.103,1.521
18.080,0.355,0.625,0.980,0.107,1.515
18.088,0.405,0.600,0.955,0.110,1.506
18.096,0.545,0.535,0.650,0.113,1.500
18.104,0.685,0.445,-0.030,0.116,1.493
18.112,0.845,0.290,-0.500,0.120,1.484
18.120,0.945,0.205,-0.500,0.123,1.473
18.128,0.215,0.545,-0.110,0.127,1.462
18.136,0.110,0.675,0.530,0.131,1.451
18.144,0.190,0.695,1.005,0.134,1.439
18.152,0.285,0.670,1.170,0.137,1.427
18.160,0.295,0.675,1.185,0.141,1.414
18.168,0.285,0.680,1.210,0.144,1.399
18.176,0.280,0.690,1.210,0.149,1.387
18.184,0.275,0.695,1.210,0.153,1.376
18.192,0.260,0.700,1.205,0.158,1.364
18.200,0.265,0.695,1.205,0.162,1.352
18.208,0.250,0.705,1.195,0.166,1.342
18.216,0.250,0.705,1.190,0.170,1.334
18.224,0.235,0.715,1.185,0.174,1.300
18.232,0.235,0.715,1.185,0.177,1.253
18.240,0.225,0.720,1.175,0.181,1.226
18.248,0.220,0.720,1.165,0.184,1.209
18.256,0.195,0.735,1.155,0.187,1.196
18.264,0.205,0.725,1.140,0.190,1.187
18.272,0.180,0.740,1.130,0.192,1.182
18.280,0.180,0.750,1.095,0.195,1.180
18.288,0.180,0.740,1.080,0.198,1.177
18.296,0.170,0.750,1.045,0.200,1.173
18.304,0.165,0.755,1.025,0.202,1.168
18.312,0.160,0.740,0.990,0.203,1.161
18.320,0.195,0.745,0.970,0.205,1.152
18.328,0.190,0.740,0.940,0.206,1.143
18.336,0.200,0.740,0.915,0.207,1.134
18.344,0.205,0.725,0.895,0.208,1.126
18.352,0.215,0.725,0.885,0.208,1.118
18.360,0.220,0.720,0.880,0.209,1.111
18.368,0.245,0.710,0.890,0.210,1.104
18.376,0.250,0.695,0.905,0.210,1.100
18.384,0.275,0.680,0.930,0.210,1.098
18.392,0.275,0.675,0.945,0.210,1.092
18.400,0.300,0.660,0.965,0.209,1.081
18.408,0.320,0.650,0.980,0.208,1.070
18.416,0.350,0.630,0.995,0.207,1.064
18.424,0.370,0.620,1.005,0.206,1.060
18.432,0.390,0.605,1.015,0.205,1.058
18.440,0.400,0.595,1.020,0.203,1.057
18.448,0.430,0.585,1.015,0.202,1.057
18.456,0.430,0.580,1.030,0.200,1.057
18.464,0.440,0.575,1.035,0.199,1.057
18.472,0.445,0.575,1.045,0.198,1.060
18.480,0.440,0.580,1.045,0.197,1.064
18.488,0.460,0.555,1.055,0.195,1.062
18.496,0.455,0.560,1.055,0.194,1.059
18.504,0.445,0.570,1.060,0.193,1.058
18.512,0.440,0.575,1.065,0.191,1.057
18.520,0.430,0.580,1.060,0.190,1.057
18.528,0.425,0.585,1.065,0.188,1.057
18.536,0.415,0.595,1.070,0.187,1.057
18.544,0.405,0.605,1.075,0.186,1.057
18.552,0.410,0.600,1.070,0.186,1.057
18.560,0.395,0.600,1.070,0.186,1.057
18.568,0.410,0.595,1.070,0.186,1.055
18.576,0.390,0.600,1.070,0.186,1.054
18.584,0.395,0.600,1.060,0.186,1.055
18.592,0.390,0.595,1.065,0.187,1.058
18.600,0.395,0.600,1.050,0.188,1.068
18.608,0.390,0.595,1.055,0.190,1.099
18.616,0.415,0.580,1.055,0.191,1.160
18.624,0.405,0.575,1.045,0.192,1.253
18.632,0.400,0.595,1.035,0.194,1.374
18.640,0.395,0.600,1.035,0.195,1.519
18.648,0.415,0.580,1.030,0.197,1.682
18.656,0.415,0.585,1.035,0.198,1.858
18.664,0.455,0.570,1.050,0.200,2.032
18.672,0.490,0.535,1.070,0.202,2.178
18.680,0.515,0.530,1.055,0.203,2.306
18.688,0.525,0.525,1.035,0.205,2.437
18.696,0.515,0.520,1.005,0.205,2.561
18.704,0.500,0.530,0.990,0.207,2.674
18.712,0.505,0.520,0.975,0.207,2.773
18.720,0.470,0.540,1.000,0.207,2.856
18.728,0.430,0.555,1.015,0.206,2.925
18.736,0.415,0.575,1.020,0.206,2.981
18.744,0.405,0.555,1.005,0.205,3.027
18.752,0.365,0.600,1.010,0.204,3.065
18.760,0.340,0.630,1.005,0.202,3.094
18.768,0.335,0.640,1.015,0.201,3.113
18.776,0.320,0.650,1.010,0.199,3.119
18.784,0.330,0.640,1.005,0.197,3.115
18.792,0.320,0.645,1.010,0.195,3.109
18.800,0.325,0.640,1.015,0.193,3.099
18.808,0.340,0.620,1.015,0.191,3.081
18.816,0.355,0.615,1.020,0.189,3.056
18.824,0.340,0.635,1.015,0.187,3.022
18.832,0.345,0.630,1.015,0.185,2.982
18.840,0.345,0.630,1.020,0.182,2.938
18.848,0.350,0.625,1.020,0.180,2.891
18.856,0.340,0.630,1.025,0.178,2.838
18.864,0.360,0.615,1.020,0.175,2.782
18.872,0.390,0.600,1.025,0.173,2.728
18.880,0.485,0.565,0.865,0.171,2.675
18.888,0.615,0.485,0.320,0.168,2.622
18.896,0.730,0.380,-0.465,0.166,2.570
18.904,0.900,0.210,-0.500,0.164,2.518
18.912,0.385,0.440,-0.345,0.163,2.468
18.920,0.070,0.640,0.315,0.163,2.421
18.928,0.140,0.700,0.895,0.162,2.375
18.936,0.245,0.680,1.175,0.162,2.330
18.944,0.270,0.685,1.230,0.161,2.286
18.952,0.265,0.690,1.255,0.161,2.244
18.960,0.265,0.690,1.255,0.161,2.205
18.968,0.255,0.695,1.255,0.162,2.169
18.976,0.230,0.710,1.260,0.163,2.138
18.984,0.240,0.700,1.255,0.164,2.109
18.992,0.245,0.710,1.250,0.166,2.081
19.000,0.225,0.715,1.250,-,-
19.008,0.210,0.725,1.240,-,-
19.016,0.205,0.730,1.235,-,-
19.024,0.195,0.735,1.230,-,-
19.032,0.200,0.730,1.230,-,-
19.040,0.160,0.755,1.220,-,-
19.048,0.170,0.750,1.210,-,-
19.056,0.140,0.755,1.195,-,-
19.064,0.130,0.770,1.185,-,-
19.072,0.100,0.790,1.160,-,-
19.080,0.090,0.800,1.130,-,-
19.088,0.095,0.790,1.115,-,-
19.096,0.075,0.810,1.080,-,-
19.104,0.090,0.790,1.045,-,-
19.112,0.085,0.800,1.010,-,-
19.120,0.120,0.780,0.985,-,-
19.128,0.120,0.775,0.970,-,-
19.136,0.110,0.780,0.960,-,-
19.144,0.145,0.760,0.960,-,-
19.152,0.170,0.745,0.975,-,-
19.160,0.195,0.730,0.995,-,-
19.168,0.230,0.700,1.005,-,-
19.176,0.250,0.685,1.030,-,-
19.184,0.270,0.690,1.050,-,-
19.192,0.305,0.650,1.065,-,-
19.200,0.330,0.630,1.070,-,-
19.208,0.345,0.620,1.080,-,-
19.216,0.365,0.610,1.085,-,-
19.224,0.375,0.605,1.075,-,-
19.232,0.380,0.610,1.090,-,-
19.240,0.390,0.590,1.090,-,-
19.248,0.410,0.585,1.090,-,-
19.256,0.395,0.600,1.090,-,-
19.264,0.415,0.590,1.085,-,-
19.272,0.420,0.575,1.095,-,-
19.280,0.415,0.580,1.100,-,-
19.288,0.425,0.575,1.095,-,-
19.296,0.405,0.595,1.100,-,-
19.304,0.395,0.590,1.090,-,-
19.312,0.390,0.600,1.095,-,-
19.320,0.390,0.605,1.090,-,-
19.328,0.385,0.610,1.090,-,-
19.336,0.390,0.605,1.095,-,-
19.344,0.370,0.615,1.090,-,-
19.352,0.365,0.615,1.085,-,-
19.360,0.360,0.610,1.090,-,-
19.368,0.365,0.620,1.075,-,-
19.376,0.355,0.615,1.060,-,-
19.384,0.360,0.620,1.070,-,-
19.392,0.365,0.600,1.060,-,-
19.400,0.360,0.620,1.050,-,-
19.408,0.375,0.625,1.060,-,-
19.416,0.395,0.590,1.055,-,-
19.424,0.435,0.570,1.075,-,-
19.432,0.460,0.555,1.085,-,-
19.440,0.470,0.555,1.055,-,-
19.448,0.475,0.560,1.035,-,-
19.456,0.450,0.565,1.020,-,-
19.464,0.465,0.550,1.000,-,-
19.472,0.475,0.535,1.000,-,-
19.480,0.435,0.565,1.010,-,-
19.488,0.395,0.575,1.030,-,-
19.496,0.355,0.600,1.015,-,-
19.504,0.330,0.615,1.015,-,-
19.512,0.300,0.645,1.005,-,-
19.520,0.295,0.650,1.020,-,-
19.528,0.285,0.660,1.010,-,-
19.536,0.275,0.665,1.015,-,-
19.544,0.270,0.670,1.015,-,-
19.552,0.290,0.650,1.020,-,-
19.560,0.290,0.660,1.005,-,-
19.568,0.295,0.650,1.000,-,-
19.576,0.305,0.640,1.000,-,-
19.584,0.295,0.650,1.010,-,-
19.592,0.290,0.660,1.010,-,-
19.600,0.305,0.645,1.015,-,-
19.608,0.320,0.630,1.020,-,-
19.616,0.315,0.640,1.010,-,-
19.624,0.330,0.650,1.010,-,-
19.632,0.315,0.630,1.005,-,-
19.640,0.445,0.580,0.890,-,-
19.648,0.600,0.495,0.410,-,-
19.656,0.715,0.390,-0.305,-,-
19.664,0.900,0.240,-0.500,-,-
19.672,0.400,0.465,-0.310,-,-
19.680,0.030,0.685,0.260,-,-
19.688,0.090,0.735,0.835,-,-
19.696,0.220,0.695,1.135,-,-
19.704,0.250,0.685,1.195,-,-
19.712,0.240,0.695,1.210,-,-
19.720,0.255,0.695,1.210,-,-
19.728,0.225,0.710,1.210,-,-
19.736,0.250,0.685,1.225,-,-
19.744,0.220,0.715,1.200,-,-
19.752,0.230,0.705,1.200,-,-
19.760,0.210,0.730,1.205,-,-
19.768,0.230,0.705,1.190,-,-
19.776,0.210,0.715,1.195,-,-
19.784,0.195,0.735,1.185,-,-
19.792,0.170,0.750,1.190,-,-
19.800,0.165,0.755,1.170,-,-
19.808,0.160,0.745,1.175,-,-
19.816,0.135,0.770,1.160,-,-
19.824,0.120,0.775,1.150,-,-
19.832,0.120,0.775,1.125,-,-
19.840,0.105,0.770,1.100,-,-
19.848,0.090,0.795,1.075,-,-
19.856,0.080,0.800,1.050,-,-
19.864,0.090,0.795,1.015,-,-
19.872,0.085,0.805,0.995,-,-
19.880,0.110,0.790,0.955,-,-
19.888,0.135,0.760,0.935,-,-
19.896,0.165,0.745,0.925,-,-
19.904,0.155,0.760,0.920,-,-
19.912,0.185,0.740,0.920,-,-
19.920,0.200,0.735,0.935,-,-
19.928,0.240,0.705,0.960,-,-
19.936,0.265,0.685,0.980,-,-
19.944,0.290,0.665,0.995,-,-
19.952,0.335,0.630,1.005,-,-
19.960,0.360,0.620,1.015,-,-
19.968,0.380,0.605,1.025,-,-
19.976,0.395,0.605,1.035,-,-
19.984,0.415,0.595,1.030,-,-
19.992,0.425,0.585,1.030,-,-
