'Elapsed time','II'
'seconds','mV'
0.000,-1.305
0.008,-1.305
0.016,-1.305
0.024,-1.305
0.032,-1.305
0.040,-1.305
0.048,-1.305
0.056,-1.305
0.064,-1.305
0.072,-1.305
0.080,-1.305
0.088,-1.305
0.096,-1.305
0.104,-1.305
0.112,-1.305
0.120,-1.305
0.128,-1.305
0.136,-1.305
0.144,-1.305
0.152,-1.305
0.160,-1.305
0.168,-1.305
0.176,-1.305
0.184,-1.305
0.192,-1.305
0.200,-1.305
0.208,-1.305
0.216,-1.305
0.224,-1.305
0.232,-1.305
0.240,-1.305
0.248,-1.305
0.256,-1.305
0.264,-1.305
0.272,-1.305
0.280,-1.305
0.288,-1.305
0.296,-1.305
0.304,-1.305
0.312,-1.305
0.320,-1.305
0.328,-1.305
0.336,-1.305
0.344,-1.305
0.352,-1.305
0.360,-1.305
0.368,-1.305
0.376,-1.305
0.384,-1.305
0.392,-1.305
0.400,-1.305
0.408,-1.305
0.416,-1.305
0.424,-1.305
0.432,-1.305
0.440,-1.305
0.448,-1.305
0.456,-1.305
0.464,-1.305
0.472,-1.305
0.480,-1.305
0.488,-1.305
0.496,-1.305
0.504,-1.305
0.512,-1.305
0.520,-1.305
0.528,-1.305
0.536,-1.305
0.544,-1.305
0.552,-1.305
0.560,-1.305
0.568,-1.305
0.576,-1.305
0.584,-1.305
0.592,-1.305
0.600,-1.305
0.608,-1.305
0.616,-1.305
0.624,-1.305
0.632,-1.305
0.640,-1.305
0.648,-1.305
0.656,-1.305
0.664,-1.305
0.672,-1.305
0.680,-1.305
0.688,-1.305
0.696,-1.305
0.704,-1.305
0.712,-1.305
0.720,-1.305
0.728,-1.305
0.736,-1.305
0.744,-1.305
0.752,-1.305
0.760,-1.305
0.768,-1.305
0.776,-1.305
0.784,-1.305
0.792,-1.305
0.800,-1.305
0.808,-1.305
0.816,-1.305
0.824,-1.305
0.832,-1.305
0.840,-1.305
0.848,-1.305
0.856,-1.305
0.864,-1.305
0.872,-1.305
0.880,-1.305
0.888,-1.305
0.896,-1.305
0.904,-1.305
0.912,-1.305
0.920,-1.305
0.928,-1.305
0.936,-1.305
0.944,-1.305
0.952,-1.305
0.960,-1.305
0.968,-1.305
0.976,-1.305
0.984,-1.305
0.992,-1.305
