54.73755336240175 5.733146231614101 -1.3669103114696377
54.738797609278464 5.731507031643623 -1.3636604008770163
55.276471120459554 5.59536042563732 -1.366528005466758
55.269603689341956 5.589128744582417 -1.3530679583093481
38.1510821879868 18.954396346085975 -1.1808369899790416
137.1644695601654 3.2089689491202624 -2.5135758324156487
57.258647215108844 -4.627769537509283 -0.941152596978361
-139.733564678881 -7.860761335992959 1.8209087787142186
-150.38741216980594 -1.851605453442062 1.757265744427037
-150.084708691736 -1.9597336217367762 1.782858747744633
-29.605961446062704 9.214025889126198 1.1818995712320084
-150.08677851342227 -1.957006804147154 1.777453450129559
-154.50750388678009 -2.998320964706574 3.0074134351480537
-154.95276451241926 -2.8974614262410228 2.981474102788099
-36.47166553377329 -29.198112502644108 0.18313963725211047
-34.7400684643623 -28.681309552177602 -0.23916285849090946
-94.12722371106203 12.800892656416593 2.454956795777197
-94.1276353596523 12.801434971857596 2.4538815902885682
-106.88353716447452 23.242448492066142 3.066825048330532
80.54951055459316 4.422205728383211 -0.11965487421967036
82.15422087727839 4.083815623700396 0.07114732133350954
-29.604532841689508 9.212143889358591 1.1856265256820078
81.09629347926847 4.288765245255114 -0.02967089137715795
81.09680891318277 4.2880862006082765 -0.028324603817057925
179.3580952477296 13.46461499518766 -1.3142861947920275
-27.07545346542475 3.641267731294681 1.0446163417625496
-27.077398008170785 3.6356665858598354 1.055409342461443
-27.07960708695986 3.638576863090956 1.049640377816714
-27.79801572883274 3.847763085404435 0.9954506084556529
-77.19763511185785 -4.476574465829741 -0.24368101293996203
-77.20197352017644 -4.470859286433353 -0.2549923882898353
-77.44353197378756 -4.358752750327701 -0.2796185577216894
-29.609693142987236 9.218941785068356 1.1721722583149092
-112.5400211381164 -5.871980242791896 0.6243598895604443
-112.54114975161592 -5.874270934210933 0.6297064723931509
-112.54129075133254 -5.874085173547959 0.6293378901041995
111.6431950824273 -0.6544172224865277 -3.32429439615838
111.04749125696203 -0.44467339142812423 -3.419429556177638
111.04722429791615 -0.444321686526417 -3.420127402028632
137.11378179858824 -20.99003608829109 -2.3207922622350363
16.07716754218858 -12.50373665998692 -0.6002628706213536
16.383337889491383 -12.55760636734476 -0.5381275319701804
17.472964075344596 -15.3464923734308 -0.6993151005745462
-29.61015950468586 9.219556195546456 1.17095315837466
14.78518064973959 -16.06774255497033 -0.004271909047117495
36.58492898696565 -0.17087460262990783 1.0248359843951147
44.02745115303046 1.518935910275312 -1.0749328413664583
64.71159794485249 -10.16828916344784 -0.8512093965311547
63.57756409105789 -9.87344504780752 -1.0122561020085015
63.09595307418353 -9.725389112451012 -1.0850966575973784
-28.513433777546467 -26.70836634874623 0.0147749656599655
-28.513433777546467 -26.70836634874623 0.0147749656599655
-28.372732873245884 -26.731523265276806 0.036164274729222234
-28.372732873245884 -26.731523265276806 0.036164274729222234
-29.903938076823334 9.26784465804904 1.1908351809092494
-28.36800881821287 -26.738817313509333 0.050649425929137126
-182.54689269949228 -18.91628522529845 2.3168097896768622
-182.18695660366052 -19.563453939195522 2.2647482431893624
-114.94170104228519 -21.41743417637001 1.3203061107837866
-114.94170104228519 -21.41743417637001 1.3203061107837866
-160.25448620191042 -14.282202903350425 2.249853142806602
-160.25423345261655 -14.282535861316319 2.250512126934042
-160.3878424423832 -14.261556835035146 2.2355913828747487
-160.09739429896396 -14.311269963325257 2.274653105975578
-158.9758890424934 -14.041314884392781 1.9687721965397866
-94.90784564742816 -0.13678160355319502 2.555080502705126
-159.7085097796621 -12.58470101413048 2.0345994997618377
-176.0424105509526 0.2926386188419565 1.383844634430693
-110.6872628617055 -7.671595799365669 0.7118107301684895
-110.68763549051398 -7.671104909509712 0.7108386132251523
-110.68704756505656 -7.671879424631809 0.712372397757399
-74.6857248491521 -6.667948886670818 -0.1525715356558397
-74.68782086410513 -6.671728628680948 -0.14360368577191251
187.35013485203092 -2.2497041274323983 -4.870177538504594
187.05820635982582 -2.1060706533242355 -4.908945680380636
182.31288768505308 -0.9601169978868871 -3.1437814824377583
-94.90876682960341 -0.13556801887363368 2.5526748493639753
182.30930785371072 -0.9641863840365041 -3.1350913667159626
181.63604992658514 -0.7339716865508858 -3.1951068743359627
173.60034828902877 -2.727733733225833 -0.9904970230068002
-81.56271414599787 -6.910743431039286 1.7962365709364796
-81.20167120404595 -6.982447355518659 1.8131168009064078
-75.66149975422178 -10.56599182077808 1.5417864093190898
-75.66240087133549 -10.564804716493994 1.5394355679435494
-125.45129108013427 -3.8859827100333115 2.578395319925084
-125.89081369229226 -3.7929242256887252 2.562076350585522
-129.15320366797224 -2.9053145472141706 2.737706767156207
-29.896581688795628 1.129040317655488 1.8015970498467708
-129.15631090997186 -2.901221238299374 2.729605367028877
-129.15608740160707 -2.9015157003142593 2.730189632206573
-185.30755405067302 -1.4661877554189444 3.440062090016544
-52.69006761465994 6.9832867182467435 -0.8139660598480247
-46.47340627225147 -0.03880145192125095 -0.6942589907760028
-47.13092859108658 0.2007023477294536 -0.7993503975304136
-46.71757896789545 0.0667043755973622 -0.755311820388924
-46.71434762951637 0.06851525613416731 -0.7602571628025571
-119.76035471744822 -8.7312861780905 1.125556594897462
-119.76037266706116 -8.731262530031358 1.1255096530731428
-30.27921935811579 1.2369846504931936 1.7900810553357447
24.883229935243886 -7.156268790666257 -1.1794640226751827
24.883695288775442 -7.156881855044379 -1.1782487614780002
200.60856056596865 -19.518547838176218 -3.5494908899509428
180.07571518824054 -4.184055380989447 -4.437478266935488
180.0762102270362 -4.184707556623392 -4.436185250442558
180.4812203253436 -4.364969584141936 -4.366948866485951
171.94690629801212 -5.923088046738314 -1.8434303447074125
-91.44859440057436 -10.981754690921099 1.3893053945817277
-91.44925490899062 -10.980884557232809 1.3875822550787316
-90.96151925056714 -11.092332593347617 1.4260081577587735
-30.27823641554087 1.2483749150066341 1.7690280145367208
-74.06454048865353 -5.8060924738739335 -0.0554555431331234
-90.95927056493875 -11.092390923135653 1.4262217631942624
-137.25789271156992 -5.82006669276695 2.235738785813492
-137.2592967259568 -5.818217121793596 2.2320781497943796
-143.17645663555598 -0.8579548655155125 2.5331134346221793
50.37286328612055 9.377843406242087 0.48325671762543254
50.37313370326716 9.377487144053648 0.48396360539752936
22.952519760607654 20.727782733668537 0.7656459682066854
-94.04187093045012 17.469493795786537 2.4307739518594063
-94.90700782312237 17.642946949545692 2.3953093940139216
-82.00986162739055 20.18216126350039 -1.3540851881545644
-122.34425720051472 13.642977772141084 3.6842647458791307
-81.09093041548319 19.807667330659296 -1.221997060518675
-121.10710200561843 -10.348642667673154 2.284050841288561
-121.10732971601172 -10.348342683046702 2.2834561871055277
-118.7576816572987 -9.462060093389814 1.8001113965690476
-155.3886901218149 15.464481104765639 1.8443056602845118
-54.51084076418132 2.584170672499045 0.41967174058603474
-47.37493450050571 -3.529036795879262 0.3220437616801539
-47.374858597882266 -3.529136795133637 0.3222422621520762
145.52575335599496 1.5139407754319583 -2.5182429802723076
257.54970811639606 2.8886680684149035 -4.450743286295372
-122.80022850962415 13.727635062622259 3.700666975583578
257.9592669174916 2.7586709665651807 -4.440636027363506
258.43088787383846 2.554458138051431 -4.378741401996353
258.43563972377086 2.5658220041695077 -4.402547483287896
257.95321981789374 2.7144360440984707 -4.408856171450225
257.95305334671457 2.7146553647160028 -4.409291526837649
54.311999293838554 -10.197449227001723 0.012505751477073002
315.0038498405274 -9.599913271606795 -3.0344705076074985
315.66638464109326 -9.751751828868128 -2.9945071835253945
316.2679318415628 -9.91189570892481 -2.953017451268116
234.12140079578094 -15.57992842719091 -2.279413242167088
-122.80011887213122 13.727490618777987 3.700953699460496
227.45480815754144 -10.232734922689703 -1.8181614455306496
233.65767461749726 -8.35869739055484 -3.3364174917275844
234.530790022239 -8.570965814558654 -3.204815791520077
234.5367813432082 -8.567022703173093 -3.213102555613298
208.70607256848623 5.786354358516191 -3.5080940466179102
208.70340161646166 5.789872989258007 -3.5150620469012885
36.572713481395056 29.404376274026625 -1.1377265248210024
36.570453445098714 29.40735357701359 -1.143622525078766
36.565649388771185 29.413682175447846 -1.1561479677268958
61.33373228215747 -2.721590095648775 -1.9304681303946092
19.816986265693064 30.274986451737423 3.11294271929592
61.340083831030654 -2.723493165581942 -1.9279195883630846
62.1450680468718 -2.9593551289812936 -1.764753127663599
62.145247365348666 -2.9595913728543835 -1.7642843776330124
34.882123298876955 14.57217069477428 -3.203335113997053
48.500805302941274 2.4633406443476455 -2.7385915431776713
48.92342056543674 2.2678509841383923 -2.67104230359722
49.433622341803535 2.086185769099971 -2.631090725061051
40.35210205900412 0.570346148159606 0.12621205123254053
153.9200272602642 -11.939435119460423 -1.8164846779307604
-91.4028746600745 -11.516594124577376 1.3832427442823154
19.47462062961013 30.311440404094114 3.162754654345618
-127.08431432516575 -12.608044860739941 1.8795618986627796
-127.0844473007413 -12.607869671516742 1.8792142919745198
-127.08342865702856 -12.609211576459337 1.8818701649479115
10.718736176262087 2.1489377616564096 0.4361115126670457
19.626416859043683 3.7599674189691066 -2.234349138300772
19.622858605039283 3.756884685351517 -2.2264950295362187
257.1886154001468 13.657309889788186 -6.766138503767878
257.18646907765367 13.660137390942907 -6.771737847864286
133.98303872890315 35.84226772285413 -6.009423052669293
133.98555794781257 35.83894897957739 -6.002850893525742
51.28001869817849 12.509398132862215 1.6493926210148395
-1.395542172284212 19.219029474001495 -1.7327471156317913
-1.3984533963837371 19.222864558275234 -1.7403374436999468
-0.026519199197876625 18.813150582624967 -1.4991910847696577
-1.591119411839741 19.293806019437856 -1.798071621731626
-0.5947113728202228 18.923991067001026 -1.5995287373219256
-38.74663241531832 43.18426061540022 -3.631434164405445
-19.892738822028598 26.12863186704915 -2.9977701798088283
58.803259016170315 25.85812888673395 -4.611057391003088
58.612466181920944 25.897107408993314 -4.576842036405451
41.28536145055271 23.07100072191325 0.7227287503050615
67.29839344818838 5.777498218648326 0.9299197957183639
-113.55604178166763 22.375247661341177 2.717208779531747
-113.55593751823032 22.375110297495866 2.717481449182822
-202.8238731290149 8.987564914908432 3.4636769410214754
-215.0408991325296 17.4548116217495 3.8260376392294884
-215.04097503508237 17.454911621453242 3.8258391383174715
-98.25583963949529 4.0438064072902575 1.8728227736048753
-97.74306165871326 3.922051543021711 1.9201023343220909
-97.74161861446831 3.920150452866664 1.9238708153087853
-72.60324541544533 -10.52616769254939 1.275024264505011
-72.60130118324508 -10.525423342576044 1.2737520031606038
67.29848380922807 5.777379170928729 0.9301561077081767
-72.1801295692133 -10.600995225948955 1.3304741444385597
76.80073544827154 8.159758345236005 -1.6417099706288014
-50.62012495256999 3.874691010463319 -0.8976838808660179
-78.44486953788622 -4.191754027414648 -0.33440372650062544
33.541641946999306 -7.422078004090046 -1.6958991164899362
33.19510069991305 -7.3074510820780985 -1.7414380671751881
33.5839899241776 -7.4451787626782515 -1.6771948099670215
33.58512023097235 -7.446667794471248 -1.674246056687345
33.58228074408462 -7.442927211349039 -1.6816493483591857
34.078514974211735 -7.640814730665748 -1.6036030061165998
28.633444661837423 -8.728730580983763 -0.024498699563346493
28.633261362423454 -8.728489092427036 -0.02497785603513636
-17.464247916470363 -15.661058860349819 0.40320741524802783
195.37677117036205 -18.70592933354045 -2.3833010768158736
-78.50657879284971 -4.166123116550993 -0.330482431564441
195.37927308828594 -18.705228869478603 -2.3844201005998777
199.18114389479888 -22.276298820577495 -2.6432372730987193
178.27641591874664 -10.314359267629069 -2.0727760193668634
280.084043367263 -9.955825968411474 -4.417241877382906
273.4918391162957 -11.656116280453766 -2.6483282136625874
263.2423746066228 -4.380114067032128 -2.087314773210177
263.2365261880942 -4.388016281536087 -2.0734810877960497
115.34641346559786 14.698197050552483 0.9540293149700849
84.21062493967348 27.2555185607828 2.145235633177068
85.10121549899881 27.073645063641973 2.1425302082896978
-72.50626272271384 -8.91077593337891 -0.1055466711648183
84.37913994260315 27.18862442001752 2.191640918802159
-84.06282667067106 11.875673395503119 3.148172621230005
-84.06050218602647 11.872611082518361 3.1542429646215737
-84.05953464344837 11.871336440964857 3.156770104473838
-83.47640623587489 11.718245677788547 3.1671056565003783
-158.04964867529944 9.22194734451931 3.9483539615533423
-158.04900134813323 9.221094542539799 3.9500447467212014
2.7160747341420612 2.0987661419353305 -1.808715092051146
-167.00485093858816 -4.49749348347375 1.3871275386157598
-156.96954788179505 -11.986380779546662 1.8042458632255134
191.71325113510164 -6.727798737215814 -4.7940635085215115
-156.96948402606935 -11.986464904583338 1.804412651205019
-227.2712603252033 -7.039995934885475 2.7529137646927264
-227.02269101140365 -7.1276426949846 2.8019981083169974
-228.51618538250656 -4.650326638594816 2.866336142938108
-228.51606230698098 -4.650488781789909 2.8666576107958637
-228.51641175627043 -4.65002841009073 2.865745028597438
-175.43745254946023 4.945274540575015 1.2987834264826765
-174.9219223421202 4.767771216607141 1.3804468605291822
-181.47147257042886 3.434233422243104 3.2810474769790665
-182.61444736994437 3.7032883782811963 3.1430248824160256
113.56565800813195 -4.70383304338583 -3.416181003801693
-182.61184255411766 3.706172743101801 3.1375404870022545
-39.956682899948866 33.36805909976081 -0.1647658712091179
-55.08316268573377 29.802090644153484 4.038563253190409
-55.88091754285066 29.949380538605816 4.037764399344593
-55.88432750098855 29.95387287443318 4.028859360957147
-168.220907125628 13.53482245626027 4.2505036864489085
-73.67353423681661 11.977824212099375 3.084893184333461
5.413702864182554 0.027162506355610752 1.3296869737179284
5.413539558000192 0.02737765718669101 1.329259895438307
5.414357315913971 0.034089152818913004 1.3169347922131498
105.80136679195296 -6.0431299291511715 -1.085862037960724
12.180218196603025 -1.9392460878783875 1.0465987001130426
12.180288952309247 -1.9393393063261712 1.046783740395288
12.984531325745902 -2.1276983576423762 1.1084160125300675
12.229934069591886 -1.9346207411466096 1.057084474222161
23.38461657849598 -8.818199793349415 0.5014811325958003
20.463477955728195 7.641874305650608 1.681302855567585
20.699293610944807 7.592987481485876 1.6490719220384307
35.94018871596333 1.26503061186594 0.9792592335752137
150.86585006099136 -11.458795241775505 -1.225328862775435
150.86678221196746 -11.460023279172075 -1.2228941311405042
105.48877213112118 -5.950165099727085 -1.095639904116522
142.49975847010464 -5.612894064301869 -0.8181078137065603
143.1396604234691 -5.732190749498573 -0.7584236130119206
144.3890324866746 -5.972808999830654 -0.627662440968265
86.69841913201329 -16.382067221612242 -0.5629308301753366
89.64731801991017 -15.405322854020694 -1.2422108952823516
89.64636945445446 -15.40407319769301 -1.2446880550885393
89.6463336916679 -15.404026082006762 -1.2447815813576424
-123.53972145160171 -13.248889609293201 1.66909429731694
-123.54159812217998 -13.249358617555902 1.670097230394339
54.73648238881172 5.7345571569894815 -1.3697076407023197
105.48857188862831 -5.956732528687633 -1.0828874204737757
