195.2481337378881 30.40531433133295 6.115709090057462 -4.779654368724442
195.24854842337615 30.4054870159656 6.1167083868314105 -4.777859168195232
195.6915414571861 27.570676251599313 5.770150951203787 -4.3231024271075
195.6964961263223 27.562943007498703 5.739265565328431 -4.383058293848009
245.1868554272461 53.11321005491821 4.347908160743065 2.699218560852128
445.81597953200014 -20.315463039902976 0.4521153040832049 -3.2152634445766406
156.60849656832792 -44.628705160820964 -3.5618641648807547 4.743213660885907
-525.0194264607835 -28.37578561247651 2.586153325027211 5.360752280298488
-527.4312724261052 9.70209340198614 7.024446199043551 1.9935397099804995
-527.4198922929239 8.988764694155623 6.910200053063784 2.0484866262247703
-4.5689505398738905 75.61890424136601 1.0162057017245985 -3.926963786445709
-527.4205812671487 8.988477789359438 6.908539783441641 2.0455040119939585
-507.88593015829605 17.75589443908389 -0.18980095309329137 0.3858801450381756
-508.07370208996707 19.156946490445783 -0.04180025483438676 0.21651789458641613
-385.51311996474783 -118.38936179516499 -0.15100142458674234 -12.968840481337681
-431.6007324090454 -129.2945071983238 15.45469614714999 -15.766620794535863
-144.2118491205621 72.90514770404263 -6.066843823654911 9.52639701592024
-144.21198631573608 72.90509057279729 -6.067174432512975 9.52580308905747
-59.16404403721252 100.39777912360411 -14.000503492190118 19.94864292198973
369.57108926808166 0.3516001988537947 -14.270856995927556 7.735104559319877
370.3189602214777 -1.3833055465399573 -14.023207563608949 7.96290410778601
-4.568478353581813 75.6191008705843 1.017343568886688 -3.9249196563952005
369.791654958757 0.1894422170373009 -14.09117354011411 7.70477169846264
369.7918267437876 0.1895137522991679 -14.09075957764669 7.70551536707001
726.1613751218895 32.022974679299416 -8.953869138628445 -3.6449101798875803
-46.96211471973454 14.36463836475029 -1.878653141916411 0.20437025720891666
-46.959206837730314 14.36034109086519 -1.891646820783564 0.17698124806987542
-46.959942166511034 14.36003488296424 -1.8934187942136027 0.17379796200997658
-46.8581528213402 15.359485151778346 -1.6500898828937984 0.12016686388765788
-337.6828455929651 -22.934366656687256 8.535607386469096 -0.19742128251463636
-337.6842736464267 -22.93496132955981 8.532166107223388 -0.20360340186767123
-337.6331101545277 -22.35329008334436 8.72134368784461 -0.19822913126298214
-4.570176945086427 75.61839353959725 1.0132503553903625 -3.9322729503729708
-449.6697977479551 -29.43396345636219 6.579764614685811 4.053347735331306
-449.66851908936343 -29.43428408309446 6.57494036944982 4.041518314215084
-449.668566345482 -29.43430376164332 6.5748264930471585 4.041313739313294
307.31021679894087 -46.74574145921905 4.415482171086339 2.104336578683049
307.14028076457527 -45.98822700064776 4.5069008940692985 2.0331028651505405
307.1401912932444 -45.9882642585972 4.506685288675198 2.032715537723533
273.4822961903858 -120.11245431077796 -4.324810019419871 -0.4155356854351834
-48.32306744521467 -74.72020069578248 -1.68453565468659 8.060882444794585
-47.877432151166474 -74.82718385649025 -1.318662692008764 8.220020017884963
-79.86414293201584 -82.1117905048663 0.866461105861166 2.5082271742488755
-4.570333244571234 75.61832845258007 1.0128737022468826 -3.9329495900844744
-46.86701098969264 -73.1584069349903 -8.83408428108457 2.8896026661830927
160.6949059279796 33.10375008663212 -6.72367354234956 -8.027887228845561
128.43510679331348 18.185032218261092 5.779496239539619 -5.194918385829521
129.4292527543629 -61.742572300956866 -2.096274754039843 1.4167165970282833
128.71888855406436 -60.33110867077507 -2.3956649161655643 1.1753336708651017
128.57619099686684 -59.80928486660635 -2.4798088256243274 1.1236915317808305
-340.83426798289435 -113.79342062392469 2.657243742649908 -8.6099827340326
-340.83426798289435 -113.79342062392469 2.657243742649908 -8.6099827340326
-340.47333661231204 -113.91372126982019 2.924810432921731 -8.525903525167566
-340.47333661231204 -113.91372126982019 2.924810432921731 -8.525903525167566
-4.911642641032951 77.4721811018572 1.1239387388056095 -4.2868382829858716
-340.4712540267667 -113.9135535406974 2.9272437611055326 -8.522605379596085
-773.5593017588703 -63.018209785216406 5.830707298588542 -1.2721572350511545
-792.107076986137 -67.19948616935287 9.769882516981884 -4.103623522687831
-580.5515197832489 -82.57932280508115 6.528169583896975 -4.919337483870085
-580.5515197832489 -82.57932280508115 6.528169583896975 -4.919337483870085
-638.1371738109466 -45.509956963547594 1.6733469073929692 2.9938037454171855
-638.137090614665 -45.50992231878569 1.6735473912285541 2.9941639065431893
-638.321725091301 -45.32156131408656 1.5677783415236135 2.9491447166123828
-637.8540505369762 -45.59318743280285 1.9056198096356098 3.0260902343018397
-649.7922730142004 -48.976276145476966 5.286890334133013 3.1079563264330883
-263.2529356700256 24.144546629958743 -5.9231122304760895 1.464680934590945
-635.4822727213274 -45.40876641341061 4.660893488002882 5.706379033584916
-613.3437321861682 5.348821733363062 9.975981688877905 6.946778862139099
-456.7921085929535 -32.35349935644189 6.671269136607179 2.7316875445455837
-456.7922317558036 -32.353550644198826 6.670972342521218 2.7311543656215775
-456.79203743218875 -32.35346972351359 6.6714406176364776 2.731995603488615
-343.2215495278627 -25.99533417992487 8.485052797134644 -1.260426344783702
-343.21924420904304 -25.996572594163617 8.473682205243682 -1.284223371369729
520.208861071864 -39.87027912435377 8.21319359538936 -8.54673764294802
520.2283105553004 -38.81247445415474 8.511117216589174 -8.54889503097392
560.3225069799907 -51.554768500988864 -2.016888063032166 -3.9271475447769566
-263.25324230141155 24.14441894155795 -5.923851141714012 1.4633535073239536
560.3249987573629 -51.557256088326966 -2.029577467547716 -3.9563916940226584
560.4875670134968 -50.84761406992039 -1.7740941269677606 -3.9541255884966238
592.2568920515587 -36.73995124759391 -12.089254387901397 -7.125282654005525
-307.1952287189847 -24.431408656289868 -1.6775417868845355 -0.5734958783813775
-307.18983960546524 -25.01669270277337 -1.8161485223370915 -0.49462602048935594
-324.9672549187613 -32.02443179730088 -0.6789438128866654 -2.3758256955020443
-324.9675527598037 -32.024555824950255 -0.6796615411344324 -2.377115066130745
-422.93059992083715 5.823914515441592 -0.6423063291785893 -0.43310037485010966
-423.05150239912365 7.105871415023394 -0.4607919440955053 -0.6031248093988044
-440.14053308134777 41.910478044786565 3.562951076366823 -6.557362776927939
-59.80013100740716 37.621039004384734 -3.022030543149344 -6.669771165758919
-440.14155587789793 41.910052129805436 3.5604863727355207 -6.561790517579286
-440.1414809689421 41.910083323639526 3.5606668861335473 -6.561466231691919
-595.9612444675362 36.39306302213426 1.197976182636542 0.14805527357509263
-168.41511881946994 -4.189389625359775 7.226159147693008 10.049148018657826
-199.07196976755063 -14.648316576420239 8.074631315794768 4.340727131797888
-199.3044856792577 -13.521629062638743 8.215985011452645 4.233434667083403
-199.0909107001489 -14.517300200663742 8.097336063258833 4.38693884602366
-199.0925999241915 -14.516478764414158 8.106855945200754 4.408833516235642
-482.48935129492986 -37.48300744422514 5.519049534033766 5.956441410524158
-482.4893573289154 -37.483009956916504 5.519034993517349 5.956415289007986
-59.77156769312958 38.93780572679087 -2.7877451920656644 -6.801938464502602
0.2826374489247117 -54.38977255028206 3.3756111088079868 5.941831548209792
0.28279234910034906 -54.38970804626827 3.3759843826494444 5.942502121138666
476.68575216076886 -122.20072556366529 -2.282792262628406 -3.840853157051242
497.72455065064685 -45.79945327545263 6.701601454483076 -4.663746730404103
497.72471563839576 -45.799384570734354 6.701999037068057 -4.663032487651481
497.80804036577626 -46.79650243736359 6.567558967367697 -4.610816863747667
535.1665978570966 -29.01067714183877 -6.661842084864748 -7.595390577528842
-387.4603549397417 -38.85959840764016 0.6806599631942651 0.2728169174960624
-387.4605732539054 -38.8596893185245 0.6801338763863034 0.27187182319473324
-387.2697129563518 -39.77787817796356 0.6260638679924788 0.3975306123084291
-59.777393151160354 38.94915007846178 -2.76209377559824 -6.755604956621852
-332.00067274874885 -37.30987902815018 6.038849273286922 1.9500594014376147
-387.2702727571499 -39.77609821123132 0.6319625235879429 0.4097310363590124
-490.077311729529 -11.627877514195848 1.1396717250303436 3.0140313672340566
-490.07777388212685 -11.628069964702874 1.1385580439355945 3.0120306840703956
-458.2129300255245 -1.1878777371513238 -1.3067979822228142 6.983280008888474
290.22148943888664 9.74711058954053 -11.347766779693062 7.9882691176192635
290.22158006937525 9.747148330186405 -11.347548381019283 7.9886614630582935
248.19884069021694 111.78292104060608 1.8761700607395495 -7.150855703458421
-116.94989252165936 86.31169966104967 -4.550273533005053 8.234254892693858
-117.41193929343807 88.44099363655329 -4.448618698021363 7.855936081982342
-176.65596586984958 62.43394958019868 14.800651109019212 12.046073495235161
-243.87698469292462 114.82682827397842 -1.7608870143088593 -4.440978649948131
-176.62095957076062 61.111161161309624 14.62463641889094 12.131228969919704
-382.72437776408185 -23.470366739650345 -21.65082927343602 13.877853555743346
-382.72445355999395 -23.470398302779714 -21.651011921672076 13.87752543294113
-434.51779719948763 -36.00900012991063 -4.433792271370705 11.463283762566563
-390.3636678948297 61.36078846453494 4.796399689147497 12.047432517427579
-167.20096769269605 -0.25928196704505646 2.0465667497200917 5.335867118362365
-198.21516430722042 -12.195597552696013 3.5724553857137704 0.7611172876757871
-198.2151387918701 -12.195586927511041 3.5725168718131988 0.7612277452795928
474.0730016580314 -12.24406752440165 0.1314142311535864 -2.7168143363197563
821.128121401231 6.999816670364542 4.615343744216083 -14.929625859405144
-244.18692009564074 117.85060053124863 -1.3788805510506643 -4.9003699577634565
821.4550542700132 3.716089571387598 3.996392183900994 -14.577277719572983
821.4937036181783 1.574964948355845 3.492764866359013 -14.514741027980492
821.4869242215069 1.5841810417464073 3.528104372318616 -14.449047317115784
821.0782579205079 5.124048442470319 4.125216443541687 -14.892036946941749
821.0782019599901 5.124025139206389 4.125081591535688 -14.892279203776189
115.6221473063323 -40.04206288917866 -5.14477656048845 -6.842667125535394
997.1351451705343 -58.65486077269567 -14.397408144243473 -15.389972476134739
997.2759990245376 -60.42290828321899 -14.682212706904858 -15.200155726447978
997.2502741430438 -61.696775530447866 -14.92500326632445 -15.107532530745482
704.0190176895925 -87.66967646033265 -18.31746105773905 -5.4852268187201565
-244.18688324018387 117.85061587871924 -1.3787917378637617 -4.900210408030365
763.6032793678007 -71.45938614243751 -25.39403201434972 1.0421191824969465
710.8392925890168 -87.23794782242442 -9.82146100979584 2.2553771923165575
711.1546574880078 -88.01205778710765 -9.766213396115756 2.358394564149049
711.1516536875495 -88.00812352399274 -9.749074602073847 2.3981955899037946
703.1099034327019 -7.394746470058111 -0.014604647491082368 -4.992686513551954
703.1090206185543 -7.3951140935481465 -0.016732026063734473 -4.996508265646392
327.33745832580104 111.44013397741912 6.646372484994694 4.268174436403704
327.33671133115564 111.43982291184514 6.644572394956207 4.264940646464627
327.33512999987755 111.43916441106848 6.640761756681479 4.258094987348823
152.18281596698242 -54.971835629511475 0.9298531695035539 9.382864473180328
397.4534275919154 204.49960379351154 -8.120766818973776 -12.152544601099695
152.18212392136311 -54.97086173259073 0.9401552183261228 9.407777572122384
152.58343397190106 -55.35968454854033 1.2230986064487905 9.543305264794832
152.583494070751 -55.35965952197964 1.2232434308811246 9.543565436730788
148.37014311092094 34.836275151475256 13.993792152082493 2.9330224416347743
111.1607104867204 10.601559804639498 13.127328189890553 -3.5339543802869167
111.29343062410105 8.939408883131028 12.809817259549394 -3.4494886046331574
111.75698050901676 6.089400940291509 12.364828487050094 -3.0727675654388547
145.12399014728646 24.62395547682654 -0.8546022085147107 -6.546914127186085
407.4073570699031 -51.33565797457965 -3.7498194815708707 -10.527868919789217
-399.6199962100415 -31.729262019018247 2.4921756670047306 -2.274789009951455
397.0652448905107 207.43270654303603 -7.869312494413522 -12.711191850810042
-520.335677704466 -38.58880882754654 2.2413942017281197 0.7060646428812103
-520.3357222712888 -38.58882738620923 2.241286805918086 0.7058717101323357
-520.3353869690798 -38.58868775899414 2.2420948068517044 0.7073232512176033
60.88491941113323 -6.275761522543517 -2.9051783438481165 -0.3659225116251321
29.489741043135314 -21.925590192486375 7.385115278455818 2.7952196606292015
29.491849473111873 -21.9260923065705 7.374598575138934 2.7695222879795964
853.5846487817068 -28.461576467641105 6.468217082551483 0.6303432145119405
853.583939369855 -28.46187188254974 6.466507563529807 0.6272721306899094
600.852817565402 61.10640574361523 14.276128329576686 10.253283169520218
600.853650226558 61.10675248302957 14.278134855688215 10.256887817667051
324.3820767712563 145.77641314460084 -4.46825326594141 -17.21636224745555
106.75028383997106 22.36543055690669 6.19250763611518 22.531922784050668
106.74932556465386 22.365031510184725 6.190198415036121 22.527774362045914
107.2929497919585 21.178268195724574 6.288781533484618 22.748973860341685
106.64763790372984 22.22907473996876 5.995141951512804 22.522931015664916
106.70128119439347 21.543621572369783 6.048238685940385 22.55332238924921
98.80610567192905 150.35441623518014 24.655823179416853 12.760409948631423
44.25100552150968 117.77503905769099 23.831627684612588 3.1171969159268293
282.5536113265443 130.87405406362012 27.801633086514265 -5.119603281372885
282.15107447930495 133.44283008719788 28.189058534798846 -5.543682364102189
335.5335503820388 169.56923180922973 4.463086349213184 -12.994741616726852
352.6792975446964 47.51376342696213 -14.428427067387382 -3.3400447363501438
-142.03198864577746 143.3666297513057 -0.8142747957558081 3.27540005633706
-142.03195359974254 143.36664434580726 -0.8141903358654341 3.2755517843463102
-567.8781119681985 81.17084022407964 3.0051541200394185 4.356647412355853
-518.9959438752466 101.83653822606205 -0.4022977462323505 10.14943916301851
-518.9959693905816 101.83652760087955 -0.4023592323759102 10.149328705363807
-261.5313187631301 29.42292813210762 -1.7658482539682394 3.9439390557055525
-261.31987121577754 28.560965246096437 -1.7873272916722436 4.048639436235068
-261.3193908744004 28.561165271349353 -1.7861697792976887 4.050718865273465
-281.3358033951106 -41.43361632212352 -8.06548853174785 7.062063849001558
-281.3365979387891 -41.431501859564165 -8.059638737363334 7.075778825628609
352.6793279202263 47.51377607601404 -14.428353869449388 -3.33991323901467
-281.0303296646994 -41.62776982644316 -7.744146098785981 7.13928600533382
303.05257390748716 27.611742319866334 2.8234153458248135 -0.15686074158447777
-183.8349843378381 -8.116715452452267 7.868563406385613 7.143977609658344
-343.0389823727909 -10.721167942610268 10.673145568977397 -2.1834023514484104
10.113392877861022 -57.83900291187519 3.750978801558449 0.9096622431205033
9.997404828047326 -57.3039281522473 3.8246477139571633 0.8387098678881574
10.097238275438997 -57.75287419662735 3.768727841739188 0.8752701042708493
10.097611869338337 -57.75271862379957 3.7696281169076307 0.8768874132786797
10.096677208177171 -57.753107837267876 3.7673757992275654 0.8728412154032619
10.081133407768679 -58.27211620474284 3.673255008065155 0.8842886651141606
36.63213128177453 -47.34943444168483 -4.474326511652945 -0.836477133593268
36.6320698488699 -47.34946002377671 -4.4744745508491075 -0.8367430807370039
-163.61745969004718 -68.62682646883538 -5.076057112642922 1.5495946059840306
531.7358001759294 -106.2961334127271 -14.282875744298776 -1.4028696171724304
-343.12371435617246 -9.56504824428504 10.977673862962018 -2.2597132421506534
531.7348651266739 -106.29347924288939 -14.275453740792464 -1.3863871789085336
487.10585944211056 -118.6443105357455 -8.836189390343558 -6.939613149898562
511.2118219149411 -42.19688254857692 -5.186577915301276 -10.218233212458856
822.8016134110278 -86.32499029586306 -5.382495793314612 -7.074870972677731
859.0611449139883 -72.7058875489773 -17.23695763675125 -9.21456195763869
912.6300731139842 -55.79581029133718 -21.96763001950835 -3.4583224770834247
912.6346786472136 -55.80573299285264 -21.9930662215084 -3.5146693330765344
629.9868303346495 41.51418395759047 -25.09433097530591 6.413800870446829
581.8633446667274 156.7259082533858 -10.998818070743054 -11.024714775432187
582.1474748686989 152.79226259920912 -11.626787607395656 -10.470347011783174
-352.8185957311194 -19.776390471049588 10.109931503553483 -3.843092823267376
581.7344036163595 156.62624442921464 -11.18764043209881 -11.157776124035673
-133.61829762829777 89.12660026067245 -3.218915930240071 -4.303349302466181
-133.61752388495157 89.12692246528779 -3.2170513865132624 -4.299999717228332
-133.617201423212 89.12705674582202 -3.2162743277540606 -4.298603759249852
-133.71257860545853 87.57774595205592 -3.534524535463288 -4.13584425459377
-368.70342164021815 69.63741131511176 -8.17032028044007 6.3141358259945966
-368.7032058973754 69.63750115542616 -8.169800389658956 6.315069790939492
-30.095514633778798 2.2034175915710326 11.003840321183334 1.0626954271313036
-618.3714320521339 -4.959724265427251 9.8690055590003 3.52049317702272
-628.6228854984304 -42.492421674655645 5.469258078992565 3.9788219463252057
501.0101580277835 -27.429914878422913 11.485692191757172 -13.664476546914887
-628.6228642164119 -42.49241281232936 5.469309363774698 3.978914077589411
-819.194296977103 -15.331865941185624 7.736498990677116 7.881898954763712
-819.0615268343589 -15.562191689032456 7.856718304830442 7.9439886708174114
-798.8910640371203 -10.3025776445496 6.9578405836197845 11.611550094315342
-798.8910230179812 -10.30256056323249 6.957939430321717 11.611727668827328
-798.8911393388194 -10.302609001918102 6.957659123816178 11.611224108356863
-577.65632299899 9.974623242319042 8.97343005918728 11.031338738290836
-577.5652884505066 9.323365437743725 8.82170003045704 11.074826088178401
-543.9502836198276 22.346253100075984 -1.0330077369262582 9.055837458315485
-544.0524962194709 23.409335701888057 -0.8335300260576775 9.000333988362748
275.36765341018764 -32.91172588193933 8.572000070073058 -5.581879038205899
-544.0542845515059 23.41227246683372 -0.8239643709821269 9.022143839934975
106.93450329485998 156.00594680295697 11.32593288919931 4.230780028226851
173.53115505696795 185.98318266600504 -12.87906936167121 -1.4476450522800022
173.0101247890926 189.34072673748688 -12.62554737465329 -2.0094590724267682
173.00898972760493 189.34025407171637 -12.628282612755914 -2.0143728273605
-378.8535459356947 108.75500599129407 -4.083301266196058 1.1826926860280178
-116.86076281196219 122.33132185424158 1.2523737896748277 -11.700495563350389
33.36786173826519 44.45245599179542 -0.5523078157427498 -12.079140461876875
33.36780684151915 44.452433131512066 -0.5524401042919259 -12.079378113552998
33.36412832755422 44.46041714812696 -0.5345176686049649 -12.049388191039002
303.8051720384736 -16.97013764476045 -2.5320340683044016 -8.570868939893158
58.89080302714476 -5.939541367536825 -6.419655443802553 -3.477835056943218
58.89082681208136 -5.939531462935263 -6.419598127566811 -3.477732090363903
58.899450412733394 -7.337928088040134 -6.7551754611434625 -3.3642953091485843
59.032657504966025 -6.297980282375225 -6.472736634002669 -3.425492980396313
25.122533722953204 -22.95674178720127 -4.191006388150816 -6.659443328205313
173.88609454986567 94.57992529538842 -3.984194236905199 -12.42612577898895
173.8910253972511 93.25344671700857 -4.106719719496766 -12.179500619839532
200.08236457971213 13.638168769595408 -12.753517974674388 -0.6566748820643512
445.4555361702247 -58.94117192922888 -11.987352783027596 -6.449691896356999
445.4558468397835 -58.94104255923551 -11.986604140746937 -6.448346987563015
303.77086459912306 -16.026254357157725 -2.4406186635061493 -8.688411547759106
488.4665229128478 -46.02649777683994 -15.717795734791146 -1.7074788798586695
488.55082512493254 -46.720683793390705 -15.814572632884513 -1.6321444758630963
488.66785206598223 -47.840059539397124 -15.983049713135573 -1.5527506010201462
224.92439778158723 -77.70741883958816 -18.983181276963695 3.1487112753711926
184.06895500614874 -88.3115066458128 -6.299351299764752 2.5254375905940525
184.06863925956722 -88.31163812998918 -6.300112176503893 2.524070703102546
184.0686272379085 -88.31164313608701 -6.300141145927994 2.5240186605583634
-511.2893611259804 -50.21725460012739 1.217014834474801 4.251154780086111
-511.28868298898624 -50.21844780561679 1.2123751291501361 4.240176258786767
195.2477768012624 30.405165694661488 6.114848954765712 -4.781199570682947
303.77412721307917 -16.03131926948673 -2.4538146372951197 -8.712565807865015
