123.44362397810609 -0.013270972460709851 0.4580395235078799
123.44401961521676 -0.012278037133975045 0.45902564499596743
123.21253377293687 -0.19768350028497306 0.5811100886497733
123.21528808473597 -0.2008823928199371 0.5683728362386009
136.59411810789067 14.674224341597396 1.5279447315118666
273.4595551682941 -5.005242946469657 0.18810439937181822
91.71488311476321 1.9539641266196048 -1.0945686888925468
-312.6683252432356 -2.090105805089721 1.4400817312486724
-312.098884767392 -1.055753650713032 2.2498450346188634
-312.20257576525745 -1.1579113936175196 2.2862186171104204
-9.023155815264577 8.675841408098774 -1.2536091696705038
-312.2032331195032 -1.1595611636300975 2.284580174434598
-306.75791096590416 -1.2787037239097578 0.37529622198436374
-306.61999921805256 -1.185237792707964 0.31675610876743365
-195.72317217082863 -50.38307253863083 2.3978770858220075
-202.89648567915822 -51.236299649831274 5.21086336227963
-117.3518486151719 27.690021398350616 -2.7703137975432117
-117.35197950831319 27.689692894019537 -2.7706400475173343
-94.71653911620163 49.038088114483145 -4.18875217070324
194.95737171313104 16.661186019083345 -4.503309370928361
195.65736805417998 16.963659593705998 -4.5673488512420555
-9.02270499816165 8.676972828245686 -1.2524855831175596
195.34798293100314 16.864697548901425 -4.591626233370552
195.3481468251766 16.865108876146614 -4.591217728786224
422.0706760467337 7.845064409832181 -3.0940125662806457
-33.57820781330929 2.253368351392262 -0.2665146776441649
-33.576335357392 2.252258065246022 -0.27255006166285956
-33.57703693872336 2.2504972979087405 -0.27429873956403844
-33.22750655291877 2.5201372941834106 -0.3973839340442441
-189.49368183283843 -10.024997015052307 3.3216209281506375
-189.4950456363195 -10.02841976822622 3.3182219643147675
-189.29306409609316 -9.833621264511173 3.2682800357069146
-9.024327168990856 8.672901650576586 -1.256528466330709
-261.7715061321035 -4.621456460687593 3.061626321527396
-261.7703411850538 -4.621411665171449 3.0585720259846916
-261.77038625972926 -4.6215247896631455 3.0584596754264766
193.51076108176116 -3.1088738425521956 2.1421871994775534
193.47445054505366 -3.081630227424929 2.1131255177032715
193.47436520379287 -3.081844409488297 2.112912800952459
182.5674130682797 -17.319562542448374 -1.0875762560856563
-25.108349585461802 1.2619048397523682 -0.015159211853825683
-24.513001386081907 1.8219583379944482 -0.09753811530427894
-33.72460524296844 -9.673704290390942 0.2784986842270126
-9.024476254890644 8.672527485621165 -1.2569000716280345
-26.994469864935052 -8.95452806809617 -2.4463187277898193
94.84140960559395 -3.65442580865248 -2.6605294226111753
85.93724449611521 -3.4660297887435783 0.46642223019872814
84.77354180224086 -5.980385299254059 -1.2260142627023178
84.00244791854098 -6.466349440211515 -1.102645270067039
83.78141398012161 -6.593846691748476 -1.061923371620082
-170.32369988347742 -38.57937152589945 2.002176796829554
-170.32369988347742 -38.57937152589945 2.002176796829554
-169.8473233812442 -38.16439177981298 1.891817080619126
-169.8473233812442 -38.16439177981298 1.891817080619126
-8.960296180691461 8.712902917558782 -1.3159421124947388
-169.84514823043796 -38.16066860461795 1.894071316849929
-443.4483409150268 -22.147422163370123 2.9344017329291168
-447.50737540120645 -26.629159389144732 3.574044434507928
-320.15336747268645 -28.475902919880877 2.5472779217148105
-320.15336747268645 -28.475902919880877 2.5472779217148105
-374.7743887410848 -10.149695500037012 1.112026244547785
-374.7743092879082 -10.149496095500641 1.112224263153887
-374.98196088461737 -10.285057469748015 1.1527447148795584
-374.35118943731703 -9.85317952332668 1.0063187008541172
-377.11066627817746 -10.117504210203018 2.1232042863998504
-169.3569340119009 4.162977637124978 -1.5277810430380878
-372.6775653800622 -4.662764335450893 1.9473448444350079
-366.0039100666756 4.22439721808249 4.00436237563998
-263.7277268232438 -7.1153351777112634 2.8456006398382923
-263.72784441166664 -7.115630290757798 2.845307570539603
-263.72765888326495 -7.115164667946097 2.8457699687716653
-190.85662238910774 -11.871272898467343 2.959250372978266
-190.85518470282858 -11.871305632726575 2.955171193142674
335.3411641955398 -17.608435528704074 1.9356102348823352
335.6033789865573 -17.351553679705706 1.8775932100881012
345.52857626153184 -10.743880699503588 -0.07861460190458813
-169.35722657067893 4.162243398761112 -1.5285102401158739
345.5302619844568 -10.745469830292308 -0.0857993489441774
345.893965690823 -10.426564892415806 -0.2104405856717333
355.5551343956466 -10.67998811455087 -3.65474737188434
-180.7481996027875 -8.407081925676872 0.15999238973659402
-180.96174270234246 -8.52823805369473 0.24143561847057515
-185.89284816639997 -12.757320931064992 0.2970291523648023
-185.89313252695766 -12.758034594106029 0.29632043165797356
-253.5762725611505 -3.926444072674804 0.32179518022255216
-253.34051385374605 -3.7895002744044377 0.23252242990137162
-256.1021886265372 -6.000999178203332 0.5569019499312856
-35.76416821205639 -3.4046153312914385 -1.1840948474655335
-256.10316540632886 -6.003450613592006 0.5544675528801419
-256.10309395531107 -6.003271292045315 0.5546456476097067
-360.3440710473319 1.0931112936242628 0.5204657309716538
-105.62958818112496 11.189516567489544 4.230340035161404
-113.70329922020244 0.940743395228228 3.1553645052109016
-113.74119703293253 0.9740727183521334 3.129035781778793
-113.73762403004889 0.9421750177438466 3.1677833415415426
-113.7390580536909 0.9431459139080021 3.173679072881553
-282.27880404786805 -1.6102896006452998 2.1258965721928043
-282.2788098030206 -1.6103040444257577 2.125882227164272
-35.407814323090626 -3.1948262736790283 -1.289414299610062
7.569672729789807 1.4056104200119388 0.8933156068414642
7.569820520904693 1.4059813331995081 0.8936839733437311
310.33613597230607 -21.296167052272484 -1.0333089094588779
317.9337126798963 -11.059733346187956 1.1092450530408622
317.93387008906444 -11.059338294716087 1.109637393546816
317.93210835554254 -11.10206305470344 1.109058544423967
328.1743176411753 -10.180646267190223 -3.3192009483373406
-224.22070595856033 -10.62743221796593 0.6858620709758105
-224.22091439168605 -10.62795532504806 0.6853425865700358
-224.20639396768797 -10.654651434360444 0.718568114067293
-35.41083266710169 -3.194027084128069 -1.2821719337948916
-188.59204770402482 -9.064056721604333 3.294993529163132
-224.2067028612083 -10.652996698943932 0.7222266113820686
-293.5159488455526 -2.6614910324056003 0.8981337977864793
-293.51639020529865 -2.6625987180017536 0.8970338109944452
-285.1523462629917 5.348813383595207 0.802659321487503
146.74684107521102 16.831802503902594 -2.3694135084687726
146.74692752207133 16.83201946070634 -2.369198035963018
140.07001815183878 11.628831331376498 -0.7777904197166784
-101.06888603187039 27.553490289282703 -1.7242218770134083
-101.08297901045505 27.590678401782274 -1.8109867298824003
-117.14784035122558 26.136949499750763 5.138826133847388
-160.32952505079416 12.327900285878938 -1.1551111701870456
-117.20563885998683 25.990285428469097 5.183047263237037
-262.7048560650222 7.829664161056433 -3.1683936427697508
-262.70492838304386 7.829482666841745 -3.1685738923567746
-270.9016482867998 7.778950780388581 -0.7214224190717191
-255.26729372690704 25.187691708570718 2.0385053890378964
-105.03186955550787 6.236470343617867 1.0597973681955848
-113.47245831305433 -2.961248808319999 0.8920914070573747
-113.47243397677953 -2.9611877311560266 0.8921520666040096
288.9136324380079 -0.8458623904574886 -1.1629013448447938
512.7276198086994 -13.694553147332067 -0.9843636944434346
-159.8129348931669 12.592278007639528 -1.331109563679932
512.1699869853678 -14.103990531455771 -0.8088590705970242
511.7005850215868 -14.489093271022217 -0.6930180883639552
511.6969160303232 -14.487992056527702 -0.6819874912556956
512.2040833481016 -14.112167361807067 -0.8549242391292804
512.204029967677 -14.112301317183164 -0.8550572857981624
79.98046688191586 -15.903361271764771 -1.6604239829501857
611.3351338706624 -22.41615162846726 -5.4171947392031505
610.9798623909597 -22.627609897752173 -5.29348909413712
610.6376438709873 -22.847396055431084 -5.186490423193206
423.8771363649597 -16.420594628673403 -5.7603225803366325
-159.81289974074934 12.592366230106753 -1.3310219443936055
439.10516134797336 -3.6463401498898635 -7.075933380159974
426.70290836032314 -3.508206623559191 -3.0262982526759363
426.9603338310356 -3.4274807203530595 -3.0148543303463295
426.95687190666644 -3.423850190082846 -3.000067409369326
426.9251671241033 -2.2269233357533516 -0.852409458176596
426.9243242667062 -2.229038664880786 -0.8545101380003937
175.973867947932 28.94459475806169 1.1491739954956375
175.97315476091444 28.94280486420555 1.14739649719035
175.97164457764075 28.939014739994313 1.1436327156751747
90.79619116185083 7.034852208652155 1.5402241647461532
211.67952282000098 25.076727543706138 -4.868191360576072
90.7949290721853 7.038348725487862 1.5506586695239195
91.35936956860048 7.447820084540857 1.491665098550503
91.35942689320464 7.447963952841766 1.4918079825862236
91.64566556278822 9.381922018635445 4.3439267630580245
81.23639179795519 -3.9899191266351752 2.768589685461573
81.09360522042054 -4.16172995719574 2.799089221783103
80.93768438882407 -4.332601077824639 2.8776670177090886
90.38806006030619 -3.4858119566312165 -1.269320147921538
262.5266326612191 -20.606024959815546 -1.9554259355588328
-227.26245047000077 -13.370100348297123 1.0096531079091582
212.04496085142043 25.25123827252748 -5.0173082931652715
-302.2516972769967 -11.041670299902348 1.003235396675187
-302.25173978656056 -11.04177698670431 1.003129439765953
-302.251419569994 -11.040973335529559 1.0039275052813466
33.68083180854162 -1.4351430266374041 -0.28005020155558397
24.373335086613004 -2.2532763465248986 3.837738881565083
24.374946391328972 -2.2541388886448965 3.8314377870305782
518.6592663863737 0.33255234347226026 3.7359082108275548
518.6585890828084 0.3308525067593172 3.7342201460035414
346.6935805181363 26.76786766815672 7.0426697945309
346.6943754951237 26.769862829823232 7.044651139009961
189.78193099652466 6.5539169400881905 -4.076571512490961
38.85278546777595 40.64523165151454 3.795053252647198
38.85187030683879 40.64293486166273 3.7927724251626533
39.30974668432099 40.86357869788804 3.818768310189672
38.55213228146419 40.387997438520415 3.8644209787169803
38.75906375771361 40.43862436472379 3.8580142954571475
39.10377412559017 42.999403407452114 7.6655335543750205
23.955498899228264 23.574360900795 5.426128751528236
177.45116859867403 15.162283816453016 4.943161735063857
177.64485215866767 15.326918746533575 4.855171794559368
193.9047430265848 16.668605563992653 -2.3658274378000033
192.3331166305002 8.272139089871828 -5.066233898403611
-114.38766675155426 31.23175601545284 -2.0597912545479864
-114.38763332347852 31.231839914504597 -2.0597079308047914
-355.45319342855174 16.285433646984565 0.35406810127895505
-341.89239594089713 29.13903829002263 -0.23090241344231754
-341.89242027719536 29.138977212888275 -0.23096307298653584
-168.55695914692015 9.134087858431688 -0.6044714170175353
-168.4766477951597 9.156186513886317 -0.5948378960333152
-168.47618949878444 9.157336705941955 -0.5936956012009538
-177.89211881275568 0.08674749323661854 -1.5257081930390703
-177.89316442007186 0.08866954973257193 -1.5202903429064671
192.33314560243068 8.27221180061781 -5.066161684845057
-177.36446860504242 0.42911518273675764 -1.6165932975512365
179.25703603396747 8.542560611363486 -0.5656407175726594
-109.57023305091809 6.263948893413453 3.628219869911313
-190.36160300523622 -11.042130458562202 3.26545848590617
18.948698685457643 -9.779577454539979 2.010371917797949
18.95154003471525 -9.744190634674137 1.9796211422105567
18.974316283796444 -9.764404450437814 1.9977225424499883
18.974672968636398 -9.76350927431516 1.9986115192070684
18.973780359119623 -9.765749466607673 1.9963868970357455
18.91631539366332 -9.876895029170855 2.0285034459146454
26.07765633338193 -9.213042179931621 -1.0496383901612898
26.077597736344227 -9.21318924167683 -1.0497844457925827
-92.4489132400099 -11.276806152514107 -1.2939389342165812
323.95283367047364 -14.70522643850774 -4.806386332864219
-190.10618700181092 -10.829060067079453 3.199859443310299
323.9516463914327 -14.70288246846611 -4.799947049769033
312.31538027192255 -25.586273669245163 -3.536560743189129
321.3883643901153 -16.57828157143336 -3.0544234510456487
510.08454042609645 -17.479679019805452 -2.352913760199833
519.6442245489799 -17.67264231005257 -5.62877984283734
534.0646655840487 -5.494997836492987 -6.364309224030231
534.0680200578317 -5.500575917609302 -6.3804184791882115
330.73812921551354 24.221915050620275 -6.829839420698849
324.27183897858635 19.51080124111503 -5.034717125498828
323.3624205704538 19.041859377762478 -4.732983118249398
-192.83700978204254 -14.466598689789127 2.5695346368921936
324.02886815279425 19.372857461380203 -4.988610363302726
-92.40329253272665 9.170044170358183 -1.4032733392366838
-92.4025542998429 9.171896922495982 -1.4014333080999015
-92.40224665017003 9.17266903472643 -1.4006664943413571
-92.93496851393327 8.867048697246629 -1.2366268429205562
-249.66205992521927 18.70960733610507 -1.955145528419043
-249.66185409242595 18.71012391720483 -1.9546324922763163
-8.809335942909579 0.8312167282691504 2.8040408021356598
-362.9304347729319 -2.651479500150763 3.389386466481471
-366.6439131390542 -7.648852501481313 2.344900982690779
331.3775140371405 -22.799021642788396 1.164337122418419
-366.6438928346115 -7.648801543169963 2.3449515913156587
-487.7483041128925 1.4355814707867443 3.1113802638538743
-487.5118820687701 1.6424601566221377 3.0660524734565495
-481.56135384262 8.992158939560158 3.0326217553315358
-481.5613147076716 8.992257157019022 3.03271929879254
-481.5614256900377 8.991978623214647 3.032442677405677
-351.95310424768684 11.165749451270822 4.760199760128575
-352.0362835364352 11.02269516996284 4.81798604913084
-343.0388632781409 11.875699653704284 0.9702703678825009
-342.87974299172697 12.094495026144935 0.8541286101782226
185.44877138892073 -12.987390025322505 1.6761257149403785
-342.8811595215856 12.096385485661532 0.8605537317264118
41.881708341944396 35.00870151755836 1.6019548693735937
60.47831211406498 34.60034057302926 -4.917602171125308
60.741984120465396 34.76170558665468 -5.059882579241624
60.740901151570704 34.75898764698927 -5.06258185721538
-250.3760727478711 18.401722323207576 -1.447656248377347
-71.99072475920136 4.639418155521372 -1.0162312645216673
29.370978534373673 -8.832186361987164 -1.180266132363515
29.37092617435317 -8.83231777060531 -1.180396642525367
29.369332322262455 -8.831777305842245 -1.176314043576474
193.59928139940226 -12.270391350724852 -1.8989268047303614
33.56363007836747 -5.494384988050688 -1.622025397576719
33.56365276422958 -5.494328053045414 -1.6219688518423856
33.09339191355937 -5.777981928768651 -1.46421277514676
33.54839917568774 -5.4908747967221725 -1.6117750604412728
24.011768226961017 -13.612627567533261 -1.3556098676617838
101.90826210559852 2.2424694314792446 -3.012209918448241
101.64222837651121 2.094823581514876 -2.919306812695371
104.41304035511719 4.068381461421051 -3.8573593145056604
272.23630477239215 -15.376022150877771 -3.746969986546742
272.23660117154174 -15.375278274252178 -3.7462312146428105
193.70179286866866 -12.18577144268453 -1.9398459600203242
283.86154825985597 -5.561130783116053 -4.36490980879893
283.7659037076052 -5.659616499549494 -4.29321400062011
283.61442026796385 -5.846544761615825 -4.1732573151308525
124.71632219394824 -8.433680940763976 -4.615851353469111
116.71595375850562 -8.391927267421856 -2.1337093463862953
116.71565250285136 -8.39268333245556 -2.1344602202723486
116.71564103669485 -8.392712109212212 -2.134488800280029
-300.1679462822649 -7.263443923007136 0.9201216755380695
-300.1669162238566 -7.264802924217956 0.9153317189402497
123.44328343715111 -0.01412563234696862 0.45719072857358717
193.70381224430764 -12.18559290113174 -1.9437289984616095
