215.846941412611 19.283227672705443 2.0196642180981783
227.16943012156335 75.96276813605613 1.4546017104006008
227.1998245884076 75.94760432208084 1.4665781308248986
227.19936402833935 75.94857562143667 1.4635042175517974
221.19337536977608 72.90356061231294 13.874996318829487
481.7149169035961 39.002041669557194 0.20662714052474285
173.91091807888785 84.04057945628243 -3.232934505417631
-505.0507263949783 62.38416262953006 -6.007048329966743
-512.0006422903472 37.60184658655832 -2.3675694916486147
-511.96396801476385 37.6078945173256 -2.3908912938959954
-42.860902084568785 -19.545078988048033 7.925822555433511
-511.96952636803945 37.61507261247368 -2.3884563101935576
-514.2079247652422 38.02662431323814 -1.5546404352077714
-514.2747144774485 38.028007037891996 -1.5432760714392209
-217.46673995899891 126.78590873380018 -27.628026505370656
-216.7768403886573 126.67904794469871 -28.150626332527402
-245.21493182846015 63.891122706429144 14.441376061656273
-252.53721322198209 26.550709719888513 14.754244125659197
-257.85175868350433 23.759653147849377 27.1294769042849
279.91708829343787 -49.526712692526154 8.515117640555193
280.5654628235975 -49.55160913072422 8.450858284205426
-36.54702341858763 12.14344634768327 7.6189327557856705
280.1634726955049 -49.51483745314226 8.473088927564902
289.06369817197486 -4.091984247401154 8.094693404859878
673.1305208730855 -56.374349222199086 12.726884920635971
-69.72663582345326 -17.533511210864567 4.1236660905077445
-69.72571820884284 -17.525688203819655 4.1215834937664
-69.73185434355776 -17.517325377940804 4.12426964555746
-69.81317447211859 -17.527717298828655 4.16707228221774
-291.36104603639694 3.3817625514324665 -6.4741684580086325
-291.37025659708286 3.3919338946898283 -6.469485416302221
-291.3586711730428 3.3858760855066192 -6.451926997232935
-36.560569388493626 12.161257971155267 7.624972163587185
-418.77189398594317 19.48007971343086 -5.6551307906796735
-418.77139279226213 19.484223884400812 -5.655865489926489
-422.7620475332139 -0.766461191906264 -5.480249494902216
338.48827580214873 -42.260668187967894 -2.1793368351278453
338.3403747766401 -42.270006333982685 -2.1573259791872426
331.0747349111276 -79.13303059679325 -1.837572581480623
344.5397721786346 -41.82419315123081 -17.78767622336438
-25.334180121030915 9.8778195597534 -9.64259380247813
-25.132027074327855 9.864895755166554 -9.64083876915205
-24.569138517385102 10.669812660372896 -13.02079258621782
-45.15314027167621 -30.98529712972335 8.041071457807206
-25.748519893354676 10.862052846195809 -12.276123888017397
147.668340184728 -19.69330514684512 0.6656424413568952
151.3692948320553 -20.38081515070048 -0.7153321203279036
164.1474225873013 21.946743250107293 -8.031818338642854
163.6778344111692 21.95599284421361 -7.980045863359218
163.5238813853109 21.94800140425506 -7.941992865554342
-197.83998656553462 78.75195214667407 -24.871859642470472
-205.45068463056978 39.40125777631796 -24.57115933147878
-205.36069232268753 39.393717499838196 -24.571600932201612
-205.36724376300097 39.41019527730485 -24.569825166045888
-45.189257843540936 -30.961594098988943 8.030151198363543
-205.36304509838584 39.43680779789316 -24.570220763267024
-694.6877079830929 40.08227680368763 -16.675691458983348
-694.5133510575353 40.270424694460075 -17.546951983810704
-481.9739414440838 9.69216788347336 -19.050069688852883
-477.27421186085274 33.998741532258315 -19.235455753704116
-603.8807756173808 29.628613741642166 -11.48374096341038
-603.874961072907 29.614432562598868 -11.485569924756824
-603.9483507578473 29.622063834852447 -11.484072523530454
-603.7730239285511 29.609819288096865 -11.493914006987506
-603.3123980600212 29.53615679354937 -11.806511057759849
-312.0987915392132 -33.062654158054194 2.742053318614378
-603.6058250082015 29.142477546870463 -10.107700036387268
-611.4220639029137 9.291836269467911 -0.1603861793267347
-425.1668431347885 -15.806856396707914 -7.00084264275003
-427.56166803064343 -27.944093661366477 -6.8946832890372685
-423.9185103509511 -9.483722404658664 -7.056211067282212
-296.4152815900535 -25.325792335158056 -7.9308839748976565
-296.4146161108664 -25.319921823424586 -7.931976557872596
591.1831386468122 -91.36758945113556 -7.082790961052684
591.1997577790535 -91.37977842465608 -7.057765034610053
594.905691879117 -55.74733121694799 -2.215630167836018
-312.10192140049946 -33.057957976480715 2.7432979322328985
594.9057230305814 -55.74486367608423 -2.217598666987404
594.845484514391 -55.75808381606399 -2.1740075054292687
590.5520318763263 -54.99275328352486 -0.5893128791154902
-296.7301694961892 -7.132503740114221 -4.6852375168955565
-296.6964230895356 -7.136031794779494 -4.690267437739491
-294.2962858911796 -6.019154430530261 -8.609764794354524
-298.61009841632676 -27.63532669758934 -8.396981410601732
-429.1827903974272 -10.358799107334006 -2.12567219908926
-429.22225965650927 -10.354230095385336 -2.1193493458350394
-431.22188398554397 -21.089955138006257 -2.902824755558391
-79.76961695696065 -64.46764783422574 1.7264614296237588
-431.2271023899078 -21.086465238068033 -2.89963530352026
-428.5307043888158 -7.914374817221635 -3.0699076277587376
-613.5634422736463 15.882261565450744 -0.13621220006236134
-183.36347830706936 -4.2825845720679805 5.835463886342152
-180.84203826324304 -2.2547574539320534 -1.1650429619012979
-180.99659931182111 -2.2657959949693716 -1.1392768826317015
-180.90841051386025 -2.2746347701196026 -1.1419401895452141
-180.90813061589918 -2.274491724393463 -1.1409137150389714
-453.95916734780616 37.16776802370797 -7.2162026973195275
-460.00706105409876 6.101396906282622 -6.968900459001208
-79.76408600801719 -64.47272657306658 1.7485809466879083
22.663145488459953 -16.9828356949131 -5.760725995231427
22.66904276677121 -16.99643994587176 -5.7626536765724365
556.307103316287 -91.60870456679162 -17.085914063919613
546.4877234768289 -118.88939600163236 -6.134034344940306
551.9277098062528 -91.3439190918804 -6.376996061953225
552.003073868025 -91.32467146304475 -6.418176779410252
548.4248810124755 -90.72238976672958 -4.492750935457249
-352.0502155897397 26.794579155170286 -9.031110290475914
-357.5602777875499 -1.1347029892111604 -8.787241536789868
-357.4253214527195 -1.1416459987929588 -8.800856490895654
-79.76670307924378 -64.49221928962088 1.751933729290265
-295.5600610287712 -18.43163458118172 -6.075076871971718
-357.4244438063366 -1.136883170646465 -8.800171458190528
-486.84047808469126 16.319426756649527 -3.7845501074818992
-486.8470881042611 16.333765296751352 -3.781723891528309
-489.4896644988442 15.022934554310021 2.015844450931139
205.0330418708 -10.681876696088626 12.81285105654159
214.5101445010612 37.48333008676166 12.399128698243823
200.9367401023155 -8.743235151892744 15.613529121041823
-221.59636063816524 50.16995075904602 17.989811359028813
-221.81706141426622 50.20674766307965 17.993142904876223
-216.21366174130816 49.241220810861314 15.01239578937899
-319.1551422884839 -32.77045746208169 12.971599700244939
-216.03726540653236 49.263524086647145 14.934730375625309
-454.4303931391418 42.783558476905306 -5.36300244995308
-454.43571049672494 42.79624598828046 -5.361375056532757
-453.12318731905077 42.554104778319164 -5.9236349683007985
-468.89277737407167 11.701974809082298 14.920127752335448
-188.43447226339688 -25.783318973989697 3.1576946470672334
-185.74379412402618 -24.198754477933637 -3.0985520780755866
-178.6767562595539 11.621885717652296 -3.411222755346945
491.5469868129143 -7.782021008462062 0.16873684417261292
881.1618942449035 -58.36670802133823 -2.812388073119642
-319.10019364617057 -32.75760838015956 12.960970601473754
881.0629140348339 -58.37109145688462 -2.8007884159269127
881.0285265868586 -58.34621726956111 -2.8365828611283526
881.0266041202325 -58.362704073759296 -2.833117877246563
881.1082851967079 -58.35261441610474 -2.8471238451580185
872.4983387781447 -100.97416564020752 -2.3684413173083545
161.93204418971268 27.84480878768023 -9.089014372087345
1059.2283208954493 19.256184111273903 -9.294249183700765
1059.2915612400986 19.26074263797107 -9.311339873867173
1059.3477193887147 19.271937148197598 -9.344850359587115
744.6331339383854 64.38933532462129 -11.996974148180723
-313.95698597440673 -7.17270840055652 12.690198061476517
741.3773881862661 62.97616332515139 -4.810721465195906
744.8356120347565 62.3463429893564 -6.177647458517473
745.1749183698097 62.338229984485935 -6.209381783549892
745.1755848642706 62.33939207435845 -6.206393843792697
727.635587537983 0.2364803058158308 2.483944256487965
715.6020072726213 -60.26687346723774 3.0602427747188377
247.30020106452562 1.9130387040036676 23.669124808061152
237.9738463576001 -44.966937717561116 24.11600559904845
237.96125024358773 -44.951587722558074 24.12143358313749
163.87730868448475 26.3570693009712 -1.7229046215794883
266.0799372881999 -39.10634453795615 27.004438205610434
163.87994835732212 26.371938974004713 -1.7215920349566751
164.25942783649373 26.380401417390264 -1.7624729943717246
175.7587208429371 85.25396492157046 -2.242984176538685
158.88271455633551 26.38767227181303 7.869449849732355
163.20743125646496 29.344601977058215 -2.3451243332948
163.2507663931093 29.36339304935375 -2.3833825661444186
163.2902154942565 29.355032031986504 -2.3811747169693347
159.51609649933684 29.98629599306325 -0.3977092119295018
475.72686159817846 -12.901175903804441 -11.618197545051085
-354.142754635115 13.913284950696454 -10.199679849865833
266.1255407521222 -39.07541962845054 26.981250305804824
-480.911709777781 31.26599143046855 -10.41579835123146
-486.36464114291545 3.4669061602723983 -10.182446711381784
-486.35919061831237 3.4559263181542343 -10.184510000988288
52.20272283294411 -8.71775112511708 2.6478730904301564
56.203562611111956 -9.395522389525661 0.5596572459833526
56.20356669434764 -9.393424547156213 0.5582413677606383
883.0141917362969 -42.807538114748525 6.784510382721552
872.5407802876936 -95.41900832317839 7.292426258849648
547.1583702667591 -53.71330251098169 25.667048903573416
559.1711582653077 6.600111342770668 25.08383173384019
276.5702732493407 -34.970096411973635 10.449473217967633
34.65295710539005 81.23874038651455 17.795664236966225
34.63394895787649 81.27852641037819 17.80252385991203
35.15534751834958 81.27376833252822 17.76004762602698
34.50796856285873 81.25716063843757 17.83314058281169
34.81463086688706 81.29562256415907 17.742018829946943
17.56168031250241 32.31776408027896 31.232560750195457
23.677119940407135 36.77334630290294 16.6185634605611
285.89709845704516 -17.45159158090412 13.942377236298825
285.93173481694197 -17.420356485644852 13.919331085638836
279.01377326984675 -16.258401932298955 17.46337787839145
285.73201823127073 -1.1121163124290667 7.783078254247005
-251.88292318885286 53.63203782208172 20.77539601084907
-242.82205997567206 99.54060826836454 20.37300058954838
-619.2981843325688 76.01546328391564 8.711335491901854
-623.8004556099348 73.88325938868145 17.57963325515095
-630.0765815525878 42.04655880600035 17.856069217913216
-306.25916198791026 -1.6301041879298759 5.293643552124543
-306.11727505765555 -1.6360176500850492 5.276541579704266
-306.11230767778574 -1.6434291959221228 5.274588401512638
-294.49816675104904 24.113752835108293 -6.650237016469254
-294.49766641335776 24.116052203535016 -6.649184817517134
295.3169271129855 47.477973284001266 7.359223473351322
-294.2906261363637 24.107523401736533 -6.673299712112455
300.15400646289345 46.57285961535009 5.558456953298144
-184.5827662396085 -14.867402852257543 2.4979219727383155
-298.2126940289102 -31.354383025264493 -6.689069825341883
52.23629988253296 -46.44743135591853 -7.283574115915413
52.157678151681104 -46.4443327111415 -7.277731319948833
52.25593346989964 -46.43910505059842 -7.293483877513105
60.300313849579595 -5.643972549972883 -7.648656228317112
60.288530175598616 -5.621627363098955 -7.6438157271768095
60.39125972234432 -5.6046043869611255 -7.68412067073998
57.94625021837272 -5.2082680671018915 -6.35277260657198
52.18206370223587 -34.46891431418467 -6.099671137983791
-135.1441029310795 -7.76324812631213 -12.085299048360254
564.1014090272281 -40.09057741332669 -14.288056977503233
-298.1359823054304 -31.345352014478173 -6.700487914382096
564.1021313340852 -40.08704810562658 -14.286860700896664
565.7169895578148 -39.00231702381712 -18.868706092528118
553.2956521353605 -76.10985216613692 -9.06977926894794
878.309876920044 -92.25268481078898 -9.316201057473116
874.8637368798856 -91.62118430619097 -8.011212356495935
870.1180580526202 -93.68640500661077 0.9016136054347821
870.1178802406939 -93.68352357697292 0.896729023690594
471.72488931292327 -40.91775929393791 20.424098444382988
459.6584971661559 -73.97736428354521 24.871793001769746
459.5796809007102 -73.98972619657562 24.879949039126934
-296.4098674231036 -29.987278891254626 -10.129659826190286
459.64302562656354 -73.95288460229425 24.853512140297372
-197.81913297135193 -28.080632439119416 11.399642422253871
-197.8141971138222 -28.085013514789413 11.397347856608903
-192.0514198121754 0.6067891428263581 11.0962021507068
-192.0594572551486 0.6099108950658576 11.068931926957736
-466.43693168124463 36.84208389197052 11.96964276186923
-459.2072050594731 73.50714710616599 11.650566150733598
-14.0210741039347 -57.611507202833835 -0.22170858133052268
-599.0167224860878 -8.441880698485852 -4.5014353679774555
-594.6230103472304 2.7183434945220584 -9.841939584185393
591.1926360220227 -100.70230358883165 -11.478157497694887
-591.9288952362432 16.55295058231277 -9.952301698784087
-805.3880401092904 46.39888416565553 -5.424282500293904
-805.2946260510257 46.40577959310561 -5.445115201802487
-805.9281419651355 45.72732448708532 -2.6250219053885457
-800.7024552141252 72.57213715911773 -2.838537121522862
-800.7068858655637 72.58222070744063 -2.8371094203051177
-592.0853615593242 40.715592378832426 4.377747551136743
-591.9691937723236 40.717187839250805 4.3630557954623175
-595.0016350297982 41.22301932156684 6.050264471667061
-595.3301100400405 41.222665223524885 6.102584433240287
334.2656281624459 -70.720222061814 -7.315572306253195
-595.3300220897039 41.22158124242898 6.104298554235361
11.979339064645458 11.629412015881538 26.605243655748982
4.345239916313936 13.05815583048113 29.444757922752963
4.240270473343093 13.090917144147655 29.44212741595542
4.231242061460794 13.102079906984956 29.446040719842127
-471.0662031101983 24.152346266570472 14.155159569843882
-151.2968482859001 -16.750065742363248 9.040955115699948
45.47988376967814 -42.471583134693994 -1.2937831112303675
39.437883533273244 -72.03653641291014 -0.917941544588947
39.43651860831542 -72.04693273775081 -0.9159763065638636
331.06463473770265 -70.19381780357894 -5.647196375537796
42.49855472482721 -57.175269322929 0.14918855546588172
47.62311142507859 -31.433584289878496 -0.09915470142515742
47.70074253672094 -31.42671461509837 -0.12486917224740054
47.63011759221637 -31.43612031308352 -0.08519773855363369
51.93807704683995 -29.969235559947883 -7.287310275413233
145.25356070389725 -13.372635732140097 6.297486747384117
145.24614966969745 -13.38260869788687 6.284220885667963
154.25872249009439 20.79594523488052 3.9040300397683465
471.41243318718836 -22.02092246834243 -8.552570947431562
483.908783504892 41.35102153152544 -9.104039914754498
331.0233049117767 -70.19438852920415 -5.623458195883456
480.04354410846247 39.89662360289326 -1.9562288496417972
480.22205901785884 39.88743691006265 -1.9752452182910727
480.61319185664445 39.87619607603505 -2.0285989415063
233.0856580470551 77.82069890407125 -11.914750417524141
234.689061550785 77.53197464569052 -12.598907091601568
234.67704469685964 77.55926136218471 -12.59504412824279
222.7586033888304 16.3021365465169 -12.109163477664232
-480.6268837391577 28.51494117980945 -10.445162816188926
-480.6273440479844 28.51278801477955 -10.445932490159006
206.15477301287268 -29.22055025149592 2.5037333056003304
331.02517282521006 -70.18097888622559 -5.625155404987728
