221.56615795638538 21.875335842163462 3.281573607406607 14.977464393537133 1.815261811107652
233.25550781962923 67.81514915782265 14.158818550363236 25.74892346421815 5.49593185130994
232.58619937916563 66.8812370862894 15.23038716840522 25.31776635718949 5.4572430595243935
232.5842012324273 66.8540010278813 15.203159896170462 25.33219046954121 5.46015105734523
245.81329379306388 86.7642424504214 -7.483464570447397 35.831075333104934 5.238393630149489
488.2953279788432 26.960344044634915 5.422938580401675 35.130989958556775 6.449363704876272
178.5914176041843 76.5046160870517 17.866125145438694 7.710004517036083 1.2973757940596085
-525.9721578415764 49.95432401352874 26.079734816501098 -3.8793444845238483 -0.4182747848114444
-530.6770979226222 32.16770663280377 18.53798589554905 -0.5224440558493687 -0.24432173998774143
-530.9951890801966 31.681167429567186 19.00115336408815 -0.6856023015757633 -0.2534140932547698
-27.064006374175943 -1.6239778748845195 -19.342091812452782 -6.442491989239007 0.37462453756008224
-531.002449821634 31.675155208019394 19.043129061998883 -0.7648768793069293 -0.26886211218379097
-525.34505923064 32.76019420960563 13.520291843293734 -3.766282051883489 4.029299295920113
-524.8756350531783 33.34524248098231 12.889703954590011 -3.6268724323790784 4.11880135734422
-311.3088765797256 -11.236993460511481 151.06239285268887 -15.137263877318667 14.298687287449868
-328.7872501655114 -15.547152957538001 170.64247771934197 -3.432912472767804 2.7939370632804956
-207.94218166457537 102.29942366600542 -25.239419135905738 -10.54722680041916 1.2158610016796203
-216.17186701793958 68.99710639934517 -34.958268554495 -15.076944753303842 -0.7215452763801298
-192.13820813137676 100.66278161017519 -66.9779292094715 -14.852632614922436 -0.6940448464787184
314.6539663725032 -17.08353027213869 -44.84348724152106 -14.294161868978273 -1.531165735315833
314.4559896684276 -17.526890634920118 -44.32754302026873 -14.330870515651172 -1.5786310720362087
-19.80294719188522 27.157757109073085 -12.067754765604695 -0.48002782092157276 2.5276929122240013
314.8448499452387 -16.95287442901532 -45.05859893633306 -14.250913078732859 -1.5242486510952467
326.21913970892894 28.759591458398347 -32.31380014838436 -6.933003905188885 1.402725682350553
712.4530274020725 -26.84787036766012 -35.61650827919289 13.608355386589416 4.664052690079907
-64.74247687350044 -6.747109443696123 -7.652567171959428 1.977535837105079 1.9448614685113232
-64.74241032995276 -6.7563589513231115 -7.663347267348632 1.982338243915536 1.9463857724519062
-64.7503160708374 -6.759065434214115 -7.610555170565653 1.8897133855181085 1.9306492009721223
-63.79587088141627 -5.311402752691958 -8.846264253959333 2.366263375247931 2.0422820806693793
-317.1039408963953 -9.004625581991672 19.259387494101194 9.306184082570736 -0.36644260116279354
-317.11488622415254 -9.007872673053818 19.331735024350728 9.18800278406426 -0.3817405186522021
-316.6118103333417 -8.070822576049544 18.59273788665269 9.826450404967371 -0.38280849050819526
-19.82124871312095 27.140929423544154 -11.964965984937544 -0.6774303722941328 2.488160781605554
-443.47076872036735 10.243047743216938 21.430890789774388 -1.52481751649797 -2.8008405931319538
-443.4706124367076 10.238242850529984 21.424069164361306 -1.5215616967478143 -2.8004617657798323
-447.9039631579051 -7.347542263308566 16.963651836819203 -5.151572509496166 -4.1170956434397175
334.72780697133294 -38.09911646753189 -0.36604081445910913 5.165548467498451 -6.1002659231348035
335.03710848399805 -37.48481164263197 -0.8339283402051962 5.400596838937879 -6.113515338127187
325.4035704670358 -75.77229375363926 -10.699445980205393 -2.206613090512742 -8.91473739720124
324.6960065082098 -63.52271082663729 10.6394282301208 -10.16951284822041 -7.6223603796604955
-31.7799923011671 15.466192794384591 1.7364876775128868 -7.782933579950089 -9.528406253869074
-31.16273607304583 16.437686830772904 1.033543069234262 -7.6686310163147136 -9.632864232296836
-43.9529651412479 -4.382456519379631 18.77159759877942 -10.738372822204287 -6.96680516405505
-30.674925797829903 -15.933806625180214 -22.9563356813899 -9.40648390723655 -0.6932592584322709
-34.98225367513351 -2.0404126781292384 8.632125849836273 -16.567071474976842 -0.9629462245405389
156.6784870481205 -24.23415666020358 -8.47357205525004 -4.751119297322879 5.0207316742415475
147.47820008708524 -25.861654829001086 0.4324608775627724 0.49308562327884153 -1.952636445091705
156.05201424509622 5.793610387185326 13.570989425397713 -5.061690423971109 -2.2256561586108714
155.73757468450523 5.516664579441957 13.834706783102346 -5.113862917511341 -2.2056985109838223
155.6983644210513 5.514659036591554 13.836651818003315 -5.117825813782066 -2.202296779791924
-263.6963992613936 -6.070146998853038 96.12263889698697 -13.35148481531341 2.868793803473569
-272.3653835888405 -42.120606638444556 83.67666213030931 -14.688268733488421 1.5614876215674103
-270.6677283302889 -39.77750473191537 81.44817173885421 -14.814586062692367 1.37758140434059
-270.67799983413465 -39.792013043896084 81.49902397383069 -14.923792515144347 1.3538934376215113
-30.424084532272065 -15.655899229197768 -23.35863879969686 -9.358445071136934 -0.6696123583294051
-270.6737749114155 -39.777468056406775 81.50408432308646 -14.929670190579966 1.3529680378712057
-750.6047540990004 -8.186718056230152 57.898714406860734 -15.199181839935273 -0.39047866318198887
-762.7251932805817 -24.94944429907555 74.46811960710703 -14.4542259669405 1.0410647105139228
-544.4440210219367 -52.18008396091187 61.91687394401954 -16.39996863822894 -0.5080697608710596
-539.2859570115069 -30.67674867847333 69.44914167449656 -15.803707891044642 0.23206402547846744
-636.1251427948467 8.189905794904638 27.562231378398057 -15.676220166649458 -1.446896782232495
-636.1165608504119 8.199265539097931 27.51433375178119 -15.576798967240375 -1.4246225084363755
-636.419891969457 7.844061439279068 27.87819067188105 -15.55485752607338 -1.4272230761984126
-635.3760949442757 9.054497087431436 26.545317971748954 -15.606936625576923 -1.4111783484189067
-639.0252201674822 8.12433090870046 30.661467489052107 -13.231538757054672 -3.8472425885820147
-308.8747977604424 -25.6105512492768 -16.39440076778648 -18.639513037335913 0.6447522334601262
-633.0038170577441 17.55097314735142 21.95963230075561 -11.973074935963872 -5.214948800695706
-632.5736352297195 10.94160411923659 10.191043125917847 -8.36267002600903 -6.254939764084331
-454.6328467186371 -29.27523070558829 15.369420782191046 -9.703974131258935 -5.052743414810078
-457.30669812835066 -39.935659251986635 12.56232422664562 -11.717821890343819 -5.8079941643930155
-452.6150824131478 -21.198033665206978 17.562697143688883 -8.303666075146902 -4.507577334595371
-325.7844349563629 -39.45748950034079 16.403662866367146 -0.8010761957675502 -2.632747632367455
-325.784267085473 -39.46304410853345 16.39582471771899 -0.7973716342186186 -2.632197167660852
578.9671991163283 -102.3301201573415 -1.5016950522856156 13.873950217754 -3.1304689716182823
579.6163928344027 -101.08905816471649 -2.3356329511539813 14.470199453940662 -3.1627390952512355
598.4055122951384 -54.21149551227298 -6.360583397498031 22.701295556212933 2.0472542589568685
-308.87919892509376 -25.61451348972472 -16.369050361994173 -18.689459750713144 0.6340323637303009
598.404661217042 -54.22513084174462 -6.374651205776788 22.708553822945746 2.048834899153584
599.46031024105 -52.32481724057474 -7.84416621324916 23.876410446678108 2.1400988976933912
609.3146535001787 -49.58275969587505 -18.05042025731533 20.419346910585933 9.45297895542423
-310.6105398930794 -13.089363875588404 8.121462116498096 2.4753267111921984 3.659526795710686
-311.20735318862774 -13.992393581438963 8.915070242787742 1.9434968770427072 3.5355321682314234
-316.64383359053 -22.577336932052223 16.384124727857728 -2.481356064477416 2.6171263716979403
-322.42062046475104 -45.11492083318502 11.331504236934332 -8.18513632407736 0.7593764804111398
-442.78094278317593 -16.00829032077376 4.431043349412193 -8.830880912312432 1.5058451548811658
-442.1860623059878 -15.265363169601631 3.659003136337526 -8.660398463033047 1.6038122370804513
-447.0561364720477 -27.078166266447788 3.3717373113016564 -7.5051442828633 0.9586853465190646
-79.63675470950734 -64.58537746330941 -15.394128178327874 -12.18728102052859 0.8460312301982413
-447.0627446172919 -27.082737350115483 3.4097081967089404 -7.567125216122341 0.9516445444727062
-443.9554695193648 -15.254056616129091 5.549876010508518 -3.8354016683735384 1.9950112949957366
-624.9150241720695 14.914628983207658 5.799210309648991 -11.8623931173788 1.6209856036630397
-185.8806939872382 13.542259534201698 -2.9395994368246634 3.2096367661936385 -7.021303315330444
-194.13359971799517 -1.3847019446518114 8.64494425317155 -1.652832400107135 -5.783946867979834
-193.81454334190644 -0.7844001761591166 8.14897974474743 -1.4790039787738045 -5.812740376903008
-194.05306137494208 -1.1964993670177486 8.55025371608706 -1.6308924331330976 -5.795055923398766
-194.0521688397474 -1.183410234179232 8.564337763784653 -1.6385659417434506 -5.7960223985675405
-475.5797711404995 31.04375738961558 21.48231980408809 -10.275421340102994 -5.970735207028144
-482.7222811442802 1.8036960632790149 12.295675700505608 -13.039629328758904 -7.38982637151336
-78.88304199428048 -63.667996141257554 -16.312649956678726 -12.099431960683503 0.9451222930976467
15.820020283966064 -12.596527857020648 -2.3694368262011305 -11.420253221747611 -10.893760376341127
15.82878442934376 -12.58732189557158 -2.418911158532353 -11.317990849930077 -10.870657136613287
535.221967070903 -118.53109973651128 3.053834295989132 -14.719511878991414 -9.534114157100333
535.8263397757302 -128.4342943685863 -13.56168932450742 -10.248560545068171 -10.997776538383683
542.0490596265746 -103.42698094883049 -6.594829093620835 -6.233515055838844 -9.396042169694118
541.8723174748761 -103.74973665210564 -6.335721801778242 -6.288206913136547 -9.366118880678883
552.4393286831692 -100.73028807061581 -18.632549440085974 -12.949345236395658 -1.9936245549829148
-376.6839676891489 6.356143932694997 24.670331790026037 -3.237135157671589 1.7508329411834347
-383.45829312608237 -20.62160882839533 17.620560536720703 -8.430204601013548 -0.18855933707446398
-383.73848390458494 -21.026353970878443 18.066468138989322 -8.560103894180681 -0.2397389729208761
-78.88441663864856 -63.66069692004975 -16.301472926896576 -12.103139824171143 0.9430395815815459
-322.25064761396425 -29.567940922000894 15.901893314138396 0.4306438011290846 -2.6748619846877424
-383.7371947645208 -21.01599105834095 18.07493979301917 -8.565109811002412 -0.24079548992583444
-505.4950571875246 7.1585676674842516 12.863616971434162 -8.658172634545796 -0.059134070471285494
-505.50385482589525 7.1538079193145 12.920903506076233 -8.767064164831023 -0.08176767111807048
-497.61189864078847 17.959207019896414 1.313977711724618 -5.6650296359407735 0.38404820102893433
235.31193600543273 12.514382098256132 -31.66538906501475 4.138634214895392 2.902021765844703
243.94328412358058 46.24273789034909 -24.055825985564663 12.720211059987522 5.742168667626804
230.24897143800032 10.294770666562911 -28.695841037013395 16.474873922183377 4.6208919188334425
-185.29724493442197 86.22172174487075 -27.466397822562122 -2.2006701262983266 2.6907795224533357
-184.81916981169832 86.82438450223964 -28.268658442992084 -2.092971334204848 2.751089022288611
-201.2210036179871 82.16735066064018 -9.062919389740005 8.077759018558345 -8.766516366531004
-300.3352094571887 -11.117321616395564 -27.95170343373501 -13.132309369394616 2.2797354813343516
-201.76025873273417 81.26435539581962 -8.192912210445947 7.840986585708983 -8.690852508012464
-446.66120346284544 54.12459885926782 -11.422393700559528 -18.841648295082713 3.5617396132005092
-446.6685899568425 54.118837925251164 -11.376453990980725 -18.934518052357728 3.540589690354627
-458.07345653228975 52.43162365055453 -0.7301515162819491 -12.216284619298042 -4.6810834895884454
-454.9296472660838 46.02291094866704 -22.218268436116137 -6.6664843800159845 -5.806352111312527
-191.12645955070263 -16.916740379477442 -10.211970121683473 -7.409018622620619 -4.790756059374609
-199.69901726177494 -29.964226132516362 2.089511452414909 -9.85810130334527 -4.195891415185298
-190.9914569156779 4.919838940091408 11.604321191287646 -3.8828870892853757 -1.8661989672089054
502.0380606649227 -7.402956395431338 -3.5216943409091743 3.8409838429624146 -1.6877147027286523
888.9572157975032 -66.69517988087061 -9.844620022706884 26.282734955612206 2.6851203968176027
-299.2894574856163 -9.941377634655238 -29.250182458395166 -13.078903859290751 2.4123276971748497
887.7576256980112 -68.53347663236163 -8.156033876174792 25.449494460950927 2.6590009856313337
886.7320921262932 -70.15194164374257 -6.750731113707703 24.779978621521003 2.6275172786277463
886.731657925164 -70.13691758120925 -6.731118943660825 24.771267914713068 2.6253201688424213
887.8645505333143 -68.40680353280447 -8.324430403360383 25.5402208636529 2.671872937523776
878.309703403383 -105.35527899563924 -16.006551777444177 15.2260459658761 -0.5227595930104898
152.860305825605 1.087779152501942 16.113510104054555 16.73825563337723 9.047076552494199
1075.1243319010082 -13.789722705218374 3.9936205154034936 38.209555046059485 16.501077829893106
1074.1557259508857 -14.972078878840804 5.525876313929812 37.35556252070036 16.271128764027157
1073.2467033693645 -16.080015076620978 6.965463593178602 36.56145929694369 16.05969183573284
755.4231215818393 31.029155759344047 22.501014228525523 3.517742711878782 10.368896353890303
-292.10691753593443 17.907652670066444 -23.309654240054094 -5.578600996448558 4.763710044675847
771.9828556693664 50.7201292810559 -1.5919220814636654 10.95729576066335 13.696202133902133
758.0078565537476 48.06622494673047 11.9786411729993 17.721560742420294 3.1792907307491727
757.548558732964 47.27734061951565 12.832486458248782 17.33727375851152 3.112927949839178
757.5508368622301 47.31152780447035 12.867379873004491 17.318864372617263 3.109625592648072
745.0978160696422 2.572775846884671 -4.1767449620306385 24.58810977914816 3.2464980253608338
731.8185574414699 -49.58253054021596 -16.463834970170907 12.252043643680032 -0.9522636148260798
290.91586236735304 53.88213129592527 -34.994682954485 13.651950084623477 -2.5356002173896273
278.4395504318981 4.765860315915162 -46.798283627573994 2.4670885647784093 -6.397421898332806
278.4228431194146 4.754360500923566 -46.69745022884095 2.281152073487086 -6.43212898278375
165.89090874168275 33.92330224834068 3.3652780512372136 5.752054735541339 -6.85412578888609
333.5122929647219 14.243399822136144 -61.711653392563186 1.0147939972317594 9.36213365033111
165.89448342985037 33.95415512812304 3.393435714833955 5.7352543337783555 -6.85617363951819
165.96025442337492 33.90939414145591 3.4519468165175415 5.725450545570036 -6.864314765332021
177.148730932163 78.73494632645523 15.658516076286617 13.4543403421399 -3.8805294979713953
165.7154541911245 37.854506788017574 0.2864799197976343 20.220775344427437 -3.509262928005045
154.84303518716862 19.02990409156159 17.423446704831928 12.776614908595327 -1.8134111937889328
154.41283294306373 18.309155323211986 18.065230154305894 12.533936473526355 -1.7642985031039982
153.8846504959169 17.460172894048196 18.89765132496919 12.212016928834945 -1.7116846947588495
163.1615129951769 20.291091574284973 7.833904633113721 6.8294569605154996 4.840585318566525
463.7023554515016 -45.135150661123475 16.74675192927275 6.581112998721992 4.284573781540423
-383.4166889176872 -10.865559359474968 25.520048209054828 -4.443790244172408 1.0753242088549508
334.3293029401569 15.167537476501009 -62.78068074283949 1.1840490684853626 9.47889322150434
-511.05186911100816 7.730381874630782 29.59040260523057 -11.228299094637629 -0.26785545600421784
-517.4480154585397 -18.2451435167933 21.82898675151882 -14.424379382857776 -1.7014263782829768
-517.4401920958327 -18.236760306392345 21.7856438228395 -14.334826677743964 -1.6808660904152322
54.169212327330406 -14.155878013599166 -7.824142132780109 11.071074250432433 3.4775006079734543
45.34720466896815 -17.21157220184879 3.29172784032227 14.980035419861668 -2.6133682618710985
45.34650804658905 -17.223422049403073 3.278606887853977 14.987020196113214 -2.6123476107532513
895.9346689351431 -44.30839137912506 -17.39788484730759 35.29082931913452 -2.9312957752266984
885.9742648083494 -82.53308253958535 -24.76755908234773 23.60057923435817 -6.4331820207827475
581.8827102992813 -6.345077783845423 -39.96450153299912 26.289051487978455 -9.953414688185203
598.305469688709 57.11453681897115 -26.852878910940547 44.12478133247515 -4.455579999890501
311.49609815120635 -15.106560006155355 -32.76480388908495 -2.054130135249529 7.219797992258038
72.30270378976093 141.22070784148534 -19.685558965388086 15.854316346033768 -11.120713965411564
72.27665831535613 141.20527681867583 -19.51618763401382 15.523093157023263 -11.19405212974178
71.73428754450846 140.1327110570944 -18.476354431525223 15.166692683072077 -11.143371381138637
71.95847490114971 140.7541111895464 -19.0666590426403 15.352420496895816 -11.164155459265517
71.44869318003559 139.7811459757293 -18.242236944745287 15.081646101414202 -11.1078655239622
60.118396706969875 102.67142149328829 -30.796234276873182 21.175319326786965 -10.750731947338283
44.37075864240979 74.2754873974231 -8.532387480336098 14.013817559514704 -7.639898385319968
304.98925655081445 16.56405959760679 -16.943729244587267 18.654951148067468 -7.035150447691796
305.46632799476635 17.32613249086765 -17.641539509484414 18.921448301707404 -7.0883253285220515
321.58053141466905 22.372331783954156 -36.75674980911579 9.386360197902418 4.252975565715186
322.3174411953787 15.956721239470054 -25.984367411425417 -7.3116301040012885 7.534732353522242
-206.93910179638948 102.42789339665626 -31.271111850010055 -6.540030502455629 1.946052650408683
-196.54154515420385 144.16893845084562 -19.722285928294156 0.306607669787421 4.6582806867189115
-610.1392204072171 95.86297584757253 1.8839662385546962 -6.003512792840874 1.9413982665589309
-595.607961654788 115.79956312360606 -17.892554653724027 -3.986641300569495 2.4170432631391026
-603.654788824644 83.748117063553 -26.281406324803967 -10.131361463325458 0.1156902048978331
-299.7061647162184 12.76586400990562 -12.508518734802752 -9.828087175163434 -0.35457432170434783
-299.8358212258237 12.564809892452681 -12.28093356314863 -9.85421815338378 -0.37411860762685356
-299.82912200540176 12.569909298632947 -12.321208036366118 -9.776808908658484 -0.35812282741267626
-300.70604668487334 22.376288351775923 3.4592730450288967 -13.861448593111179 -0.5215236268213423
-300.70491269363765 22.391364428846686 3.4735783728253082 -13.869067554439205 -0.5231261388105554
332.78924638940646 57.85273022503127 -14.666749524229068 0.0698469290289625 10.380204985333666
-300.2392771788507 22.94598319587819 2.9676699696679782 -13.858563243299361 -0.5118899014629092
318.5195604383278 55.43093410326168 -0.9900591886232606 8.15406823826731 -0.40997551693570483
-193.25486230155957 -8.363234966002164 -2.303889940633644 -1.775204743988739 -7.554536875560862
-326.0229645366551 -41.918392461190535 13.33266543207194 0.7753510738367022 -2.983629491356381
31.333869756536018 -61.411107108638824 6.141584431881599 -3.541321441133016 -5.628892314823096
31.55254614599794 -61.02912288504967 5.769747752113378 -3.374233370734907 -5.643315737244693
31.36159402463182 -61.381488348256354 6.092427165545593 -3.5158125638163145 -5.629545586243476
41.42388732766408 -21.45910773203808 16.245050648766377 4.658498371159185 -2.659000835131205
41.40868105699891 -21.466316950250974 16.345514593682804 4.470707979134687 -2.6968057900923825
41.0010905812459 -22.20093502673903 16.99759325883008 4.08493255632266 -2.690538925444574
48.251191203541275 -19.77928006517126 8.309272937132974 0.5405955523706736 2.406491024607423
42.10074593680188 -44.09302967902493 2.291775546695603 -4.724652089026208 0.540434212726651
-153.56942730821066 -24.35951001127183 12.127834440669039 -15.219062849080691 -1.3972148742863486
564.4081100110471 -56.20187131286423 -2.6491722576951635 -15.052642424077368 -0.9060745479665473
-325.46029501188355 -40.851137186062594 12.639930560150173 1.2690869762867003 -3.037228310806184
564.4095881994654 -56.1833759743777 -2.631849505224785 -15.061964181611229 -0.9080083250677831
549.1966707792989 -76.46645659603284 17.10287285845293 -15.951432055854278 -1.2720497442591043
549.0426688742814 -95.34799432447649 -4.635930678068898 -11.495212836490765 -1.2409122904447014
876.1173005353551 -111.1864441025007 -7.780574088605824 0.06838360940672528 -2.910155513319914
886.3635472509421 -109.26648065985616 -17.642056001774016 -5.38758499751981 4.857856943276722
901.1429424869289 -89.44606255840135 -37.594103884345365 0.44872277147534667 7.165636749922754
901.1406047186633 -89.48070135255415 -37.626214137063464 0.4652293488593481 7.170513358002108
537.2655277459463 3.414671550260146 -63.501242683677965 -2.322450772051298 9.645759083604773
523.2986121054222 -28.6145576915889 -64.79609188826748 1.283749232171976 8.123766993325106
521.456576622845 -30.83381447481148 -62.49503923562122 0.8867306637814029 7.877925811126186
-328.7924893978891 -47.78071079430507 17.227494078879264 -1.8499519938481994 -2.525558842965716
522.8750301617927 -29.18043030355995 -64.33389748091795 1.2274514803940102 8.079011392201291
-178.48927521766473 -8.14664540518974 -24.88300069297251 -5.45100650661442 3.9938366897676474
-178.48312047259304 -8.143788587687583 -24.921774137937067 -5.385667961478074 4.003132869100345
-170.33621723436883 23.223058853410148 -18.618066723238904 3.6224572530107277 6.703124446516468
-171.49316100682447 21.722507194777183 -17.17092291748743 3.2253647861196417 6.536749024310366
-442.1410183200725 65.72590531460676 -18.280464267941355 -9.922620820717995 5.615213369331094
-434.0977675195112 97.72132272885347 -9.990251018439473 -3.630818062970796 7.946564888529503
-24.331276129461923 -54.18548253071092 -7.703913363346003 -9.78687393183819 -10.10250630342786
-627.4335047082124 -15.390725294479566 13.294715562622802 -12.627783709357688 -6.118215833614252
-628.070170616756 -12.132543866528383 20.611609310612184 -14.466579279971391 -5.36920902381563
572.9507544909699 -118.96545353138569 0.1616436685697769 11.768789499642974 -2.9171923220594698
-625.08895751957 0.061827719127043546 24.422398894067744 -13.274619354336519 -4.769138450943165
-832.8320613423574 42.45448040176151 22.200510023744517 -11.90852467160847 -5.307258921698902
-832.5734969836487 42.828284720306165 21.874078805356394 -11.879924600040464 -5.361766475204049
-825.330685182428 54.36204470924574 11.590768516938365 -10.510736918270734 -7.067919532376276
-819.1227733009716 79.61785450773415 19.22152215135394 -7.55780951358403 -5.711711083099631
-819.1290680530992 79.61240915752084 19.259460269880986 -7.634967354000584 -5.7292983119924905
-604.8691671994833 50.470728384309055 10.39040940374674 1.1041225917554522 -4.845512426396862
-605.336188537729 49.660709136650524 11.136702361799095 0.7900352335963031 -4.805694512762554
-596.6668089402191 52.34710635066151 0.836819308966019 -4.055470926813973 1.2503730157959647
-595.6861749981147 53.742749539470715 -0.6295800774890523 -3.687777914771046 1.3725797152391315
318.42748934120755 -83.31981378888865 2.880118529806843 -1.7763866317782286 -6.079796996843674
-595.6852833426211 53.75623427190138 -0.6164742620925847 -3.694525564646376 1.3708702009235212
56.28878412445487 68.40985314046102 -38.851965964972656 6.324158024137538 -4.574977388154067
75.50055832810608 71.77702655298633 -57.34901090031704 -4.835249501190665 9.963463624134729
76.364021409922 72.75604620647734 -58.52411961850635 -4.745405723972368 10.102434858725852
76.35195412008662 72.74680252386943 -58.45304105509194 -4.87805317031519 10.0771864462942
-446.40312084270784 53.009694291169 -21.354486837539355 -9.114309297006518 5.192741722251206
-135.2504195428913 -0.3715029580115502 -18.601516612480722 4.997540340783123 5.405223557292514
45.36831082847259 -44.10246688614978 -8.143306242833832 5.938780519870714 4.291969215905873
36.738759498544894 -76.78375642749982 -13.779980770191694 -4.651759277977143 1.4590330774833682
36.738102053982345 -76.77957174545027 -13.773892149918602 -4.653842037862292 1.4578656551494102
326.6610294049079 -80.7395790952715 -6.807318450536685 -6.62880457059119 -0.29432854029926697
43.37081969141103 -61.08926409192527 -13.689753271892846 -5.860540780472734 2.509089859632646
48.387935290635 -41.74829962076604 -9.78276163138405 -0.27110030951441844 4.2131344906983745
47.34458856565253 -42.942040042294664 -8.25498444036781 -0.7193975498476742 4.0413216098745615
48.37105797658905 -41.76642704844826 -9.761925034944543 -0.2751138930696774 4.208255044483955
39.28371504406862 -52.83326837172923 4.27092835744061 -4.120997072359811 3.0352068898266684
167.10614129604593 -5.860977445340726 -20.436031284065503 3.1264201691592763 7.388900372748893
166.54954836296974 -6.47986778011753 -19.681653595420922 3.0041420205017393 7.306170165457233
176.54273120459027 22.047159948756953 -13.54122246823082 -1.542111546572989 7.942271545911773
472.07312070533607 -47.369554380682914 1.2350291243883857 -0.18282904317916987 6.128659561919813
487.15416880536185 12.635267696192214 16.81658182810673 11.541562423003702 10.482146002582331
326.9776364516701 -80.30368445026724 -7.237293448032763 -6.542747417852395 -0.2640300557459618
499.38140200533667 27.868068510479006 -2.4858417186503394 20.626456776068142 13.153369145970988
498.7361832628258 27.035786180370373 -1.4366350528579728 20.096076987782585 12.985307842962781
497.6083003941431 25.568612035047277 0.39490302517665965 19.197939157453607 12.655195677652879
238.62962932008958 57.81771156798553 19.080503718279846 -5.983276265066017 7.751098779519558
228.42852114350853 56.12346642607588 28.7027065851207 -0.43161035448176654 0.29385260944064273
228.41181445400943 56.109401947542835 28.804174308118604 -0.6375784026303085 0.24683852666877792
215.7321444508301 4.6027209991644185 13.397418123826514 -6.951179102060627 -2.5829212431775606
-507.40179441726735 14.003376474243268 23.84538130842385 -11.20993629618911 -2.3584233037491305
-507.4027595202694 13.990111231755012 23.83208030716485 -11.202784538737179 -2.3572809704635955
209.26173859040503 -26.586606012109662 -8.405300114693318 4.008654370038252 -1.9833329705855804
326.9788594294378 -80.30658081306349 -7.243863262533724 -6.540850626083634 -0.26309877463321696
