129.55510379845586 95.25130051769084 0.5917292338271578 7.281174270318637 7.176865823721438 -26.034027192190194 -7.040777352940181 -0.47748546576923345 7.717496892698058 -10.819213943862595
129.5552004565966 95.25153943557018 0.5908546991168804 7.280863609502379 7.176014893522065 -26.03212352566295 -7.039807389159971 -0.4793201470658691 7.7158539824026775 -10.819244501790346
131.69908005289102 98.552398293246 1.4741254617709987 3.4821902914064156 2.2698309295893617 -14.578480735132278 -5.89685922312062 2.8093210762010368 7.82688232155709 -7.080323309431213
131.69971642480016 98.54121948987522 1.4643301775281348 3.50626939142756 2.302130762398041 -14.638758117200483 -5.888742537583099 2.7628832913924066 7.803192104707524 -7.102718075038756
143.72707581550907 107.6983733317672 21.477303252450003 -2.5582094325708 1.0947748918371765 1.6621617208294266 -7.8130145037649905 20.55740053622751 10.809478341935641 9.416728019487339
231.5783268581466 223.32092239488387 -58.46599043372501 -13.587435239227169 -27.221717544689906 -0.7107747818048877 -8.696543196022901 11.794039788404222 4.645082356581793 3.1506170345419235
127.63936135106584 91.13292390292293 15.699062038303941 -4.443123549651579 -9.033528371202522 30.725990292057507 5.504872415111775 -4.339198145961151 -1.9450989450413805 -0.395467308326225
-297.8754088332764 -312.7224274664438 0.8045455801165133 -13.56064001348757 -26.006036529954645 11.350184017914355 -4.195052850635377 -0.14668244951243894 -4.193471657787296 -0.6460145180092756
-305.2410543524539 -321.6619532713825 1.8982564258113448 -7.8041294798929846 -16.90997502149554 -11.280137903512049 -9.170512799501726 2.212029753037647 0.3343307085774394 -4.302343739163549
-304.30479052029085 -320.1371455370172 2.14236836845261 -9.642526367228255 -19.31041817503342 -5.814742078419072 -8.576122762619583 3.7444581904189485 0.3311464070683787 -2.523465334887427
55.69125004973787 -8.499152655415969 57.15175489147333 24.220427934392706 39.897678368805224 -42.82737084209875 1.0753187444792092 -11.493441194750181 -3.645609408393824 -7.8285159765712065
-304.30495111412364 -320.13754248987357 2.143821373267593 -9.642010216532539 -19.309004388124375 -5.817904945412181 -8.577734318865367 3.7475064398959206 0.33387603493433804 -2.523414562042573
-289.47659675163715 -309.3955375294481 2.0604371799147803 -7.22593989107085 -13.329864622614522 -14.872890793363977 -6.8827593773869165 1.6614050440499835 -8.299309735776145 4.685834315902612
-290.46220652622344 -310.9116689145001 1.5163532742749628 -5.431261962311179 -11.092169275599467 -20.028650674235077 -7.281602023627818 -0.0801422888880087 -8.481973433482445 2.8961892320700544
-384.88316393698994 -366.7378060278691 -619.4125850616632 847.9389481666356 260.21846106051635 117.58043467307425 31.64677472291727 55.56487069443138 -17.970413163047052 -16.572610275566042
-359.5973312724301 -309.9895378369766 -291.75036322882374 179.1016610992121 -33.14590159642773 -7.684961115829846 -66.20688592032569 -165.57911850030013 130.97754623607696 93.39278741306704
100.92368551682715 -26.848200760922698 204.57000134794313 40.37554176140138 81.34511876342903 27.650194448229083 30.342579780505236 -24.36066728592972 -14.770285106908172 5.104550119307128
100.92365353829491 -26.84827980489199 204.57029068039176 40.3756445409171 81.34540028652366 27.649564636181086 30.342258876153426 -24.360060297065264 -14.76974156386488 5.104560229140355
123.83970576302576 -7.0562134551529745 236.36682695433876 30.361153427849693 78.1974104297084 55.65961385199298 25.876721423045407 0.945627142157755 -10.208648877104999 29.617432797186225
296.76477829541426 223.02467525451868 81.5059553265198 9.137797649180586 25.1802540895095 38.93787048582282 16.19277296291138 -3.6759682213170506 -11.157405571945292 17.085525894860414
298.0885930753477 225.30786726263565 81.57870882860736 6.094751230753809 21.33191447134424 47.15484697831987 17.143046029060034 -0.5041966143362948 -10.807131025694375 19.937143982643445
55.691360138505296 -8.498880542369053 57.15075886234157 24.220074114706726 39.89670922305165 -42.825202704969165 1.0764234577946994 -11.495530748178401 -3.647480529309236 -7.828550803611888
296.38822272485504 222.53272011936818 81.28659847626302 9.735633779415801 25.892855908071255 37.24702078932835 16.01031374830729 -4.325842140757488 -11.200322069054637 16.443416081187536
296.3882627658522 222.53281909199532 81.28623619697983 9.735505087007974 25.89250340704497 37.24780939032535 16.01071555943915 -4.326602164363806 -11.201002650805664 16.443403422451482
419.8004738015073 382.862343118635 -11.404890676276777 -2.2176698248797715 1.11460848779191 1.005002792710182 -2.27555402936263 15.599032665363934 -0.06754597417447705 17.590058945624513
-37.47578731978449 -56.913705658170876 -12.478922759436445 -10.40186448951015 -16.522652783149937 -2.6072472345949205 -6.923323665728405 10.977752897407248 -2.617265329769331 10.195410676660453
-37.47522602786835 -56.91696305124142 -12.480103845497291 -10.391601198614769 -16.508616712626523 -2.6335751818998276 -6.922260259529488 10.957203421653979 -2.6275875807102813 10.186027847840569
-37.47539742603899 -56.917386710826825 -12.478553082941621 -10.39105032373542 -16.50710780189384 -2.636950845272413 -6.923980242061972 10.960456756642742 -2.624674302338595 10.186082036568592
-38.4747425009222 -58.68966534550602 -12.00626060141677 -8.039448630974631 -13.264763719965158 -9.810781829085602 -8.170879885438982 9.089145797297318 -2.444473518700607 7.981332407761716
-229.4523837287359 -221.5833357039023 -55.092634109843324 -21.24038347713598 -42.81583937399478 -5.7447123828991336 -13.957572035767912 9.883057120182121 2.860826985607565 -2.207778978970939
-229.45271670416375 -221.58415873988264 -55.08962151685268 -21.239313311998238 -42.81290809093738 -5.751270143373094 -13.960913353064678 9.88937717703003 2.866486348393365 -2.2076736125738736
-229.82881370982608 -222.31466213435982 -54.50227449593438 -20.308149418548513 -41.33133393778591 -9.081656480481541 -14.760335603452589 9.61055544629616 3.255073824554879 -3.023534166073855
55.69096408208953 -8.499859499442765 57.15434217936563 24.22134701838787 39.90019582654607 -42.83300280808228 1.072449140633313 -11.48801338063999 -3.6407490220440955 -7.8284254759467
-274.70929896425383 -277.97884508640027 -23.432880443831714 -17.331373644474247 -34.975684813755876 5.753954833893052 -9.338744126795207 4.528595517969315 1.7672244227701617 -4.213402498736294
-274.70831799431033 -277.98079662404007 -23.43330441970538 -17.32513918182267 -34.96700042020133 5.739599812405807 -9.337157768210373 4.516488483309964 1.7617098738669639 -4.219100795082138
-274.70832900819994 -277.98082384803024 -23.433204768675896 -17.325103782822108 -34.96690345886918 5.739382894547087 -9.337268293215821 4.516697540979637 1.7618970803654976 -4.2190973138815
173.97352097943437 160.61613111544077 -32.77643865242127 -11.972051073057601 -26.955262227494483 19.504388063599418 -4.779558474974587 4.98756183160774 9.965638531726906 -7.541632917057835
173.5347448680911 159.82533193014663 -32.66966477518178 -10.90786648014075 -25.559072807982123 16.516489238703596 -5.2029232416531235 3.963958783211889 9.923289515399196 -8.542617534309409
173.53472401563826 159.8252803866799 -32.66947609991842 -10.90779945455581 -25.55888923209044 16.51607853972136 -5.203132502033525 3.9643545984152047 9.923643959563938 -8.542610944101968
184.1743273726405 173.21414492249912 -40.517664363494696 -17.93839977259828 -39.245279751371626 46.222689270078554 3.6400212295189407 -7.769575676241178 0.35090959940155886 -9.4638635640044
55.73230863596164 9.628454121722472 65.16624003599775 -6.392565095260404 -9.981595174045133 69.98574408951274 10.204581186271254 -5.757097205866626 5.973645297803805 -7.411775163518611
56.29454137020632 10.598518522039493 65.33642962920855 -7.82753390701928 -11.582017717550782 73.26262616397317 10.544189383037354 -3.7037674288142464 6.385164841984887 -6.038747486313835
42.51757530392583 -1.9965083222499251 49.65112848952068 1.2942745396525563 -5.914281756240282 54.20528296520189 12.372537947222966 -20.372353333294342 4.331386078142271 -20.70220919866552
55.690927652677416 -8.499949544956406 57.15467178132543 24.22146410276254 39.900516531373235 -42.83372027565441 1.0720835731478433 -11.487321910784019 -3.640129826120826 -7.8284139615483435
84.47443907471832 25.962228932767175 52.36793538379911 7.026977664709192 10.32189520930074 35.13799001963551 19.113340588140115 -25.478393369274887 -19.519276026003144 0.4073313313821315
137.08026947097068 93.09267587483964 5.603815098487284 7.840887434363592 12.131691301212921 -22.62871619502798 2.2369328176355157 -6.463893435625452 -11.699109695479365 4.74022671095453
106.99958302121276 71.39209178957773 5.350315911265498 3.3538819774040802 0.714768830293305 -6.009562635766323 -1.3997339846279595 -2.6273816010193416 4.939662632442329 -9.27171547551395
123.79500607953824 90.14349909389016 6.4659790076325505 -6.492949210580243 -14.911090041998953 37.66845931015413 8.467939385349718 -8.419567179340547 -3.403638066163645 -3.422726641098687
122.617102556242 88.15245655095458 5.943319535399042 -3.970632853227998 -11.80874579395758 30.98856207374675 8.040561375966897 -11.111297760522042 -3.809037502728626 -5.874808355784678
121.54634554200794 86.40261929531492 5.134233904245169 -1.7466055457131067 -9.179628270855792 25.23729745424313 7.864627976121311 -13.633613415077283 -4.275196372753521 -8.123895590736181
-274.20300873130685 -255.18318005904484 -289.0061870347834 -201.159753400685 173.76015764473215 -13.452045203040067 14.974821558908836 -29.96732045869462 -36.00006304375719 -53.720359483878035
-310.22010923316714 -300.77927919647067 -513.6145214574749 -521.7480991745838 626.6259179885011 110.49408444918168 -53.03297217925589 7.128714289789225 15.766342256131605 15.232177338476946
-5514.675229962637 3118.2257065995723 77.08358097104615 12.012758091420126 25.552817076284285 -2.158553431506694 1.6222156417248215 0.13410069953035764 0.49973148620822355 0.23047444347943413
-271.4981234768762 -243.06192777092463 -231.3979337735038 -106.9247642390273 -10.213046613649837 -89.82302213546909 225.5002171146137 14.437217346324932 44.562279367302175 9.194721932621718
53.20399082769792 -11.9369088775571 54.65090345370656 27.513319103262845 43.75301440525071 -52.85636413927861 0.8758598567915676 -15.163149105870653 -4.56458333754353 -11.332473575189114
-271.0965466071748 -240.8245097818605 -222.09445442229966 -93.00828609049718 -30.414090064114603 -94.5025283712229 221.42809861767367 14.160682063624122 38.57326876375615 12.069581505874499
-499.8924207105777 -480.7392861069128 -121.64356441035831 -57.06904048381236 -45.56679144296043 -57.43613148328223 117.22925094863183 14.778755229089256 18.278611879738197 14.28534364555897
-510.00254937814634 -493.0466197743293 -156.8288628840009 104.88840382018465 -17.801959798949923 4.028689755959076 -20.480354424881344 -11.415045788655167 -0.20363213743014685 13.049505912006556
-389.0224207935756 -366.52145814071554 -151.06586031879814 62.991756904941774 -32.60524678414811 1.5263899464367734 -14.096485759566068 4.449320605173782 -15.829126041114632 -5.110425733132798
-387.2413449740343 -365.3500518490599 -143.44229134124558 45.305186412482776 -39.06573486452837 -6.2401028652013935 -15.958617744558776 -6.3903948548783385 -13.750108717760325 -3.4615785779496697
-323.7665183930702 -348.95837943632057 13.648376829244988 -7.134144068119692 -16.79676796370011 10.442209912643575 3.8283267606285283 -13.530507869583525 -13.655928455582526 -3.454065049950527
-323.76649899441054 -348.95833148745174 13.648201319994248 -7.134206414371832 -16.79693873595355 10.442591958154855 3.8285214208760716 -13.530876066831222 -13.656258161762754 -3.4540711884420796
-324.55694578212837 -350.05262780847676 12.372661852652941 -6.093877605043732 -15.715081573334356 7.683731278840232 4.282959016575345 -15.137715623456982 -14.311842297615167 -4.722968545514006
-323.72077499452917 -348.8397148284245 13.738320762006545 -7.287006610427385 -16.96608734460305 10.759626645163603 3.7509643599696796 -13.305434998226906 -13.562718376336388 -3.293132953442235
-345.01237915408916 -362.92673666283133 11.694964011905979 -9.957019932503155 -24.880070660539932 19.40231014106465 0.2782645929614857 -10.987662048454139 -2.0846452032694915 -13.552091903161662
-108.41090861489816 -152.75050559501904 37.33583644140903 3.093303259810345 7.88316753506078 -5.142117246371377 2.9428694377867313 -4.25865377420699 -13.494428385407376 9.327956616200542
-336.33299896091705 -355.1673718799437 22.61805573566841 -14.131203780639138 -27.092602275145083 30.553278223856164 -1.4892403155292984 -2.3704647749561625 -0.04464069931430381 -5.849192109646363
-343.5401123966232 -363.74270382512475 26.686499487600706 -10.335944935976448 -19.224626753592982 12.360847992259979 -6.935098018936006 5.8337832180658165 5.945673776957207 -4.696358587590385
-276.3310099896452 -278.7903658208636 -26.5091443317521 -17.401114058579413 -36.089252262262896 6.209067940671861 -8.650868450170949 2.7685311250675566 1.232182401165649 -5.555587243458388
-276.3310387044042 -278.7904367970778 -26.508884533395957 -17.40102177031518 -36.088999475936475 6.208502416559954 -8.651156597103796 2.7690761517888594 1.2326704533353494 -5.555578159403465
-276.33099339889617 -278.79032481238494 -26.509294437468586 -17.401167380687635 -36.08939831658408 6.209394687935045 -8.65070196527718 2.768216220741265 1.2319004154685476 -5.555592492023034
-230.70823039513283 -222.4210085415988 -57.2909776868113 -20.562478678351873 -42.707019761949084 -7.596383637422801 -13.878706094559028 7.63868668659008 2.483429739648776 -4.211828971126894
-230.70787408802266 -222.4243264780201 -57.290596363473604 -20.554564962728424 -42.6954280684934 -7.617537642437497 -13.877873699318572 7.623190727628048 2.4757751288847913 -4.219311480488321
261.9744308255923 271.7291258543617 -100.49122182463412 -18.430973435823184 -42.41231143295742 -7.209453014265878 -13.860769273009087 11.200548216803792 11.39339461378169 -7.54206121612475
261.20673100855953 270.3268131415698 -99.71365247301023 -16.661512859995295 -39.72982315379437 -13.234377236396698 -15.153988825469773 10.542062025695255 12.035910170145602 -9.107134362446969
277.8530311663983 282.95450631517446 -94.9934399102714 -20.94298623681947 -42.35120928576077 2.869292407210206 -8.813274072945216 11.86180387359807 1.6659710268386445 4.539825648587912
-108.41098008851202 -152.75068226058895 37.336483106466325 3.0935329748033475 7.883796745946499 -5.143524892401892 2.9421522070639416 -4.2572971400061155 -13.493213554882146 9.327979213236576
277.853657902284 282.9515976028312 -94.9908302906434 -20.93380260182534 -42.33695877618929 2.8420467202398583 -8.814650074656406 11.84547770691882 1.6583727036400304 4.531525797712208
277.32777786160176 281.89729427276876 -94.20370863956022 -19.548078777061964 -40.208122931668996 -1.9296095746370407 -9.896985099448484 10.975230944561138 1.9271601233426525 3.2428105797550617
293.1796237016899 293.2809681173531 -93.87308593991143 -16.53396177587316 -32.757838151563256 -14.151888353441024 -8.736125830464902 8.456877184506997 -8.530520396227876 12.11755390863473
-215.10527764500918 -211.64840534457716 -53.98152841517875 -19.606059135453222 -37.86819142132191 -11.08875531697652 -11.315551974374747 6.251355215679706 -7.486182386619448 5.610496096445251
-214.72388046053337 -210.9919377013938 -54.22804309057901 -20.462753459728326 -39.07315405047251 -8.34734215310232 -10.768547364057234 7.021986330155134 -7.509216933724455 6.445794994702538
-217.24020094988003 -212.94269507223058 -58.765431000442895 -18.510527555883314 -38.349295858005924 -12.777723704453562 -10.522726545873418 1.9646510861671151 -7.724173922903358 1.3234359335746892
-217.24027038992463 -212.94286671189144 -58.764802737830124 -18.51030437792801 -38.34868455237532 -12.779091294538684 -10.52342336300245 1.9659691080234958 -7.722993680904944 1.3234579012732972
-258.18684872219785 -268.6297158481173 -19.904764569751322 -11.938022593421211 -22.4880152168842 -15.067020979395135 -9.640168521759385 4.675035723403557 -6.989124990060693 5.240048423271213
-258.88884444579264 -269.7632006612533 -20.101545200525724 -10.460450073481615 -20.618055984078666 -19.222706492211817 -10.094176085280475 3.2408123791241428 -7.086391514986211 3.804350469983186
-267.5737916494145 -280.423051807253 -22.163334630172624 -2.126831439984242 -8.891477060616984 -50.82386719200342 -15.81432607211078 2.2101384372988946 -2.2299543988555404 -4.687906994828761
-35.49081220426598 -56.902729796693635 -17.609614230359714 -4.200446480106146 -7.943898323407926 -25.062804333562717 -8.805754781823753 6.396011365032268 -4.966361622178579 6.987940750315413
-267.5740301328008 -280.4236412802041 -22.16117696137361 -2.1260649711143476 -8.88937762423277 -50.82856397222464 -15.816719180497564 2.2146649710291726 -2.225901066695173 -4.6878315283643515
-267.5740126721919 -280.42359812314874 -22.161334924370387 -2.1261210827091133 -8.889531326242384 -50.828220119308135 -15.816543982144436 2.2143335774026855 -2.226197820028203 -4.6878370502538775
-326.44539560164355 -357.2947028007122 19.728639477399987 3.084565600020337 2.631478056354483 -33.73690380833848 -5.495341007030718 -6.17726848720083 -10.103687205958156 -1.7751109823110514
-95.51623361213586 -117.67834040754506 17.39863496121098 -13.343084098064635 -21.3974887869082 28.36815230883361 -4.852822215569028 14.675042209687732 9.938529915051753 2.1586440735058225
-103.29310513731156 -123.7916687184478 7.2432491242228005 -9.200917709652993 -19.626255267447508 17.125942802575334 -4.877802407172213 4.296464802115502 8.67916030183652 -7.489545987551642
-103.95692265810364 -124.94418590822055 7.281516456429551 -7.721142664945524 -17.672118468363596 12.861522307195335 -5.424841225643383 3.0083182576553864 8.683964962084922 -8.893333477254206
-103.11006490764777 -123.55816922662339 7.3143605425541685 -9.449969082784792 -19.95599027907137 17.946768444853006 -4.759099371512265 4.499258760307767 8.664128402443225 -7.236022613515911
-103.1119491835175 -123.55426423328488 7.3142573316694826 -9.460858304681013 -19.97209592812223 17.974111775504372 -4.761064635728792 4.516802348775842 8.671297393410882 -7.226510086273099
-205.55095354095346 -249.38573270555375 66.14572875079884 1.7873257440328962 -2.691767382397109 37.73046182682641 8.080397030177194 -15.50204538301056 4.076084434222033 -18.702414223522794
-205.55095494724856 -249.38573618161746 66.1457414746355 1.7873302639164677 -2.6917550019920986 37.73043412990234 8.080382917906482 -15.502018689693044 4.076108337513298 -18.7024137790506
-37.17279927922986 -59.58819782133958 -17.853005836297584 -0.9877071789581584 -3.661777416825149 -34.90611480825176 -10.075662494196074 3.9550462034231217 -4.77181398345713 3.910149272486339
139.67519442607932 62.07562557791279 119.6362163842205 18.097654764135644 24.166104789320965 68.23447173254688 22.730623607698277 -28.533919975292225 11.088076807780986 -30.57298181270066
139.6752305319658 62.075714823772074 119.63588970900192 18.09753871934328 24.165786931359502 68.23518283154392 22.730985929613944 -28.534605305133564 11.087463112790125 -30.57299322782407
334.3316701615207 306.2822486514053 -23.132328707823145 -2.6174608496122866 -20.382553938511965 45.071041198294814 12.524905625723282 -24.795973173372865 3.4404534786139327 -26.512748061959815
320.0174642753865 290.725121670855 -21.4248594854252 3.5507871128927064 -7.948206815542748 8.699707957166964 2.019477352087966 -12.726677932522989 12.299771949713099 -26.250741095690298
320.0175027320028 290.72521672723775 -21.425207429692048 3.550663512710358 -7.948545368468154 8.700465354038784 2.019863263968622 -12.727407882781513 12.299118297877834 -26.250753253533258
321.61302686658314 293.19508720907476 -20.541541358549328 0.9161580292207516 -11.325710655333715 16.8848353878863 2.715585660999258 -10.52938196314273 12.424080768559957 -23.6587386005946
361.9331991441852 318.0663642887342 -15.089166336545297 7.6704249750031925 6.072335452784532 -3.047591943480691 9.545630121109227 -16.989521349565997 -10.35885154405269 -5.175621842751783
-241.61247042212972 -242.52793654062955 -43.34733723124944 -17.247516785348207 -35.87667383056964 -3.9594258238106286 -7.662006428274302 -0.5892405189499075 -7.374185996085327 -0.4897334811169515
-241.61252132090016 -242.5280623505673 -43.3468767218318 -17.247353198420996 -35.876225750429896 -3.960428251933709 -7.662517187380045 -0.5882744237800324 -7.373320891999192 -0.48971737904172385
-241.09805151876856 -241.67067142146718 -43.23633458257552 -18.349289269738996 -37.28496293371499 -0.8702706976684902 -7.337560254287903 0.4803074242944242 -7.28354577456474 0.5621857146796067
-37.171410226541234 -59.58026570551926 -17.838618630264286 -1.0054212138665577 -3.681757242451875 -34.86684918732338 -10.085253312194228 3.9998141080129073 -4.745984466042953 3.928509295664935
-227.1891615655335 -218.6967498959626 -56.61811364960282 -23.61324882280073 -46.81365698344595 4.086285437527124 -11.063029828755624 8.737859635116237 0.3775759498900407 -0.3237915895050767
-241.09850213596 -241.6688103414809 -43.23601750835717 -18.354620933557218 -37.2926984452698 -0.8558549101284122 -7.337652940440685 0.48733265667097225 -7.280956960981585 0.5664865820225733
-283.27595010348625 -297.6765296262082 -5.794777613305932 -12.920746906261654 -23.93195545599195 1.608290096171671 -5.4563418613313255 2.165803796965827 -6.52009345408655 3.4957015718022317
-283.2760578623895 -297.6767959805607 -5.7938026653380055 -12.920400574935945 -23.93100682188624 1.6061678462477156 -5.457423192436242 2.167849120247228 -6.518261947386456 3.4957356709172567
-278.0926989410425 -293.5161441821338 1.368694360567837 -16.02906898220657 -25.091704680464264 9.080136560449821 -5.564334867880774 10.158316332651808 -6.209572640006943 11.55148523314374
167.20478112033732 129.54549044058334 16.827359626192113 -9.379981473603339 -7.20486466099185 26.185895377474623 2.7663083839583225 16.270799417705298 -5.977300955305732 23.999532214721402
167.2048022437971 129.54554265270173 16.827168510373248 -9.380049363938793 -7.205050620500858 26.186311395521344 2.7665203561110916 16.2703984726322 -5.977659990633081 23.99952553818203
150.59764296096557 108.20585110229639 24.533078393178247 7.158797541287434 18.674661465475445 -35.08430202872265 -13.063081038674381 20.673574353982588 8.509307141512663 11.034665970177395
14.220604079608915 -68.84495075844276 126.87410438269227 19.290074391473325 45.2015821719223 7.278792458387516 7.969201954968705 1.6776599300871229 -4.411081067671866 13.509576282970572
12.185728430970963 -71.99912369909224 125.69652963293261 23.252758932386488 49.992155451553955 -3.3364931728864424 7.2659373504891756 -2.634363016388502 -5.051923929185434 9.571040395754356
-33.106951493968566 -99.77300165006675 120.76443819054901 14.198591094300882 28.147663331883443 24.170883696807735 -0.10679201075166593 6.320340420256676 23.143397191616057 -12.5285787662225
-113.97160247474712 -163.72474219645105 52.857312984471186 12.667869550335402 27.547117185748114 -44.84049478127351 -9.453959428170176 8.44047116258433 -2.531493299102636 9.27885477714418
-31.5321706086001 -96.98075101374329 120.79788299024673 10.52302357851348 23.35020383641299 34.603093463704184 1.1192454500735367 9.569108499614119 23.16264951346564 -9.00693320651495
-136.03174057554872 -195.55345888941034 85.26926395576747 -1.6240391517947386 9.252579853179766 37.24311450691191 12.96702835434057 -5.03541109704711 -23.919675228422562 24.03486401657455
-136.03175824388805 -195.55350256003453 85.26942380143595 -1.623982368331362 9.252735387015642 37.242766549699745 12.966851061618028 -5.035075746766015 -23.919374939079177 24.034869600436302
-167.42074648836655 -220.17475782296688 87.38289388404546 -5.125334318960437 -1.1297422226134515 54.04074773146262 10.072646339110184 -2.6866200551830834 -6.086374774986574 6.941196009924239
-181.46112746972804 -238.082924271303 98.23738955830298 3.851003446588276 15.932485457297213 18.42961823990241 -0.4800167817637071 10.964935695287966 5.590747008008089 7.785711523012103
-86.6637301730219 -114.10960317939526 15.440118554065062 -7.471117932661659 -12.19913988807019 11.53120249159611 -3.5043779482242643 5.85111820144331 1.2103520516374608 2.8335380765980878
-95.36361947265829 -121.27294084597503 2.5252204323233842 -3.3375527231868585 -10.882760475747887 0.009389240805221077 -2.026443649002297 -4.8366106085086535 -0.7688501890453258 -7.203462867393406
-95.36361352671156 -121.27292614586146 2.525166626378774 -3.337571836897877 -10.882812829157075 0.009506360941270026 -2.0263839732635804 -4.836723484920714 -0.7689512676783974 -7.203464747687509
323.3207634529129 275.5969756337947 13.60192496257524 9.556151274207219 10.514341750787079 5.366258784647508 5.8860121231990075 -10.75842798827647 3.012977467007595 -11.408066778999368
458.03771093716387 445.70737389681796 -77.34278336675419 -1.547287455011081 -12.061012040041321 -33.12107851848483 -12.982904674907386 7.092168073667995 12.017096624322726 -9.542869576761943
-115.85403904918438 -166.62210751707 51.8951799302933 16.161453228986698 31.930853929517117 -54.938724340065704 -10.328592266724016 5.108772733571392 -2.8065784889840746 5.789709084508291
459.5081025633861 448.1452480004347 -77.60102138227921 -4.526471519292047 -16.232658726572293 -23.56373945825306 -11.44386981303345 8.894643227299381 11.482618230159522 -6.765468080434831
461.1120385278615 450.89403371457286 -78.47764173821128 -7.83234363258664 -21.111812185147354 -12.397439904811904 -9.307785149577407 10.152633144485698 10.375165140646118 -3.8270041825581935
461.11125180080694 450.9040621563043 -78.47408422886825 -7.854950619381689 -21.143865633277553 -12.336859616156856 -9.311861502686448 10.196778940405647 10.39826229418033 -3.806188849729697
459.1041193803267 447.6004052699834 -77.66834446624652 -3.9301641233114006 -15.412445143577388 -25.569090742984976 -11.776632123089467 8.482699527419394 11.569905861946676 -7.357824712374775
459.10410633787245 447.6003730317963 -77.66822646112907 -3.9301222043922595 -15.412330323578589 -25.569347613441856 -11.776763004989721 8.482947090101367 11.570127549028381 -7.357820590211883
34.70336350728141 37.10550768048296 -81.53802561333922 -14.154737500996264 -33.20760581124753 -21.463059425583413 -9.463896338218364 -1.3732362539291707 -8.574536764965226 0.19753459368841025
540.0990585116668 539.5610320296223 -126.50339542004932 -8.472458188131213 -26.693646569312133 -30.421350860710216 -6.509841822743208 -4.985949226331189 -9.996331698303186 0.9269321663933558
541.2192444862993 541.3429379991699 -126.00806511075453 -10.793586245637172 -29.55146393950995 -24.094979568181518 -5.9453488105896 -2.5960476990182357 -9.743065421020372 3.2076826991260354
542.5218161054313 543.4882478283052 -125.89555801364095 -13.546079821579497 -33.14277723902685 -16.084983013013037 -4.915107279745112 -0.19676959154927676 -9.755955119330523 5.84900430600805
444.2482775478977 414.1033444070224 -52.86576769293789 -2.544055353048857 -11.105543247397508 9.690985259281701 11.485034141983279 -17.879293904997088 -21.744796955638467 6.216522870773705
-115.85403045943296 -166.62208628503097 51.895102212256205 16.16142562123565 31.930778309177168 -54.93855516539901 -10.328506068052313 5.108609689093708 -2.8067244917951815 5.789706369649767
454.79586975316937 423.6076390588839 -38.68214970185452 -9.136800823630109 -14.284524998946752 24.163728143818755 9.52291558742263 -3.320675525173626 -20.561770529655526 20.64596092784669
424.1262668527166 400.3229646169622 -37.9003024569471 -13.091854631391426 -25.45396169687776 41.66204001960442 6.644252983194958 -0.44808302616769097 -2.6258133838538225 3.9864980743679004
425.1377833394514 402.0780383483149 -38.38589187299122 -15.356563224610351 -28.521324789393873 48.43596921506914 7.840653009032514 1.7711722531335374 -2.5467640205666697 6.160392943712685
425.13264168140324 402.08328871989954 -38.392547024061784 -15.379453032953196 -28.55713343592433 48.49880253252096 7.842499632119031 1.8042660756038469 -2.5344520308345526 6.178570344917769
411.6744921290963 385.4055172157621 -32.665795183384574 -4.6474234508333065 -11.069232804375806 7.812708894944026 -2.6203395533988276 7.757137393177091 7.295120613140961 0.5869814073543672
411.67428630572255 385.40500846810926 -32.66393298466997 -4.646761941326151 -11.06742086691404 7.808655296430689 -2.622404950735876 7.7610440692235105 7.298618903572583 0.5870465205420977
251.39207081822985 176.36347361336416 105.8704766535652 15.167199822493307 37.623372532733384 14.406382143226905 0.8488091411406258 18.497357693263194 16.664989618560504 8.571240498160092
251.3918966598276 176.3630431347003 105.87205235970966 15.167759560905205 37.624905710270355 14.402952175965472 0.8470614975979542 18.500663342216487 16.667949710142373 8.57129559400144
251.39152794555858 176.36213176081358 105.8753882996317 15.168944588759553 37.62815161312055 14.39569055946699 0.8433615508086361 18.507661741940627 16.67421650234281 8.571412269560879
116.03455903342751 86.33558651025422 18.441599572517774 -11.25050217406699 -20.11292785067051 49.8243583747009 3.0176145983152405 4.173183928931059 8.68381642286331 -3.6197043736176227
289.1700685640671 200.0150420686834 95.88515095312331 42.054480359348005 81.8703269704423 -86.2138437420415 -7.950858031087195 5.8171273198558495 -0.3833112466580042 10.247218442978516
116.03145275176882 86.33963138515597 18.436662821198855 -11.26572963548409 -20.136437195635196 49.863933894572746 3.0190274241629984 4.192147587428336 8.688300408356577 -3.607642558768543
116.42345366501876 87.1233660138222 18.131987590670963 -12.307771049285094 -21.531576095627486 52.80161566112029 3.5080223634157637 5.344539120431879 8.816872223029122 -2.6231081693146123
116.42346767214379 87.12340063645404 18.131860857558923 -12.307816068644165 -21.53169940806628 52.80189153057584 3.5081629257151814 5.344273247322938 8.816634139565995 -2.6231125965988085
100.95111627171713 68.04890165794626 24.485362164635895 0.4298992234156579 -0.4678501646258873 3.1504016809261555 -9.391638722793774 13.480220114608803 20.79360085072589 -8.676176785434711
85.997438158435 56.76409185426293 0.38324359233689453 5.071722508968928 -0.967023092028893 -13.827229122457528 -6.816566905436374 -2.671887481579318 15.613508739318124 -22.141836267026786
87.76119655701258 59.523078252172354 0.955678480829133 2.10809993161356 -4.936179347955586 -4.2512260752642765 -5.688676165911456 -0.6740413714507117 15.392155240393972 -19.324399853711903
89.8212327125367 62.70927689350237 1.2977342657935012 -1.304627726713375 -9.66569672082268 7.139718111571749 -4.088096584804029 1.271656805347165 14.852898103549016 -16.146344898846934
123.75894879477435 83.46199139539571 6.801640986513604 4.346897721052245 5.130948008061558 -9.502603092983218 1.443134876342303 -3.8212825212798083 -4.159047496791437 -0.31259853033694907
231.2697343975102 224.32977145145944 -80.92429387514882 -10.503517992802188 -28.783108513276034 -8.806902571226114 -2.4251866132039654 -6.4301695914761545 -6.66472405310611 -4.549061843425346
-246.06022230503226 -246.12400369390014 -47.50713238139268 -16.590837242480458 -35.88082659972622 -8.416262418827944 -8.16008236532499 -1.1921681681940395 -6.5532842023359015 -2.722811787186145
286.11792133479406 195.510345494798 93.61651458062059 47.27371288170317 88.15564222928512 -100.87432359490542 -8.71315315416207 0.27640549589095237 -1.2458624466605277 4.87391289586902
-289.88364259135284 -301.91172074833753 -19.76376220818846 -12.191241865873755 -27.444091987951747 0.025610691052253748 -2.1077328583026245 -7.787506024581719 -10.364348814021014 -3.6623550723852496
-289.8836529784955 -301.9117464231439 -19.76366822780614 -12.191208481256618 -27.444000544209953 0.02540611691860123 -2.107837093875647 -7.787308863350498 -10.36417226051908 -3.6623517892815616
-289.88357479698516 -301.9115531770639 -19.76437557450941 -12.191459752431248 -27.44468879961332 0.02694585702309854 -2.107052563811289 -7.788792791445065 -10.365501059868862 -3.6623765289580406
2.64212688618978 -4.9573749877434 -43.270688945791655 -15.942669348920594 -27.97424396806947 -4.460871365326335 -9.16104369717219 12.812394274357453 -3.098157846713559 10.675147683610719
-13.91897978397046 -14.98083976496153 -46.426813853523775 -19.021664091475657 -36.499533663640655 6.765532503217007 -11.127962445998044 15.123856184156795 7.983784624746797 0.7476159901396351
-13.918115324599603 -14.983517902179978 -46.423176605565324 -19.01348432094024 -36.486123451120356 6.740670585652124 -11.129363131967297 15.110088469862946 7.977714038875915 0.7402238662838635
459.06326043831405 452.74598935625727 -67.97864709636268 -16.570369543036044 -32.15784263656309 16.584865828083725 -9.285619814993852 22.486258620231364 17.59075299448251 1.8314142488079517
459.06309504214056 452.74558053610565 -67.97715067241961 -16.569837967722734 -32.156386598263715 16.581608437765585 -9.287279527620523 22.48939794869929 17.593564149765633 1.8314665725087385
345.15543803196175 306.1991854372693 32.527622106629764 -4.694218064339169 0.012438762904702638 25.170767262341826 -8.87035093537861 36.62859662053203 28.99983788331054 8.816491580201406
345.1556321630437 306.1996652843762 32.525865695253394 -4.694841995141535 0.010729757833212616 25.17459058322592 -8.868402869545207 36.62491187791464 28.996538323584485 8.81643016362541
257.9344037105979 173.5267320913746 46.571720797102884 51.56798589702425 81.82633027461883 -126.69658897306743 -3.076637578788704 -23.203363426417948 -9.866998008518513 -16.51448649149115
160.38449646512353 77.02131724421653 161.30556484165058 8.030297296487467 26.430402512392153 84.4949832133647 12.232114211334665 12.618820004544839 23.696352796385856 -0.4464794965449718
160.38427302674566 77.0207649577443 161.30758639890394 8.031015415431545 26.43236950778292 84.49058272239473 12.22987206835742 12.623060987911922 23.70015043049391 -0.4464087919386918
161.80223669629413 79.53129874618229 160.5731968161377 4.782588577645479 22.026510962751424 94.13488553921843 13.907540450398809 15.844994950832586 23.831641666291848 2.67454907631941
160.93654937979386 77.84915501801039 161.28495958396456 6.9789830524771865 25.05935775106787 87.64459315091344 12.759755927999937 13.6980274340287 23.73608844589695 0.6124193235701507
161.8966602565232 79.80896727836495 160.3420711135962 4.245836650395309 21.2673744322153 95.79072599742169 14.256376717669458 16.163235763424606 23.66363435058446 3.2180416765945754
140.2312593471869 53.47584301199435 168.6220587826116 21.434334036896402 49.75867728630212 27.853096322605555 -3.5571869135447964 27.516935721364323 40.11829551344025 -4.964894786737327
119.52205023008504 37.69647728585002 136.33581929056533 28.75672762136734 50.24368506087733 2.7128779146214725 -0.6103062952347141 4.15817337402946 33.43855028530836 -24.857722683255588
212.59723240881107 149.51061914446916 74.58626137295862 31.690586251599346 49.91429954608908 -54.96797973093588 -16.00410987675282 8.262978230048109 37.8237513716693 -31.2014767908053
210.0103907457914 145.660360062554 73.1688660419137 35.83835544762122 55.232577742079506 -67.83199905825295 -17.165124425817627 4.7245427603241374 37.65005257172067 -35.325720694587304
253.8646525522902 169.37081031031272 74.77003185929355 49.19661630710584 81.94707455476522 -106.73660101469764 -8.133481936701255 -10.604968437845177 6.452000244131999 -17.725419819200948
291.6926292531099 210.8101764722227 60.466897806571566 31.533807244366887 53.771672001470854 -36.10939335549967 14.246674570066688 -24.571640147967734 -21.50943602709442 2.133536844829394
74.05085366049174 -60.187470048479796 189.26181806410366 63.91109177721033 111.76443163643629 -56.85485046029373 22.248207024472052 -38.203222957115 -13.91057616795163 -16.555348020282814
74.05086182889585 -60.18744985844991 189.26174415707774 63.91106552295443 111.76435972372299 -56.85468957869427 22.24828899771031 -38.20337800860971 -13.910715013427371 -16.555350601697114
-244.9255545028528 -322.743581444624 107.92105813699838 29.275376721051515 49.86719796599978 -37.32306267786816 7.790982151196215 -21.303693513546417 -10.923166761931475 -10.291835054529216
-227.34302907442472 -307.6767857252956 135.2237678020083 24.27747802486871 50.13263759234596 -16.072820355083323 3.9186635450872007 -5.542009244743509 -5.779337205233131 4.863938799985792
-227.34303502078137 -307.67680042407363 135.22382160635806 24.27749713772695 50.132689944492355 -16.07293747451333 3.9186038684797087 -5.541896368073239 -5.77923612665698 4.863940679413378
-120.31046159674577 -165.1451104215926 42.56349489556975 7.508308235962582 12.881003101304826 -13.77065609948515 -0.27871484659781937 -6.253907034773701 -7.12764905827692 0.6909058696374621
-119.6136326815708 -164.06797660751076 43.239773032535 6.147526640973084 11.332711081174184 -10.402127023630154 -0.2924390791914473 -4.584600724982472 -6.74033263638385 2.0763513418319945
-119.61352071841013 -164.0676998587274 43.23876002352989 6.147166790295534 11.331725412675118 -10.399921927150878 -0.2913155294542196 -4.586725912172425 -6.74223568617633 2.076315943994144
-107.6225828014294 -148.77866247384227 37.76418891659861 -2.3114252919964238 -3.4198137667343382 23.35460863748626 7.498596827882648 -11.269126412918121 -14.445329376166065 5.322253902026721
-107.62419768602068 -148.77558469002943 37.76987186339389 -2.325120187568103 -3.43657019626851 23.380843155263374 7.493672806915564 -11.247996672427748 -14.436954767994203 5.332847892812097
291.6926363325316 210.81019397114997 60.46683375327281 31.533784490720766 53.77160967709384 -36.109253925941886 14.246745612860288 -24.57177452524231 -21.50955635906207 2.1335346072887664
-106.91608292139574 -147.54389622298933 38.54355700848324 -4.293261413344235 -5.512411227038103 27.371328452974012 7.440452053401816 -8.623570835215352 -13.837597644690812 7.175056391306863
249.3579596689073 180.44986058990008 63.19747877136191 23.798513738738283 36.187823117220375 -8.302542855078494 8.294393539152399 -16.708825058640222 4.072906429771523 -16.98924648463172
-99.46995933719214 -121.41013503938754 13.650018334599734 -9.957642435877542 -18.468312628391764 18.821719326060258 -5.896041502766186 8.73138798658949 9.677954258852427 -3.7392362730767097
-231.17563019527148 -223.54994275341144 -54.73746076286888 -19.67005047549714 -40.34283251319974 -12.306642437069243 -15.803039682453779 10.704454495601514 4.711977799612532 -3.6772569231806074
-15.3163425350362 -14.26317609783005 -55.858919299019334 -18.772995108574758 -40.34351400774162 10.742468860146667 -7.718656061133929 3.517008378289907 3.3650952148424773 -5.907162543248577
-15.766769613819294 -15.028192352147824 -55.77065226535709 -17.769567402100026 -39.019267546920005 7.8462222537365305 -8.156912825235336 2.5671690467679698 3.3447106674716225 -6.863935373569504
-15.51853289715192 -14.571411327823352 -55.849358750684566 -18.38999088197455 -39.83447359386091 9.582148518864797 -7.905144826761562 3.172072285207637 3.373847673723294 -6.282587843830843
-15.518445795747471 -14.571196033384945 -55.85014680541284 -18.39027082294273 -39.83524037876865 9.583863941380866 -7.904270781381373 3.170419038087995 3.3723672493482044 -6.282615398786672
-15.5186637280353 -14.571734710113217 -55.84817506447208 -18.38957040027559 -39.83332185514682 9.57957188970089 -7.906457672255014 3.174555512837799 3.3760713000933573 -6.282546436522413
-15.05017183103522 -13.654961429843658 -56.18761316078751 -19.649897282474836 -41.57832914017809 13.334068952326895 -7.263759396921948 4.193943887496361 3.285399280808516 -5.107148877728407
2.316478368030609 -2.7318829770698514 -53.74454051012568 -16.79252918878968 -33.71210695764498 3.6351906300322328 -4.825045912735055 1.796971583901712 -7.386750429410794 4.329534859089369
2.316464049940099 -2.7319183683425674 -53.74441096346301 -16.792483169971884 -33.71198090759926 3.6349086361053873 -4.825189595602263 1.797243359554896 -7.3865070603490555 4.329539384660129
-59.30117415444029 -82.57372205928255 -11.432459812738228 -8.710140649226062 -20.002317835345604 17.28320027690561 4.846679218992574 -12.427821248977953 -13.633290897293122 -0.020825493632044945
383.42482907284267 340.09564911325185 -9.660785758988165 0.601869909014738 -4.684833254112633 34.155748635839586 17.34111744716624 -23.410257578918696 -18.427588589538647 0.5629986534762185
-231.5774610836453 -224.27636274081408 -54.25240554609963 -18.756476533474817 -38.903890480038314 -15.592492496445022 -16.577283866963132 10.491745961504352 5.13813768296239 -4.475877769483741
383.422373945159 340.1000885418282 -9.653291053073374 0.5854176146870262 -4.706171417905764 34.190713603712645 17.334173842827298 -23.384784379594084 -18.41668476028491 0.5763620469009412
364.52570496730493 323.24232708553865 -34.9604346604808 5.690200199048116 -4.366483065727242 13.954159557521026 21.68290937296412 -38.11076888523957 -23.098360881870097 -13.848524570928776
346.58091046172206 304.88879235900754 -35.20345283837743 11.670518379576068 6.805561638194141 -23.00230202391263 9.942026997615447 -27.052912633741485 -14.045692000860656 -14.439640469168372
467.44480733967174 459.2035333077708 -87.83319335536463 -11.35709582310824 -30.980498114052395 10.086905325350939 -0.11242486155178599 -5.529619453437755 -0.5669733077892556 -6.82288306804246
493.22962363486084 478.1842897693251 -88.33358950275144 -7.353969095476503 -20.8720218132687 -5.3309616081333 2.762948610063492 -8.954709845433685 -15.655171551783498 6.075739844947937
501.5986474790859 485.31085060160564 -75.65684912649746 -13.194740489358074 -23.45982615933201 7.637707532146008 1.6357277937681398 4.774902934178305 -14.904175447380734 19.855124787952715
501.6000680217256 485.30512627277255 -75.65817167031332 -13.171878034759624 -23.428709952731722 7.578559700089524 1.6351566209022093 4.734139276154482 -14.922287852223889 19.835257596734486
381.28514621731904 320.6643349304513 43.765157364049514 2.8522444772104043 19.765715377372768 14.079529324368515 7.00142648557781 14.119854019643267 -15.436628695320902 36.374123566721146
361.5140034678782 294.8771400085578 50.46196260460031 23.53390941588661 50.8207487731928 -58.56859089972201 -9.698796524325747 16.063798702246846 -0.09198136869870255 19.491455375711826
363.44535572167746 298.0278915212339 50.61253982347937 19.419556068978743 45.43941970800731 -46.502389926780594 -8.068914759273614 19.686084268517604 -0.11982162324223522 23.461212583195476
-234.98256329022288 -226.7897887366982 -60.41829308441331 -17.116064508712643 -38.64929948521613 -20.47342260275716 -15.926701376262749 5.174892529955349 3.6852885344743496 -8.895330134682967
360.87636494822306 293.9449546534806 50.26703842398578 24.624536326803085 52.20033284340578 -61.72456756781659 -10.05829456946279 15.022776770055868 -0.13798344788191297 18.400816483618165
-72.83025263020092 -110.26413873234323 24.524234690823647 5.703459203738689 14.12878183292349 -40.244989462637754 -11.592967994020174 10.631999360031676 -2.6595278166701846 10.681865204217052
-72.83007227732455 -110.26369294148539 24.52260291547446 5.70287954708416 14.127194099834387 -40.241437448399076 -11.591158158126493 10.62857606603438 -2.66259328970467 10.681808183498823
-72.82999711597137 -110.2635071567703 24.521922873590615 5.702637976967826 14.126532410296369 -40.23995714518217 -11.590403908695961 10.627149405923703 -2.663870824957783 10.681784420408169
-71.0593521845457 -107.34939236934541 24.5844259701323 1.9649937327403557 9.206601808789639 -29.237148265459453 -10.10032434811044 13.798701090183165 -2.753300014886213 14.262596666971401
-155.59664143226559 -218.98146655567857 90.33465539844562 10.294885424859402 27.566847639567953 -3.7939666673329553 3.944705890021246 1.0476642380362555 -13.082164317906454 17.48697872969057
-155.5965911449835 -218.9813422542609 90.33420041458305 10.294723801322592 27.566404937227336 -3.792976272646914 3.945210520926529 1.0467097336449367 -13.083019052813414 17.486962831889432
29.96458419117902 -12.559534115793832 36.68001766004994 9.054132675870225 6.769442641283287 3.8814799659523653 0.8039006777423265 -10.061593693748293 12.955439083998417 -24.1477798802932
-346.71279740531537 -364.5686564688136 11.295023385218482 -6.812011904195759 -18.104551022323484 -2.072071163691679 -6.545538723246707 -3.007880225637785 3.2567973616727324 -12.522170807551337
-339.58041722117343 -356.77318065064713 10.390366336290374 -9.965366543162997 -24.43117563051168 16.442093121955754 -1.1875963463080468 -8.981404263379384 -1.1887273587130096 -12.55744546600992
253.42505241829903 262.99820134742293 -106.74661526937837 -11.553972516626166 -34.32005426612663 -32.92122293876705 -17.958424632544187 6.303951813249962 13.812421425634742 -16.894098528315965
-339.58041226058424 -356.77316838915203 10.390321454330468 -9.965382486573661 -24.431219301065738 16.442190819946926 -1.1875465668379024 -8.981498420982009 -1.1888116744442625 -12.55744703427219
-417.5694207720174 -454.6369113285994 67.33165847592635 -1.4810147376805811 -6.393954008377505 25.197382593134442 2.930599084545025 -10.747056191977622 1.7866452408045976 -14.40058515353892
-416.84949091056336 -453.48028032422826 68.22867905629596 -2.8666411134240066 -7.935641151914338 28.63411703955163 2.725290438690569 -8.942429873722796 2.293221043569565 -12.897770866329362
-407.4127602083309 -445.19564224859937 80.02448303895252 -7.523447253617943 -10.361727024525628 40.923722253431855 1.1740951967867481 0.8581302469966383 4.368463945549225 -4.148162625175413
-407.4127506470438 -445.19561861524994 80.02439653223978 -7.523477982988169 -10.361811195319632 40.923910557431235 1.174191141919691 0.8579487677814421 4.3683014365146615 -4.148165648135568
-407.4127777600413 -445.19568563291267 80.02464184579469 -7.523390839843679 -10.361572506169596 40.923376567681814 1.1739190624729845 0.858463405336787 4.3687622810076965 -4.148157076171919
-332.2209650088467 -352.1445144167385 29.999409771272923 -14.527147322297063 -22.646455297215173 22.229503687130652 -6.598442054302125 13.793583342918103 6.403650550293646 3.0769242009712316
-331.7741008108256 -351.31111337815315 29.270083081496182 -15.509242833391676 -24.2703706280495 25.94556619890843 -5.659834108789216 14.128191445297158 6.034754238392804 3.9571456478045075
-312.4240033727444 -338.86688854574203 32.21050728171439 -13.021756828686692 -16.161080255471575 16.295494091620526 -3.0091236514758313 12.573254376248297 -5.8283219681289085 15.505851453605107
-312.9244207324091 -339.8368418726676 32.951788002858805 -11.823749494700117 -14.276843265432381 12.04800064734285 -3.9953077082238173 11.884448440193074 -5.594062011342708 14.433623995488308
159.12393494462012 147.48047826985982 -47.74656271019149 -5.2098287060327575 -21.373407036497102 -6.573065352093797 -6.8887884265536785 -3.319653089871959 10.456626552470555 -18.888809172925704
-312.925526142257 -339.8347773106647 32.949706886507606 -11.832103370521986 -14.289743144164357 12.072457794537366 -3.993939843823497 11.897643711259954 -5.588376431699673 14.440593243428037
161.43919237353984 63.14295315365593 161.43349501416722 31.492731368863893 66.05291406116623 -1.0320648012245297 2.935111330734132 10.440057221519996 19.35492083741934 -0.5039226987249421
211.97927274220646 99.7517520836022 161.12187796015735 39.74685409473869 86.45606540067092 -31.954542352379917 8.715951524395988 3.3024822373621427 -10.088604985171674 24.058201837277757
208.54062685354617 94.58345185331243 159.17697528545585 45.73729672357113 93.90996606406247 -49.28326046836241 7.3675953227725905 -2.523410117046734 -10.6915895912969 18.03807210755459
208.54036228131804 94.58279788713206 159.17936906056065 45.73814706397385 93.91229522900319 -49.288471181949866 7.364940340048893 -2.518388231979636 -10.687092624249473 18.03815575400368
-164.2318542376211 -229.88143279974912 89.87163308375024 18.371625645950218 39.155959268096 -32.78333163602855 -1.1390270464619265 0.10730035934212812 -8.988993323833018 10.464268763867071
-64.97893565529147 -99.10516163299678 13.837801830479899 9.151945319985524 18.23011217885977 -63.26352299557929 -18.13733120815696 13.766139022934281 3.7491957991245397 4.822990135279421
-1.243448603812923 -12.192558596333981 -46.45298052275388 -3.583784724596247 -10.514279835099567 -48.37695299839978 -16.452999730997742 7.905191222397773 -0.14024666980875813 0.6608733474237609
-1.2434613987911183 -12.192590223156149 -46.45286475840187 -3.5837436021484472 -10.514167196854467 -48.37720498466103 -16.45312812271104 7.90543407789404 -0.1400291980905901 0.6608773920769209
-1.2418368834562876 -12.187411007188537 -46.44429964426187 -3.594131223537281 -10.525472296733115 -48.354433236487196 -16.458575178749978 7.932962781472099 -0.12411245483377943 0.6721380532027622
186.1726686719441 163.61747823955727 -44.437022187210445 0.24399155744876816 -8.406210033795627 -22.651216872368245 -2.1871107608749343 -8.791223866805197 -5.807998537612198 -6.680830300391481
7.904135231360415 -0.511185301248467 -47.288425039576325 -13.792176826291586 -25.353589891951582 -11.34283419003889 -8.444441960776611 8.204734400085357 -7.470969544140343 10.675710798347477
7.904140778660951 -0.5111715930527085 -47.28847520308427 -13.792194647372828 -25.35363870226454 -11.342725003308505 -8.444386334578635 8.204629177743694 -7.471063755627734 10.675709028336396
8.509401905862012 0.5635834439062897 -47.71415362146379 -15.207110989310236 -27.3798584950089 -6.7821410169486835 -7.544320728092525 9.21598470551702 -7.655533156140444 11.98922529723089
7.578602731496909 -1.0859627384414365 -47.13008714129837 -13.043150540025074 -24.319420904978962 -13.626782525341529 -8.840900867458828 7.625682471923975 -7.396310056095395 9.967546747368017
1.2940739399106158 -6.011099161609139 -58.657357884813024 -9.598124680077685 -23.80346705340803 -22.076984830999454 -7.211063542181876 -2.5627517962734774 -8.785329151308375 0.025781184741179644
126.5705482243887 74.82678352177807 9.54157321799447 27.515215325509704 41.47051174332588 -88.09151300864582 -7.7681507231735525 -11.912750456606586 -6.89822336271518 -9.194363174329407
129.56035151341803 79.03875025946098 12.47474511535696 23.38424536930921 36.59974347367013 -75.58330952765907 -7.472564688933589 -7.40945476226602 -5.831963836837642 -4.830394084331784
149.02597967538873 102.5512677871033 16.38536950496686 7.45759520002599 13.684322682742403 -13.088798912112999 3.7415747511451625 -7.151161102489023 -15.103973501779139 10.012488825032651
248.762311429363 237.54546681904097 -74.28956037011162 -8.350013427291431 -22.861692704805606 -11.289315094093386 -0.833786569939929 -8.735796310889437 -14.242272588714572 2.5990701240976684
248.76238384265505 237.54564580893307 -74.2902155444928 -8.35024616477489 -22.862330195417208 -11.287888925956441 -0.833059903051077 -8.737170797421332 -14.243503406340325 2.5990472310429915
184.14631600589857 160.67028072052298 -46.05447596623903 3.2444186956288323 -4.726231830714521 -31.852752207421016 -2.688138712547318 -11.714353325428421 -6.292375904852052 -9.741618338888703
255.92393966008942 243.87132215880635 -63.24628684082712 -13.747811668197114 -25.630041244331295 0.612076068702866 -2.1151493081930144 3.1325561729864333 -13.378254614260708 14.403242260229451
256.74175016801007 245.2395000797277 -63.48147075888878 -15.557997455982472 -28.00700443368037 5.897408951982923 -1.2170462532690682 5.020539918788997 -13.254849344767477 16.15962550644333
257.392158819338 246.42888953816794 -64.02858005871464 -17.099717476764365 -30.210472564334484 10.819202553622963 -0.2380989503194133 6.365308928539909 -13.276119135476836 17.59786947582061
181.38157058407864 145.80290338134353 -5.458437217755282 -7.438485635828586 -11.832111998354563 28.67572871977004 11.164533517379947 -10.453825977915333 -22.32053759112352 14.900893384623613
152.2831710001806 123.29258928276376 -4.121588626979685 -10.725761814535577 -21.532860775641623 43.66929918491154 8.263149681013848 -8.236985458746712 -6.066642519172415 -0.558898598332993
152.28309740253562 123.29240736547307 -4.120922737593501 -10.725525270742633 -21.532212859205003 43.667849692422024 8.262411129987532 -8.235588493682013 -6.065391573407606 -0.5588753299362264
152.28309460066328 123.29240043983826 -4.12089738689434 -10.72551626542354 -21.532188192751626 43.667794509664546 8.262383013002227 -8.235535310489542 -6.065343949003545 -0.558874444379482
-285.5535422057231 -296.6426891948833 -9.105434133124971 -16.701836379986332 -32.25536644214551 17.821086126170982 -2.8162975500339944 -2.0948510317168663 -6.253594152872975 -0.7277180854351802
-285.55117590248074 -296.64523359647495 -9.105989973062753 -16.69053495227546 -32.23980073608983 17.796164573701997 -2.814422929001282 -2.11159019200452 -6.259509735576327 -0.7364181921400305
129.5550206008627 95.25109487135435 0.5924819814252287 7.281441668719204 7.177598253957412 -26.03566575540351 -7.041612240217492 -0.47590628095090437 7.718911012417422 -10.819187641411583
184.14602326920402 160.66456256168 -46.06724947889825 3.254821676950738 -4.714540807175965 -31.876313582542736 -2.679022462767844 -11.743188762192878 -6.310632219923136 -9.752414734073577
