180.669763484925 2.3362216080133167 1.5282896772970138
180.67010850025565 2.3359005101435444 1.528374669754246
180.66307487235923 2.3482695786236483 1.6302557626499783
180.6626720559524 2.3467259161806893 1.6107927290403472
188.17634311385754 26.55123886053567 3.025687413248859
402.9987230483862 -2.5734010314460978 1.7464960066400501
134.05649302876972 -1.991616248240539 1.0220937569580324
-449.599984771378 -8.033604326278297 0.6117140429409859
-450.1026951447298 -3.334541881417786 0.9617786256157451
-450.1078085231163 -3.368059267843634 0.9774813482388136
-24.088294387897825 14.886013811325952 -2.231622493549706
-450.1083817449894 -3.3675257833719066 0.9773401384663236
-447.1977054231416 -1.8112789070837478 -2.7334243490859813
-447.20962902980347 -1.808172759024945 -2.760681135205383
-241.6821372784862 -61.54079922702293 -2.3099195248026057
-244.84000663651452 -63.54958299763453 1.2957099531393481
-198.5871959699457 35.80357725425131 -2.868258087076203
-198.5873101154084 35.80368348682615 -2.8682862061232974
-184.49930612121005 65.14534659031585 -3.55303170431773
264.83731394790743 21.156595050470614 -3.209499663842061
265.3368362831059 21.355096928035078 -3.253966625051525
-24.08790152848349 14.88564818597932 -2.2315257151753203
264.9833499530785 21.188008811616438 -3.26113353569004
264.9834928770327 21.18787579556223 -3.2610983272319816
601.2237112471432 20.478006534829692 -2.857902672943263
-52.568358298351434 6.65656699135701 -1.6342078705401861
-52.568231706818025 6.654689555301061 -1.645193827690244
-52.568843494762696 6.655258932337424 -1.6453445379968112
-52.54753927811282 6.714192080525996 -1.6943115114011897
-262.7073191050091 -14.345571775363434 2.8389823633622733
-262.70850724427754 -14.344466001439873 2.838689671077668
-262.67327419168936 -14.296649378032779 2.8195962582929623
-24.08931475499215 14.886963443548598 -2.231873856650165
-371.46670721953944 -10.045387294141365 2.9515704726478695
-371.4665764374991 -10.04572192111276 2.9461289957625962
-371.4666157543263 -10.045685329840909 2.946119310301448
290.3232310791639 -6.015778284641714 5.690904310881575
290.23647248749825 -6.041413145525685 5.665582598440575
290.23639804806584 -6.041343866440558 5.665564260739014
284.9116793727599 -33.3661229765681 1.6569370414785531
-30.13150673398618 -11.45558231582572 3.1807447321707
-29.832492685555714 -11.207219334162415 3.1396374180085873
-36.13222917956447 -22.736728976167484 1.9668534450176876
-24.089444795770696 14.887084470752875 -2.2319058905635103
-32.7435561471258 -20.434369217109996 -2.1493084231797677
134.06485672464453 -0.877093556236139 -4.84364334379425
129.29524640042615 -3.4225919477696407 1.2426523334305717
129.58048577457504 -13.693556898981738 0.4073552460026832
129.18302156747356 -13.882498958983863 0.4635724733526563
129.09532418073638 -13.891989356373395 0.48099381588139484
-212.77851984873908 -53.18374435702775 -0.6790158664424659
-212.77851984873908 -53.18374435702775 -0.6790158664424659
-212.63502222316404 -53.0744271918539 -0.7186469542814433
-212.63502222316404 -53.0744271918539 -0.7186469542814433
-24.10973225317736 14.86241291183886 -2.293566690087277
-212.63361190077748 -53.07613480908698 -0.7206242937243967
-622.9450372356366 -33.57586358388662 -0.25964498669257574
-625.2723455563334 -37.31662366247833 -0.14661135279153936
-438.95741669234235 -40.717723417026846 -0.3430856332811601
-438.95741669234235 -40.717723417026846 -0.3430856332811601
-534.7364625542527 -20.136514656756972 -0.790566619173368
-534.7363933349842 -20.136579077543903 -0.7905495673457965
-534.829316571879 -20.192164827573173 -0.7705820165758045
-534.6370081022803 -20.087371301043884 -0.8245416894200359
-535.9732993924367 -20.992780312922843 0.7937974117290943
-255.00185259041217 6.297306341467445 -4.161417841006798
-533.1208181857594 -15.592801593952148 1.3469481760653925
-529.533434063019 1.9291156050053226 3.9085721942724607
-372.6764883236262 -13.54772973429607 2.464384471886965
-372.67659079481336 -13.54763436671169 2.4643592286387657
-372.67642911806547 -13.547784835551614 2.464399056868503
-263.41075969579776 -17.577334948485657 2.367186206537148
-263.4106009161952 -17.577661723635902 2.3595690997518664
506.43526075542235 -21.079731072253253 4.517803889782133
506.48378628530156 -21.01240313540977 4.505044863020436
512.5248879828093 -10.14509277271168 1.5961245894405014
-255.0021077054718 6.297543771187573 -4.161480687063678
512.5247451060728 -10.146131175605618 1.5845195167981818
512.5607036039327 -10.070988111714005 1.524516005911199
517.7564783863268 -7.179595788142809 -5.2652264685847285
-257.7499921007511 -10.627594081582503 -2.5319460794307456
-257.77495132937565 -10.641228516185922 -2.4796715837944756
-260.57223262805894 -18.13852685438051 -2.0988095127473003
-260.5724804309995 -18.138296229869717 -2.098870557719085
-367.60551838452903 -4.701613643344203 -2.6828197418769806
-367.5824908011546 -4.68809597591183 -2.735020559854483
-369.6105444316283 -7.233390736085057 -2.557629977029678
-54.37593715234357 -0.17304456161760584 -4.035638175710128
-369.61139539744346 -7.23259876175184 -2.557839608287756
-369.6113330737158 -7.232656765016726 -2.557824255216799
-527.234087203418 1.0000584260100038 -2.7434597726915615
-154.69655852108332 13.284346607400854 6.865723400203323
-159.96013288849528 -1.6119375750458163 4.691296843532277
-160.05427640509436 -1.6419901491987268 4.673180791362673
-159.9861205665865 -1.6032369491753609 4.714317194614546
-159.98597486186478 -1.6031749249883098 4.722977029140747
-403.70571714441394 -10.24104416446581 2.5128037370716774
-403.70572216462745 -10.241039492290204 2.5128025003631214
-54.32282952222209 -0.12222175996841778 -4.072380279001005
15.994771455578144 -7.684670901647345 4.053781299010051
15.99490033152185 -7.684790843537566 4.053813046828744
472.769630918588 -36.03169935303621 2.109609960300704
476.4285668594447 -16.74950975159071 4.793312432299839
476.4287041280669 -16.749637504360184 4.793346247600024
476.4463934576423 -16.79204131081432 4.783538453087054
481.7022758818247 -12.653552977236707 -2.579422220367484
-316.247768415053 -17.196675494807817 -0.9760570787757059
-316.2479500519162 -17.196506449545303 -0.9761018240774266
-316.1630639521888 -17.166768681311392 -0.9551950174381758
-54.32339129586548 -0.11849008342962118 -4.056771899098813
-261.73168635168247 -13.526093081244753 3.06206960889352
-316.16270333758825 -17.166460655547027 -0.9508218011453876
-423.9497491966576 -5.819478097921929 -1.0111098321956247
-423.9501337073288 -5.8191202426728985 -1.0112045545144173
-418.62510799297877 6.647415028469853 -1.0486606597344794
196.00624659977257 27.37042243793019 -2.2986556517457992
196.00632200361656 27.37035226129763 -2.2986370764718864
188.7777494571854 26.40573086878403 -2.2469429961249907
-174.26800247854416 40.143384840536804 -2.50687897373112
-174.43210010316594 40.06146246418222 -2.585832412516158
-182.7349847660665 33.51339207029047 9.041165914821859
-251.17010086090053 23.662991598504455 -5.067096476410674
-182.68979387909877 33.43868615471807 9.069214759523428
-392.39497887631956 0.03207054339792542 -4.377238667119409
-392.3950419349358 0.03212923783097915 -4.377254199079651
-396.54066535568217 -1.912233132814083 0.13690258851546205
-388.6674622808155 33.7312979773579 2.6685267613091885
-155.15479536190875 7.264939865424403 1.6160171255098335
-160.293384337415 -6.17258530801052 0.9004476420249397
-160.29336310888266 -6.172605064925538 0.9004528715396402
421.6820365400579 -0.9039467695430399 1.3665318928646757
756.6221879115863 -12.67597915565719 1.2867767255321991
-251.04846379286127 23.69855592072378 -5.179655785082778
756.4861290443062 -12.735202479647814 1.3782972153649191
756.4040565349751 -12.827690599107344 1.3907900015228112
756.4036792818489 -12.825352345994055 1.4115118502424544
756.5168237648362 -12.786373282690109 1.3107818626756982
756.5167772058417 -12.786329951458216 1.3107703933629027
125.79721984764161 -20.168683268501187 -3.3281241168490148
898.499674795021 -24.230743858744184 -5.6810964208482355
898.4641540126221 -24.25947281774224 -5.6224940954644245
898.4335258402277 -24.308215262518285 -5.589971506722122
622.098022375886 -23.4183451683093 -5.3749527009918685
-251.0484331293839 23.69852738292543 -5.179648231323521
631.7813321029762 -5.654406191026639 -6.749090449571605
625.180350876646 -8.988587227955687 1.0136227972863623
625.457417202892 -8.85662103014509 1.0076282659781874
625.4578661125321 -8.854489961076949 1.028531722787029
623.2887587599604 1.4431896037412508 1.881470703970839
623.2880242605239 1.4438731854850795 1.881289763860584
233.40938709640463 46.447494620652954 3.723778204783011
233.40876559695496 46.44807303593442 3.72362510162136
233.407449932011 46.449297495072905 3.7233009940105943
134.61117105878725 1.7753720013259628 5.97930147404038
270.4235865229254 48.88127390562985 -8.76696993122247
134.61214671723354 1.7751354341294308 5.991062669702871
134.91849844591988 1.9308759287501878 5.967041751681167
134.9185484476858 1.9308293932507623 5.967054069309222
132.7164138564468 14.51223500471998 7.800626256087752
126.8074047754507 -5.837358673304711 5.035726500077577
126.79790008200064 -5.894716665254469 5.033540327430291
126.81396806701429 -5.878546157045617 5.095971799277583
131.71508762312976 -1.8679078215528349 -2.017607375617427
396.95946711871136 -26.72863751466229 -1.9418863037862708
-318.14849773457024 -20.40211494483083 -0.8702759970353395
270.5140900519755 48.88924530846304 -8.892349180122201
-429.04925764883353 -19.265915127682348 -0.8524802033859988
-429.0492947281144 -19.265880618844776 -0.8524893376388769
-429.04901575698807 -19.26614025086318 -0.8524206144696466
48.27383488081942 2.5939177424024025 -1.538286527987346
43.399239452279 -1.5838644489584621 5.689657165422694
43.39916075272327 -1.584034194572194 5.679526152051194
761.1695763078203 6.743671210777988 9.331654073936685
761.1689860785059 6.744220523495185 9.331508674032486
492.31606021707825 45.49262034254346 13.548207840679634
492.31675299077347 45.49197559376617 13.548378501750957
258.9023185746385 17.09528737840307 -6.701038483016871
35.698113965799465 46.387989675301604 11.304735592940734
35.69731668120906 46.38873168963745 11.304539186220918
36.14664073410886 46.63469615661376 11.336143527305016
35.638814953812656 46.38813756639698 11.347761378709311
35.78308208178615 46.36990278583741 11.336498455520553
32.503527874783934 63.06516096535015 13.695720344364283
23.774357893079713 33.69282704537745 9.684576271910649
252.61755953152021 24.571005430294306 9.235830349718771
252.65837405597358 24.571392745343196 9.150850674464785
260.8709906054957 31.41728685082937 -3.0978126844962164
261.6220159167994 15.521312846613718 -6.817611617063637
-197.88894436039618 45.364733041068 -2.9333260731593493
-197.88891519893903 45.36470590156245 -2.9333188907751264
-532.0359341477434 21.588586598929396 -1.6794576228082811
-524.1775528665536 40.60243143988323 -2.0510754353171885
-524.1775740955153 40.602451196736126 -2.0510806651488886
-254.52887459843836 12.303782949226374 -1.8450276354703712
-254.44413897134936 12.328470264503808 -1.8322197191786331
-254.44373933129214 12.328098328639395 -1.8321212702361558
-258.6665329959149 -7.284328928105279 -1.8924510403418193
-258.66625856085676 -7.283152476350594 -1.8855645511828212
261.622041189257 15.521289325790832 -6.8176053916159525
-258.50725967215044 -7.218049443200291 -1.9053444544805394
254.7221915551293 11.942419611542958 1.7816578332930666
-157.40909742400996 5.899944350631203 5.738678289555473
-263.4038813418505 -15.60976407471367 2.629230799734022
40.87237587502554 -16.07485435362386 3.5796314279474823
40.81934804962226 -16.09879155160459 3.549734517559221
40.87528165272436 -16.0843811734109 3.564182207491258
40.87559248181199 -16.084670454904483 3.5642587786212925
40.874814844982026 -16.08394672616857 3.564067211601074
40.90285391536973 -16.11826845308484 3.5797457046337864
44.66670431403417 -13.140359709590703 -1.6343160883312413
44.66665320224677 -13.140312141019582 -1.6343286794086798
-125.20794650501763 -21.80726045933233 -1.644180449673928
480.15773085245684 -26.96170584699202 -2.874523644480236
-263.3265349433807 -15.575053529176241 2.5954839407889905
480.15809252125604 -26.96048887588484 -2.8665779286268354
473.0597905722121 -39.68793574255101 -2.2775934379666656
477.78156337891875 -22.192182277024322 -2.4052368805987214
756.6707408954372 -23.493658393999134 0.6827293491725893
761.7796085858431 -20.841955920886946 -5.636081398735138
770.6477876855835 -1.6659508114783492 -6.806343294820529
770.6472499307391 -1.6707654837715915 -6.831188772376515
446.2625997880834 41.94764335342137 -8.860667180467862
439.07143707183906 42.496885188244825 -8.674267937819856
438.85891584648283 42.424683087342515 -8.489443723051899
-264.6029702078954 -21.800022353024428 1.767954459785839
439.0176622706809 42.452758299023834 -8.687195183009901
-149.89198766297943 19.84141802371553 -5.131783356200765
-149.8913439139767 19.840818901260466 -5.131624772489959
-149.89107562784565 19.84056921351019 -5.13155868181111
-149.9732292089158 19.77197645917104 -5.063152043422844
-386.1128439004886 27.716414788276495 -5.30681146510575
-386.1126644041091 27.71624773451824 -5.306767248365884
-7.587444835757523 -1.4759946634062098 5.084648323069239
-520.4219537095521 -7.775793508415348 2.6429913282979474
-522.2236886223856 -17.209312618150477 1.3441146053482385
504.0505221721069 -29.524452331092483 3.334574609867717
-522.2236709159453 -17.209329097119785 1.3441189672234228
-704.9418238704308 -5.878078123898938 2.118392666168046
-704.8758780914238 -5.855837659742806 2.1031854749942838
-700.9006824431146 2.203115878413559 3.0463735730224273
-700.9006483161097 2.203084116686359 3.046381979950914
-700.9007450943268 2.203174185872758 3.0463581399107995
-513.3809429231547 12.201020194494683 5.474928752243443
-513.3121481382971 12.22347391158937 5.511982029771685
-508.47250192735186 16.067048189148252 -1.1359370617640365
-508.6244239874197 16.047323804052386 -1.1718472921061758
284.92409980056135 -18.55664691656658 3.9788173013285255
-508.6242451170897 16.04875156115828 -1.162018600008266
33.37277842407243 53.6288907740855 3.7766871674019353
43.29538435756707 58.93623154715255 -8.876185201487948
43.26481610866314 58.91123428796622 -8.980304700244377
43.26387174469608 58.91211318443929 -8.980537338068277
-387.34426199315203 29.717030954423322 -5.3077886897783895
-115.95163465072609 14.278884466151675 -4.834097095188524
44.83683849550941 -7.000188367665882 -3.885900467302099
44.83679282184003 -7.000145860228219 -3.885911718732819
44.83652694204097 -6.99808911288768 -3.87712089115752
289.08873873618785 -15.163693040205072 -2.056004631645218
48.11909487827806 -3.1690465169041886 -4.084479372326931
48.11911466718195 -3.169064933984006 -4.084474497453499
48.07246963811189 -3.2088617462099713 -4.0184478897935785
48.110001159313754 -3.1538995754041697 -4.0686391057721405
42.771557231782225 -17.16989103128082 -3.249125635269825
137.03234016178754 9.484783995818626 -5.669109626893762
136.98208814073638 9.438848725964624 -5.605573014669789
139.88183940868745 8.459563570594657 -5.7090364886587635
402.6134334870293 -19.578906687224737 -4.497475944695516
402.61369196187184 -19.579147243843742 -4.497412270970061
289.0953900634497 -15.128103027152434 -2.0811755928396276
409.69088846029126 -4.22775205377912 -5.438517525198863
409.77876646538516 -4.207355087786398 -5.405770961726112
409.9533047472359 -4.184731832268303 -5.366248873446103
182.80082157205914 -18.109493286056544 -4.6289442363394935
178.68595852843882 -20.070777912390962 -0.04362732127927762
178.6856958293443 -20.070533424390675 -0.04369203567853921
178.68568582745309 -20.070524115760843 -0.04369449971233399
-427.28538838709426 -17.073058239029844 0.07881989532292988
-427.28560739464075 -17.073704692093493 0.07282472502251919
180.66946651638295 2.3364979898574476 1.528216520787186
289.0958738259714 -15.13003543930138 -2.0899799758314677
