220.13497919921957 21.798337779522548 3.9302251372361727 14.427173194074653 1.3488201422016655 -5.642252240418031
231.86466259656748 67.35084784261537 18.998120356527803 23.732854678600393 4.717317879662439 -12.493856335097826
231.50528452758329 66.86407969838193 19.429638625552027 23.59127482976718 4.860372827691123 -12.019453263464307
231.50307030979732 66.83847645313588 19.407372349028936 23.59799236733069 4.863262681580878 -12.037048549017056
244.302146766978 90.79374999018236 -9.888144820490023 32.950809073229344 4.494377926135931 -11.974181885523597
487.56460737702406 27.903424169946952 9.939664177388394 31.348469598178816 4.303449871878026 -17.120427834355148
179.66452608214217 70.37188108424021 29.802894175545795 5.370955643764725 -2.33788205958335 -10.82647371677603
-524.0262579205282 46.138702145621835 33.03031738223919 -3.5556494073209595 0.9038440269298343 2.3156098042600073
-529.9317081828782 31.237022271956736 19.938631663052032 0.6401074745152083 2.602227681300278 5.04604812177192
-530.0963967961168 30.975491108315968 20.141847704552802 0.5847136396463134 2.667036744099261 5.216342936382258
-29.49553260442521 1.0273360391198445 -26.08002717399625 -5.586245495929972 1.6120564050543278 4.38700790734946
-530.1034856255965 30.970658244030485 20.17392403454492 0.5159297418338364 2.6615524321669826 5.269616073944452
-525.421226191422 33.21172127729689 13.094899848734117 -3.8625850771702317 7.562754733549861 3.3428933293418996
-525.1967756364974 33.512815114336334 12.840846837024044 -3.8435576836659022 7.501946326985273 3.098621733290489
-292.8051227874979 14.722570669468137 135.09163655623524 -5.684850736796931 26.262960693976993 22.13818424165575
-305.42421823159634 11.357984060131988 148.05161853987693 3.921183781537299 22.785044018273204 27.47962847111494
-209.66716380667168 100.10974618006998 -25.24819976475296 -10.779679366180332 -1.4281231621392276 -1.732153286522166
-217.80948398820098 67.58064003555468 -37.348360553930554 -14.696494146749473 -3.4953188602934966 1.2226749864489017
-192.49200367657488 100.17608383711219 -73.71926841586328 -16.27792175366607 -7.060350323391647 -1.7061552868207506
314.8819983991759 -18.621834252249364 -46.612002774418364 -15.260888669103274 -7.72311541467959 -3.1971975759674014
315.3783732552559 -18.504366619631462 -46.595499310113844 -15.279294587578061 -7.806245815646236 -3.340698590220289
-22.334806792129527 29.063569647187588 -16.48376372092863 -0.4749819933256564 3.631543626274058 0.6062210015519689
315.2152784174535 -18.413387147446205 -46.80874598806333 -15.266685213002281 -7.817634857400329 -3.441597454324928
326.18757388860524 25.171300536850357 -30.9655191310942 -9.2487109274716 -4.948162486363535 -7.962060177294364
709.7049973543437 -21.483312032673958 -46.658865007327236 11.17359140006775 3.5824895749147454 -6.652324869578174
-65.26381835650811 -4.127777935999667 -13.492222768338337 1.7112530563606771 3.8077217903427423 2.191682408655396
-65.26390463402103 -4.136446403185965 -13.5004235921032 1.7123120266786367 3.809893943460021 2.1838856492241896
-65.27158696400345 -4.1381222796789014 -13.460224610233043 1.633045075482448 3.8056233077174135 2.245287309850701
-64.75158467227064 -3.346239283634486 -13.990682650771026 1.7906140594900153 3.653238288592694 1.713446143168515
-316.06375708372906 -9.57222438516865 21.639380560424883 10.063734800342015 1.4136528146755865 1.2416362863900434
-316.0744705307692 -9.573927814363083 21.69481298144734 9.961469280503717 1.4120322499591462 1.3209207278985047
-315.75949351387084 -9.019139965958987 21.381326631320277 10.272275157494597 1.2955305051855017 0.9266773426469077
-22.352610588715862 29.049879670223465 -16.4054949390535 -0.6460409883138106 3.6169351920064745 0.7387747201831192
-441.69872710424795 7.749469540037827 24.881655076332247 -0.15969298603120965 -1.1443783232233071 5.239837883935627
-441.69862937695535 7.745180664599689 24.876496369234587 -0.158510184618985 -1.1438698996537973 5.235690739691183
-446.10585081439496 -9.543244598553933 18.91256296246429 -3.215500396133267 -2.373969945203795 7.506456190870725
335.50534029423216 -40.992012405027666 1.567385335447917 6.051253666495552 -8.893510003860845 -0.44478094387738065
335.55393921186476 -40.76198767268764 1.4097807035865375 6.113334235674129 -8.948338483686465 -0.5844281993031879
326.2911168874188 -77.13760603597649 -11.201352359648778 -0.18669899005084803 -11.524711650873549 4.0862487326004455
325.8261000899106 -73.83730412044771 25.29697349715485 -11.152899375330005 -12.04135438944585 -4.906834437262441
-31.046772062892728 2.41590660943845 17.906778390473697 -9.682678013949172 -14.825931122928946 -6.496258321222774
-30.334915377500714 3.3018043639088583 17.41097735575793 -9.705533232446086 -15.174723495962775 -6.989242467197202
-43.4359822490666 -14.162415619266127 32.307208562406224 -10.132169853289295 -8.608996889737476 -0.9384579198338756
-32.88867239497107 -12.23495636847018 -30.586994136810468 -8.068189040931747 0.6523648364669916 6.223980343205046
-34.98055849022966 -11.401158866391631 22.599169548822264 -16.587869755175568 -4.9639716033699015 -4.040723146539192
154.8014095283091 -20.897645391868988 -12.861886796294844 -5.349928618080726 6.469224839940199 -1.0266613936323248
147.2228631446005 -24.503050207260305 -1.2692132600767583 2.1081062891984197 -1.609714736771849 2.000114786463168
157.47955867343322 1.08031284964205 22.839962238315714 -4.891060773507544 -4.7320719078843005 -4.012040622589708
156.79270671704452 0.5823238914620449 23.196101318503924 -4.9014842494716335 -4.512218435308148 -3.568209353547118
156.62434548045522 0.4770993019218829 23.26190925979652 -4.900812841435367 -4.455307365925882 -3.4430301772816665
-257.3668588398968 -3.4046608569641146 99.9638588241774 -8.29577514936023 11.607381116452697 12.913218575225414
-265.89289680914356 -38.32643267981778 85.66816267170883 -9.781835087735496 9.67491988096709 13.968060410472043
-264.97515867623923 -37.26545881504209 84.82368668250804 -10.022223507629825 9.205034245148326 13.295631821866095
-264.9849877120339 -37.27666823436437 84.86326686527678 -10.117437671820719 9.196856657849535 13.375326264556428
-32.78509716103449 -12.125550502416361 -30.754464328530595 -8.072261516408684 0.6116086502984464 6.063172807446221
-264.9808025231888 -37.260622696027575 84.87147841755665 -10.124089765870698 9.197520634187324 13.379464635546183
-746.3489222227473 -7.677549742190912 60.56460950490764 -11.303172113591334 6.67154537383625 14.418578981702385
-754.5933456388505 -16.77616453071792 69.72684715848321 -9.032724785308442 10.677710960867003 19.23367817702229
-537.9486266659143 -46.97768273378611 60.3896305570342 -11.458717249630624 6.9934181704436424 16.339745672833242
-532.8098163563403 -25.894850117681575 69.07421536236946 -10.674092088864569 8.152531386930848 15.799551046430105
-634.5958848039537 3.7207199875050936 34.996509552163396 -13.678439925634544 0.8171706332189964 7.12646345888186
-634.5875679974349 3.728070085801879 34.95949921935723 -13.59239271416538 0.8254403058478496 7.056572229153619
-634.8566164013831 3.481070832665383 35.16043292184318 -13.535961529796555 0.9224706631971332 7.233046080735702
-634.0259622596852 4.278082516672378 34.460503198024256 -13.708601446028183 0.6029236430746392 6.630668812039906
-637.359304449961 3.1641246825007925 38.356437028513874 -11.117446412382819 -0.8776470010042556 7.879082724182468
-309.22700448084737 -23.163038962662785 -22.053564807793304 -17.56546644206374 2.1675523117759616 7.854232789334629
-631.2821789732196 11.180419540263818 31.022865765985948 -10.921098645264179 -3.9905685089841505 5.1284405512387075
-630.7155272912004 10.493817971299153 9.296400121822378 -5.341585376763279 -3.7943305951405404 11.644693281307914
-452.5756044348179 -30.330682030111596 16.699751233327074 -7.040169548990227 -2.9273802061160024 9.660509453820431
-455.2280213923127 -40.7773567506526 13.033854161195933 -8.75748673312895 -3.6520170306370296 10.941407940569318
-450.6873359530321 -22.876731599203083 19.341902705258352 -5.870545235558167 -2.4153844475571304 8.791657525889647
-324.4988305390931 -39.816950858131285 17.2514551539404 1.158314356279689 -0.48561575263992585 6.158370359146421
-324.49874143830004 -39.82213658390715 17.24524986383498 1.1594777309863846 -0.4845273144590496 6.153094841053917
578.7195590465448 -101.5497963751376 -1.7672408614491522 14.801209920504078 -5.114624742355915 -3.1515036433004955
579.1213952294125 -100.82386347377705 -2.1087592200141225 15.076598889229931 -5.27244247662162 -3.5764392442957
597.8122065668921 -53.91204920246856 -6.399489722440181 20.379816881380496 -0.0941446918743527 -9.762654966438573
-309.2312658496229 -23.166211824513397 -22.034240661657066 -17.60870891329149 2.1632270463303116 7.887814119297759
597.8112260975676 -53.9251053520256 -6.411140595203802 20.382969107147364 -0.0922837217684972 -9.772264259365786
598.3979662590252 -52.88099551955689 -6.996331912526674 20.875216386038826 -0.24947593676961888 -10.504653856762133
606.3529776463871 -48.19310229526965 -19.921597672665257 14.419218797723397 8.668077077624048 -14.203342952815168
-310.68203213809653 -13.143789542653499 8.168071459022082 0.9684821690879974 6.4068235955679524 0.6271751867500532
-311.0168867709208 -13.636909287178192 8.492295241712412 0.7597040480165121 6.4746670116595295 1.0410151907503151
-316.08483982797964 -23.240703210802018 18.157490187244157 -2.661302717635962 5.269173404033073 1.9874079630807329
-321.6576376927222 -44.72541736687016 11.265399716609615 -7.4413696343506945 3.6526956633779664 5.485008383597645
-442.7034576043414 -14.014080886422233 0.9604512693908162 -8.113207038415744 5.293221812728485 7.169220286390085
-442.3734986933435 -13.609226740778535 0.6331282884364251 -8.088540903008834 5.2059565220802435 6.834416079299456
-448.0622806824777 -24.792432959961303 -0.48388541243520095 -6.69086812100676 5.444188900759655 7.523257224648897
-81.27740386700185 -58.97192336134191 -25.128209943412198 -11.214257088255295 4.617566028943021 8.492506286301625
-448.0687224508073 -24.796131183832603 -0.45542849372346456 -6.744360451625169 5.443985422635569 7.564847217420634
-444.9972236455831 -13.239025009920198 2.8762542073717636 -3.548750120672642 6.314553009111247 5.249917178312742
-625.3068355708467 16.085420473577486 3.1309945918340283 -10.71850934460999 5.584835221183965 8.40094741232857
-183.8029506875909 13.302518584004453 -5.296093405569654 5.113981337815864 -7.7933377713024035 5.747766250129626
-192.7503185347287 -2.884224973991552 9.525214105358925 0.48711530204576536 -5.546437081160209 5.641994609373368
-192.69571875970215 -2.645471535828954 9.355967939510869 0.5327148445067794 -5.614581053773771 5.506000430964245
-192.74828371257257 -2.8011929033684813 9.506041049925049 0.4870884171660754 -5.561310016439478 5.6475515729436045
-192.74730375682222 -2.7890419540487805 9.517535414493434 0.48310595221876085 -5.561954048996084 5.655935055069436
-474.44665243474344 24.33643808872484 29.852014376611532 -8.560654203749023 -4.999740541263336 4.891189842450078
-481.42869146834994 -3.867962064318846 18.896933727827818 -10.989022901013877 -6.676229492189791 6.727813496026822
-80.82570292677522 -58.4472458652914 -25.538256176726243 -11.232567429373953 4.49679671292296 8.124754271034835
16.096875501061866 -21.050285581013252 7.32306248540928 -9.99353519473968 -13.890762562606833 0.9078936087350497
16.105329778939357 -21.04310652824009 7.285051084213996 -9.90553528168625 -13.882027703128083 0.83703267293971
536.1320960910625 -125.13963560615014 12.859694606146153 -12.940611961198506 -13.035955072956675 0.007204849747633912
536.2352500173926 -128.89513343096874 -14.203178311282409 -6.819263885761161 -13.563214568167636 6.320619134663897
542.3732758978914 -104.54660440971145 -5.402009080127741 -3.353227800092294 -11.947475560362424 3.7178065085249017
542.3197906485636 -104.70018586153404 -5.2898231453691915 -3.371594532227482 -11.907558509652288 3.756641783999376
551.6245208674404 -99.67145959587563 -20.168397647572608 -11.841775806629794 -4.12890862163192 0.8164719638125688
-375.28614670160897 4.169097964146395 29.530610679068953 -2.977130023108148 3.692983270959825 1.9016727271144769
-381.88903010758037 -21.804900588841114 20.46044286834236 -7.339094395358425 1.8741413806123972 5.142536805070557
-381.9451072980473 -21.979688801540913 20.625927075119247 -7.361968966057749 1.9043627388986168 5.277054069989411
-80.82682248242114 -58.44082002512286 -25.531087375402592 -11.231171740567884 4.493069488129754 8.133889034219079
-320.39316725370253 -29.587022881745202 16.164670270920443 2.40439254483074 -0.8083211960243164 6.054832568297414
-381.9437666036326 -21.969799478587632 20.633239382339497 -7.364942899751611 1.9037684602119973 5.282368690235661
-503.92833907386415 6.957854125006165 13.426876880789104 -7.448428267445436 2.4113441140870693 6.315820977251426
-503.93694780736797 6.954543869222538 13.471351128400837 -7.543436414481938 2.4025955063987623 6.389673776870378
-495.2853647486889 19.44335219048221 -1.327507158169942 -5.101017062662208 2.3828713575466294 5.86387010347723
237.14631242557374 16.98118117273819 -38.91275490600629 2.28022033356137 0.6201726016292451 -3.7299531187711334
246.0091135303092 51.308469721301044 -27.694982372303155 9.569539501707386 3.1845338742340186 -9.102503708244006
225.98886214478748 19.464971412890964 -41.73612933724273 15.03233113604518 7.818273153103258 -1.5969571473186703
-186.578034881572 89.04429221251152 -33.96670814936502 -2.9028365331287143 2.2131482826917908 0.31364905550549715
-186.49406746392262 89.27935147013716 -34.28162998339249 -2.9036165608318933 2.1554243766951897 0.0651652706106447
-201.17221972863982 81.55102928071116 -11.083023422991996 10.119659086702091 -9.976431789973292 4.648740937385631
-303.8052891911725 -2.926010820360085 -43.41214349701428 -12.25942140872024 7.700585380064008 11.432898219850076
-201.36838869944944 81.1260124886369 -10.713499284608297 10.043716544585864 -9.842606952056167 4.872741110414811
-445.7319648314983 44.25364206784952 2.9811662136281263 -21.65723189277974 -4.058058603553629 -8.469252677079034
-445.7392399284668 44.2488744113326 3.016428789748003 -21.737118167197977 -4.066115237399886 -8.405373572462072
-456.7299480135384 41.96598387213225 13.55335315383673 -13.890719823980039 -9.351908433480478 -4.4612888001544215
-454.21268354049937 48.33311036802923 -29.571951385603167 -4.497109822120123 -5.185089103209206 10.030351219373731
-190.0056585580781 -16.08709830025163 -13.231960068114754 -5.627890853886256 -4.681855100322049 7.128058549362284
-198.8462185026228 -30.29799216464554 1.9621934156996539 -7.704136156886577 -3.2974329473600856 7.105921113710191
-190.36579557890187 3.2429608505619965 13.942448498963367 -2.63034614823576 -1.025329915436678 3.3179786918402714
501.20170198349507 -9.198747389296415 -0.9344128957297974 3.9375927261515518 -4.472596601395859 -4.775164397946446
886.5165115997305 -64.84337067882217 -9.70690855170039 24.412000732717697 -0.009781966346414928 -13.411490865803655
-303.14970173957335 -2.2824898195095598 -43.9636898993748 -12.3357100110728 7.515544118300892 10.867369512310516
885.7403059812389 -65.89591217368387 -9.028109365186303 24.08325292098324 0.2665676562341852 -12.57216574758507
885.0936803743978 -66.86359561344422 -8.419462162159576 23.7968581148619 0.5040006739333414 -11.925524366755191
885.0935027781769 -66.84947428734132 -8.404294024087669 23.795003143969353 0.5001684601668686 -11.911556464739016
885.8195143841915 -65.86965566198457 -9.055158171746337 24.107051116247725 0.2387703756099686 -12.720568578494131
876.3276611994565 -102.11098442682925 -20.199922893345338 15.196266848393911 -2.5189455879388536 -6.223090818152599
151.97242129045566 0.11285603891294438 23.04955999117855 12.782566318793585 9.157150457611632 -12.876490188295964
1071.7653967663198 -14.415588739416522 14.244106259584107 29.625780170096334 12.498204020410181 -31.765945863882706
1071.2303651337825 -15.066933325660354 14.877097244412836 29.311822946180346 12.622652353454548 -31.085354965784802
1070.7210596063946 -15.69126863679774 15.494363200137519 29.005495728272177 12.739801052479768 -30.463970189687966
754.8294690598816 25.059161968846933 37.40938816402517 -0.3417773100820384 5.207934658718951 -19.600792781564408
-296.2643032007639 24.08665905120615 -35.73876137136668 -6.072318994951103 9.508024626241083 6.30335321260395
772.6810263309336 45.286001787184595 12.197901815062654 3.0036165476840773 4.839786419716735 -26.232005959216643
759.6224318960785 41.051502608307906 27.5318102616685 12.503296536311927 -4.547474695536465 -21.06879080713426
759.6881574778065 40.831702390174605 27.725477822135026 12.453703140494875 -4.506670599763951 -20.940961725464224
759.6906791844714 40.863338510347084 27.753343451119058 12.444485615350558 -4.508663019151097 -20.920159674355546
743.7421963712728 2.8748799156253626 -2.981394568462343 22.47284876139029 -0.028088976022847434 -13.367159891432932
730.5359032295995 -48.387286393940286 -19.901537545935252 11.928283159826304 -3.8244584854222134 -5.601600364811096
288.4885876018332 58.86004040044163 -47.67987680185462 14.373197515174695 -3.523807646969784 1.2103540792548897
276.4509493335125 12.076911338780407 -63.210709962960216 4.935559409395694 -6.970990902590001 8.150831353556516
276.4347313997586 12.068003152802966 -63.13411144573646 4.775676476666293 -6.982388259305443 8.274663448647692
167.9840110424405 26.881556723095756 13.26515865847991 4.1756196759576 -11.88511515342781 -6.536414931252508
324.70418928059127 25.540749612699724 -83.73642934568488 -1.7990286854716762 13.082994301411802 0.2004598036883974
167.9876949810897 26.91050231053342 13.288846921278944 4.165187118550666 -11.885127318632442 -6.520424557745305
168.43574119761797 27.247014251453248 13.117072138724962 4.231972281437169 -12.015268005218338 -6.801255230459258
179.85437419845456 72.56340442621756 29.52088497155715 10.635137286519624 -9.026975275039725 -11.636880557634203
165.27623666044852 38.71184489272267 -0.6055681305393049 21.0819816745738 -4.921646966611501 -2.1702790619617014
154.75185180782447 17.508103769002563 21.4381216684828 13.90631537507795 -2.396864159396451 -3.091192431305772
154.52459891503054 17.10674373697073 21.709664889574636 13.815727599250726 -2.2770411148546277 -2.868117524634167
154.26162714922145 16.681012211152282 22.026781187724687 13.708554694234406 -2.1316781488941303 -2.5192275186653914
162.2066810519903 21.703760177511914 7.860445126472765 6.269297553824233 5.743680966764068 -5.038412098984783
463.6419883458287 -45.784138983153426 21.790027814592566 5.87296382939777 3.7015719912182625 -8.252077002506708
-382.0375267885216 -11.939307887274436 29.023884202243845 -3.3046453148175 3.923571052346229 3.6028081616751386
325.19841004896097 26.002406674936143 -84.17514715282988 -1.8033869957980662 12.95544589110699 -0.29007769328494537
-509.4553894003603 5.004988760410021 34.939081938018305 -9.428716195080185 2.588956148301135 6.081905703938338
-515.7298672114832 -20.135371574501157 25.477993595047646 -12.226988208191404 1.0188683356571682 8.19427698441943
-515.7222930913304 -20.12878389409053 25.444564771992027 -12.149457539702205 1.0271077089227143 8.133006600434104
53.90817509043715 -9.851551162015989 -11.437024207871925 9.53140264687056 5.0404385632972835 -2.4677903469825093
46.41950201108001 -15.081311494551121 2.7826320246454417 15.821370428845077 -2.958335673094628 -0.008765067392117146
46.41870841128696 -15.092616121415373 2.7716346081542977 15.824728608526344 -2.9571413787383665 -0.017292007225464118
895.8425419671504 -39.75804234258013 -19.55243604703083 34.69605065400092 -7.692282373575789 -10.333948896338216
885.6945146003408 -78.34346915899616 -31.16810871739826 24.69891774680361 -10.673866752495286 -3.019827420143887
581.0041890994518 1.798660337646994 -55.39324153289583 29.269166185238905 -12.82994705775471 4.93275463923005
596.8557127549213 62.30636226543414 -36.814366938451165 44.2126758440704 -8.217869174278814 -5.971870822216177
305.5864176411042 -9.433573890715778 -43.097131227111255 -3.560237799231356 8.87547413361608 -2.4311795404430834
73.92945838312436 133.13102377731636 -13.401318751551544 13.87580035059624 -18.800246428680378 -8.5804425124374
73.90394979308692 133.1190155339082 -13.270895707964314 13.587146203593193 -18.831378980556696 -8.355882408972652
74.11759331716068 132.95916926528497 -13.025926101607595 13.526614397810292 -18.77766378588251 -8.232664086442352
73.59890544175917 132.75984523447437 -13.01457097302501 13.505241057685476 -18.691865026606568 -8.044027062742494
73.57775310676621 132.47872981997835 -12.772724418875395 13.4476091055435 -18.61843698670455 -7.948741510062082
58.05801801288888 106.28219600722319 -43.586723589992985 24.359121659147046 -12.477827648003995 6.828265473620572
42.66614933912542 74.82743969665235 -13.651414238809958 16.819710337050946 -8.502190305323637 3.7987393559126144
302.1112130696793 18.166533669856943 -23.407050043544054 20.97205487414685 -8.405199351477451 1.9975127999062288
302.3913491132245 18.541042755906858 -23.67779063306005 21.060484724198197 -8.539025227537119 1.6570530231688072
315.45208938647295 27.523780604319057 -48.24123606659196 8.122903210841212 5.368162341115865 -2.442207385080005
318.7044329732417 17.13961635116235 -29.242987398604484 -9.425176405595721 5.712440953898282 -5.859905805762157
-210.982052960932 103.57966915005606 -38.3277031814455 -6.429595196443525 1.99926746810375 2.2129816905171853
-200.73250091137677 144.20853621933264 -23.682686922538693 -0.561805147241335 4.7115955237422105 -2.180545379322792
-611.5263173159739 95.2873310153287 0.29348408288167305 -5.329984872662113 4.4851853594978195 4.8747501031449145
-597.3789580230487 116.46451615443362 -23.376918055209508 -4.253239574322626 3.756609272411403 4.090444713991179
-605.1554423271647 85.85964948667747 -34.08590045402612 -9.347872920804845 1.6165047955030265 7.872117780235286
-300.2341920490949 13.323020131380181 -15.778124693804417 -9.084709558010115 0.4085833347298908 5.4642067855139285
-300.19304851821346 13.272233706012232 -15.705449851759473 -9.08222613419559 0.40840738088165374 5.492388126269221
-300.186510143314 13.276393503471391 -15.736152712736777 -9.015073315331989 0.41466845259304325 5.440260197541848
-299.480100863664 15.398130556939204 13.32447278243236 -14.48034958033912 -3.654906861507602 -1.9047704161335683
-299.4788896276188 15.411458718117922 13.335210908333117 -14.484090755819118 -3.6556882436911935 -1.8968514641358944
329.12061211851375 58.31108171873852 -14.575291887681983 -3.1175144427305264 8.51188607935631 -10.567349799232852
-298.9401036494986 15.93670387589203 12.968189082267925 -14.551814806998296 -3.841744702704605 -2.2698385150412284
317.00270185022015 53.43242760400315 2.0726196647916058 7.85108506535918 -2.6111661459421858 -5.763286931736151
-191.6678642063152 -8.47759621765575 -3.368359824003192 0.5313456121754438 -7.843813828590729 7.102883033680292
-325.1396199245382 -41.61281965827869 12.971555005689005 2.8431711553994883 -0.5956909853516782 6.570881359171826
33.127317421077706 -62.49490881262163 8.390137264482945 -1.7990227259051528 -6.244094688371919 4.262753019248401
33.182917941756436 -62.33407882935067 8.25834999443727 -1.7511638438969943 -6.2915387737056045 4.136769233402038
33.15246401098842 -62.47764914419166 8.36592002326867 -1.7868478607340619 -6.253188300954537 4.223842680829455
42.933037583394 -24.124684365783608 21.57855365320744 5.030489215287975 -3.5172255160254036 -0.8323295841706372
42.9180856877429 -24.129950277124358 21.656103042789386 4.8669650104369895 -3.531401731811498 -0.7053869585050565
42.752984024495426 -24.484986151531864 21.90653963183293 4.731936993269523 -3.4492969021363464 -0.4793260884847314
49.37382826491433 -20.823305492609972 11.539646289635785 -0.40832425857017784 2.0059694060280173 -2.7880453221703494
43.22275738498245 -44.890736919190445 3.3264250158108517 -4.847649693263247 0.2667321972214325 0.4977827603680419
-152.44781902696212 -30.44930751683655 21.169482071855402 -14.71037534870127 -3.097048329984158 0.6405399022150096
564.3983295703791 -65.35252800013873 11.110643060025522 -16.195789275269785 -7.925460625615113 -9.237562380097152
-324.7537191435843 -40.98488850875738 12.71083261249098 3.076545930394332 -0.751296935533416 6.161853763434306
564.3998928823281 -65.33618171710617 11.123747951494487 -16.200496217958545 -7.926316074719855 -9.228004763266371
549.1591848425512 -83.25575028934284 29.42811265326214 -14.78690085115749 -4.479448205857814 -3.907814090030349
548.2253017307848 -96.01718223672593 -3.0857012873743352 -10.274629872312456 -2.846838537493628 -0.384652750687995
876.4073483821803 -112.55523133950241 -4.479031751162382 0.11192199286400639 -7.235181744684197 -5.522948005965536
885.2874856581099 -108.91979054828137 -16.551244647096993 -7.563872999532983 0.8521614374935553 -9.063196652715957
900.5962868960528 -87.22500684083498 -40.91825508554541 -3.8281580352873834 2.2090098767470088 -11.622650309522326
900.5935792728236 -87.25769287315705 -40.94380613002892 -3.8212662502237675 2.2137205408072846 -11.644690423598387
535.8848111956305 9.545074718669044 -75.8044336650603 -7.002490700812418 5.6977529258726625 -8.532905776417453
515.1514101480869 -15.782576444174241 -88.10979170585226 -1.5370824814292394 11.961710714383281 0.8898683120825024
513.9913441853889 -17.02684877157235 -87.14059624316415 -1.554024801640524 12.267786809982754 1.9422981299637976
-327.55853027627984 -48.73633108080112 19.248987413690646 -0.025014398562299173 -0.4345473213048013 5.537279016902234
514.8697066329545 -16.1438772130238 -87.91042030182376 -1.5308050339183423 12.042164574087874 1.0827793075212506
-182.16499278931403 -0.9241170440800818 -38.243155944963966 -5.911384804083446 8.883526789858255 6.832744914949156
-182.15897881193825 -0.9219507102366166 -38.27244321407765 -5.8548946171958125 8.88544803012832 6.789105885097161
-174.35671589497923 28.77797431565193 -29.254854362344304 1.6289844596009029 11.142502631176402 1.3468865763056068
-175.0465871616804 27.93224474106183 -28.63277675010581 1.5345876673703809 11.30678146514098 1.9755324595828787
-443.4405931578741 67.7865428058493 -24.8022531310227 -10.90079644364408 7.038216651327036 2.7749116456517533
-435.4552267167062 99.18143565735129 -13.865200081563913 -5.573518912982005 9.244745073606554 -1.1812112933505128
-23.810682942026013 -54.55820942712889 -9.560975470925074 -6.1946623765433415 -10.37668624455246 9.94702806507585
-625.7638624324217 -16.32634310913474 13.348382559563278 -9.33845841783887 -3.115558065532995 12.70236069551064
-626.1748290587357 -16.081770681050486 25.74353738120058 -12.050846347619458 -2.9100871114571554 9.409954946086819
572.5999813701327 -119.37818537104391 2.240234236981992 12.432225662229966 -5.014664756107142 -4.383135292339672
-623.2157906440259 -4.13498695536361 30.37397196395001 -11.001160769501318 -2.1982110568319286 8.614550974778155
-831.2239154090246 37.506870074471934 28.129597128778208 -9.785246987836517 -2.541808638194456 8.935032663830812
-830.9697344741019 37.80543185774459 27.943416063363774 -9.802037606934597 -2.6805398226034662 8.733841639318218
-823.3292493710123 48.26531100506014 18.33188906853147 -9.397382447220282 -6.317192760682175 6.301391192161636
-817.2730138689936 72.61633059221451 27.620917623249287 -6.947184541059675 -4.830570481603985 4.44409384921936
-817.2791459783741 72.61202198199484 27.650052499355738 -7.013507185720805 -4.837341873309462 4.496984793622226
-602.4031354844784 50.37570313165352 9.406244686621093 3.1189736302592346 -3.245165628937646 7.922949207559564
-602.5950221081122 49.956176982223546 9.700610143922498 3.006979865563401 -3.11372547336111 8.21477445014485
-594.3998315390422 54.3280366397608 -3.1321154110314047 -3.6584994185573776 3.651149077437227 5.727528264412263
-594.0251142003482 55.062789009766085 -3.726827612204737 -3.583334221275787 3.4850852687200584 5.220239360343923
318.7658956252333 -84.33763453888812 3.824520896087603 0.632629533266426 -7.178872239901098 3.27037736476609
-594.0240932355892 55.075526588996716 -3.7162284193998105 -3.586321773619223 3.483465130403063 5.228927015161318
53.249812245638715 73.79373783001208 -52.7870928772656 8.241520519156259 -4.506003169207908 6.205702958488968
69.1281934314356 81.18606667366264 -76.73131715231362 -7.345079146770878 12.14696701355391 0.03525105813426157
69.53674257876395 81.65824570732103 -77.22217585404712 -7.386867008643903 12.02544487892625 -0.42572046954043896
69.52500965081961 81.6508130638052 -77.16826709391579 -7.501218365177991 12.01676400043503 -0.3371192905121665
-449.3718109786129 57.75269712191829 -31.79786402027462 -9.49363280279274 8.868286445654267 5.980805756103271
-139.96661287680442 6.441019829540701 -29.97667521463513 3.444999835677125 10.92825774903797 2.020085189869136
42.37932408491603 -40.51570298117753 -13.087021185752468 4.275216493317963 7.654423725683612 -1.6325773816051254
34.09725156437684 -71.49090401418688 -21.776550519962964 -4.626187912016577 5.362156603863194 4.804177061354812
34.096737412049244 -71.48709421715674 -21.772549282010047 -4.6254362153621695 5.359992362344354 4.80940147985853
325.74551979017053 -79.99435358577222 -8.266085426076051 -5.878805396167922 -0.5264482199239738 1.0349266988924528
42.49393330488966 -56.53651255304073 -20.503145943977866 -6.214062273681095 4.888660266772848 3.5166837200226806
47.579110256926725 -37.11498720594965 -14.525364847887426 -1.4422349767670637 6.369058895253307 0.03455420665545013
46.97439989291163 -37.82173147290546 -13.856379489906306 -1.5644312991346823 6.538448716944321 0.6802869842476146
47.56186924386082 -37.1338559303675 -14.521276817020107 -1.4371744168513587 6.379412924895905 0.07530881875511644
39.05246504937272 -51.002602567436924 4.137020635402042 -4.2672425828429015 4.593369234777844 0.07740059533738117
162.5456132189756 -1.2418680776046016 -26.80753584604281 1.0511591824502156 9.308241739451748 -3.8938987726554535
162.21167597848918 -1.5841840869212023 -26.45323915941085 1.042422017330526 9.38595962460204 -3.5916623107088266
174.89076506536117 23.50550512577205 -13.801058223361327 -4.192534039861485 6.565889412311854 -6.983146454228272
471.5344523523418 -47.84174345024955 5.919349463750986 -2.505676689419713 3.9555883036234714 -8.784043743956206
486.27088182114744 10.103800980866087 26.11987218729162 7.29699126816012 8.026710065096228 -16.05903822754704
325.9041008803921 -79.7697851543234 -8.465642580078082 -5.861951490463425 -0.5729500434039452 0.885450971522337
498.7677094325062 26.932216635907263 4.501263176301053 13.471276114134815 9.354563170489763 -20.48880991119971
498.53030956810164 26.522314508203273 4.88503314780291 13.328776184429751 9.410921164573187 -20.111474892313236
498.1213271057865 25.76931826199231 5.596370791394112 13.072862734919644 9.514290878115375 -19.442504360541847
239.23247618516777 48.256458814474776 37.248005228227406 -9.93053335549555 1.1715146001836598 -15.648156742929725
229.57011427394744 45.844508927635175 47.18300265428824 -3.001904443053952 -4.257058006637959 -11.967292254852696
229.55374593192465 45.833252340362996 47.26118208685265 -3.179582134717987 -4.27527004552903 -11.825782099390928
216.836814051685 -5.2611069741377205 27.82761707451872 -8.43962339340309 -7.40781516083298 -7.837692669018307
-505.44011393481196 8.322208120888908 32.042678834415305 -10.460938927637175 -1.6311225235801328 3.810000329685419
-505.4411441105702 8.31044125699566 32.03255836525164 -10.457243913802099 -1.6308111416806508 3.8028334636182417
208.17867955722377 -24.686372239683088 -11.526959615761646 5.09917820057506 -2.0725360630509835 1.2174539551296224
325.9051993896458 -79.77188317171233 -8.469505140625158 -5.863033915197962 -0.5710991558569254 0.8806938132051441
