145.35996330546325 -3.829816656612493 3.1357446601308094 0.984199151376091
145.360497843666 -3.8282906316306176 3.1371317395384324 0.9830932163510909
141.86017344079937 -7.842819761556516 4.040187673423507 1.9178144583415708
141.8715541241008 -7.846832646686838 4.0027264367468876 1.9074756718069381
155.3525286502496 11.99928926194232 9.93374022967007 9.586770090100396
312.2367471230421 -31.146750297723987 4.473661420844461 4.6631763847700505
120.81960533300902 13.818302952594848 -1.1863062155845991 -4.284559709449537
-387.16352407059634 -8.873014743220319 2.5543396011661326 -1.6637475650406701
-391.5072035582936 -12.243938192558108 4.890288820635714 1.0278090402264572
-393.2330003743773 -14.294439073388496 5.252683254867699 1.4612773009821836
5.364587724804698 30.410659148209703 -5.7224795318577915 1.085913827607533
-393.233888513869 -14.296974573328878 5.250378619293889 1.4631148155722595
-381.13979828464244 -11.522994245528208 -2.0054483439932085 2.515118730362944
-378.36586138969744 -9.06743184590823 -2.936449753350747 2.026170775701409
-244.49693803120428 -71.48105634060158 -2.739986544275991 -11.831558881236752
-242.39743572669516 -70.27008263564478 -4.078036486846271 -11.8130350478716
-81.91745819470063 107.31282472930872 -12.758578911134178 -3.1180683454966527
-81.91763504216628 107.31231985678497 -12.75903781468247 -3.117702456201659
-49.24697359991358 145.83918774875542 -10.780596169140718 3.395033909423345
271.450854423302 59.11855322813255 -11.840821394547966 -0.531792326003578
266.0470184101366 52.01122201751848 -10.947276215304864 0.8998210582764871
5.365196806444652 30.41239795170418 -5.720899110364389 1.0846537264277363
270.72613301969335 57.92232091510855 -11.857682573989164 -0.30202074043901417
270.72635445416296 57.92295307672614 -11.857107971103419 -0.3024788782018505
505.4518053264272 1.56795806848465 -2.1484902464975137 9.590097945658947
-54.787578193709685 -11.684958134656215 1.2289000188153092 6.1368845986427685
-54.78139725174586 -11.686411273438761 1.2104004438651557 6.12927421183297
-54.78234514524111 -11.689117361765502 1.2079407524445662 6.131235354363501
-51.39904395585529 -8.232548741665283 0.18437047793314054 5.438928768471787
-257.6479158120881 -44.70585116988455 8.340120596571419 2.4997522540922437
-257.6497583849377 -44.711111299990634 8.335339670485554 2.503564195334956
-256.46792381058196 -43.22023763734948 8.128761587349253 2.1494465029580754
5.363005164940083 30.406141309244816 -5.7265857653576795 1.0891878259501377
-335.937794522115 -24.399353494397836 7.926601188540316 -0.5551053375768424
-335.9339103827959 -24.398791405443973 7.91688415049041 -0.5585853277958944
-335.93397128255174 -24.39896526601909 7.916726117923151 -0.5584593269423705
223.2787109090945 -17.233598093009142 9.538466817922743 -2.0739832332484025
224.89632959429488 -14.68913745471192 9.561854631299568 -2.717953242578005
224.89621429079082 -14.68946663065277 9.561555423056227 -2.71771468102901
228.97600587099512 -12.701309722324382 1.5574388747070698 -14.6782985660186
0.22483146340935473 48.23350330841126 6.937306571034961 -17.258806737247955
-1.0923731471885523 45.128594043567176 6.205813350027563 -16.214772755597412
-17.26727527524125 22.877303569052504 3.2925897105855007 -16.911482109871177
5.362803735945961 30.405566256683862 -5.727108465979975 1.089604580077428
14.226655327492038 34.14861152842861 -16.077964360226723 -11.141397505986602
116.3104540261117 -8.885429003534998 -9.148971909631742 2.0718308338126357
96.10435164609315 -13.491506400419924 2.8858457156692627 0.35163654813636996
105.99630239398644 -6.921734119357546 -3.2567836420670693 -5.19923634772057
109.47411239845196 -1.2944709039025177 -3.1610860155011453 -6.53134353382986
111.64974910801922 1.7883997540004732 -3.29173247612629 -7.185106242959261
-227.58647353877458 -79.06991333996139 -2.392298914057533 -7.459801009262217
-224.09360635713514 -74.8142868079882 -2.803468153823822 -8.062937213080174
-223.5817920790453 -74.4532708412524 -2.9897196488290647 -8.028532833034047
-223.63570854857943 -74.5202402869409 -2.984532961589067 -8.01827051979792
7.69982923455504 32.74830419498757 -6.483907277713678 0.5744639663756879
-223.61198807932792 -74.487330360561 -2.9814045940255833 -8.027977277498497
-559.3112824342746 -52.94729079333023 1.6402838644473718 -3.541447308362864
-559.3459470756044 -52.616052550984776 1.1624370067311016 -4.340723869776274
-410.5388472808942 -64.28128453749213 0.2157777413541152 -4.272193759382467
-410.54779098072504 -64.21485754090446 0.3432135345702171 -4.362074895715786
-449.64555666032857 -9.156476777534152 -4.109107379214738 -4.998759224938882
-449.6454493147616 -9.156170330136918 -4.108828849534712 -4.99898130299613
-449.3108556472029 -8.44353622561609 -4.046331459201702 -5.190576126755855
-449.051000681966 -8.97217645869485 -4.460093794030211 -4.933537949648135
-462.47393238253136 -13.582740772460967 3.7530130480001542 -7.153150369104708
-196.75214764968945 12.562519217303434 -8.135882492685361 1.805743955977861
-452.8227813700157 -0.388154527486707 5.05627575656308 -7.299384936800859
-456.34136055344675 -2.0069021915930985 10.946322803760122 0.2162486179462908
-339.23311417692946 -29.291703988753525 6.924579960182863 -1.0684366584124128
-339.23327304618584 -29.29215752796793 6.924167732387793 -1.0681079810699141
-339.2330223858032 -29.291441943874492 6.924818136242491 -1.0686265608771115
-258.64184253927755 -46.676671720769114 7.126485523657681 1.2517856488211305
-258.6371895256072 -46.67644023586678 7.1137482636466345 1.2455696261814955
377.8722744229704 -61.78854803273742 7.932511109350843 1.534074673017455
379.7230097417659 -59.42888327408256 7.647600942200659 0.9834725993988772
393.0497263039623 -48.79954425330002 3.802304331182343 4.9029949331813825
-196.75254292102255 12.561390779246329 -8.136908183319475 1.8065617518714903
393.05567185562666 -48.80162243829685 3.7823147724204773 4.895343342657515
395.47999007390575 -46.008777390679604 3.1574553544750716 4.299636407055987
412.7473349955329 -41.692835455284076 -7.680960222899154 5.890812746897591
-241.19965923933285 -36.628583947153366 -0.6929874024815705 3.423938663129028
-242.79447657630467 -37.9695791610714 -0.07421244526706255 3.715380828139976
-246.6572683675176 -43.0170417543019 -1.3786458173196192 0.9908482635152263
-246.65765255630149 -43.01813853465058 -1.379642695498324 0.9916430941292921
-322.6213976773627 -21.834397656827342 -1.0490502621033384 3.1922261715753097
-320.0853131590922 -19.71093672272599 -1.9797161883917105 2.7485822831559257
-324.528650273264 -24.14889049371516 -1.7372670436844069 2.2206074063948265
-55.03435153433656 -19.038174225414377 -3.6709376435983345 4.568310096715699
-324.529969956462 -24.152657891757023 -1.7406912273626984 2.223337586014167
-324.52987342010846 -24.152382293508587 -1.740440719171377 2.223137853473794
-437.2995787219987 1.0204683700730872 -3.8325666908079503 1.3415474900882904
-141.23513542259417 3.8858708881765853 14.589008445645995 3.3628055359314386
-149.27597792957545 -8.111908857438678 10.184592063234865 -0.967455917371112
-147.31586356806923 -5.042711290050868 10.230935994754631 -1.743264789329979
-148.93663350619886 -7.491946045233996 10.276722525054518 -1.1080259312529308
-148.94240026557316 -7.491346471458917 10.293773399484344 -1.1041128370180542
-330.74228154905126 20.95589312035517 6.441670795271146 -10.715652953231977
-330.7422893248097 20.955870921588254 6.44165061739174 -10.71563686522822
-51.51324144405934 -16.033537715660668 -4.888578824798393 3.9447372038024273
45.52728676910247 55.96933983567052 6.53942739754988 -18.497437831164195
45.52748644688928 55.969909884650875 6.539945541956006 -18.497850954141864
386.40195283035507 -16.440609199874263 -0.013092153701921738 -16.29229003154825
382.33871145883995 -18.46913425831695 6.374813714903476 -7.4721964841944875
382.3389241313727 -18.468527110693643 6.375365581335684 -7.472636493910583
380.4603909932711 -21.22156181620315 6.384773310892793 -6.827026016257499
406.8206495527754 -11.553167213392486 -10.717963750946199 -3.492419751826808
-288.7652746396589 -34.3307667462 -0.5340950690500466 -0.4164341911917385
-288.7655562457373 -34.33157067392182 -0.5348257695988768 -0.4158515892513842
-290.53706458266106 -36.37604433168216 -0.09457812768233942 0.005257740336124805
-51.52279097596963 -16.03224253500113 -4.8630947325370935 3.9566912270680765
-256.77987931108237 -44.3435064653383 8.20951698932699 2.685320380952459
-290.53922632475854 -36.37366442748296 -0.08499999384053714 0.006318547576655176
-368.64821469366336 -16.625047558829376 0.6565300653777637 1.4482835471507367
-368.6488109947929 -16.626749864127962 0.6549828420871325 1.4495171835144278
-360.8613421073837 -6.822880546814598 2.79525348068489 5.467370120165744
173.42396925932283 17.918571345394717 -0.7044784562500714 9.977675660543273
173.42408605650354 17.918904785568635 -0.7041753719802715 9.9774340085993
161.7668477772531 10.090024267954519 2.3726858278899803 11.072381082961332
-95.53535924683366 72.19533181902332 -4.245110443548365 5.088894444524307
-91.4039896840275 76.77803623986289 -5.398112439923795 4.126214292291575
-129.4350379666368 62.527646022417784 19.54673251250933 -1.0598995097361386
-191.69944565247422 21.86308239315077 -4.327296077582905 7.728207289754065
-133.12249521905943 57.10467861277573 19.62832761870348 0.23051107309503233
-264.5032310451346 62.07382092042063 -18.734254210566938 -3.3650984845049883
-264.5033287511177 62.07354198503352 -18.73450774811 -3.364896335882036
-294.8047153082869 54.99962086731207 -2.317519096660063 -8.804639821917217
-301.7795767542151 52.09159401736497 8.530568195975164 4.701801600620123
-132.24822926063675 6.135307635777977 4.565982985969605 1.7373451946235678
-142.4125747426247 -7.639242968323967 1.875364059884241 -1.7265756172972837
-142.41254186217313 -7.639149098922467 1.875449383803939 -1.7266436467997672
359.4101992125112 8.310973127802107 -1.070907972268554 -3.5157824642365854
604.6000913555742 -43.28014934994476 1.4075142476913542 1.8860229991936261
-186.67566573689078 25.84897402897531 -6.2343443827870795 6.8472603010540665
600.4673733335911 -47.61130342324032 2.633283249273183 2.8650904810220803
596.8207836781071 -51.68115933132039 3.5144321897851283 3.7286222420224893
596.8086601048811 -51.68014882112715 3.5491996055089308 3.744343312365913
600.9897102402499 -47.13447311973727 2.3857706712476503 2.687656926432834
600.989638126691 -47.13467899447262 2.3855835385235684 2.687806129017634
81.02219842188339 -45.87410090184403 -6.492203854918372 0.3934418217209523
731.8014330192518 -55.41394654375242 -15.016996703515817 0.017693316652476643
727.8339248957857 -58.71458691416845 -13.573963873738526 0.6879700830033466
724.1778865650124 -61.939563950518746 -12.346357961476492 1.3256729934594027
531.9322848855134 -18.904461384157337 -20.6591687291697 -5.146202743850781
-186.67561824284246 25.849109618229498 -6.234221137031929 6.847162036115436
549.9379269217762 0.7984862947960965 -19.901123917160593 -0.19489489916626734
520.9745465694948 -6.042805863150673 -3.409453731574673 -4.03802693045016
517.6186862513033 -11.091631838996197 -3.245965508573777 -2.907213001223022
517.6049792001911 -11.087583419312168 -3.2033739288277605 -2.8989205857834524
508.3342388851997 -16.524744237124875 2.783027144998193 2.827521673659848
508.333100132405 -16.52799514329842 2.7800723533437592 2.829877587259843
221.64875047135072 55.83939147842676 10.570613417272495 9.126169838170588
221.64778691129393 55.836640711656834 10.568113208943277 9.128163303526826
221.64574657195848 55.83081600281247 10.562819137899496 9.132384386928965
113.91516107608578 17.852296335778565 10.18308896342679 -6.463601330427491
285.63840524513125 64.12473765643148 -14.587025507853756 10.773893673300746
113.90763149692805 17.85603989435719 10.210625979775415 -6.4616011749604905
112.32580806775101 14.39063390700295 9.546599470529328 -5.435041682657578
112.32588551825013 14.390855017719698 9.54680045165127 -5.435201926798681
102.38914209973048 7.4318173638547 16.271155565986522 2.65575287132303
89.12062009033343 -13.336342283523503 9.936544798984928 -2.433305859761184
86.68734784890674 -16.697696576482016 10.101461657942465 -1.6461318445775515
83.74530558470339 -20.76303267753296 10.381283085857937 -0.6111912813712428
103.96796394675816 -13.009288740819654 -2.936883831427627 1.9279454365444413
300.79839981533917 -55.09952265942845 -5.277954531720522 -1.3956285213348072
-297.17412682941927 -43.331927549254836 0.5085154430424382 -0.21928197108505254
290.1289520637629 67.73822200547177 -16.317575659649094 9.941254378034989
-378.6896164776527 -29.556324718265028 -1.4307318049553577 -2.140151651525885
-378.68967391184555 -29.556488685125625 -1.4308808445139864 -2.140032820881237
-378.68924128195346 -29.555253624312893 -1.4297582991893747 -2.1409278518321804
20.342667497940575 -24.96203234756708 1.7801205294544615 7.075275780931318
4.825929894412559 -31.404967347566124 12.344832804584453 4.791806614443328
4.8315047505302156 -31.405857748048614 12.327363867105856 4.784965707297863
604.8169435670368 -31.30020795407606 16.34894949981461 7.336899792492925
604.8160284878738 -31.30282031782101 16.346575087827823 7.33879295794668
405.34104719555984 22.534880742385226 27.65455028638712 14.129414100127594
405.34212125818965 22.53794697136656 27.657337222493297 14.127192021063479
258.86555703330777 32.80956764157821 -17.06696589832781 1.7879575653524435
76.07773113642861 101.22780966381048 21.154469501859094 -4.901059570594777
76.07649470346638 101.22427993011003 21.151261330108806 -4.898501622764006
71.78484316743904 93.50534818111271 20.429936025480842 -2.8014409506061946
75.23888657305245 100.38110008422298 21.434331019417012 -4.745645191118649
71.3843967650755 94.0625748772438 21.036183208547556 -3.2042683662653775
58.4040333804171 85.28645284546214 29.97711563402054 7.683307669960938
39.96062223929403 56.43976689974609 20.82310764519943 0.10780440496394927
219.229126935634 33.794603202640154 18.986242835481463 0.9187241517162141
221.89352506016075 37.143778016110815 18.478149460551567 0.05713385908464763
260.41338139139714 51.25189153861401 -7.619181923522603 4.155672808617453
274.3197005007611 46.663344044588605 -20.903378798844884 -0.5788972554381897
-76.3906698866111 116.22900354435606 -11.78646321079238 -1.501414757253409
-76.39062472095443 116.22913248603633 -11.786346008605046 -1.50150820550801
-403.893036207175 57.11174652381786 -4.553813469697712 -0.5180790869289793
-382.5524838682395 82.52945522131454 -3.607648258795205 3.492358125427729
-382.5525167487075 82.52936135186482 -3.6077335827377777 3.492426154959476
-191.4817142364494 28.456349541866956 -4.335426945676899 0.8504607977766474
-193.4762938244397 26.292830219208795 -3.7777384725176844 1.274277980532426
-193.4756746285568 26.294597927044858 -3.776131719427808 1.2729968963281753
-188.06361282272212 29.686556978971005 -9.298189169485049 -5.878351743478939
-188.07032343479182 29.689746841124606 -9.277139390615808 -5.875833177453252
274.31973964398173 46.66345579333137 -20.903277223272212 -0.5789782425480507
-190.29541601761002 26.648834916567786 -9.000647853768594 -5.286426907388164
238.79852585557006 38.988354134491516 -0.013089588195387747 -3.833860870833211
-142.53104891401313 2.1167440228531054 12.455459471098965 0.17762816282659644
-258.9138095595906 -46.161271211717334 8.169013866829461 2.301419202612593
4.0828083164625415 -35.531975935179844 6.6740858288947535 -1.851488221213724
5.271911503600906 -33.71700806551024 6.646821391084588 -2.3167479770783497
4.271802178210883 -35.30477380307503 6.62300448991807 -1.9158117342115781
4.272284081578652 -35.3033980676008 6.624254914106821 -1.9168087220478025
4.271078117712304 -35.30684082256792 6.621125798146885 -1.9143138066377068
2.597173797620248 -37.831315367687424 6.625529388118935 -1.3097426460769532
17.10378948841922 -32.192324609922096 -2.7923259229465214 0.8559212510353708
17.103710318765174 -32.192550628585415 -2.7925313652049395 0.8560850520792782
-101.3513969876878 -7.790247952016185 -8.630797393369747 -6.1223622980904695
427.84544067006146 8.059141706212692 -18.581319267370635 -10.84198021655634
-257.52304515769913 -44.58766332072185 7.808582182654533 1.9082950118915711
427.8375598686446 8.063058885081107 -18.556507079760017 -10.839939651892065
400.8390211726469 -22.635351336244984 -17.180452940661077 -11.980148892079972
396.2253795864353 -24.22540726453014 -11.45339309738686 -5.4871421907496245
609.4024545014317 -41.79143383611194 -3.65081400750696 -3.801590521818949
631.7565689833021 -36.734033839930106 -16.80554347914636 -1.56310009802464
645.2400340526282 -20.978537319303545 -14.569386002552207 4.6376670103285145
645.2532052036171 -20.98692812496807 -14.615859102809809 4.623733549822042
419.42378271199414 49.40312751077378 -14.552828455785672 11.71409414428905
406.59838771324854 39.69222050769644 -11.616814518594849 12.844295659045677
399.48437443359666 34.14133383539714 -8.842082972041961 14.085706893071553
-260.0563294313297 -49.240040945466156 5.6036970125720345 -0.27200068336152705
405.54383364555923 39.01466220058666 -11.206964466564362 12.945577037202938
-114.732361202349 10.78306434467859 -4.2061845128243585 8.150172054087621
-114.73136378929529 10.785911803652034 -4.20359632295624 8.148108458137381
-114.73094812940448 10.787098449228784 -4.2025177222240035 8.147248476887825
-119.25180977712144 7.0240744936933055 -2.556033311283034 8.94792063011611
-283.5282160827581 47.32584177697206 -8.551649179149447 5.24026910301159
-283.5279379860345 47.32663570066886 -8.550927542726686 5.239693733645413
-9.688455565664436 8.262011051565443 10.015229282624855 -5.317088425599612
-452.41755451993953 -11.651160693761902 8.155107350249722 -2.180011923099792
-450.3339236651572 -10.475078363784396 5.069698145881748 -6.5240676679157446
375.033994611613 -66.91574945190233 4.912408607069966 -1.5010659462907143
-450.3338962321717 -10.475000046818852 5.069769332040304 -6.524124425496962
-586.5497988358998 18.69199336661282 7.686379403219086 -7.457359053598424
-587.5001143703528 16.957628437350877 7.449121168469601 -6.990425899886582
-577.0189618175481 31.456144618659533 9.479946095125419 -6.487467853943821
-577.0189089430103 31.456295567396417 9.480083299877599 -6.487577248937205
-577.0190588887781 31.45586749558094 9.479694205202136 -6.487267018913446
-442.2250685506708 3.4387943184643266 13.990727130667622 3.862614178580119
-443.7622741981221 0.9580686530260141 13.924541006467347 4.507364076610435
-428.0949863506858 7.236469972518989 3.896311672311767 7.091803729852483
-424.7841938096965 11.21863079825864 3.138993617463454 6.309757610401489
210.61013504974926 -34.690770758554955 6.4662489952683515 -3.8271490241869444
-424.78952203674464 11.221202622255309 3.1570793927858496 6.315012959133423
72.32467611145911 82.63922761128306 10.175105319097016 6.846435424459168
114.10244848643846 92.1687905014206 -14.901118329282063 10.44892555471145
119.972996086187 97.41302493462808 -16.916028862090688 9.351860802132302
119.97153290739173 97.40884778359757 -16.91982567164904 9.35488804428413
-286.07574166760776 45.819575720349924 -7.633901264424 5.995758672569016
-94.81723671995083 -0.9533161440379692 -3.1172891297594285 7.758823292270771
19.524195092076063 -32.764174457594585 -3.975671151724983 3.979075070235278
19.524124349141076 -32.76437641938331 -3.97585472772098 3.979221437009813
19.519144677712276 -32.7634855182305 -3.9619702192999524 3.98617151199827
230.22630407591618 -27.40413694795424 -6.537188209348672 -1.4986646235051295
24.496812458937946 -27.958237119707505 -3.8856712441213386 5.094701842096279
24.496843109525997 -27.95814961630552 -3.8855917066780843 5.0946384261859325
21.11581825571758 -30.835472754091143 -2.6639210573420464 5.675513629100856
24.750925385507557 -27.618326444698695 -3.9189722808001184 5.03257621785549
15.071670469109055 -39.3924743161609 -5.655345689823344 0.5284550797192133
137.22802999512126 11.953708039025212 -12.813578033074116 2.5084043296460545
133.94266798666692 9.21211922172903 -11.630690253949659 3.093367048066875
144.7624589155328 18.764055252801256 -14.181611489127363 1.6476452932686945
329.04083756581196 -33.10232079475908 -13.062519312193235 -1.589879147752638
329.0412380254319 -33.10117754366684 -13.061480154863087 -1.5907076803392854
232.52839224655003 -25.038627516483835 -7.189726630028351 -1.973108200377034
339.8565353230124 -20.428160312557573 -11.303264210083999 3.3837608875084446
336.9004863179982 -23.28499984175459 -10.33354293338389 3.915348603921266
332.7745606807785 -27.436672163366836 -9.05113132065007 4.674551782420818
181.6755087712487 8.58411544407073 -19.624983171878803 -5.147278220166976
155.93255924982293 2.818424501603117 -5.5393180634670145 -9.04220853539202
155.9321522293413 2.8172625215149596 -5.540374242016699 -9.041366431104342
155.93213673742358 2.8172182941204285 -5.5404144431267595 -9.04133437840629
-369.60725836840174 -14.37355707247666 0.3772854873938636 -4.042134899507595
-369.6015812389303 -14.375101220437534 0.36051420058837724 -4.04361836756351
145.35950320663767 -3.831130168532419 3.1345507443387763 0.9851510747372563
232.5349685261893 -25.038289534691614 -7.205290315123744 -1.9794932347421756
