165.9683803268801 30.390910729660725 -8.824427908495336 -6.999200219944716
165.9687906008158 30.391378791371437 -8.823774433732565 -6.998966773873819
166.3434468165488 30.204186576225368 -8.098576121218903 -7.295682019196585
166.34724044170784 30.20398142095736 -8.135906614335928 -7.265208153410607
167.7378476414941 71.83634077684421 13.203829286947663 -6.774914736978516
403.0048517568717 -4.524500666367253 1.1620549747230204 -3.9459709768344684
154.34343129926737 -38.31906771121886 14.11732973662646 5.400935028905279
-431.70081973235153 -37.80113884711817 6.29159660645652 0.4142587564870728
-449.2196501337751 -1.5580609105450387 -2.429007103020618 -5.071552713407754
-449.1359366805078 -1.7039764905300596 -2.3036620099298792 -5.136755982360441
-53.3142283890381 67.63627307841483 -12.75425869417989 0.41200892743715045
-449.1366183252988 -1.7047541461224829 -2.3047477178260056 -5.137143838590031
-452.33501745051666 5.788271658393759 -8.31885374399952 1.799962340990473
-452.67669205941115 5.889046796923391 -8.781905248978768 1.8978098509642494
-213.7485867901899 -137.13149849503318 -35.44091642532236 -5.874381709092128
-215.2394363331004 -140.8163301862449 -32.299853140117314 -11.57833893148901
-217.4434611351021 73.55689700139662 12.89136276912478 10.233601270700838
-217.44359687072958 73.55674214717685 12.891146572577837 10.233524037065216
-201.8658469110402 109.49429308404332 41.58057660782362 19.407818642183802
269.810634206033 11.275239953131937 19.94303476647483 15.81484489750151
271.7471918079702 11.667938679919057 21.67772180587775 15.829248618921735
-53.31376122161628 67.63680604712032 -12.753514600957017 0.4122747463390698
270.4480695847436 11.427958597909877 20.36369616462945 15.92499310842011
270.4482395422651 11.428152494233926 20.363966869006834 15.925089814332424
579.0389367187838 56.10714578698394 2.2828364427443044 6.277419873830725
-59.67466624277003 18.751003483827063 0.7560472869524442 1.9374849166995687
-59.67214002223266 18.751650860801092 0.7378429178301926 1.9519616932060155
-59.67286752840528 18.750820884170757 0.7366841629965317 1.9515477418181382
-59.82186648575004 18.995216500079284 0.399944791810193 2.1535117639749743
-253.94863012797995 -27.566880847045294 -3.1145182435109495 -10.57052810859238
-253.95004299936596 -27.568492723089815 -3.1167686296958905 -10.571332035010121
-253.95251348385406 -27.36928851055096 -3.203449052243958 -10.463500385109143
-53.31544175464334 67.6348888088465 -12.756191312308784 0.4113185199779973
-355.7652305216892 -36.1120232904038 5.036908692413025 -5.482482542541752
-355.7640846442754 -36.1099396816162 5.029140604164301 -5.4760729907257835
-355.76413139764236 -36.10999302027158 5.029066136494368 -5.47609959340453
306.216807968671 -34.936776057549764 11.592268796664618 -6.379781670886322
305.72043286255973 -34.89927007219744 11.01387740915464 -6.230251390170521
305.72034434312707 -34.89937105974145 11.013736417461287 -6.230301757757083
331.21670798926596 -116.51695333573953 7.610694190625286 4.169507335108028
11.76305599750593 -72.96060324501802 25.1956753690851 4.3192156303977445
12.778396080835552 -72.52667625873079 26.193339262316368 4.410157624812538
-2.1682581892515502 -83.82482888908554 6.463648731324078 1.7443357588687458
-53.31559639357503 67.63471238875574 -12.756437617611217 0.41123053036338064
-1.3250436447347784 -78.93299754933244 3.078599800880108 8.408617304422947
112.66536845324924 29.89288388285 -22.09798661879345 5.153304737207006
118.93075783784974 15.915124327982547 -11.282067331686784 -6.64088563192037
152.4612056410595 -57.20720391466078 4.768948374930164 3.999096587119303
150.99994868272705 -57.516301235486495 3.5297505359727097 3.8916634634955978
150.6433724048517 -57.53587924243212 3.2812371753787173 3.841596785996156
-179.61826052664523 -127.37653846004085 -22.435221909961122 -4.267656912840519
-179.61826052664523 -127.37653846004085 -22.435221909961122 -4.267656912840519
-179.16859753847928 -127.16348578432715 -22.112610471926182 -4.11322591478877
-179.16859753847928 -127.16348578432715 -22.112610471926182 -4.11322591478877
-53.612042647772725 67.70002532432046 -13.236795095130951 0.5527566529905574
-179.16651307069384 -127.16110692714301 -22.112386813419175 -4.1102905352740295
-598.4557919140126 -82.22215844419856 -11.823261648948291 -4.341354027411867
-603.5079897991749 -86.08002032841429 -17.363660350453554 -6.278810571734121
-412.85286866130036 -98.33263004360482 -17.173260814262886 -4.460681181776391
-412.85286866130036 -98.33263004360482 -17.173260814262886 -4.460681181776391
-512.4219271821912 -61.07697740418637 -2.6760192526099473 0.6027353019896764
-512.4218448703866 -61.07688349866655 -2.6758881484345713 0.6027821375569191
-512.7017971485881 -61.17785548142363 -2.886408857299384 0.5442862841466707
-512.0444734763806 -60.91835127570044 -2.470793068247829 0.7429956909625766
-512.2105637530274 -63.06819717330571 -0.9691004590177352 -1.911493814779437
-263.66023683257265 17.84453972087205 -5.0733452759584905 6.9186521408518615
-506.2777713707261 -57.670674421746135 7.133756830553695 -0.5832989564013142
-522.9179714091697 -2.8240699191641037 9.13255860084555 -7.875335885006108
-357.0596083878751 -40.69370049556769 1.1705471092277255 -5.565870869361088
-357.05973024111984 -40.69383951200562 1.1703530243739257 -5.565940204038095
-357.05953798377647 -40.69362017495664 1.170659247147741 -5.565830809324351
-253.61926108910507 -33.74814419046423 -6.203543156983291 -9.819721688760561
-253.61751603999826 -33.74631002730497 -6.218737164615258 -9.806897801029884
510.5100386839544 -30.209410071619725 -10.903337805553454 -15.041378086141027
510.4905007585294 -29.924003809906637 -11.00562445239984 -14.924699508456511
522.622302425586 -33.354349104697626 3.0131849242247197 -2.1467484614214416
-263.66054020191865 17.844193621439192 -5.0738284755875425 6.9184795235429615
522.6244033252435 -33.35186312510301 2.99427463007029 -2.132572221410639
522.5248097386966 -33.0737568744175 2.696051338279557 -1.8874527634461233
518.7645175253224 -21.75830160800292 -5.9879858135111785 10.580343408097672
-249.49027661932445 -29.52075579551149 -3.761061168617313 3.0039629460811135
-249.26677648909993 -29.575259668778248 -3.334428813228258 2.8412371873328355
-251.18064213396224 -40.62894592858197 -10.654023729324784 1.105444790291618
-251.18093680801016 -40.629282107866274 -10.654493078909015 1.1052771203174128
-369.9822262708249 -2.7311508998214853 -7.948236164047154 1.7607020428472886
-370.32498644213854 -2.6160952551946504 -8.5093460798475 1.9239810698842357
-384.73990549697544 21.104771628312776 -21.408761514165057 -2.155570538034399
-75.34387849823099 33.33436483437578 -19.361503489570932 2.1597931795748555
-384.7409174198449 21.103617174875176 -21.41037327958012 -2.1561463240068504
-384.74084330785763 21.10370172566769 -21.410255235712075 -2.1561041542590416
-537.323932796894 18.739100347688293 -10.421234312660909 1.127923510872015
-143.74624850990847 3.989089215771356 26.99587465671641 -7.651079353308331
-150.77843696015566 -13.931457465155166 8.897146263986842 -7.875063060058916
-151.2936196070166 -13.859766904912123 8.312333735986039 -7.74134810197807
-150.94714715436 -13.899664686019909 8.776270387068731 -7.879886897377505
-150.9485963718867 -13.902231903213007 8.789987101999595 -7.8904717261334
-382.28593568402874 -45.55733664006456 7.856390398855815 -1.6893371691012644
-382.2859416538208 -45.557343450702405 7.8563808903249495 -1.6893405658989307
-75.36621854538254 33.58751691470217 -19.578161278640493 2.3061365313520463
41.35347775879574 -51.07343243216375 14.116725837377118 0.23271073159031985
41.35363101112763 -51.07325759398521 14.116969934111097 0.23279793224645928
510.7588727162155 -114.99763657990519 -2.399226984931957 1.9870142864167035
486.7579440492459 -39.93510170479567 -4.467509046207457 -8.765931386639604
486.7581072814412 -39.93491548110276 -4.467249053857277 -8.765838507449498
486.9345068949968 -40.11011290335275 -4.340979940151053 -8.768348665827268
481.33252059600477 -24.03652709592326 -14.993111194235203 5.1861692590011526
-301.1112524822172 -48.2092215870129 -5.043133986135682 0.6220539783230454
-301.1114684750135 -48.20946800268473 -5.043478014153879 0.6219310781005949
-300.6277237999377 -48.215856819585134 -4.495559106378839 0.5327589689259298
-75.37105379531849 33.59104974930525 -19.548033887948577 2.2791460002363504
-246.34519708122477 -39.8362143124338 3.1669909702273418 -7.7033230034081335
-300.6282123933114 -48.215619874209295 -4.48818539419579 0.527754267492687
-415.8100161273432 -19.96663650209549 -0.03155617168964264 0.8540474814789158
-415.81047336666745 -19.96715814413603 -0.032284451041579176 0.8537873114623395
-408.7905437727135 -4.969837403464478 14.392800499112118 3.8306683433584223
200.16398321853123 27.343535176075218 30.31973752192603 12.2337542026442
200.16407288478257 27.34363747197396 30.319880340259935 12.233805222769254
139.03673980300965 122.10395914541874 -14.323564035166997 -4.462191209026624
-199.720429238684 91.53814076973707 14.167337011132044 7.719094740604811
-200.64073688220367 91.5259032223146 13.03161905840128 7.938251059505969
-194.46808845857842 69.90869103192799 27.253889200812377 -13.337924434294818
-296.61665444918 107.70045108003707 -17.8018302695828 2.47831895929365
-194.11145314024768 69.61637334706515 27.621833871897618 -13.457263627037197
-361.1771146128347 -39.7654221814591 20.574573442113795 14.248180647745738
-361.177189598527 -39.765507733636284 20.574453997891585 14.248137977625419
-362.9447393489896 -43.9474995380915 24.467757859985436 7.239615615653086
-398.9818619974154 64.20182532404007 24.369365878316295 -1.0135545499039926
-150.438879432795 1.6920498253672371 11.377499247715036 -0.28156506949024773
-154.80628878683677 -16.932363472457414 -1.7481666761959023 -2.1772810030162564
-154.80626354297314 -16.932334672947356 -1.7481264683442983 -2.1772666392515414
420.4862746556081 -3.3650844421981696 -1.8907863913158747 -0.5804993468121311
739.6173144100221 14.781328931906405 -23.247878201847143 -9.985041993026185
-296.9748805562697 107.97480950078089 -18.649910830123215 2.795193818015977
739.76655315074 14.418515455635289 -22.650644524827868 -10.346159161112356
739.7782987621729 13.991282411430731 -22.484296461012047 -10.512799240081922
739.7730434659165 13.991682866624233 -22.441830197783197 -10.550293525051405
739.6667072786876 14.297170608771818 -23.003773723687477 -10.188790571540345
739.6666519135359 14.297107445341748 -23.00386190802421 -10.188822074327582
131.58234086821014 -42.18752839504377 -16.057926796877815 4.176673594528237
897.8006152896564 -45.457074003065046 -25.74045364565078 10.009401001495842
898.2781609282262 -45.63673049790025 -24.983256010832545 9.796577479700366
898.453903604162 -45.86430315758989 -24.62933660674911 9.644288122104845
643.6266227692555 -80.42552517353438 -9.255859994686801 14.695903691671822
-296.97484409292593 107.97485110004811 -18.649852752155425 2.7952145656677834
657.1729897567232 -60.858594462046014 10.348722595134095 22.06187895693818
657.5866430832555 -70.07463962236915 18.26286538173926 9.619007935919758
658.5488652404953 -69.87261205177971 19.233121792253012 9.517801530522116
658.545701013452 -69.8777609258268 19.258834222079145 9.498384841119258
615.9454121160777 10.82732365547486 -2.121714797899151 -3.466483820902168
615.9445386893276 10.82632720503165 -2.123105971358078 -3.466980802613419
193.28732809909218 130.6711516048288 14.51397381866712 -7.645851423305727
193.2865890453732 130.6703084544028 14.512796672069486 -7.646271945971874
193.2850245277572 130.66852357262613 14.510304747707147 -7.647162159338821
164.90990394014864 -44.64458551439852 29.846434721080378 0.6064367653836653
183.53864034178235 204.8135584914802 -30.06033029229386 7.706969283763675
164.90911831900257 -44.64800452178089 29.861002312379668 0.5964882847926896
166.04644047607852 -44.3417248322704 30.932007930211746 0.5718150034914555
166.04649993552363 -44.341656997859104 30.932102635842163 0.5718488359340375
121.37497257630682 44.69617763070009 10.923303937427795 -17.04806820632395
122.65644550237815 5.716852882250152 -5.545406027719806 -14.39000062409381
122.8053672324318 5.433133655454277 -5.388284944802293 -14.448019063349447
123.0625876976996 5.246937851614395 -4.908742843012291 -14.659263452681557
115.80157650393143 23.63765429668986 -16.535715845889325 -0.2564453500455238
403.2435489998779 -49.64103925284179 -21.279993544246683 1.0018404528457499
-307.2507608820415 -43.46212461792503 -11.40706503397786 -1.7852885315411415
183.22933160216365 204.9822249127086 -30.833184450621044 8.007950850810294
-412.72222481182393 -51.27135264019256 -6.497470467444984 -0.24288578165639452
-412.7222689045193 -51.271402943420135 -6.497540697270312 -0.2429108704135592
-412.72193716700707 -51.27102448027558 -6.497012314065287 -0.2427221111599973
47.96431334672304 1.8126662291651636 3.9148526119897364 2.4880825852361106
51.64666201829798 -12.123057290102084 11.634447984591416 -11.334303718483135
51.648439005149505 -12.119177380906775 11.618059463493353 -11.321901767529962
764.5774455178944 4.656844353835881 20.386190121634918 -15.821557935264256
764.5767436493323 4.656043626143784 20.385072202646533 -15.821957299515283
472.81455715121086 100.46737032306916 42.18231344636538 -23.733647353728728
472.81538096103014 100.46831016736917 42.183625589755785 -23.73317860482352
198.37892438481305 122.74951353733793 -39.682230178959166 4.390573369782955
50.91345138446982 43.824030975851 62.57974622124849 -2.1253082152271916
50.91250329791261 43.822949349208685 62.57823613072033 -2.1258476785861258
52.49563036203123 44.10508887594985 64.27945382272655 -2.403301710174356
50.588358811899475 43.71323004566465 62.3945397181266 -2.23143463893866
51.17463033355008 43.66502492765725 62.88447679212483 -2.272972761539677
-11.826551796931618 169.99366779838874 33.853939705097964 -27.419136878064432
-11.530024283119094 116.45936258610028 9.060758293265577 -24.259950134121706
210.32854070061794 120.83324774391167 -4.410682255828209 -29.548382392485124
210.21613677937304 120.9677497216311 -4.818814829159547 -29.302004414880784
195.09059861106903 155.56659788561333 -27.337363702978717 -3.397696547707191
236.94549617007092 47.84344408927254 -11.89284074595296 13.474320897777835
-244.63026868520583 132.93573030586222 -1.0360055797072654 5.002043827239129
-244.6302340090982 132.93576986593368 -1.0359503491752526 5.002063558317525
-553.8761687154039 64.84817793503808 -1.2352248204534755 1.1722711428272476
-550.7064842383672 94.61095787552372 12.959143037268872 5.49712668989608
-550.706509489809 94.61092906944637 12.959102831539456 5.497112326291143
-261.7036176089519 23.992063080057736 3.009978376753047 4.492925890885627
-261.18286694841436 24.004342068567404 3.5471588473848774 4.440653129926089
-261.18239171705517 24.00488423706033 3.547915784803215 4.440923536814621
-233.20162122980759 -50.34548561472621 10.66872416639979 8.489829866388751
-233.20247224099782 -50.34624249988553 10.676683730656434 8.484292857546055
236.94552622158048 47.8434783743303 -11.892792878781144 13.474337997790988
-232.63232973448842 -50.138737212387014 11.05011822800651 8.630019134849084
243.18558655932762 32.28806826779557 1.3764118184336813 -1.7523244325515897
-148.2346620034973 -4.206149713177085 16.94247636815994 -7.614573992419575
-259.16611037822724 -19.014929225920568 -8.199255372855665 -12.725780287057248
61.39295649720829 -55.28393409972506 4.237437530943991 -4.738752184172721
61.10926416031852 -55.262171394881626 3.8670709732407085 -4.6208992838583285
61.43259713842683 -55.28548397571128 4.239643670861954 -4.717843511259423
61.432966759852846 -55.28506229261848 4.2402323947655916 -4.717633196117293
61.4320420353193 -55.286117265725224 4.238759516687812 -4.718159366078377
61.62031075152845 -55.41842169932718 4.449146359689711 -4.806514363013859
59.786386364818185 -46.43151941991675 -0.9906432372063242 4.61371779363187
59.78632558550363 -46.43158876010094 -0.9907400450891503 4.613683210183549
-97.28095736496917 -75.89618782549927 -0.3755302427176699 5.7175663863939885
516.361784927931 -101.63817305153407 0.39687393087005995 12.577555686822576
-259.1473900660224 -18.850645806847645 -8.365231911171689 -12.56631867988191
516.3607726833659 -101.63880604883434 0.4066728673423934 12.570795515465079
506.4262362716483 -115.62186466969425 -12.95353777818824 7.328044174804431
481.74661692575205 -42.40680502091398 -20.447228632161195 3.6345424386581255
775.6243474370821 -70.43940930555972 -5.885399046929244 2.3266561241191743
772.2312577131734 -60.155339354368564 -14.52148381761038 13.309409747212417
782.4010621547527 -36.507207913731165 5.618210231653699 19.65427496099514
782.405408323567 -36.50624487006901 5.5826828888164055 19.679372621506815
433.73199303398565 62.303234686941785 25.6464478408564 25.788445408259484
365.62735508566504 170.8689772769614 -22.9067994051849 9.340920414507558
366.2475200047021 170.43900766483802 -21.46059062594424 8.79140038651304
-255.6891208108841 -36.24117490653933 -11.857016076380763 -10.118448900346047
365.7251442813891 170.72514330651825 -22.74642790928278 9.296701452831282
-187.6629417658383 87.52180197912675 -14.261511348403715 3.749053829069098
-187.662176253743 87.52267531487975 -14.260292058614864 3.7494894058385904
-187.66185722244157 87.52303928228126 -14.259783912986398 3.7496709348078427
-187.6055233952455 87.18870050041602 -13.87578525962437 3.5052047365077126
-406.4895043227219 64.4326282525227 4.720878725518041 10.528386487904648
-406.4892908749625 64.43287176474287 4.721218700092524 10.52850793978094
-6.242810851276849 -0.4899731725086136 2.1772923866909655 -10.45465367047814
-511.99394079858405 -18.88659158775326 0.3215779292980461 -7.51353559122331
-500.2784290174196 -55.59172885533995 1.341168268194875 -2.2744019189806766
506.3668291421927 -35.1991398300704 -22.179895629053842 -15.664480284763357
-500.27840796180465 -55.59170483400539 1.3412018050917869 -2.2743899383193376
-688.060099881476 -30.02472563402985 7.917899328321074 -2.966954245144383
-687.7978566142353 -29.965101177555336 8.100017176192763 -2.8987368230356627
-680.3159662716723 -21.91459325201905 19.299397721806592 -1.3097650426200755
-680.3159256889168 -21.914546953112698 19.2994623610737 -1.3097419510091637
-680.3160407723373 -21.914678246227965 19.299279058884242 -1.3098074335378702
-504.5555736518772 7.9878661282808965 22.66469015702027 -7.593329183072507
-504.2246267720975 7.933461285773721 23.122837778750004 -7.790777455490897
-505.418796999136 18.75135141008452 17.417854966844835 4.113426431006131
-506.2820339751709 18.73974988712562 16.387323222936423 4.381657378203979
292.20557672069054 -34.238029319122845 -8.721940870755446 -10.645185756994218
-506.2837187633755 18.738460869983935 16.401265696560774 4.371546466886626
-19.3784951213526 164.6787221837948 9.507678821595361 -10.309539718625375
-30.342732103341095 190.22121291224138 -11.069920333890282 13.333079666385196
-31.01228331509407 190.37463345196872 -12.102877988089357 13.600019403086135
-31.013406301559304 190.37335229097954 -12.10466665472384 13.59938042322427
-425.7060720710247 99.31072737600873 -7.876454616234856 6.330661252026557
-167.13825163349182 110.26545272129056 -30.576746059799813 -1.5826278299055963
19.57980017865771 35.472079694795724 -28.916265346532953 -0.6988673129186591
19.579745865974225 35.47201773207776 -28.916351854517863 -0.6988982168559027
19.576871235155693 35.4753612140317 -28.897178419204113 -0.7168273673810284
286.2625191183669 -19.3434707781479 -18.490625172077014 1.3807076444637496
43.822974553799504 -2.9649897543454675 -7.513473689212602 6.05966384703607
43.82299808567816 -2.9649629079607167 -7.513436208179833 6.059677236682139
44.269658609281244 -3.1411785228223854 -6.721723239868135 5.783292937889357
44.14791279175442 -2.9014113568610664 -7.0985445984713404 5.999326122028513
43.35209515524053 -27.245944663885123 -17.773678975514034 3.0189956694773947
94.73955755368686 80.80374682703979 -30.247257421786905 3.951394756914871
94.79705880960064 80.5652968923521 -29.98326670013347 3.7865089540335948
130.3906179486653 14.895604880096402 -4.473716846479563 12.50428639275552
413.34372754360567 -55.69314411901134 -12.929262698018825 9.836234695613394
413.34403490817294 -55.69279346162889 -12.928773134904963 9.836409586200974
286.1610181358945 -19.179385487464145 -18.645825050998276 1.450340191610803
421.30033290584 -36.8732151904479 2.9511751138714257 14.998347709916583
421.8143242112218 -36.8323826636705 3.5790289925428302 14.8642086792532
422.86503407720227 -36.75233555412096 4.784319251081891 14.629804589040642
215.91795017326672 -81.14043270564818 5.1716763365914975 14.622144105481693
215.24475226697498 -85.87530106671869 9.651433451601628 7.597506968060497
215.24443987944508 -85.87565745455647 9.650935888034281 7.597329219393968
215.24442798570618 -85.87567102354825 9.650916943963578 7.597322451851283
-401.25032138912997 -61.57944050328112 4.058390210123706 1.5124524679605202
-401.24954965762595 -61.57812591762667 4.051623999091582 1.5175085233602346
165.968027187454 30.39050784995558 -8.824990380733581 -6.999401156446157
286.1637171581977 -19.18006818015475 -18.66151881803829 1.4648104269387805
