196.61256641435835 -0.12641943138185405 0.48670793799904133 3.3026758221845696 -2.64874232350751
196.61308294720826 -0.1251271177570088 0.48868393035557434 3.303105684344742 -2.648287709967941
195.71168599729253 -1.6014340749695337 -0.10774167860861154 3.217880715253649 -3.153880995131949
195.71399441659327 -1.6024818372292573 -0.12479759297154783 3.2128906451558397 -3.149114472768163
180.3364260497443 47.58424615419842 -2.08674785046499 11.448251893408504 -6.646774483935315
443.78577886719654 -24.523163061187372 -2.9364090359959296 1.4712330412391186 -4.370880804401573
172.23312888549395 0.14074868814042701 10.91036516256275 -5.078887939557301 1.2420104237166865
-483.7356427570275 -9.682024660608336 9.273221921668728 -3.664093569858944 -0.23905227003309315
-498.65713061790984 -2.894342939520885 4.862369365175363 0.9901440651639923 -2.122064865342721
-499.03906439329154 -3.663120035196862 4.575740161966359 0.9323393590169267 -2.338485623424103
-41.66063562209126 51.642935309827074 -7.144626097544939 3.6002932747192675 0.5648597720799227
-499.0399225810127 -3.665267135165457 4.57245717169036 0.9316251692513009 -2.3392409360742348
-502.1257756124034 12.430963708525868 -6.0399703236530495 -1.5783710723883009 0.6454603229334382
-501.4872287533795 13.463789427170951 -5.78370318449528 -1.5625160795797322 0.934855668451664
-428.72005436909006 -465.4993563756007 -83.1838850484912 27.2240219474022 -16.881309928956934
-578.5706256967292 -645.0084811293 37.56559121003868 100.62793302566189 38.55916849573132
-222.40972449030053 125.16610572397447 2.112736261366907 2.11094272036056 3.2107455193764105
-222.4098953808629 125.16567817284762 2.1120825208669367 2.110800504069678 3.2105951142987914
-216.885062254792 197.5839063477341 3.181603467508461 4.879987248800537 2.4190696532014586
306.3545103937799 71.92090981545135 0.06426046834680137 -4.9270542173953125 2.5174317914274846
305.438593860347 70.00645384218434 -0.4940256026144872 -4.967145097156422 2.0377098808426717
-41.66004746339628 51.64440682345404 -7.142376103438383 3.600782746515128 0.5653774273012864
306.3783177389943 71.76405364518033 0.016133340430464854 -4.9387086321924905 2.503537352944859
306.37853171470084 71.7645889910375 0.016951902814071912 -4.938530560150131 2.5037256783404285
638.4530515142235 41.59286233403606 -17.877891309818253 4.143009727506113 -2.497402633306906
-72.80993485129663 17.15379819665722 -7.672303313607097 1.5860861564289284 -2.186487565505477
-72.80812384724572 17.15412939182608 -7.679770746318526 1.5836257829395224 -2.1831908972789424
-72.80903977416341 17.151837834141805 -7.68327461744216 1.5828635422237256 -2.183997027651488
-71.83628621186597 18.947398209996464 -7.102071567515149 1.6910505074209856 -1.6604098775091458
-285.27135705915697 -43.379891812702176 4.365961020052546 -0.07516257631246837 -4.358418120763893
-285.27313584447563 -43.38434215302422 4.359156300548879 -0.07664290225132664 -4.359983682502027
-284.8942920077948 -42.611740977792714 4.750483633716056 0.0374970765120648 -4.084420645004896
-41.66216323313935 51.639113382297346 -7.150469952378326 3.5990219781992376 0.5635152755769499
-401.107514750634 -26.708814918308672 10.10512216493329 -0.7605967268888991 -1.9784552239197288
-401.10644283848103 -26.707897279640697 10.101777563268477 -0.7614185739296009 -1.9770281987005691
-401.10650170069016 -26.7080445470226 10.101552386313617 -0.7614675594250175 -1.9770800047761496
337.49141099819263 -33.911291084639046 12.56702609190919 0.7263640813316579 -2.234045045749948
337.924519207261 -33.01856044015297 13.012153999993812 0.8241785541170492 -1.9237760392936987
337.9244077614877 -33.018839266366506 13.011727665006324 0.8240858082504277 -1.923874125452143
372.8180465306704 -68.65236931668574 19.554411088227972 -14.502180432251894 5.918552939998581
19.28412331601267 -0.13170826279800318 30.592419947751047 -9.406554932323889 7.710818240389833
19.643341434404533 0.38657341337690965 30.8345156855255 -9.379925154013945 7.833972117624698
5.1427545635426615 -35.62905967565159 21.615976644342894 -9.02505192442812 5.794474119512325
-41.66235792291207 51.63862628788537 -7.151214736693863 3.5988599561660006 0.5633439243297801
16.556377503875616 -11.730247245562392 8.79901058163472 -15.568328609084986 4.2318046569493974
139.3114286778302 14.097264532452918 -17.16971608138086 -3.2691423245144065 2.7120930297978423
144.92131256783236 -13.057205303239314 0.8047349575521532 0.8605430343139583 -2.416102209003095
172.90733879234747 -26.854020595033894 9.363480630957323 -7.594040108504973 1.7365515852876803
173.0604095784345 -26.2573397995662 9.573069446531488 -7.566256296806596 1.886234898645919
173.202286617476 -25.84061999234057 9.70540447591228 -7.544431295958223 1.9702757984439947
-236.86315523189936 -183.22032797249938 -11.27596590669334 -7.399461193863897 -5.027399296184911
-236.86315523189936 -183.22032797249938 -11.27596590669334 -7.399461193863897 -5.027399296184911
-230.74774685316984 -173.4325274281373 -9.154059110686447 -8.331719074303393 -4.086932062519502
-230.74774685316984 -173.4325274281373 -9.154059110686447 -8.331719074303393 -4.086932062519502
-41.23272275240109 52.30252911634859 -6.963978083695172 3.6042852045149116 0.7772749442592536
-230.7444022825087 -173.42708885184408 -9.151479316974655 -8.331210062146221 -4.085013490150493
-685.2244083519075 -96.46594342709685 -0.7577003275698404 -5.29025462852923 -2.902564233794726
-761.9187973086667 -215.45341300961334 1.248175828013325 23.09302795118756 9.87623544533319
-523.087644158576 -186.44140908176777 1.2263905512674864 11.646452371157029 6.862899904343361
-523.087644158576 -186.44140908176777 1.2263905512674864 11.646452371157029 6.862899904343361
-566.6752661617429 -27.35833172732024 7.195312417523587 -8.197341581770827 0.9471042852673952
-566.6751625323409 -27.358072457073714 7.195708850420356 -8.197255340170713 0.9471954925782804
-567.0634755273857 -27.932538759683204 7.0447828631359535 -8.181482280092482 0.8409252332124697
-565.6428470265872 -25.78803190277629 7.589943497456384 -8.243734285348223 1.2511367476833397
-569.9991590376995 -35.52161128220775 12.766770423369413 -5.665897989133878 1.7184569947240305
-287.28190460255587 38.430290459805185 -9.075436809936154 -2.6807101972010647 2.1574917503708693
-563.1836749769747 -17.70821577036719 17.33591499504367 -5.650100330959683 2.8113575619718567
-584.9397617839053 4.846280339054161 12.801494659895662 3.589009479578319 -2.5613164792526044
-400.5634816646692 -33.925699364100396 9.225663674532862 -1.8561509104353875 -1.7475239385348234
-400.5636350765127 -33.92608318502596 9.225076799359083 -1.856278581370605 -1.7476589606686723
-400.5633930267156 -33.925477600897565 9.226002757970358 -1.8560771450061266 -1.7474459257460948
-282.5314522115269 -49.183616758566494 4.6147260056484 -1.5320257892594284 -3.5372368432778836
-282.5302296835488 -49.18261041253315 4.6104547432631815 -1.533263172802159 -3.5348564326009884
574.6439550324643 -78.86042281568467 1.5848308057715115 -0.8172271454314326 -5.349597901409441
575.1853618944024 -77.76125858421786 2.141749523256448 -0.6615595186967451 -4.970843816479913
570.5101663326506 -47.74977272693695 -4.15850006936336 -1.1723642190509502 -4.560895434978773
-287.2822865436549 38.429334881308456 -9.076897922579686 -2.681028051223504 2.1571555943924947
570.5114999195139 -47.750078960178236 -4.1673660594385 -1.1749407797207652 -4.557922170200436
571.3198293187728 -46.14384486597451 -3.5101646391895116 -1.0086967110202085 -4.0352609521723695
563.6489320855218 -19.360256793312388 -20.869159141207763 -4.90935733823976 1.4233241250205484
-288.02774115702624 -19.432527401362012 -6.616540230250494 -3.5793282692130717 -0.14839541939040768
-288.54059814402996 -20.265292926615096 -6.855951584958509 -3.6203562022892415 -0.42570809044413216
-282.4713069312108 -36.382903923829836 -4.5794026720588645 -5.6731718050612265 0.22550170186712337
-282.47167792250355 -36.38383210654986 -4.58082189482692 -5.673480547883004 0.2251751818614512
-414.3628552106922 1.29528588355749 -7.141754523598404 -1.9250302776689043 0.2880117689573186
-413.651851972573 2.4242949241983847 -6.849924153614111 -1.8972933515961103 0.6284638009806769
-419.8816133305261 -2.3073539119163824 -8.606705981278036 -0.6718290493076811 1.095159210420972
-78.19740600744841 12.404335001625995 -16.223079438017773 -0.45183224852456216 1.379732510557442
-419.88288732798816 -2.310541324258568 -8.611579641571943 -0.6728892848894654 1.0940379274556546
-419.88279402138005 -2.3103078804198307 -8.611222697813695 -0.672811634552746 1.0941200488915248
-591.8658513443771 24.058896296889536 -5.316397009151299 -0.6271712931390998 1.2458805256454766
-173.31713615671646 14.745386326973042 14.67867440630077 6.639186529460389 -4.584628250634586
-169.37903921774722 -12.201038947938661 12.59744295323618 2.4140880866183942 -2.45381218672538
-168.88357177697563 -11.189122231309545 13.10281076882064 2.5216426278214183 -2.109481753953968
-169.26603308277168 -11.90946051856212 12.747303571757207 2.4514918126924123 -2.3738547172942446
-169.26719133688974 -11.90954845534895 12.754777212083019 2.4532645216260556 -2.375611585720161
-422.47397585874666 -9.347429541156313 19.04093898482487 -2.9821246448856873 2.8523207897038008
-422.473983374716 -9.347448345362373 19.04091023253853 -2.9821308997213745 2.8523141747152874
-77.32248835246384 13.875522861555247 -15.854547672560871 -0.4056094909280432 1.7912830817018408
55.6796372964829 -2.5758818925982023 26.644131279378243 -3.4706853171846586 5.90060027164613
55.67983024034506 -2.5753991663226135 26.644869384584737 -3.470524747968211 5.900770086403874
575.5515652412387 -85.98396865317028 15.828036375555682 -12.21704757015748 4.942872950534581
552.7102017786747 -56.62473470983957 11.608879252561096 -1.887719762464653 -0.5796006379740246
552.7104072875594 -56.62422054712545 11.609665425183337 -1.8875487365696388 -0.5794197644415673
552.4476805392162 -57.282890584636874 11.318979143915787 -1.963142196200709 -0.7547662055884734
550.1814684996959 -24.687414074984947 -6.504423174653655 -7.341452689773172 1.914846903151611
-337.4269847085962 -34.659690906081096 1.4007023941656906 -5.793955469825404 -0.40428875252438345
-337.4272566410719 -34.660371253649586 1.3996621197279122 -5.794181774867708 -0.4045280880427631
-337.86566021945816 -35.46243021636958 1.1595209649882396 -5.8168444012441665 -0.6300221578045343
-77.3258641371346 13.874154436972734 -15.845564555847112 -0.4018752055219472 1.785334079835608
-282.8017598842727 -42.88876740317375 5.273912111730707 -0.8649566482746422 -4.28490109331416
-337.86581334392054 -35.460992559219946 1.165176046355117 -5.815357171546658 -0.6305870980761846
-465.9199993971557 -4.296797458898948 1.1597002736705646 -2.7999523772245394 -0.8902744436385717
-465.9205750551118 -4.298237696675827 1.15749810184097 -2.800431446505641 -0.890781097285855
-469.7114476814282 20.647588327413825 0.05794681858401293 -0.5462810499114323 -2.297733733699179
200.28151903675348 60.79997466432056 -7.520185043416146 1.1567371003911218 -2.8753525035665524
200.28163192622222 60.8002571025264 -7.519753185560785 1.156831047707351 -2.8752531467744333
162.07986469310936 65.76519105395849 -19.450879265514004 11.337434436568152 -2.98429277268934
-217.256576975668 117.94979788163477 -4.391165188711399 6.789600861120267 -0.0384189380783323
-216.40563697998684 119.432425994986 -3.965005278783302 6.819502945359054 0.40265650232608574
-213.43765140649285 70.46154097292826 22.693324174828884 15.154031158499516 -3.468146269933313
-320.45380962288385 81.46255332999168 -20.861557583004675 6.738453252048165 2.076549822289387
-214.21182179054085 68.71981700232274 21.902160832756447 14.959212817382067 -3.991214368164251
-380.42287371432843 61.042614305078104 5.437929556904851 -16.866571753930227 3.377130880015376
-380.4229681255931 61.04237809749392 5.437568387313744 -16.866650323644027 3.3770477862777124
-394.8655592502102 36.83437872579553 21.854402119274166 -10.130576985883554 4.470297319700204
-448.79539064836297 85.94990959453533 9.571785930659317 9.682060314047359 -3.168856482906845
-171.4430320826747 17.164861163873187 6.472188276711916 1.7567629219526044 -2.0613046727040127
-168.40706501535595 -11.488664752546386 5.6556749328541125 -1.4894278964927854 -0.9054224995059449
-168.4070332334055 -11.48858523727788 5.655796514465563 -1.4894014473583064 -0.9053945274342678
479.12455412150064 -6.144443240393182 4.335608335255675 -0.9828028413515439 -0.3622476417577538
840.3837322208919 -50.84002830821495 -7.083531727080974 0.22150109380057081 -3.521160149389348
-319.1094575793922 83.45456447155117 -20.336379353730504 6.777268721451448 2.6959076300012277
839.0952424975941 -52.93111280986318 -7.988320406058605 0.06045378116721922 -4.235290465763212
838.0669294315397 -54.854952676787185 -8.7847348715489 -0.11302299910512081 -4.819160861088687
838.063573317911 -54.85666768996675 -8.772134696261121 -0.10870187319359426 -4.825839209384036
839.3258882008207 -52.833834694299895 -7.894332817281046 0.04216432763973321 -4.122689819905094
839.3258184964507 -52.83400908769041 -7.8945994708540645 0.042106319234278544 -4.122751168429212
147.09425392384298 -43.374059551443814 -10.302767397162377 -7.354638842158299 1.6512585593319937
1004.9600328061075 -59.28690057948067 -22.26199811576813 -10.758198603483978 3.898840908084795
1003.8848587202694 -61.01680211689477 -22.718380894679377 -10.807115891143017 3.3874799353456533
1002.9176729556513 -62.66963331773447 -23.14251222332066 -10.862359570508893 2.928027548232934
728.4238334778639 -40.64608584877193 -10.190339601475776 -16.95987805375682 4.774263206662181
-319.10941167214327 83.45467932691551 -20.33620373587577 6.77730692574615 2.695948034095646
733.526876480514 2.395594981584295 -11.299353594675493 -16.540837136742475 4.176795192848714
727.8324662766548 -28.71289877322494 9.250387370347116 -9.62689880685209 1.4716602412619215
726.9510433780281 -30.432934045307555 8.566828698236998 -9.71937970386123 0.9794747675747977
726.9480182227921 -30.431963574733732 8.587111572963895 -9.714454150162052 0.9762663662353173
690.143470872583 -14.790233445224798 -2.199917124732695 1.7153325612874086 -3.5216583587083425
690.1423712377862 -14.792984620349468 -2.2041237645349385 1.7144174337442335 -3.5226261786225326
221.19843076652265 100.25238820098785 0.592859332330837 16.65149377231717 -6.3284515063765046
221.19750030662507 100.25006028358267 0.5892998674059712 16.650719434133595 -6.329270430762863
221.1955306008256 100.24513227959473 0.5817647841431624 16.64908022193376 -6.331004027284665
175.99016233816405 -2.2898606297559647 23.30717502331423 -1.4625189501044868 1.9070998216680963
227.95392347078237 152.09433092345205 -38.98439209491124 12.79504444218285 5.639990013348352
175.98938518772331 -2.2873676672194647 23.32236836278776 -1.4591997869747262 1.9063541523977472
175.67125397003534 -3.128115978942433 22.913655605882568 -1.5369388998468518 1.6472289107609355
175.6713288292572 -3.127928688627095 22.913941979298038 -1.5368766015379665 1.647294796199846
139.55507596151827 12.352514134581122 12.045240482730314 10.969551598107621 -5.96874347572997
149.04059119869441 -28.056557495189463 9.861186540498277 3.19591951329597 -3.0980293438171786
148.5131982020043 -29.17746217134503 9.322340727912852 3.0625493601620652 -3.442849882740852
147.773993745475 -30.47015411624538 8.659148312240985 2.931361140398492 -3.922439436757079
141.30903948989916 0.3913119501899073 -8.458731332145849 -1.2717009507377768 -0.5254825244519805
457.29705242216795 -68.28973365368986 -7.480168410694175 -8.8701772441467 0.2166901943644498
-341.2036809887017 -43.897265831544225 0.07795513501708973 -5.559738222164595 -0.751712384717044
229.03011666437646 153.6309309264702 -38.591809760144855 12.811959997664761 6.141787615197809
-458.60805591897594 -34.914559677605766 3.614880813204384 -6.34618251473788 0.16088466447502736
-458.6081114315573 -34.91469856455456 3.6146684502222874 -6.34622871265179 0.1608358064898885
-458.6076937787153 -34.913653639535816 3.616266175596112 -6.345881137074217 0.16120339514803073
39.467860798281386 1.5803263195722488 -8.923142636051207 0.9078154401608285 -2.7408849594992235
47.65203742773209 -26.544024245503135 6.49096204016867 4.512350290404037 -6.273154494064194
47.65321825727844 -26.543781229723137 6.4836812029192945 4.510521835303574 -6.270651160845277
839.2249733618505 -31.236436709925588 5.715416217737026 9.017069192298198 -9.304341958872154
839.2240897170964 -31.238647499798105 5.712035845257592 9.016333813921465 -9.305119679794592
509.75444962069383 56.90972326378398 10.879966238449764 23.893013114893918 -13.703315949804665
509.7554867875806 56.91231815050759 10.883933907996605 23.893876255989788 -13.702403109682646
255.60063927318728 70.63998623281222 -26.81036987545022 2.8357336540749003 5.674202353771356
45.728703115913746 102.71074814725553 37.420309248592304 12.367416862386657 1.0216620315804699
45.72750948843986 102.70776181072755 37.41574303940614 12.366423512256597 1.020611484560904
44.55546402377403 100.27275737647227 36.216135103495525 12.138395668586325 0.20735163931148926
45.42821181721896 102.3022403124457 37.20959506192208 12.332254824791299 0.8577341016520743
44.51237126251534 100.27488771812921 36.2601520059964 12.129195432058005 0.2690011898459056
-4.747801140758436 121.81352708618631 21.520309435061076 29.330622184081474 -9.888877212870236
8.22734208030122 63.88763228143238 18.217359619073168 18.43143767961064 -5.762696613670515
263.0778222882216 35.88933683601842 13.126543941270203 17.598018162933094 -6.678213567836824
263.7190808281169 36.91733356154975 13.663749968157218 17.702818741660067 -6.263057280999467
249.53013738142076 91.64214934165462 -16.649413072508516 11.051304962113289 0.6552544247780087
283.5409786029207 68.91318961291468 -18.751882804143758 -3.641252604796466 5.502956451788518
-244.8234208493546 144.71262727200101 -4.347500945487116 9.083960924263835 2.2214573314671564
-244.8233771925456 144.71273649667395 -4.347333937239984 9.083997255508336 2.221495754793167
-602.7757920271445 79.02572269231717 0.4460311044740498 4.550678678895747 0.6448514168641297
-605.9861776781312 126.1124660451549 -0.3695269825329336 8.385458347228814 0.2430442015324472
-605.9862094600812 126.11238652988035 -0.36964856415476643 8.385431898097396 0.2430162294610847
-286.71629503126775 46.61735486464753 -0.8181808109384989 0.8059056075666426 0.4407390488885553
-287.00621250828465 46.040594432382605 -0.9807901568607813 0.789169042034761 0.2825715914194735
-287.0056141939677 46.04209135505301 -0.9785013102176381 0.7896669633470452 0.2830981829366269
-250.36064744219308 13.566694752437392 8.632263919232809 -10.968626298149124 2.633638591239499
-250.3618810301546 13.56780731994007 8.641693543971845 -10.96643858383053 2.6329846600443814
283.54101643877476 68.91328427413369 -18.75173806408689 -3.6412211176826217 5.502989752144001
-250.13389254457718 13.789477928833616 8.750321863688775 -10.96010255542491 2.699715977598136
285.3675171402751 30.791832872391996 6.537209904551511 3.241888363186456 -0.3758326309135541
-170.56529759117373 3.3049676843253724 14.495336384134873 4.766515729563543 -2.946638973342886
-286.0719353025901 -45.39495819816325 3.7688958851574594 -0.054764285511001765 -4.3005905938859845
63.847695588577025 -50.63243208208612 9.405087219005585 -2.865333137207261 -1.7368050121636216
64.16722448407879 -50.01507451881021 9.714780918989897 -2.7994360595445356 -1.5112680628711193
63.88578102743946 -50.60064967278766 9.421995657312417 -2.864678493355257 -1.7136562490303453
63.88624637665193 -50.59948541609844 9.423775845157769 -2.8642912248857195 -1.713246681932124
63.885082161648896 -50.60239816386497 9.419322156205642 -2.865260098224222 -1.7142713420986038
63.412031532147445 -51.62658093008399 8.932232458772331 -2.9848800764613155 -2.038249292609972
61.85947615001205 -30.813203650504914 -2.3730325748128998 -6.541002963835327 -0.39476118503870755
61.85939962909992 -30.813395098118413 -2.373325304826211 -6.541066644980634 -0.39482853300852044
-101.07819243516418 -31.71703912083045 5.981198451513474 -12.163938090802683 2.3802441841891073
591.3392887919119 -39.85853316095314 4.877944944755121 -18.773697292172212 5.113816977992667
-285.58735263409994 -44.59920979784566 4.214536123558328 0.05446677183607229 -3.9779952541092642
591.337890159506 -39.857077030991 4.889315483425521 -18.7709995037529 5.113079319668443
577.5308874021937 -82.22635533439052 1.9266232114653856 -17.60369267108495 4.292144794579403
552.3072467008363 -48.81028570718462 -5.684793348760236 -9.32436139155906 2.206687540260375
866.8490128321283 -71.66778020129237 0.7885839092096538 -8.58761312283708 -0.10803751165063558
865.4219488123255 -45.107718157291245 -16.77145848587002 -13.421430256989591 3.9372661770629165
860.0595500553613 -3.2446355451826023 -19.999615559041622 -10.497353878258899 2.6987741119604287
860.0627650039103 -3.247715865404424 -20.022573628577078 -10.503803695011545 2.7043846154489364
466.6404933179917 116.93262549423218 -25.13918628912948 -0.9958045173064418 2.667434614804619
416.3645891972701 126.34097287459811 -40.434155697880314 11.214844318110188 4.393749442807712
414.25381912411456 123.15258274445799 -41.3036500784484 11.119856998785002 3.375846912784773
-280.10166786296537 -56.69420465923514 4.586530561079697 -3.038725309561011 -2.611842508371767
415.95830261178935 125.6451322730575 -40.63742219726198 11.176133288967536 4.204691573193507
-206.3067841517998 67.58516012515736 -21.328021798534348 5.8059603093184124 1.8347689264898033
-206.3058203755757 67.58757139703843 -21.324334880247918 5.8067623705596345 1.8356171702463528
-206.30541871664792 67.58857630756216 -21.322798337210344 5.807096633851045 1.8359706803670677
-207.50921332633476 65.56232918988572 -21.84578531477448 5.729387269737616 1.2414172695586314
-448.72752519381584 97.63822163865672 -11.928467148298845 1.7681507389860966 2.2783525454891764
-448.7272564643957 97.63889397282206 -11.9274391260463 1.7683743774382954 2.2785890610104063
2.317604013903366 -10.480924936749421 14.444976904436048 3.3784910006508784 -1.3363495518996222
-568.6934051928203 -14.992861473039824 11.040527792632394 0.5645959002466827 -1.5282322578343839
-557.4949315504683 -29.273014453371704 13.133780884758792 -4.4810816272848175 1.18322518809065
579.5010786736274 -93.88361130910673 1.5369824413773787 -3.828151418951026 -3.5035700529571283
-557.4949050415406 -29.27294813068059 13.13388229445678 -4.4810595663748725 1.1832485192642477
-765.4139850625968 4.1420206968793085 17.48154368588358 -0.9802641292171255 1.5833403039839287
-765.1809786986685 4.451554951473603 17.64194530683902 -0.9657163454060362 1.6861219699701826
-759.0085459669423 25.942120417648145 22.549825759109197 -0.2772655735777638 2.4928263611797243
-759.0084948734266 25.942248248517874 22.550021216938905 -0.277223053204422 2.4928713298657375
-759.0086397621646 25.941885751369103 22.54946694624037 -0.27734363061596046 2.4927438096332613
-574.1310957795287 21.892574171720657 13.765905363305508 6.335907015758362 -4.377503932243123
-574.7128400604429 20.769731420501603 13.183207619872821 6.204571213373573 -4.786699817029658
-577.06991228719 45.77733162981407 -0.41082666123512335 1.9047815146743665 -2.8019158493667016
-575.8466641963939 48.033654784618676 0.35054344838125717 2.0218627686399713 -2.1455485687652973
334.78156112081234 -60.19205899104609 7.859151828026927 -1.7344158088605197 -2.0299598063785833
-575.8479029102044 48.034456235456744 0.3592422945749355 2.024241527305688 -2.1476390547770983
-4.3295453806676205 127.62802049021157 3.379790882183377 19.437846302703683 -5.269828662440512
-14.728638808555347 182.63452951687998 -32.87444044626268 10.848020682567533 4.918394955439035
-13.449069112031008 184.61394403700942 -32.40242194046558 10.860784936994449 5.504064303463224
-13.45048294723837 184.61040676132907 -32.40783055849226 10.859608333367142 5.502819951920159
-463.952055500057 102.96432487522526 -16.39026689630254 5.616045348460968 2.6136459382753903
-172.10256178774293 54.2638132791948 -23.69295454395124 6.648944506731764 2.2215988205014563
31.465082716639476 -6.0715089230885555 -17.921800991208396 -0.467488557689298 1.8917312611115948
31.465014337181803 -6.0716800016837915 -17.922062576343176 -0.46754546349396553 1.891671078677587
31.46322079835634 -6.072288374036121 -17.917053010946336 -0.46525321892411486 1.8880824947899177
330.216683573367 -33.60545530391149 -6.7754553592601106 -5.524983096857644 0.767290200775125
41.78187410991299 -1.170782486782467 -14.770050133071742 -2.6888990766942102 0.7629403135300578
41.78190373651935 -1.170708363963695 -14.769936796698621 -2.6888744212499485 0.7629663886320878
40.6445390761749 -3.0373534854272126 -15.288287424503414 -2.764382344393936 0.192562495699848
41.74433220746991 -1.1428275451018568 -14.778638694046132 -2.6815781836796204 0.746311965539718
52.36389149077484 -33.55993380395653 -10.340262763582208 -6.478778571577909 1.4934935458865208
126.94478965426553 46.00636318336151 -21.944432073858398 1.5293762361097276 4.3365357099682695
126.26759781328963 44.840917996870445 -22.185322807108445 1.5091101927390893 4.017477572575601
152.3268418196145 42.480398422134364 -14.53516147347659 -4.6235519471409 3.5854335698154354
464.92485354000905 -39.150905614724124 -11.686576524314964 -11.190613067659342 3.0627898335841985
464.9252405106087 -39.14993745291366 -11.685096171328047 -11.190291028087557 3.063130416130557
330.62393169657344 -32.8085032187358 -6.564183736739389 -5.495127544557119 0.968735589549521
460.9011110484116 -5.17604611755822 -14.094945459040343 -8.810372869205251 2.2259415876963202
460.11197374821006 -6.527367118802394 -14.462490444744006 -8.854837831534697 1.8334953712618551
458.7673419749679 -8.912757307054259 -15.10244527870629 -8.93455102026322 1.1606852989806442
255.22010220393696 -10.145711231214705 -0.9595713840159128 -18.659551368442383 4.177141710647812
245.46263964525286 -32.10188373276708 13.804462598195272 -12.974370057001035 3.9197625413120045
245.4622463510861 -32.10286771549623 13.802958054499396 -12.974697359126079 3.919416393198264
245.46223137673763 -32.102905179823516 13.802900770237581 -12.974709820871348 3.919403213907928
-447.1210915114165 -25.803851594610563 10.719489725483905 -7.612004510526885 1.099644125054919
-447.11997644466555 -25.804341479070363 10.711764709441393 -7.613797247929469 1.1001666973845408
196.61212181347787 -0.12753177840022456 0.48500712082770064 3.302305822299627 -2.6491336279132534
330.6261679238745 -32.80676698608344 -6.5687617446234015 -5.496901063496412 0.9719202149495251
