206.93506008391734 -3.4157191463239043 2.6597578229172463 3.3491554670095223
206.93556481231224 -3.413971105301216 2.658722944372159 3.350699766918788
205.635009668651 -5.949988483204447 3.3824572586584556 3.673746069944794
205.63571689343718 -5.953080735392175 3.3849174867308323 3.646812353730314
221.02699587109845 22.54321962757064 15.556870769175973 9.937682061542361
455.66060367781483 -27.979757597599363 5.026207578346221 2.887503982605673
161.66021670945008 12.003059512448756 -9.758331917897703 0.2220322556296827
-524.6873821081753 -2.7509238745275937 -7.0461159002142875 3.2263750302382213
-527.677957380734 -4.548756360524767 -0.6158576108971656 5.285578953155484
-528.3101989760047 -5.785034699679218 -0.29155798100635255 5.397878853403214
-13.888528160261643 33.79586853320319 6.635702966829929 -4.182823120547365
-528.3110375513897 -5.787938963013541 -0.2898385935381784 5.395313093550959
-519.152897650689 0.37067796293549504 2.8542844259979194 -3.293207348602709
-518.1616732377182 2.0282433374852022 2.4558629992124206 -3.7047443504445643
-296.9670547906385 -69.74269169849657 -26.26073579455364 -9.764764399204191
-296.81397507561337 -68.90016159275328 -27.969633694278183 -11.680919733736747
-184.06591270504782 108.11359809587718 0.9049220563232274 -7.987047303670475
-184.0660796902107 108.11301977114047 0.9052644372260921 -7.98755822236843
-149.7008372934511 160.64190058066433 8.617135688267295 -6.671734709137642
337.9221681860018 63.3298068915182 -1.368401878924837 -10.80985573831203
336.1014836431245 59.13323702268534 -0.2641460882613182 -9.873525537497825
-13.887953442884584 33.79785896903985 6.634524585072742 -4.181064679727252
337.7229861163246 62.663279700769884 -1.1975946461057063 -10.686496515964205
337.723195201984 62.66400383342047 -1.1980233484838934 -10.685856783845761
702.4020925849986 11.147981869994107 17.264199791135596 -5.038744229404342
-62.97273681933558 -0.3131737825095389 8.624959921715478 -0.5309594156300332
-62.972006666577535 -0.31363369085619275 8.624832553059107 -0.54399020135065
-62.972901661557486 -0.3167333540482559 8.626667621456477 -0.5467285863554935
-61.54103384640464 2.244456879381017 8.001725488886448 -0.9697401297369941
-322.87330769050214 -38.01509065529172 -1.2479089344175978 6.821038760785632
-322.87504582491744 -38.021110387953975 -1.2443451202134677 6.815720659301002
-322.34029113963396 -36.923143683967474 -1.5608376731167475 6.8369855863846345
-13.890020860837048 33.790698818916624 6.638763551509712 -4.187390277081424
-442.1768714884378 -18.80402716376688 -5.139865233188589 8.155389356941209
-442.1762042411674 -18.80324054295793 -5.139789277536442 8.14875890525783
-442.1762617581869 -18.803439743392474 -5.139671346522283 8.14858292238684
326.68245740939193 -20.101972225441376 -5.945442810422875 10.066448039798843
327.3433208886703 -18.442586059027807 -6.439247506672612 10.01001486360953
327.3432119897845 -18.44296321181409 -6.439024223973931 10.009681669419184
325.5856877833277 -25.860119094036456 -29.20068233091359 -1.0878510400676877
-18.99887242095166 36.83544511069156 -31.54371557040794 5.765033313244389
-19.165373682096174 35.983045965380335 -31.229204075841363 5.930230068396584
-37.556151666614525 3.3191568302240264 -26.986613553066714 2.667650499287025
-13.890211101302707 33.79003995337601 6.639153614322403 -4.1879723493378735
-17.857795243172276 19.59750992945129 -23.41002503072477 -15.69286375237396
159.4604897715987 -2.229430109376309 5.478990307322749 -12.048955734393417
144.2633312559485 -12.487065261337317 0.3151602792167889 2.4097189727398916
149.64880288436183 -9.30579383957745 -12.479115569281943 -1.8681368303754524
150.52056791219664 -6.838636132618862 -13.187228489942928 -2.2679755568888185
151.05560626405168 -5.611609020828009 -13.516957470572818 -2.4068220973396146
-387.3042153908468 -293.8326755399629 38.747364317798045 22.805298424051095
-387.3042153908468 -293.8326755399629 38.747364317798045 22.805298424051095
-355.0494062874685 -235.0850894157829 23.197077297909832 13.896652703854231
-355.0494062874685 -235.0850894157829 23.197077297909832 13.896652703854231
-13.199787693515376 35.04877890245394 6.304780046146052 -4.485683341089425
-355.04410979980474 -235.07943544119937 23.197906500292284 13.885709298561922
-783.0395453710383 -126.29217135138707 9.432003310728383 10.058213556765327
-739.9317425901255 -44.73383752094912 -14.572817333258024 -1.779963651055865
-530.4832630188293 -61.7127229042083 -13.796306026437334 -2.4876632283875533
-529.1958955639375 -59.34597615405173 -14.423991443130454 -2.851957069786299
-621.8679563340623 -10.576414074884063 -12.630105143880572 -3.52643102041394
-621.8678550729188 -10.576063374146656 -12.630312766434104 -3.5261211956737433
-622.2018589672246 -11.010695800135183 -12.528031794409099 -3.5006018736211413
-620.8462210784783 -8.981099448386022 -13.028668933232424 -3.7854424670512494
-628.9039470212563 -15.669158505254755 -14.459573688741065 3.731463952382572
-283.74819092671424 22.896942048496477 3.5422413564430597 -9.050771597114746
-619.4749717490066 1.4471681529468206 -16.842719240286325 5.256011838689257
-618.3995064657273 5.932938144558829 -2.434569148916985 12.219868437802315
-445.0662314564502 -24.265737923033146 -6.033999853208939 6.879582292921267
-445.06638136234636 -24.266257096596146 -6.033692491050832 6.879123631571747
-445.0661448441536 -24.265437956083392 -6.03417744023459 6.8798472972567355
-324.21044358696196 -41.041519460411905 -3.125001855241767 5.617968679135206
-324.2098480953874 -41.040648176892255 -3.125121290063066 5.6097490273776
562.6152847350041 -64.57638909238219 -1.9163426975374562 4.988780249819691
563.4094331239419 -62.94766485648838 -2.390296065088928 5.028868536092904
576.5831170221503 -46.638811599756515 3.758702374307589 1.4101526398682225
-283.7485641392737 22.895649490212598 3.5430065792487726 -9.051913502583039
576.5834029588221 -46.64008372889566 3.7594153334770635 1.3959621689164043
577.7103946358493 -44.43433628994384 3.1898179879500943 1.2058456339976331
591.8250117261443 -34.87172756500673 8.917171149817023 -12.24234869692354
-309.6049845998224 -26.18831741321377 2.2916356336205883 -3.0058154460052595
-310.2999201232852 -27.347864879721623 2.5629028609118 -2.7173636328075554
-315.41044387572833 -35.41752150256389 -2.038475091582108 -3.6677275344375215
-315.41080638869425 -35.41877700453872 -2.0377318068238988 -3.6688367015257315
-431.11958804539677 -10.17749180645508 3.3381049311652227 -3.017164902755506
-430.10254711848813 -8.512157002596236 2.941139816823776 -3.4313671487330817
-434.9270861341144 -14.136084747182514 3.0833136515415545 -3.0119662650151677
-65.20112619162171 -8.224580857809967 8.173461623798978 -7.0293411354816255
-434.92833101661995 -14.140396185812042 3.085866118086766 -3.015775183030183
-434.92823984234866 -14.140080419222276 3.085679177359083 -3.015496220239285
-607.402333894614 11.304575209873132 2.5297148367806974 -3.654608524320294
-182.4978100406392 11.90131082950637 1.5448478771073284 16.767160924667884
-192.18341391868043 -5.379693192204946 -4.049986010358242 11.25449669095459
-191.40486683205737 -3.4685736997353462 -4.624755023458752 11.200230267202473
-191.9927608105805 -4.88990133658285 -4.187142101412716 11.274670514289099
-191.9932986974116 -4.88933301179495 -4.188490695812434 11.28700529459154
-465.2270325407436 12.385118362527674 -16.71240563966671 7.40763749554886
-465.22703988493674 12.385092927164303 -16.712390581375114 7.4076150247736505
-63.85345315062635 -6.111321033169123 7.6840573562532235 -7.503995276321243
31.97825412880646 32.31175973335144 -24.96471767920007 8.192213188452193
31.978442663274546 32.31241269044202 -24.965104244090558 8.192790040788443
538.7189450220228 -40.4851586191751 -26.1536550422108 -1.1560028050925097
541.1294420891572 -32.0813620876015 -11.102153023504561 6.252035798401177
541.1296429015005 -32.08066660817573 -11.102564762546555 6.252650216941813
540.5632499542303 -33.35912624556698 -10.744211585226001 6.2404303108145225
559.2334192905051 -17.446202871847596 -4.580077551103785 -11.288763259604192
-377.78343819010956 -28.274349070254438 -4.96717220950102 -1.4767020812723457
-377.7837039080557 -28.27526933915811 -4.966627390087584 -1.4775150883392758
-378.46138025019 -29.664985524789994 -4.612908536036932 -1.1806778733924816
-63.855103111586196 -6.111846021218612 7.685579085722466 -7.486445245113686
-321.6022351954315 -37.18285209870488 -1.6275966862641729 7.201129659076072
-378.4611614851939 -29.66263767473858 -4.6143619339006765 -1.1731314533668749
-496.0592878051247 -6.917200265515058 -1.1531049328244483 0.2678799027346034
-496.0598503074641 -6.919148396610985 -1.1519515963457208 0.26615883645872745
-486.29666853178975 7.702475294218405 4.685120172453529 2.428241064267546
238.44164386224443 32.9098578499679 13.704140227412912 -1.3742356762782624
238.4417541718269 32.91023988846701 13.703914052265635 -1.3738981658209062
225.04392144043405 23.81923348552804 21.819135413187087 -0.2811647688006016
-170.40849959899944 84.96117277432506 12.173085403651264 -2.0624199549384774
-169.0399567346281 87.72944549932087 11.456258113982608 -2.7079771232835554
-197.14931895883683 63.970791479345394 1.796395608753577 23.534128562947334
-277.2267856802578 38.78198404056335 17.400421528435 -6.273417053519371
-198.5142684868367 60.889431295308704 2.6815454405254324 23.55995287313394
-412.5845700218132 70.57655709445713 -18.663603686232783 -22.260527022085245
-412.5846622753222 70.57623759010335 -18.663414532653157 -22.26080928693398
-434.8069174045103 56.423140826299914 -23.130993174290015 -2.167721675375958
-433.1808420204367 64.92187630042734 7.872888125578088 11.60719045350388
-178.22141943643325 13.057379631660886 0.6987382352614745 5.625974928430641
-189.42281792827998 -6.118545526888818 -4.161982318372781 2.5325528314431445
-189.4227868726466 -6.118437971007439 -4.162045993802315 2.5326478512698394
491.65200917403655 1.472541567393125 -4.047476679662333 0.06726788441890869
861.5298920024059 -47.550527341947735 2.7682617043031543 -1.2478909009952965
-275.2923174384405 41.76242132290223 16.67012132459298 -6.998459061796154
859.7813429345757 -50.72096713954503 3.6689597587253377 -0.9714670175243979
858.2635426431899 -53.54230863321099 4.4223426819381935 -0.7863256648472438
858.262060288542 -53.54314049829139 4.422783461688511 -0.7630558362408637
859.9908108541471 -50.38134424081431 3.5147620642010704 -1.0631372617739427
859.9907427427847 -50.38158013294277 3.514901717500205 -1.0633456597803697
133.74639262468 -42.1656254712022 -1.4294401258578984 -9.182721836921914
1030.267308324997 -58.60610427772856 0.5068663786198933 -19.458348264820696
1028.7072558774123 -61.15549919225742 1.1120768042780849 -18.849882011461666
1027.244039795823 -63.52416972093451 1.6594000605615253 -18.31457333519387
727.2159762827941 -24.72766332189126 -10.960032945863649 -23.389551852148305
-275.29227258030755 41.76257668142122 16.670029348951566 -6.9983218109007685
748.5598799213421 4.468070967333035 -5.228535476724053 -23.99344265105327
725.5120904531881 -10.24280623027325 -11.838449396931175 -3.1637171860032693
724.126465973272 -13.504375189823767 -10.906947433610187 -2.7296322872495935
724.1249755033843 -13.500869855178694 -10.91062388045954 -2.6975963608396194
716.8081476155078 -16.84583275521943 3.9948703699215815 1.7688984562759227
716.807073110844 -16.849554119290914 3.9970734992279815 1.76561083536122
289.215430465573 66.44781481299881 18.588858199240853 12.408556057408264
289.21452126925453 66.44466596648371 18.590722385557207 12.405774224408619
289.21259657775016 66.43800012486523 18.59466871050116 12.399885321241102
158.97229698802 15.578012479866866 -13.942316389464242 12.137316288502216
348.5361996268296 81.27423263022386 30.672648828475555 -15.817681588343307
158.97220524046423 15.58252241129661 -13.946694461153927 12.158792850737242
158.27694791225557 13.415481000787196 -13.269935559015812 12.293301367932061
158.27702106070205 13.41573433800507 -13.270085540189655 12.293525177732244
150.93108751965633 9.47974335266299 4.245303912487058 17.302568822574326
137.560026279577 -17.45127090597969 -3.750326130661182 9.910351348547398
136.67188312990257 -19.358714352647947 -3.1956695820582808 9.88339008988274
135.5831283714588 -21.72402067187012 -2.4506399537940053 9.945392380040499
151.04854260044343 -8.309409794973227 3.558354917150948 -4.714299057651273
443.31103406893556 -57.113512578371434 -4.899685136416281 -8.34212248777754
-383.8619734284254 -37.30920991989206 -4.616792509498435 -1.0557023414289168
350.1295669666332 83.72764067390243 30.057220037572925 -16.464456627454247
-506.9797875819294 -25.046702785987968 -7.57982831282271 -1.558548532099529
-506.97984182588345 -25.046890650707624 -7.579717092799845 -1.55871450047088
-506.9794337177631 -25.045477237704773 -7.580553864400482 -1.5574658281111748
48.775123400794534 -14.342397275402632 9.183181045647558 -0.5552737097238618
35.60977645005458 -25.748910096350738 3.0235300374093295 11.786406088801561
35.610120187135045 -25.749227801400902 3.0242592475601193 11.77432889140646
866.7068542624162 -31.24544149472628 7.929698667653946 15.470069615729974
866.7059908117002 -31.248431909366776 7.931469058835645 15.467427748516036
571.3672069854947 31.668789181811995 21.300427139362153 29.15846344829077
571.3682204496245 31.672299142391626 21.298349165566655 29.16156430583328
321.28077478090336 36.198254754286616 13.066347258378014 -16.863767077733627
70.53538524215763 102.68806743569657 -7.459645655068592 27.747863952788673
70.53421889305116 102.68402798208895 -7.457254210204824 27.74429531945367
68.68760897140204 97.74762922994987 -5.921318736341352 28.005090203709234
70.23334815485354 102.20738151708363 -7.2942077115443835 27.762940692366634
68.63661083093359 98.42410606951326 -6.165831517592631 27.79892925624237
58.60705429015081 93.45701912585776 17.404919338872674 34.42719379984172
39.30545540720165 55.002214393150894 5.938686045268698 23.754784007669297
296.91811935775956 29.539583047256507 7.046413081609251 20.772301713510142
297.84101745434623 31.4236642111752 6.434381567745369 20.71645601037174
324.6612683263591 55.016458359184305 16.910756817350432 -5.188017551506034
332.64119126503687 48.008875187745566 5.7649614921303005 -20.54579265257937
-183.56304255311446 114.31884322405088 9.794472288984613 -5.634719901477627
-183.56299989434586 114.31899096619456 9.794384822678941 -5.63458937917644
-594.5517923044998 61.589431655405164 4.143070905884486 -0.8884665044031916
-574.2492303276475 94.59119345904142 10.629793226537911 0.27885543765233284
-574.2492613832829 94.59108590311241 10.629856901997773 0.2787604177733138
-281.671589548401 34.814814359141884 2.7205068485479442 -2.681527766258003
-282.2267688283684 33.63446781206038 3.0174180958905925 -2.4262688086033557
-282.226184187292 33.63649261708533 3.016219366992607 -2.4244800026833473
-282.36951240037115 28.63929527869224 -15.118754587316799 -9.535821531285125
-282.3705367257475 28.64192141278951 -15.121334044665398 -9.521487037580059
332.6412282362459 48.009003231236086 5.764885687589317 -20.545679533063154
-282.66732194604776 27.839298769099933 -14.90254537550179 -9.290553204839924
307.9125017218762 31.644847591220227 -1.609901003838095 2.7101602641617912
-186.03119972159448 6.384449638076747 -2.1179709200343195 13.972552301277585
-324.13022876156623 -39.75073136067712 -1.3676171991698518 6.326780961823912
32.10699913705751 -35.44666871014307 -7.322327087962762 6.344243530316177
32.577531206356326 -34.296164934034216 -7.671986124010039 6.2942187689233675
32.15459911763761 -35.362742724821445 -7.356200446397649 6.327767418901634
32.155053832118995 -35.36116789858419 -7.357132778136352 6.329158691448627
32.153916223158646 -35.36510781355629 -7.3548002617737716 6.325677994079354
31.421155854621087 -37.034986392251504 -6.87105326802203 6.336602291464334
43.09867023465824 -27.261899357887398 -2.56321975132092 -4.375723737400639
43.09859546250354 -27.262158318550693 -2.5630664409462396 -4.375952515209967
-142.67961353790216 -10.613819990007181 -15.587092938079454 -9.148338353387416
569.5572980430995 -6.019761787514585 -23.0892216121317 -19.40104245043444
-323.5067943033569 -38.56530157349186 -1.7471347071097736 6.351755534739503
569.556140340829 -6.016435215027874 -23.0925099140883 -19.38387006869347
545.19801919288 -43.665162070845405 -21.697394067327654 -16.892473653978612
548.9912621264167 -34.14799569935125 -7.889410133592059 -11.856462904893444
863.4764814603373 -50.78779731569257 -8.806070693520745 -4.914260890593186
880.4028826166383 -39.678906962555786 -3.4412561427735056 -20.67738843657139
897.5891764807155 -15.20613146413478 5.866250141068851 -19.323742701111083
897.5899129851445 -15.21265188278248 5.868649789727625 -19.358430416156793
550.3476589625723 68.81728517513942 21.28925283833001 -18.09948121769543
534.501738905639 57.74206715084919 31.411124132404492 -15.092723292171554
531.5637097316882 53.199018797025175 32.50878188313035 -14.005985677580595
-326.3722255151006 -45.31822980635655 -5.20765960578438 4.084139191399229
533.9696245235432 56.92615813541516 31.588156282284352 -14.96473838628067
-164.03221765618363 27.15373197669866 17.219333816330987 -6.4865559097952
-164.03127590515751 27.156993571333125 17.21740288091009 -6.48367446702747
-164.03088342547412 27.158352858030007 17.216598153440174 -6.482473610587273
-165.83181229735993 24.334308411642002 17.870731698653717 -5.841469820898987
-421.16715311460695 64.38589834122624 11.074137794000281 -9.017870683694628
-421.1668905265074 64.38680777047007 11.073599391986486 -9.017067252037695
-11.430443454945088 1.7773454365502406 -6.7074901164466825 11.236427167847598
-611.2327121903722 -7.863780912447407 -5.520694999503135 8.733572486368866
-612.3620046407647 -11.853341685193756 -12.913401348294622 5.110555196651637
558.2905298955885 -73.13155235128556 -6.081419328996785 1.9375605778912643
-612.3619787376521 -11.853251974157004 -12.913454459193542 5.110634451513622
-815.0147226590516 17.36910447410287 -12.470510345250776 8.837339610984232
-814.9955850905685 17.259982806257263 -12.445460416820316 8.859790343009834
-804.2069996976327 36.40811170961266 -13.69924293194691 11.413579355753818
-804.2069497717861 36.408284619287556 -13.699345298259358 11.413732112120954
-804.2070913496136 36.40779428854514 -13.699055011724035 11.413298931381057
-598.1141382827217 15.73191085715187 1.9466269351555248 16.05689292475992
-598.8722358572608 13.903218777651206 2.4975786940184364 16.108080669270027
-585.1633589624038 25.22100505519902 7.966412265149412 3.78087677235241
-583.5360790919614 28.53975685830734 7.137959265643918 3.1528811856190684
314.3949297821509 -41.392971425435064 -7.55882356313401 5.579553289200358
-583.5364075782152 28.54172219636942 7.136946237309228 3.1663468385690567
66.11278221454491 91.48812584493004 18.05508373374324 13.668158552937198
97.52454492490527 112.61942480264905 28.782863251464406 -16.143110965067756
99.52056132727003 115.9428497716787 27.967372909993127 -17.04172195556682
99.51917980137932 115.93806509520682 27.970205544173165 -17.045948960387435
-424.7024845103145 62.56087614356941 15.048563329853854 -7.735282258086046
-130.0401421072978 14.09998607994469 16.875576729018185 -5.9877328224589474
44.081799890467146 -24.211870529042375 7.300629353119432 -7.276848647333686
44.0817330736937 -24.212101937577163 7.300766352033373 -7.277053084326436
44.0809567517761 -24.212256689361325 7.30171984035556 -7.267456368673741
328.3880951345267 -29.266907179777927 -2.458718426296886 -7.7314962796221
50.612993919966165 -17.503255268759865 7.27532152132815 -7.41293639649141
50.61302286945117 -17.50315500713672 7.2752621642543875 -7.412847820740591
49.07917601523151 -20.035182889024544 7.863235513888808 -6.8186225220013865
50.659640179288886 -17.465725396419185 7.2724353178265435 -7.401284085530769
39.686433851707434 -34.876156653155036 -0.7467839634734281 -8.524427014305887
170.81278295264266 18.101879937746748 10.594054744497267 -13.126232017581682
169.69395030254842 16.36525578969959 10.989106024779275 -12.694940398538542
179.40634639194965 25.671449491461992 4.795865517599103 -15.503026075783353
462.9434494908358 -33.58799159190051 -4.04313096905064 -15.810966708647546
462.94382761789063 -33.586682013102994 -4.043906268361527 -15.809809766452846
329.122802302082 -27.963652253339795 -2.7692350115091435 -7.9626815506627056
476.93085263931835 -13.484782305233738 3.2883557488314117 -14.835844054384898
475.77137637043654 -15.601180778728994 3.7978761778010814 -14.288423215221608
473.915210632648 -19.0921492425687 4.620691269523634 -13.389892752662206
230.85704360412106 8.515911678733781 -16.967500994021393 -22.69278513317034
211.94874221318304 -3.5012906952804976 -21.19894868453053 -5.631756312645256
211.94835790715518 -3.5026216738960585 -21.198160716055543 -5.6329321603915545
211.9483432749809 -3.502672349950387 -21.198130714723916 -5.632976929958969
-499.54331882538895 -10.503789805632769 -12.766015298681053 0.29887043752371384
-499.5424126787555 -10.505328073820671 -12.763915320069303 0.2867850140179866
206.9346256436118 -3.4172237564972034 2.6606485850719737 3.3478262251187347
329.12425047489154 -27.962252350742997 -2.770073108151862 -7.972894721711131
