208.19454591622733 0.7116330003563134 -0.24465929522144964 -4.180989686188571
208.50423855338389 1.8116657080070755 2.028758962246328 -1.2314451798594548
208.40448648262156 1.708318654903038 2.1453086241725794 -1.0498377507593089
208.4044947576212 1.7008132040216115 2.116620027219041 -1.0777578039383726
218.2530672197374 30.008302434390128 3.462511576588586 -3.5698113543090013
464.63600666952084 -6.084060507863736 -1.2131083545286707 -6.056283266911032
154.33713157060347 -6.314700102123171 -0.13672707062991085 -6.631764893869302
-517.7677197863208 -4.0319111267400585 13.083502775208153 15.965005756170026
-518.1735714875903 2.52448401356355 13.481574836415913 17.296948076782503
-518.2206160869144 2.432524392587704 13.497060190347591 17.3412523852413
-27.26290826067965 19.10938842636155 -4.73762169776958 -1.326464388751446
-518.2221284233801 2.4282247837510966 13.490644625450223 17.33551669505609
-514.64244175336 6.850006308928373 7.778024885064199 19.407038133234774
-514.5984041642741 6.933387592729104 7.740370608444489 19.372128345832866
-280.73753832142046 -66.48635566465063 3.2715776671269152 20.621235376687075
-285.83053672521237 -70.45861555349308 7.804417339235556 19.753194869688496
-226.67327846198015 44.34863000996006 -1.5451050992207533 -1.0360374561838108
-226.7639669861739 44.01121034342333 -2.277677260820286 -2.0233869431430773
-209.1934297660047 76.5260952572382 -4.939175776480239 -8.350612493523336
306.1091937300025 19.290353681593672 -13.68287857872793 -17.506291776115212
306.790477011697 19.523462290924936 -13.540924272192935 -17.612181991482124
-27.108539687989865 19.665999081074666 -3.568181978492681 0.21078259561416662
306.4118019976814 19.425484831814188 -13.701668665135353 -17.64560679221813
306.5512612083402 19.94426825274429 -12.575545513731685 -16.128042767728136
692.9821951322083 18.374910607463033 -19.431110482280857 -20.264142416022096
-60.15971137781589 10.325297504517865 -1.1371732396880292 3.266225114599548
-60.15909773221293 10.323158045148995 -1.1479042636188843 3.2585418257588286
-60.160957758860434 10.318259927312443 -1.1540864719257669 3.2546636311359567
-59.98817415800467 10.572164909786565 -1.1922120789052018 3.161995537038688
-302.48753406033626 -12.355121071855082 14.295829612907495 15.145286192199013
-302.4911444555898 -12.36429594165902 14.286086835232389 15.145361548990888
-302.3613872093262 -12.174009101829341 14.353102908732543 15.12119630730528
-27.1121461018041 19.65555332736385 -3.584322561232436 0.1955495341386262
-428.19866542529047 -8.3593282121146 13.878655060558627 13.314088851547687
-428.1982410092446 -8.359855031155336 13.873411752726387 13.309380764441205
-428.2852393569803 -8.676422827981886 13.201775825346003 12.41977967654965
333.30209242905846 -15.60372350542816 0.09981902786732971 -13.72221705559619
333.2135523388491 -15.59116882360862 0.0356369938992496 -13.758541117091355
333.03841462100195 -16.228463400934515 -1.3164745016381136 -15.549467840568427
325.77433810860316 -47.16880439351762 -3.8991480219381334 -11.776682370484037
-36.31645434614446 -18.707058515334424 5.802273724334854 -4.779668970428201
-35.90147104491379 -18.348190428185557 5.954803008912078 -4.897428674972218
-42.9769758366567 -29.284669772096283 4.192779124749029 -1.056149947103954
-27.333803798691484 18.85548029840452 -5.267175186129903 -2.0185431339484703
-37.89144535942415 -24.576640530828225 -1.0625723071010347 0.12926367927221244
154.16116273220487 0.6615236954322004 -10.845047545017161 -1.2446698822333238
148.37757354809025 -6.612389997378149 -1.4550604771009932 -4.649824305289437
148.820382406608 -19.628437710095348 -1.8446583466836814 -6.565234035584454
148.20062396360078 -19.97530419696714 -1.9865074781967056 -6.4259558294405625
148.03421552715778 -20.048089156847812 -2.0186602485996685 -6.382885440316631
-247.20991075295782 -58.46845670086251 5.162592800357368 15.347831268097929
-247.23299892527646 -58.55439032967261 4.975954550004752 15.096215641466811
-246.96237321523697 -58.31058889826452 5.021629830910239 14.989661548003442
-246.96232077410107 -58.31039360191408 5.022054250677964 14.99023398887738
-27.3269189696562 18.86651803468346 -5.353537089837244 -2.1002263769793568
-246.9597958004638 -58.30215105413711 5.038232614192246 15.012804756748071
-718.4161834774627 -30.025636606035135 15.670982624287332 26.787290578490378
-721.1208532364119 -33.66595957102229 15.479698265820964 28.033269794797796
-506.85717477479955 -40.76182210718341 10.63893221735061 20.881981514809304
-506.84390710927664 -40.712440155450984 10.746184347405782 21.02657310028335
-615.9963743847248 -16.168706359557305 12.821313228613304 20.138700276301915
-615.9962526672622 -16.1682641418706 12.822249904322192 20.139939357292135
-616.1419269802786 -16.266016369734274 12.80060987853146 20.17113010832117
-615.7393606107669 -15.971675117222066 12.823232177524313 20.033487062216917
-617.7641498459892 -17.883636899915835 14.95309993564713 19.556015654847048
-293.1942294900707 12.475447293175764 -2.283447044316813 7.472230801415273
-614.4575292218976 -12.556107891185444 15.778073955413326 17.741068661552916
-609.9879300712182 6.57751345509716 17.042723185565844 14.97513088702674
-429.8617348542716 -12.69129995311507 12.168740774404302 12.437705161218041
-429.908727836776 -12.86381660430278 11.799308951903509 11.94489514223836
-429.83068534454026 -12.577298219060747 12.412901516934626 12.763442361314246
-303.79389189914957 -17.17296141115899 11.593290256944115 12.804721958198627
-303.79337695214684 -17.17376163905099 11.58610282504459 12.798906032674115
582.2858172388388 -32.598401127159555 -3.1315269718533707 -12.96396434212931
582.4505961123998 -32.359237581113995 -3.0471710025403658 -12.998093633298263
590.168656819575 -17.588540964372395 -6.447837869705738 -12.250623236290537
-293.1948597380231 12.473587849272352 -2.286416273439784 7.469293659251517
590.1688132604214 -17.592352802706017 -6.463359819843997 -12.264949209066712
590.3698115946432 -17.27809942520918 -6.445872185525562 -12.354222758056862
596.759228805017 -8.993174617932599 -16.907710827214956 -8.441574144048612
-296.55667116901213 -5.371148384269856 4.698010897729085 15.0601011322155
-296.66623337453325 -5.498968651702626 4.7334194943507475 15.107096229489734
-300.3948206757667 -15.07499329826775 5.285430132218392 14.945676959034396
-300.5562278988125 -15.639601144536671 4.138641007940126 13.478865143860682
-423.31165622783266 1.9919723765216892 4.819843529536221 15.723832537369775
-423.2013500476754 2.115982601513363 4.768054743745785 15.663395483175975
-425.7091902367655 0.09453637231058987 5.816517858519841 17.267236341817345
-63.04730360262262 3.660998614048117 -6.689310953421661 3.8669520507439046
-425.71150368039406 0.08828361027672882 5.808640679533143 17.264258711113026
-425.56266057186104 0.5843651470244952 6.758017215369082 18.41374880599613
-606.8070190189657 10.683445354408878 8.144353520537214 19.897993797252266
-178.32834999692386 12.412089101843634 11.547288759299077 -0.9806403719868326
-184.77226900992844 -3.3002140476292037 9.562758525147304 2.3013331040656513
-184.86147566674538 -3.2806230498236295 9.51103366188516 2.275960404119826
-184.8100820346792 -3.2820737699252813 9.591230180419672 2.349883762991528
-184.81013828787437 -3.278968415858795 9.604561068408715 2.3641697535179325
-465.48446655042153 -9.039645840697458 13.428537271930274 11.47227769382721
-465.53334010023406 -9.221552055162197 13.033457197949687 10.939651945791695
-62.84320617690722 3.8665751031491467 -6.726109421428354 3.791449082774228
17.359480602219374 -14.20317198304787 4.186606897663238 -7.475097682120848
17.359702319055355 -14.2023548303779 4.188363914125822 -7.472746657477171
542.1694534472858 -52.5559792517518 -9.205479903714144 -18.975925215922853
546.83243617097 -31.260871355694174 -7.778934169075074 -21.807977763623057
546.9231308766099 -30.923529224603513 -7.046751467370714 -20.821373669023643
546.9398596948258 -30.983014781882428 -7.046781307520305 -20.815977306234046
553.8766008490152 -21.47940596106822 -17.2167888123593 -18.064153223600123
-364.4518015622863 -14.76589749686975 8.08130519876924 14.829052016993323
-364.56747028138767 -15.190029553340974 7.174174444462718 13.62009845650447
-364.4918402363172 -15.204745119492303 7.242047794538088 13.660766660684368
-62.84473740929036 3.8674566488610655 -6.7167102138034105 3.7935341346272025
-301.83264076679893 -13.213147031676812 11.985741664641361 11.629863771311438
-364.4913849347424 -15.201259340702066 7.252133950539323 13.67190423636207
-488.1318398536231 -0.4785133413542042 9.174815483931813 15.827906962288164
-488.13299890647846 -0.4815801812468138 9.170896778792736 15.825357535762024
-481.3573715516209 13.744628437473304 8.45224270083483 14.0146313005682
227.15782803957669 29.2383790247153 -9.3992472228243 -10.532513809797232
227.3806281245852 30.037125961493075 -7.731539054214991 -8.351062561013036
218.53346257863763 33.58394434373998 -7.054495381867906 -2.626531452317419
-198.82145658754837 49.9377126683788 -1.781097590086182 0.16865031041852224
-198.95574349835078 49.94264392791856 -1.9555131505911243 0.0495369959889147
-210.07575226298934 35.040265866774654 14.028223861991664 -4.270462409191606
-288.6976663103088 35.32542688602934 -5.371514601718343 8.154125211112216
-210.0551035604036 34.90415493291465 14.089491363194234 -4.174520996199149
-450.1657685214452 4.371149379483953 5.162903661947656 11.118763753391686
-450.1658783885222 4.370747789544512 5.162047575663655 11.117625693860882
-456.56696531882017 -0.10442360252112348 11.408524661463481 9.117334176941633
-446.4844986278284 41.60679579723934 9.923452526673389 4.376387336257798
-178.59192952297425 8.365228095638496 4.3266511453311205 0.8526746979166577
-185.00063527466864 -6.466579746020037 4.242117666529528 3.6443191477536843
-184.86986066233888 -5.9807378755094724 5.2953373554380105 5.06224497456571
485.13194632468503 -8.801815025655035 -8.710259489814536 -17.27077598210655
871.0194074583159 -22.70807682643324 -11.494864556964576 -18.49718800565499
-288.3949181524649 35.543523139194235 -5.4642116691487335 8.010129951037094
870.6656047689611 -23.04382969003104 -11.544055353844293 -18.37637236356043
870.3737847836796 -23.419775695597192 -11.663821339086262 -18.35190415572126
870.3724451526897 -23.417000798310017 -11.64487539474765 -18.33847700320012
870.6909622043197 -23.126173359184328 -11.636161356365918 -18.49228670762604
870.3244699146094 -24.377858636664914 -14.10756419061312 -21.577756390965934
144.8425067481465 -20.325950066255984 -2.7240898638071567 6.339452768595127
1034.6525586756848 -32.71050200971006 -22.075971520773304 -15.14209632375238
1034.477463211608 -32.931777370807474 -22.062839493264338 -15.116492567795952
1034.293134594252 -33.176707814818855 -22.077248290187836 -15.1077720553685
716.3505053976305 -33.83441520636233 -20.589486128947932 -17.208674896361565
-288.16519665826 36.33604213160915 -3.8803642027005156 10.008418876202441
728.7927323950722 -13.38346254758075 -22.455571147899466 -19.163455133957942
719.5264205571347 -21.867105933356175 -11.100143771721731 -23.07447587869226
719.8326402398762 -21.773793546213145 -10.958680352237707 -23.030556779459285
719.8325311526207 -21.76537997379359 -10.926248903722545 -22.996340913896454
717.644366729854 -6.867734430662796 -9.898730472271687 -19.1546731939138
717.3049860389704 -8.075951345159115 -12.402024365121292 -22.409049541552722
269.9197330925096 48.58725409536475 -3.42294161052345 -16.293312526698482
269.6226907188015 47.5295378230139 -5.6149350145444465 -19.143530332647455
269.6190681499555 47.519478896366195 -5.629250854759778 -19.155314875545702
154.02998724653867 -6.035489229294943 4.7928151254744 -11.581473551818258
312.97305299823915 61.72615165300759 -24.0030954197892 -9.02715281221922
154.03114915662505 -6.026406558894656 4.821537365494384 -11.546782045407644
154.5049639245705 -5.737216612559021 4.982279396840279 -11.654750895979038
154.65666567301156 -5.172710623856682 6.208050156617739 -10.002505155170342
152.9741353492126 11.37731235258763 8.014007914377435 -7.238315074667257
145.5021851838679 -10.861008759708612 5.46683308621856 -3.4890798562899
145.43264666160485 -11.013491267895159 5.436647991358234 -3.452918378565933
145.37416228977142 -11.10182638705903 5.497944909370659 -3.3220982471384337
151.55630119060442 -1.6997187343151952 -4.426667147350867 -0.5143749262330939
456.06654034452595 -34.5857661700483 -9.29925541975826 -6.6316750429870375
-366.9030153992462 -18.167444160280752 8.502238601561155 15.96505068288732
313.1863646594942 61.84825988257885 -24.129359397773513 -9.187883984742081
-494.4105032308219 -16.140249794064744 10.171276269402112 17.337207297262335
-494.4743453573124 -16.377842872546992 9.655307309610503 16.64166224980948
-494.4737867320435 -16.375974581353187 9.658901328714244 16.64604531339028
56.226920878779104 5.50886567219825 -1.4592427802146468 2.8965652487480553
50.001352624251346 -4.247515887668187 8.646472895109499 -0.07181036819943823
50.00154324058414 -4.2504516381815725 8.632781951350454 -0.08534432659050845
876.5842861630161 -5.918004629843758 -3.147851829415183 -25.850091483145494
876.1843167746575 -7.287367628134803 -5.859553037019983 -29.24404797118056
567.7430933839389 38.82197746088973 2.929943450524279 -27.755269924920047
568.3211970582439 40.80253488200329 6.855131599591527 -22.839056475558326
298.5997807563934 22.446552976432873 -17.809094017601065 -6.153312813660005
41.30524676481261 43.23632342064215 12.309049015534478 -18.144252146008977
41.303015358105306 43.23018150450283 12.300465943865165 -18.15108229758327
41.80848315108443 43.42768934896623 12.560066979904411 -18.11019559178553
41.10718545518902 43.08506205908774 12.308067345570125 -17.992961966005414
41.31499342109535 43.0927508688198 12.384005013327977 -17.99430418788837
38.52660590238349 64.47337926717515 13.090907704648329 -16.14175269201168
27.69808592222668 32.9571293595598 10.228956051507296 -9.661527731072283
291.29273719385674 20.777840308016252 5.475598339353536 -14.244025403595145
291.40134150227556 20.85510310709098 5.410202533632595 -14.391751836445314
301.6429345972898 37.346829360407455 -11.987906258681704 -9.405343868696741
302.1677573983482 17.98961201406725 -18.44951735300225 -9.628488007326807
-226.0152650474307 56.645584137320846 -3.0597323540040966 -0.6715973676063945
-225.86569813904097 57.2022218465331 -1.8508801231290382 0.9580096662972315
-611.4684473573129 33.621684217788086 9.410964993127047 15.999516360588524
-601.5473677837924 55.522578468975134 7.525921152079649 12.619512131114668
-601.6799432670621 55.03590720362204 6.483813867540769 11.229439242070063
-292.40521411518694 18.20444860238167 1.7927505976727847 5.870321119072031
-292.2934208142528 18.217760902960855 1.8417648370302369 5.869686728858849
-292.2923870249963 18.22073250850064 1.8462924762868889 5.8738704903007735
-297.5770602130601 -6.3593569459651595 4.3609484851246565 6.878275300898365
-297.57692319073874 -6.355698411455837 4.373044015917859 6.89142855264814
302.3288108735118 18.588878780293754 -17.148351477346228 -7.874699716498982
-297.22306889475755 -6.1126216951883965 4.434523560463012 6.823581232197772
293.4892074530526 8.625248294616622 -4.05240656131639 -12.539085061071885
-181.68305959503445 4.474482507759111 9.98247822160192 -0.09011755497358306
-303.5337098563389 -14.375956166216419 12.401283173820941 13.228614802501873
45.963566347318626 -22.394447216819447 3.6342133805064853 -2.614999524247544
45.92322333803396 -22.382993601022413 3.575547701844561 -2.6703763870222477
45.98050515303387 -22.395064970909964 3.612052238387804 -2.652464902148638
46.17244306879076 -21.698481816975875 5.085805094097204 -0.704651852293402
46.17009238701852 -21.704692515092336 5.077897773433025 -0.7097474565902703
46.17073068911006 -21.794858915148975 5.10630261042064 -0.64941007757369
51.24582761321282 -15.111738263932143 -2.0086830550850885 1.2888869242910463
51.12011077802341 -15.568075038284745 -2.9743386479302605 0.012416309076620849
-144.47838043362262 -24.421449572591012 1.467736362356142 4.40312876180945
552.4510800374708 -39.536334493362325 -15.089594482129598 -18.369303004824957
-303.35275989029446 -14.197019185614376 12.474256289992566 13.173905304562295
552.4513124888269 -39.531746650554304 -15.074716791269507 -18.352936160139514
543.5202138425121 -53.42133735640342 -14.250853811245957 -15.280213264675407
549.0719773311287 -32.25277517563275 -15.883811948689385 -15.923957506370567
869.8648437692158 -39.86181668932325 -17.378472031026032 -26.491535933437916
876.4659007896173 -32.58255745647396 -26.93118177628139 -23.085965338613597
887.9220701078066 -9.768231351109096 -29.439563406718275 -24.923758955418215
887.922095966326 -9.778715463088115 -29.474582170594736 -24.95565041770625
516.4608449594897 46.44866910920788 -27.451191193892836 -19.184336005591927
506.8320824769758 51.85922214661181 -28.035667026085736 -14.199338366550597
506.2940615415738 51.436595347454336 -27.911989468345805 -13.987600775901939
-305.190870492616 -21.498045393160705 11.417181650745743 13.865743365651863
506.6874588922029 51.70299698160671 -28.089473096799995 -14.229256681230108
-171.9365531218541 30.32214932882833 -6.332190808770739 6.887156554980935
-171.93471718076879 30.327101628543318 -6.325691038806355 6.891223331028846
-171.64739992848783 31.307479279356926 -4.392175494083568 9.302577580027547
-171.95685533314958 30.996354501083054 -4.343021273923619 9.406898373386442
-442.92349067718084 40.54558088577792 -0.5045660249043886 11.51947254058025
-442.7808940119584 41.06860322985283 0.6144084429317676 13.011097068067615
-9.635372900776723 -6.335731139291018 4.3977692782071784 -5.951487331329889
-599.7539720218748 -4.042426644816834 15.350750950722787 16.30514453894471
-602.0259330382219 -14.403207181829657 14.754821134574282 17.819615202441252
579.490830157733 -41.24696863600745 -3.469369321819296 -10.830289678035808
-602.0049775272932 -14.325212184287114 14.924215561479395 18.047981645884608
-811.9317441805599 1.0159447258079033 20.27402404207464 22.640517847883878
-811.7819627024274 1.1309624766001365 20.30881379465523 22.570347241462443
-807.1926527027493 9.072657464809332 21.37312196422746 19.929573156441553
-807.1446317345823 9.251388057321325 21.761299810960484 20.452888579413784
-807.144798844358 9.250773648764353 21.75998202826163 20.45112860587486
-591.0176327518407 17.65769494376706 19.327048839414953 13.77351362517259
-591.0073751818405 17.568326164463336 19.374043058630942 13.855726892104439
-584.4768863106588 26.048947307188538 10.342508198321926 16.290645084888123
-584.5327473170743 26.236973217917935 10.265392378184966 16.240511446713697
326.77239242602315 -28.643278072248993 -1.8935819761826964 -10.64522419871613
-584.5328060941127 26.240793279066512 10.279294013965146 16.25361120009396
39.79699484067631 59.378562373067936 0.1631665768435097 -11.779721384255375
52.00747819718547 74.44941055499403 -19.349169881466796 -4.742262116311882
52.08918049587594 74.56508780970985 -19.501482527224674 -4.888312418271885
52.08667702832969 74.55798925533043 -19.512020169918088 -4.897654555494861
-444.697022245184 44.03514467078703 -1.1857190280689303 12.486117824671265
-132.92754618259383 25.497869050866488 -3.53615241691986 10.348756391538126
51.614571671312234 -2.608538523728396 -4.0487642639795105 6.892601185185083
51.19312963210176 -3.999076746162986 -6.668770911907883 3.7916385569638242
51.192351374721866 -3.998320965801778 -6.6630461580900535 3.7931924280924116
332.1080803789465 -20.677328207212046 -10.339180107720681 -8.28253946484535
55.31983376080863 -1.0594793480406972 -7.972313882887758 1.5733657739560118
55.49780666085854 -0.4437607933999226 -6.737703539218725 3.135472817144065
55.261840846877135 -0.7287679707325637 -6.704800158757901 3.192129075074685
55.5022748804551 -0.43662008497016663 -6.740855702206215 3.1193589569392177
48.648828313065664 -17.820571001884176 -4.736448338448088 3.8784545474320242
158.33306428684315 15.202450449976029 -11.472580480173532 0.1332451059969064
158.18211229418586 15.05961828023961 -11.39285999204277 0.23402155100669983
161.96924113771405 11.260908818721214 -12.14888651558691 -3.245453923187957
463.20316659442216 -25.859947476467315 -15.132677477553568 -9.130472758182442
463.4605105766188 -24.916082025154484 -13.113406570768676 -6.438800307493365
332.15264462429707 -20.5936547395817 -10.378818576818524 -8.334277179308506
472.7591885564415 -6.181520950569518 -14.342260506007358 -6.951459148378863
472.7922702490871 -6.264525145150945 -14.258864735709812 -6.892846844194065
472.8826509864985 -6.443925848823003 -14.157031693345266 -6.859202583047743
211.20934427031656 -23.452210719089724 -8.74894710785453 -5.193278812979904
205.11028512106637 -28.2070972802963 -2.2097064895682803 -7.346502847406106
205.1098315544 -28.208765007717066 -2.213283673246102 -7.351280625509234
205.00574316406906 -28.596179564955616 -3.054705002126435 -8.485639676304496
-492.43341398925236 -15.172650856903394 11.624513812181606 15.038068368659511
-492.43349335482117 -15.175682154519972 11.61368639546362 15.02576797807518
207.89217762737576 -0.36255705577113695 -2.4650688161856444 -7.062179198611641
332.15381061633263 -20.593017760416878 -10.382424323063873 -8.333729845031261
