186.39417523757717 -2.073702247853743 1.0315611591900615
186.39460075326735 -2.072325669207933 1.0332578775877421
186.06164267367464 -2.6472505432190094 0.9694859339123605
186.0634828619309 -2.6487006948832126 0.9581075264604052
192.28543117108902 22.772915193346574 1.7044471189898676
415.51310761328466 -11.961414753271061 -0.8692882966394244
141.09765738713472 1.8723682893353453 2.693260093772127
-465.8610235574524 -5.591740921077323 4.802352438409319
-467.76577872037876 -3.9666552032539095 4.333984052031629
-467.90737222364777 -4.24824934298985 4.298698289906222
-24.222624141163664 19.734490616823052 -3.1061919856090827
-467.90807919191315 -4.250536444096331 4.295879296270951
-464.04014073049603 1.134145512615403 -1.6157225224851555
-463.8234646388606 1.4861386523849072 -1.6235804946291377
-264.4940345765257 -100.44954630522058 -8.885804886363633
-274.97061683245005 -111.22809094493432 1.0454967663483665
-200.18574199107337 56.75338478058837 -1.4963893091660245
-200.18588276938874 56.752929351026985 -1.4969506542941438
-184.0802030545512 96.65920700508515 -2.4540063058683477
279.65843334227463 35.925346031249404 -4.911263514489047
280.023340968335 36.09587209776259 -4.828493083405516
-24.222139618134275 19.736058088474174 -3.1042599811704013
279.957777735245 36.249520229674154 -4.884061218417952
279.95795400675354 36.25009048267888 -4.883358346275455
621.4602724279579 18.396439033349672 -9.183888985450599
-56.25171833939765 5.815523356558804 -2.7457554772531902
-56.250247608272815 5.815808055898225 -2.75043219151301
-56.25100214181046 5.813367077173521 -2.753440848833201
-55.80858617814915 6.58548857967824 -2.7094902898141107
-274.6800660454962 -22.77003074527916 4.622172889369029
-274.68153140548173 -22.774771304183727 4.61632986281629
-274.46927809868964 -22.364994601861614 4.7232351381875874
-24.223882584734362 19.730419449583582 -3.1112099457917255
-386.47822558229615 -13.248032314301843 6.662324422398802
-386.47734624444985 -13.247221589500171 6.660318007738256
-386.47739473467277 -13.24737845941104 6.660124655835329
299.86491503267604 -13.438906787380379 6.4088045285925626
299.92265457693134 -13.223010262036723 6.444577735354437
299.92256276891203 -13.223307268641992 6.444211656277102
298.6860398326965 -33.9181138893433 4.56980293748569
-26.070149948076647 -1.2210591719072819 10.135956677262604
-25.484644794087615 -0.25445524645118295 10.405437632390436
-34.371346796502436 -19.93166819636025 6.772783933610958
-24.224042968509 19.72990059470655 -3.111849466634517
-27.458223045559055 -11.711625612785205 -0.7164117862052257
139.4071672399026 0.5240003558058378 -8.619267730222441
133.08782579520988 -8.311327931129975 1.077814592340458
136.6833227523999 -11.998463916668712 2.087099370305541
136.11513535171173 -12.668289147666044 1.9356659494401842
135.96724624212138 -12.818490518173691 1.8969064377429738
-226.85472798176767 -74.42338495628022 -1.0818108558120136
-226.85472798176767 -74.42338495628022 -1.0818108558120136
-226.07160951528317 -73.12138043953392 -0.9003579678313618
-226.07160951528317 -73.12138043953392 -0.9003579678313618
-24.105123331642957 19.925581568345105 -3.1242576249082994
-226.0693310116558 -73.11559617749509 -0.8951972400409516
-649.4445177587841 -43.08572314119173 3.0081237666890708
-655.4240271578901 -54.12578941714867 2.1595720954018156
-460.43698584399596 -56.016699174217436 1.3346592462878892
-460.43698584399596 -56.016699174217436 1.3346592462878892
-552.9097121262057 -17.74300142643733 3.1438643034743827
-552.9096267564954 -17.742725248490746 3.1442047095596997
-553.1455635321488 -18.073395994020807 3.114276266096201
-552.3923491871934 -16.976319319024892 3.1926276657489234
-555.1629005962204 -20.284998224142612 6.190716311350108
-262.7547152142649 13.943907909253646 -4.87401383646083
-550.9624992766737 -10.848875190487703 7.953931459298477
-550.2830712714706 1.8992180241281829 9.006716970765204
-387.64691633391425 -17.22958315708519 6.075695832190563
-387.6470427140572 -17.229992007201723 6.075191899481267
-387.6468433142755 -17.22934693257574 6.0759869933094155
-275.12244537374846 -25.64466854927317 4.319296223636936
-275.12140848032493 -25.643778007564553 4.316687435047717
522.5768875413644 -38.23170588369188 1.7219300870168188
522.8603952353553 -37.68226644612419 1.8685805935648239
528.5940737797051 -22.45487969425585 -2.0060430032119623
-262.75502985416216 13.942890023039054 -4.875268444211471
528.5952095606646 -22.455402327318566 -2.0120914271561
529.0163087792878 -21.664651213420804 -1.899879182004999
535.2475105217175 -12.190600852870629 -12.249471861993765
-268.7860969901597 -12.623225492176445 -2.669013539483397
-269.0525970715364 -13.025102077747542 -2.6640068593725865
-271.25480972231844 -21.29562150593037 -1.6657272272237058
-271.25511534364836 -21.29661021595775 -1.6669458726464117
-382.1616989945134 -3.9757582515672687 -2.1775692119390397
-381.8514180791834 -3.507533424971071 -2.1851174982189447
-384.3080314251308 -7.755820297753726 -1.9021731707367588
-57.5860704003753 -0.6227680305824141 -6.545137968995169
-384.30908094147577 -7.759215568611871 -1.9063580481250173
-384.30900407622045 -7.758966903093931 -1.906051552444116
-546.466110669468 5.833562876363363 -1.0688901299748284
-162.58775773639965 10.786605064710443 10.068861374485394
-167.01186173891003 -4.960443044207434 7.859460723323124
-166.94325743284065 -4.717872469121678 7.9037647892833265
-167.01129464677288 -4.905893166691249 7.877421109038146
-167.01223694177483 -4.905732771326386 7.882421202054974
-417.1433986657666 -6.439107929162805 8.552746816559095
-417.1434048573456 -6.439127959440574 8.552722127999177
-57.16835480873189 0.0028884555800139933 -6.545632940641433
19.97412824431047 -2.0279798578350636 9.646907043599942
19.974287190027436 -2.0274656551816665 9.647540830228136
492.27123938409926 -41.74016875322311 3.0883198476748333
493.68047591419975 -26.313415960428273 4.522753600388135
493.680645210792 -26.31286827186929 4.523428660441076
493.6364743137501 -26.468058518811272 4.492675429651454
501.0086812304435 -14.655421689861168 -6.123801210982605
-328.3939606650064 -19.069589148580995 0.876816443318191
-328.3941846820347 -19.070313862003303 0.8759231898148174
-328.46733317158674 -19.269675484954938 0.882695920003296
-57.17097002716844 0.0013034807956655986 -6.540786879245432
-273.8863571031379 -21.503061178134207 4.904779513547682
-328.46744299204664 -19.268137366236406 0.8867372152139753
-440.0135943411813 -4.3586407349570155 1.3978919052435452
-440.0140685670863 -4.36017489438488 1.3960009606414425
-435.3206004205517 9.956824964942573 0.8209652874740136
202.17850366096678 32.96950006147913 -5.2695142079408255
202.178596658339 32.96980091573346 -5.269143386401289
193.07103015743974 24.929003361800298 -6.231507991914134
-178.74039881760987 54.82051952257477 -2.4405776027142614
-178.60076895495052 55.16964263691644 -2.473829452992869
-190.11961057665374 36.69849908285897 14.173399499820643
-261.1734038193348 30.503111551035822 -7.378354816556135
-190.30037388563665 36.203981179511594 14.082636499480023
-395.0650970993485 23.611958932455863 -2.9108954159707285
-395.0651748743755 23.611707323767103 -2.9112055392475455
-404.2590700505489 15.011222919181288 6.800764605319859
-403.23942166358853 42.339994513011185 6.618126224925881
-161.35272348156337 8.681661736799214 3.723271384073886
-166.35732716538436 -7.107575752790591 2.981026494047252
-166.35730098368938 -7.107491052849671 2.981130891975738
437.9509680435506 -3.1419183315504347 0.36092163511951547
782.6464250291906 -26.745556717562497 -3.552206675172296
-260.54420588045724 31.366913029448398 -7.3835345676204
782.0092909194383 -27.77213488511854 -3.7244723286155432
781.4885650924693 -28.68799482427354 -3.8834599900660423
781.4858009648021 -28.689552449154704 -3.8757692898045155
782.0877182712874 -27.7195193231305 -3.719838878375661
782.0876608493617 -27.719705087850503 -3.7200678449258513
129.92876479561386 -24.821773820647916 -5.964422849431954
931.7610776607038 -32.665722946779105 -14.548334604437201
931.2971404190486 -33.37375389392985 -14.544878157719225
930.8621923785951 -34.056622894914796 -14.543788381943978
649.9600298161172 -21.45958083715266 -11.289122825455557
-260.54416806248827 31.36703537372808 -7.383383770699599
661.1886371159599 3.5565637612990844 -13.590574472315563
650.5664186273557 -8.570284776578731 -0.1452695849927954
650.5804336031024 -8.782416069679682 -0.13627547642393978
650.5779608401692 -8.781086270446645 -0.12278253941825745
644.8435963148404 -6.703740026236796 -1.4778621679969457
644.8426904394994 -6.706670607158679 -1.481474287762851
240.35407543463376 48.57260510627211 3.0419558784810166
240.35330892478976 48.57012538390383 3.038899469336994
240.35168628467684 48.564876012144126 3.032429299566947
140.697328475888 4.335269027992323 10.168308641056772
280.9728562200021 60.982292399018824 -16.913269480317993
140.69675714369177 4.338307305762625 10.179171880938625
141.04671733480941 4.72612273982063 10.318683822279297
141.04677900318669 4.726322242161937 10.318929721296756
135.51453316710175 7.4605928592553346 8.973313858020779
130.25531812162535 -13.794840269510223 6.108620101511468
130.06163271824474 -14.216424922428855 6.002710203910515
129.81522278705356 -14.70070954868593 5.8928948196101505
136.00203315877388 -3.799012820760205 -3.8924507090672518
410.890038342246 -35.70227078498097 -5.141456204637605
-330.9648330798922 -24.379060458223574 0.8849942892045819
281.4435042425588 61.60974842545659 -16.93515514060672
-444.72624519981184 -19.849583757151212 2.05457298685823
-444.7262909305978 -19.84973170005772 2.0543906380453927
-444.72594686897685 -19.848618632690005 2.0557625611274166
47.54374785694952 -1.1701307302830006 -3.5775653728546275
42.023405900175256 -11.814441083609738 5.959387929542319
42.02444358080648 -11.814415347919804 5.954439307150153
785.2538756360268 -10.9867921588987 5.316435656544599
785.2531476925659 -10.989147115627533 5.313533028711284
505.36645616968127 32.68270437369196 11.48619402240429
505.36731058302547 32.6854684743959 11.48960094379678
269.9820931924312 23.383028174093923 -12.58958839117506
38.86198394403438 59.504109864853135 18.917774184955313
38.86100063535859 59.50092878109617 18.913853305959623
38.960130494436775 59.3008305017239 18.94041998661955
38.58948397056654 59.073552001138495 18.80699677009087
38.56331254086403 58.785185750122 18.771922919556104
31.149263145573865 62.5684566376899 17.002725472916485
23.395406087698667 31.76944765019997 12.819578923125407
260.35092465506006 17.17993672754975 10.141781950621677
260.60127786493456 17.609311815798716 10.239717063289687
270.9251220007635 36.41019864765925 -6.6558704917641425
275.3522222243172 26.855798355901 -12.24721405094854
-201.5865928961649 63.40937874031784 -2.548183309676448
-201.58655693296876 63.409495087609734 -2.548039904281035
-550.0798159756422 32.823357022148635 1.2357539853498858
-541.5037173531632 57.17687662799756 0.4572826934560513
-541.5037435348678 57.17679192801322 0.4571782954701985
-262.7465560831799 19.561991140758693 -0.7947431806018149
-262.7305692510881 19.50144767557458 -0.7791213940291382
-262.73007636439314 19.503042205024972 -0.7771560378095443
-263.10990090021943 3.4869167504053733 0.5991859209876782
-263.11074147166823 3.488041830151628 0.6047960997026381
275.35225339312456 26.855899189414757 -12.247089767547006
-262.6266656873929 4.144765759986497 0.67686348412535
265.2413451486044 13.906274669217984 2.0668390266958174
-164.553267964887 3.559714283912623 9.104856103111349
-275.27245489113176 -24.303787129118646 4.3676435954790715
41.10512242034555 -23.343629699471258 5.000477306097996
41.16869587477864 -23.168201062016315 5.029643929349169
41.129498773886866 -23.314192464744057 5.004160499213679
41.12988212691867 -23.31295228630429 5.005689094802076
41.12892304868536 -23.316054982513247 5.00186483342218
40.993461458948275 -23.658307925120248 4.930513137013513
46.03401718535431 -15.501899506328197 -2.4028328110848305
46.033954148092356 -15.502103437118445 -2.4030841684406252
-126.2612930164291 -18.127979068893318 -0.10818388363436801
504.7776480069104 -21.509398403424075 -4.787936344199766
-275.0031333075106 -23.851512306995147 4.497789696917051
504.77671045735286 -21.50791128655077 -4.781106595830883
494.40670418182884 -42.97067123068685 -4.553207941295137
496.75201590170315 -26.778803447416834 -5.750908444224928
784.5992231380907 -33.30011487676085 -2.8820819844634054
791.9022543240575 -23.91559221164914 -13.248995181598985
800.4538839787829 -0.294950622111919 -15.720735447213553
800.4564551480465 -0.2981652466582435 -15.736034968867168
465.13074405800415 57.83331669750672 -17.54305748178197
454.4863734617613 50.0770439187509 -18.055721989046056
453.41090573814836 48.587771168561986 -18.05587986673475
-275.9803017874064 -29.655048041699366 3.8444737372629114
454.2400141053052 49.71243408650119 -18.079072011480555
-156.58387338618488 24.605120414830626 -8.082865289611803
-156.5830794348727 24.607688913358633 -8.079699456232364
-156.5827485514062 24.608759348878408 -8.0783800781929
-157.19423068393104 23.699686326580473 -8.075576608971145
-398.01589326368406 42.64364959221087 -6.119843971207502
-398.01567188637347 42.64436576618877 -6.1189612424271616
-8.265336108466911 -4.995061903270903 7.8721747669662445
-540.5425203070839 -9.025456012480362 7.391809772706639
-541.2272650809548 -16.55038875926688 6.694516507114726
520.8591009272196 -46.25424595192473 0.7775026914897138
-541.2272432431248 -16.550318112045776 6.6946035841887115
-730.1404049535157 -0.6519102669850576 9.318465612507778
-729.914269139907 -0.2879454459874219 9.420995772071803
-724.8662830910289 11.878027931955993 11.597143597507676
-724.8662410005983 11.878164098012421 11.597311430613718
-724.8663603591997 11.877777963006588 11.596835495319228
-534.4596873804072 12.308944512134262 10.42498342429356
-534.6477506543081 11.86469423135965 10.326359438925193
-528.4801696396723 22.016763393419506 1.2041366632281925
-528.0900781162954 22.852735960652453 1.237524896317228
294.34003713202605 -29.097257858692934 3.8637942556478007
-528.0911019076053 22.85364837025176 1.2433907496350547
33.95739251671926 60.15014814956162 4.809751175247479
47.19040120173279 78.54531622332047 -15.382746021670116
47.61783574921278 79.20943501758488 -15.421957956942672
47.61667104365463 79.20566709532636 -15.426602155057852
-400.55787916191866 42.30106022085137 -6.491383376287365
-122.03133319612418 15.834308330274212 -7.848978680348016
44.866574611762694 -10.755734357487388 -6.885806858833738
44.86651828134549 -10.755916591089184 -6.886031473057165
44.86514609734201 -10.756635572158121 -6.88324528278811
299.8226265178901 -19.672558012116536 -4.597608463229695
48.52967427584321 -4.622507891837699 -7.267557466613169
48.52969868196193 -4.622428936007706 -7.267460148651477
47.95128560492086 -5.508904792680226 -7.270087231502884
48.50392251304849 -4.644454721240353 -7.271979649291371
43.84161704410821 -20.7425992693922 -5.389201431599215
142.7922952039719 13.335935398744157 -10.113148627849894
142.48424915058922 12.878138039844298 -10.093094555507133
147.71271623698155 16.585549384820027 -9.822203081131477
418.99750995503393 -21.58963688264138 -9.246367808165742
418.99782873834613 -21.588605592107708 -9.245096678741913
299.9638809376837 -19.410495177965146 -4.593588848769816
425.98127082170424 -2.4315543122425893 -11.217034340944023
425.7486033417411 -2.877196127605325 -11.19578181304123
425.3432805331583 -3.7034061408616297 -11.163891031165017
197.7829411777001 -7.2056646586617745 -6.940229464151507
189.7420471242655 -15.252396054920423 2.0828147792006635
189.74172313134596 -15.25344419896357 2.081522876811609
189.74171079567117 -15.253484105889871 2.081473689043851
-441.5389968531788 -14.154667118682267 4.496459236039526
-441.53821005002817 -14.155296119138827 4.491690653975531
186.3938089788964 -2.0748871251563283 1.0301007245673799
299.9656290368938 -19.408701753795714 -4.5957137264374985
