209.92528065055987 3.285323630650063 0.05206670503666677
212.0223231423653 20.929439217547447 -6.12245576730051
212.03604077973304 20.910768550552017 -6.086795438421937
212.03461243442823 20.90576822021719 -6.087517154736909
211.99227984963508 26.35971570954307 9.464529386697482
467.45644437593575 0.5317862907376577 -2.6372864034378334
155.8102372312021 15.138147002138057 -9.433558845406708
-509.5494523061476 29.11589185538964 -15.602768775921255
-510.71764016672336 26.477145796067514 -10.288932632637714
-510.7063063550058 26.465624943272157 -10.30682937614193
-34.801680807298304 1.1696669863010691 11.581254398897194
-510.70928604974756 26.470409058548558 -10.309696114875035
-511.5296696085475 27.654051310854594 -8.014871517537092
-511.5594915288944 27.659745560535665 -8.017760580229355
-246.59909058784862 21.669618968669557 -46.12150947573205
-246.75746246076181 20.867946149377627 -47.875152728987075
-244.10812368424178 33.702802680563984 13.246098708670083
-245.30338778595396 23.0614700430927 16.999203785206838
-243.9485556423813 29.747065838002463 34.31941650270276
287.55253079687384 -19.88645624509016 19.989349354865347
287.91036256969267 -19.912933375276797 20.014948798774395
-33.646573040614776 10.969885335733036 8.147669605929204
287.6759215086696 -19.888346904667607 19.975958572077005
289.13189167882234 -6.907600760632405 15.396820344980526
677.515685465587 -28.027422356878937 25.2369174989432
-63.45424545791497 0.42100127115452296 6.433359016095982
-63.45429543138784 0.4272222637001236 6.429259362368078
-63.45757119108689 0.4333893884868041 6.425768253714793
-63.481733584415096 0.4548502213430399 6.452680235739003
-290.6100491065178 8.39533918892665 -12.439607712098356
-290.61528069643373 8.403235544681172 -12.442975822632974
-290.6011153437986 8.41515022256583 -12.426531754747119
-33.65387537634201 10.98182912884159 8.140671063253844
-418.27745444955946 14.677920045285125 -12.254446725065124
-418.27738442172887 14.68162233201809 -12.256420548431137
-418.95778589805474 8.721097290017715 -10.159092796974134
336.9935700471043 -25.651442131799755 1.4537931136663336
336.9171849177318 -25.642561727901096 1.4486153149429846
335.66653465696083 -36.59807361069451 5.303483856484473
336.57438176001045 -37.45084313035049 -15.003578499166029
-31.661152660801392 -5.72839044433381 -11.607482549755959
-31.530455433669008 -5.731825557781542 -11.578636603888746
-32.65607713515252 -7.511931390568367 -16.421672443464296
-35.23479013128452 -2.45317001891006 12.84855688573874
-32.664970575586494 -6.424272210292092 -14.107233025261753
150.000596419703 -7.785093478062386 4.310728225753239
151.3703714789821 -9.735912800166455 0.5414685749396225
153.5429211786577 -5.838094882371915 -9.908109301280147
153.28201667802747 -5.824064625971065 -9.922265836246385
153.20777049686524 -5.814436404724838 -9.90388677653784
-218.77948866658627 9.337865050924652 -38.48832762081512
-219.88238124036687 -0.9316597130944306 -34.84274672880837
-219.8253378351001 -0.9333370718854582 -34.83121953055216
-219.8278542872938 -0.9185728141079603 -34.83898549437154
-35.25678073866505 -2.4413224579942803 12.822935958122955
-219.8250549600496 -0.8855490705944514 -34.85151613178559
-697.3670984022959 21.104043813410822 -28.31174741703882
-697.710512173864 20.581185232021937 -29.69254821331234
-484.5697613272312 3.931858034475443 -27.321716926362072
-483.8891624435838 10.275102302304521 -29.573901859430663
-603.9289438772199 18.777019683641925 -19.696788205182703
-603.9265390519643 18.764613526758033 -19.69016029635334
-603.9718919113499 18.76721936144202 -19.698330965851955
-603.8693916795277 18.763413442364758 -19.68732050061961
-603.8606844206954 18.32358427745352 -20.622523462741153
-299.50219432700516 1.1255299047334675 6.38488260508372
-603.3494134556646 19.194326282513902 -18.250480505894703
-603.8527567133166 20.397890251769695 -5.745482264631979
-419.60543992834886 3.3427561315919396 -10.562390064161518
-420.0155517976103 -0.23844420573424352 -9.302891911214108
-419.38638302870555 5.255135326794029 -11.234934813341592
-291.7363059713036 -1.8805025174261596 -11.160134134900531
-291.73625906668553 -1.875646670085187 -11.162795979958128
591.4366237097638 -46.84493005292243 -0.5536132519602663
591.4560381042269 -46.83404041449185 -0.5267934835343642
592.3755655111015 -34.47168846439327 4.211406732485076
-299.5037959079679 1.1286529942450176 6.382775440546459
592.3749139727532 -34.472314387118054 4.209996321118679
592.362906037591 -34.44534490211063 4.23779690378027
590.7453342879895 -32.21876865874925 8.549814079806957
-292.0819037772603 5.43743403059216 -6.611082315404129
-292.0708457792041 5.428816452027611 -6.603162379944463
-291.83755654759824 3.5843015676197623 -11.84469718972102
-292.64717798427245 -3.235917280327522 -9.457497156826584
-420.646697252368 9.64476309043168 -3.723656775352701
-420.66035862474666 9.652079934856074 -3.7306473658460066
-421.21268579160204 7.324790218180213 -4.517217777285527
-66.30744823933 -14.702050759246236 8.132150026303561
-421.21586762215276 7.326961446773609 -4.517639731315086
-420.6390467157705 11.851684277926292 -6.104149485474762
-605.1327500098078 24.211377557318382 -4.647774299449051
-178.6775092227481 6.2166038672407895 5.010129935919897
-179.31605989392554 3.1259158017678677 -3.7341037545355587
-179.39531121066665 3.1339421471660875 -3.737223367074342
-179.34498978840705 3.122689316671687 -3.718789590669086
-179.34436236892427 3.1252429505126673 -3.7188861709429584
-456.4232319923488 18.193770067866183 -14.807026745887669
-457.35715546065956 9.68826314316126 -11.797220823351081
-66.29325817339817 -14.688565394074605 8.154452110466755
21.010835467523307 -12.581985901119545 -5.147382237696835
21.01336006781638 -12.59360128936883 -5.141038610532567
552.6036041157136 -58.00758375330124 -9.130582227018515
551.7925536419896 -57.656099404710766 4.810721031924055
552.7303766678409 -49.4787179095792 1.9352160473500293
552.7593892824873 -49.4900533017322 1.9025540815628168
551.8265649625954 -47.050582582344006 6.832980735509626
-354.45220704393995 13.524414413641406 -15.542633771904411
-355.4002815472674 5.243529667244579 -12.630205226641106
-355.32807075520225 5.2340363108087615 -12.62062176484317
-66.2940077609612 -14.707408200036452 8.16435821770325
-291.37162218127736 0.1445182390424029 -9.17711923961089
-355.32720650623463 5.241302942659745 -12.622689442429166
-482.98532744487363 17.40204531983577 -8.557159709828833
-482.9885873823725 17.41371124159876 -8.563666122104369
-482.6149077238917 20.375409453724224 -0.6368904444280079
209.67932639558217 -2.3428178027070787 20.498197818130098
211.268041858779 11.613513423043019 15.585495208301674
207.24951174368965 4.793776667225328 19.88490634676048
-216.87862545420415 32.3143940234308 18.156209577775048
-217.00614173763472 32.33865466123851 18.115946245562814
-215.58521030219293 28.499069289344117 10.348250152697815
-301.102464533209 8.720127603449955 18.187607537162556
-215.51329740819108 28.465890147470308 10.297779976210343
-455.26829526148657 21.563548295186806 -9.593995894940614
-455.27048267081267 21.574671010057212 -9.599966342413987
-455.1732024624922 20.54435072492602 -11.770597007600454
-456.7173553292989 25.580915139679764 14.748217017263133
-180.29582256193484 -1.0162705983485205 5.162895642581891
-180.69184728997968 -4.041266335438861 -2.9721590615621314
-179.47186033243398 6.620219286443617 -6.722410251182764
484.15299400822545 -17.695392330105705 3.310635386326589
874.4516996027077 -39.995782109194366 3.6705184569995604
-301.06159997013174 8.728180106097017 18.16847750597958
874.3866383679593 -40.00407666153432 3.685883546709918
874.3522219113164 -40.01194682817252 3.6442374116332514
874.3521096426891 -40.025578354850126 3.652114065783598
874.406186046281 -40.01244097083117 3.626909529240506
872.6870803680393 -53.99147204367745 8.516492082278514
151.78438651052807 1.5680759270401876 -13.110394087666881
1036.2467387465947 -26.115631260096173 -7.336004342066863
1036.2667187643028 -26.12253217321353 -7.3352310070891455
1036.2805216321617 -26.13352677047804 -7.358981336241775
717.4524055644632 -13.128973530559154 -13.381721850031544
-300.0451558536902 17.117443918372828 15.23702576278879
718.3460538189584 -9.192837358989472 -2.7131565442747125
719.2569532560271 -11.368255364384478 -7.112032414093119
719.4482652564052 -11.380594891130102 -7.09244968035315
719.4498129031781 -11.374089463221766 -7.092191789756432
716.2528232049405 -18.353548876265425 5.556589334039784
714.0721611015829 -36.90845962162023 12.060009601901392
252.9509244067103 7.785289139917922 28.95982540096335
251.23945033016963 -6.7756936918857935 34.0632784679702
251.23268454098567 -6.765650000087224 34.05705298379404
154.79006283943687 -1.653163562075327 -3.3529706930212093
283.19750147254507 -0.2000179444578284 39.909695409973324
154.79242716630208 -1.6318598292352497 -3.359678090961442
155.00362724039348 -1.639815939017202 -3.3501391034478982
156.8222810787579 14.718306200413103 -9.128304768664549
153.9443384550412 8.746057005489437 4.579183267815801
153.67242058712446 4.516668809506985 -7.680333671833951
153.68370194572466 4.506431554932435 -7.713388322656221
153.7032087699922 4.4936023342362015 -7.690039748300128
152.59870828344057 6.935497094730837 -2.7881947562558174
465.01181050937913 -22.178858875796358 -11.130300557110342
-354.9486656667633 10.457388919801392 -16.45113963302123
283.22713969032554 -0.1851079890547389 39.874101810399516
-482.71606335478833 17.0965971833987 -18.224399603570493
-483.6100476733757 9.138334000817467 -15.41757448469145
-483.6074680482599 9.129770103894836 -15.412577679291335
54.413041490520236 -1.1211395471031582 4.261601781589511
55.619460715148264 -3.6861195283519037 -0.8811474065425902
55.61892469023867 -3.6865984041494433 -0.8821161665043682
875.9709690459651 -34.87342181378209 13.044458860521027
874.0649779081356 -50.99171552906352 18.689229077800213
555.0620730499509 -18.584730426194636 34.584731904529754
557.2970005546803 0.310598769391367 27.967722093656942
284.528778817455 -8.49394446763714 18.285965152594553
26.952228658155445 29.623779554604177 14.482898235195915
26.943503088583597 29.65645234742951 14.464367471495228
27.24303303872649 29.631720120331174 14.504465665019909
26.88457459804704 29.651985681440625 14.484523832108273
27.02653086819886 29.62654685154182 14.43451498612295
23.44340115055791 26.909525753923273 30.75297419292735
22.936505785426206 20.65338743677673 13.174997916341207
288.2985281667239 -3.124141240600699 15.263580220072516
288.3167333514222 -3.109592668950606 15.230143708439098
286.14967243558306 1.1839277871902545 23.759427044312055
286.58998751560983 -3.930057622415241 13.95884141370957
-245.6380665403601 36.12710290661139 20.706697078585158
-244.07705287345547 49.75636902180193 15.91308587186644
-616.4098884615638 47.091276096642424 0.8390600404622228
-616.1645534911102 51.61173662001058 12.714707052341845
-617.2461796733812 42.14346437527653 16.046001730833638
-297.94934137186726 11.713568679422835 5.909513834899211
-297.8748129441912 11.705122726525886 5.914707370413504
-297.87228301948494 11.700176657684917 5.918066856673758
-296.1440023322733 10.12487451252972 -9.89681254771099
-296.1432869510227 10.129328220431036 -9.89743989331197
288.2325072223592 10.423941346738511 8.909708142213104
-296.03374021575706 10.117814814309856 -9.896587130228243
289.90754077465874 7.781753707396284 3.7533645364214827
-179.49377168577945 1.1804697582686297 1.8992458967399022
-291.9848024160675 -2.3822221712391207 -9.493884214990556
54.27295284210949 -20.98047167228128 -5.565206336588754
54.22966076076425 -20.972532727114523 -5.576424994342857
54.280164330768415 -20.97769029287663 -5.574618149443646
55.660488514272714 -8.90430734957786 -9.821697948656757
55.654626449974025 -8.887093272677683 -9.831903676532217
55.697274221915876 -8.901860566261572 -9.855570719027643
55.10883577058236 -7.185594326589413 -6.347883070724989
54.12945573931326 -15.770292965821232 -3.326957743511265
-137.24443220699763 -7.495727251130917 -13.493729357923963
554.5320408837234 -41.221969894187374 -7.974896457740024
-291.93951528252967 -2.37939194471951 -9.501153334753573
554.5329690064411 -41.21570438566749 -7.976068851678468
553.5904943625123 -43.7573189361161 -14.748098669989018
552.1641916500741 -45.20355765608505 -0.5461107833945533
873.4345909846822 -60.802604150638224 1.8205403574591417
872.2734532446349 -58.87394248528531 5.609389672446888
872.5397889841873 -54.191521087493115 18.131013534311357
872.5380660012515 -54.19550311817127 18.127969183544415
482.25063383376613 -14.417360525614964 36.78710816861286
477.95478721321234 -18.377036961463286 41.653111064215054
477.8884533946134 -18.390555423673934 41.67808351662684
-291.79849857928576 -3.642774156432042 -13.465486271415898
477.9363669801138 -18.368984269589937 41.62934280538541
-183.20183654917727 6.216064123420045 16.268814200064757
-183.19904275494628 6.213308634165552 16.270243218296752
-182.06458107661197 15.591143148178258 12.994033103788649
-182.08569325737295 15.569868293737853 12.96941754254207
-457.5299010491784 32.77370495258924 11.20502076230529
-456.29357281921295 43.58555430209663 7.401650094835146
-6.274119242243739 -18.47668855412788 3.2565754821354576
-590.5916305426956 12.308474079255898 -9.257701612883412
-590.231283230684 11.73472624459513 -15.922450821035389
591.3121446845497 -50.379185025801135 -5.158993834813286
-589.8162187309764 15.5108653462124 -17.25844166198827
-802.4556667279505 33.675910182590606 -15.66438094666612
-802.4086672321787 33.670838938484316 -15.673533165719746
-801.7139184543355 35.09066823743248 -11.842180495449993
-800.9087037098295 42.422397248740175 -14.436439081965972
-800.9105937406013 42.43102277350616 -14.441160979294967
-587.9787138427314 31.77107651089561 -3.0257198836829318
-587.9169679741863 31.76143040619627 -3.0152454184336954
-588.6083173706677 33.96370203649868 1.4857097044609628
-588.773156331579 33.97939463842968 1.4849052945904244
335.3560551068287 -35.49418089433528 -2.799650875384066
-588.7725065112143 33.98091692845165 1.4858773518346151
21.366030279871666 19.300637354999665 30.338275117181514
18.565302325973175 23.349073190512467 38.1586476074677
18.51120818235115 23.3698678248576 38.124371741844904
18.506352104876946 23.377182411941714 38.11988233968303
-458.85984547423834 31.263764132912904 14.163137920413197
-140.09893529553548 9.413372946303603 11.27309541493792
52.298237165771596 -10.318874218788682 1.7281001365553832
50.99116984323415 -20.603132463491036 5.332983017865423
50.990832586783974 -20.612824560693934 5.338262460710383
334.4269151058731 -33.431896214312104 1.3357447176186268
51.99364929724954 -17.332108701645307 6.58728825834131
52.93002101427897 -9.409212707753037 3.812636724438672
52.95313922204048 -9.415895809604306 3.8093293959185313
52.93602466341892 -9.39946610509121 3.8336867407121247
53.336596388422336 -12.997457712072757 -5.74828901811851
149.7562872555384 -0.546055988540401 10.075647029891057
149.74448149537798 -0.5688193367893365 10.06085629901133
151.78037153160543 4.2171817619345475 6.138968512900682
464.1746379340531 -25.8270003594017 -4.356726177300078
466.3208316936318 -7.058518022176218 -10.959032386176514
334.4134391678486 -33.41588934907113 1.3549369308620343
466.4661181622853 -3.448499514162784 -0.8978797927653281
466.5590863207691 -3.459879494880022 -0.8884884192693878
466.7564659061609 -3.476671503462528 -0.8857050678399965
212.05788062265705 4.9727676366259885 -16.745251650762658
212.32877591376584 3.820893078165209 -19.133746469282567
212.32365419685686 3.84423855370697 -19.146530641416287
210.49486484154266 -12.827082595219268 -13.246292843442088
-482.20713850086804 15.133277058021296 -17.509135775422102
-482.20774665199997 15.129325836179001 -17.508390564834087
208.10298133617832 -12.045066412097253 5.4167697947108255
334.41418154599455 -33.40196945606406 1.3483322003052685
