197.2751067242587 4.332079130389385 -2.8694855728119397 2.947014074532191
197.27550611987505 4.332176726695874 -2.8698202261865196 2.9472448387513803
197.219701180141 4.350110325721654 -2.8788353073814066 3.216043123034271
197.21829229000406 4.344605175038557 -2.8922501502768934 3.184948187250485
200.56690655808663 39.22143996430665 -4.37987875734535 6.5101702746726335
442.3762958326553 -3.6862575427756035 -2.4578989873097647 3.7694279084233004
152.05155725059734 -4.146253318340952 7.848580235772027 -1.9645227103398575
-490.8593537729787 -11.85606556224432 1.6279577068152302 0.1477049727713865
-494.58248406753114 -4.058677304363023 -3.2249153566442215 2.549276228748945
-494.57843374335 -4.110739035559328 -3.2186297381931306 2.5932175026722257
-31.295964131482393 22.345388815050406 -3.7643834756754533 -2.2378333081450275
-494.5790973143493 -4.110901185757378 -3.2180737323658626 2.592834102341292
-493.47120611742963 -2.2163281734954063 -4.291572774027439 -2.148414259405175
-493.48894941745203 -2.2100770460152903 -4.278323085102574 -2.244783675686824
-261.0868732950491 -91.7738592223969 -13.64057528761849 3.7108668757115937
-264.42479151846857 -95.19288207086122 -14.430969604248183 8.764621486619708
-221.9319454121364 51.490942265012364 5.237712916567002 -6.667359319745163
-221.93207754882013 51.49090997611155 5.237823633829191 -6.667435666121232
-209.29311430667477 92.52522304577936 11.18762845054367 -9.421526664205244
291.2199974984351 28.595305686603623 9.453323559228057 -8.3159080558714
292.2816636370688 28.821625653052244 9.784065879738536 -8.41000160600981
-31.295509352541384 22.345499943991225 -3.764764534796805 -2.2375705458681465
291.56069834768965 28.631039651682176 9.526718499985158 -8.413278925744214
291.560863798745 28.63108008132075 9.526579868620594 -8.413183330846968
653.8962112923091 29.158161756716172 -3.755561406896014 -2.308707670440774
-61.17037912390905 9.668545910558358 -4.090402733421312 -0.481251536715154
-61.17073197654742 9.664729378786255 -4.098191411911053 -0.4984216260607348
-61.17144019246591 9.66455631915538 -4.097597998127613 -0.4988308214891714
-61.14771654416839 9.749232055301139 -4.090681088797373 -0.6404787219094201
-287.1220378335961 -19.693147661732688 -4.107880771167851 6.208549271414911
-287.12341323324864 -19.693483752664207 -4.106728324990438 6.207754590056087
-287.0540489196506 -19.62852786389536 -4.092749994763538 6.136843198115454
-31.29714531496287 22.34510018181793 -3.763393762931185 -2.2385157756510106
-405.26846588906994 -14.397468038710722 0.1458994857179824 4.2917909675912975
-405.26858285461225 -14.398492833924553 0.141763269503133 4.283359129825491
-405.2686283684021 -14.398503955685614 0.14180140548966047 4.283332832699831
323.2330080401827 -9.231130122634807 4.876267600554761 6.30673302266885
323.04626369855697 -9.233317125187545 4.811919943509709 6.237632333956968
323.0461775260824 -9.233338182306698 4.811992147390909 6.237582544914984
324.6387347172763 -48.887733983413135 11.455991465849301 -2.871851204538275
-23.233148971132362 -16.534359165114292 15.290244364238161 -2.4733124995018456
-22.623168400953762 -16.094654713803227 15.636348311414206 -2.7200983540795396
-30.908996417479674 -32.95663957666574 8.242019912064654 -1.2448184109198266
-31.297295854798644 22.345063396807813 -3.7632676258725457 -2.2386027541518376
-28.195387778033883 -29.857104305454058 7.862378868739084 -6.497153228967862
144.03547794526688 -1.0656850758731888 -3.7713078033714265 -5.591606374013584
142.2310046930547 -4.153392544186613 -2.0847771652532074 2.2186181733744887
148.82062153273844 -20.693399620738177 6.317507830292532 -2.379347844107544
147.94725179736938 -20.933001514517755 5.98274924673808 -2.169001714620317
147.73678555644983 -20.937623273428233 5.913549041050755 -2.1200024645381923
-227.10238692310233 -78.02010209053573 -6.460501720479498 2.1420771125391607
-227.10238692310233 -78.02010209053573 -6.460501720479498 2.1420771125391607
-226.76139544191972 -77.7708418904281 -6.231180098916117 1.9302760836957953
-226.76139544191972 -77.7708418904281 -6.231180098916117 1.9302760836957953
-31.32270500226094 22.309602358978733 -3.787788610699907 -2.3770754620530727
-226.75987188516433 -77.77151216149858 -6.234637679368937 1.9276040752815704
-680.2650683244665 -48.668694962433506 -5.4136512173255795 2.093768368655253
-683.672549835572 -55.04888683701818 -8.934359750604672 3.9058848871148895
-477.37635556865354 -59.84133952794986 -6.456665166416551 2.471973133479052
-477.37635556865354 -59.84133952794986 -6.456665166416551 2.471973133479052
-583.0482100256742 -28.93194029557138 0.15083791296503213 -1.264581574802997
-583.0481298969305 -28.931920715417 0.15077077316316811 -1.2645352778459362
-583.2528513179965 -29.02897805211808 0.049934746107291206 -1.183213851779989
-582.8152966236305 -28.837727558552892 0.2484628379519439 -1.3753212882927166
-583.906949722668 -30.045138850915666 0.4074975696713342 0.717818524982406
-282.86621288098 8.917999257523022 -1.5075427281278193 -5.245095943256778
-580.19547248271 -22.10815562131185 3.6278139816406965 0.08314984699269357
-580.9053147091802 3.4606209899550087 -0.14377201580336352 5.701040560822733
-406.2296420720238 -19.334716587682884 -0.37101280594586583 3.7148691686853605
-406.22976069372686 -19.334745573971542 -0.37091341291178814 3.7148006311429773
-406.2295735350417 -19.334699840049694 -0.37107023303115483 3.714908768153329
-287.12521162259765 -24.477398066429327 -3.6253808223897024 5.144417426298376
-287.1254166580798 -24.478653641289917 -3.6311160301123335 5.132092920586044
559.5194314607786 -29.391429493848023 -2.6695672706105498 8.004253198421575
559.6168858829917 -29.29842592510102 -2.636504052368405 7.9287940527042045
564.2012761198466 -15.244771773706857 -1.9008643846230617 3.5878539623022645
-282.8665082063415 8.917927091817374 -1.5072952751452888 -5.245266577335681
564.2005711848471 -15.247849196233252 -1.9088546176161325 3.569586618643662
564.2533549398674 -15.139993690973002 -1.9073216661414505 3.3986012743277665
565.9313288793034 -11.530751351178582 -4.401471262347002 -5.265544693635349
-283.91946794888196 -15.548314569962736 -4.497068025927735 -1.5028060254732245
-283.98877008297427 -15.558883523092598 -4.5380955028522205 -1.336135595401975
-285.05942079755823 -26.197045863309064 -3.6287842542248008 -1.4494289193354954
-285.0597076568315 -26.197115959976685 -3.6285438950580726 -1.4495946616013862
-405.8821869129752 -6.451760711537423 -4.849001921282324 -1.7588044994108385
-405.8148905842822 -6.442603983944255 -4.80197470723625 -1.9278863978475824
-408.61156750746517 -9.262018728042257 -7.000867150675668 -1.1077119867474956
-64.3691303216321 0.5577903701334985 -6.733348919066904 -3.1685664409841876
-408.6125525925564 -9.262259442195127 -7.000041748730219 -1.1082811513192476
-408.61248044554617 -9.262241812344426 -7.00010220067863 -1.1082394659599373
-581.993442853525 2.0885546317268013 -4.576908379231979 -2.1868681127975256
-169.02177096045125 18.713823129309134 4.320168773935319 8.699261922454156
-173.3361640375045 -2.0534978252832663 1.9577317294804817 5.957283316332116
-173.5396279685123 -2.059753672748753 1.8851434777998382 5.910306357662944
-173.40455329507145 -2.029568429954042 1.9532097334134186 5.990471850192111
-173.40393968983025 -2.0280172762027746 1.9593682575276998 6.004096006493399
-438.47566321675424 -14.554576329504 4.407664200755358 1.313285651911764
-438.47566902827907 -14.554577749570823 4.407669070218526 1.3132822941313635
-64.2649259757175 0.6175334151997119 -6.699356097702671 -3.2729346564104986
25.05406147290609 -11.213711055526502 10.40789164362842 0.6821820642813644
25.054210661842202 -11.21367459965867 10.407766638262588 0.6822682632057756
530.4623833840413 -53.05932446105848 8.64667630727103 -1.1509284195677785
529.0474286807795 -24.125956933998147 3.839079353768042 4.967322203457507
529.0475875851903 -24.12591810411741 3.8389462078408907 4.967414015804871
529.1124860053424 -24.20158306396366 3.858869011882292 4.954334617760359
531.6638794706737 -18.997920091749794 1.457545514717818 -4.716925122965346
-344.7214493707574 -25.067353861793084 -1.4547990876908705 -0.7852886338454992
-344.7216596354508 -25.06740524188006 -1.4546229070648913 -0.7854101211030438
-344.5459454899887 -25.045979803865606 -1.4012035439131267 -0.7220644280589488
-64.2648646228582 0.6240144515314403 -6.688019851742376 -3.248211161598381
-285.3282308765126 -19.2853842233124 -2.1744111008827645 5.899465603389234
-344.5453207373578 -25.044407956344592 -1.3985314431852025 -0.7151875338456255
-465.0311318337208 -8.469932044162787 -1.5862385708038036 -0.7010760091194674
-465.031576946341 -8.470040811323624 -1.5858656113248712 -0.7013331872430495
-461.09636439359366 8.708446985585532 -0.6145625160647299 -0.5659140486165465
211.5775359655245 36.982771782550344 3.3635397736211186 -3.391760786389111
211.57762325437483 36.982793112441755 3.363466634338229 -3.3917103523365
196.175937030553 40.54053556311572 -11.535567644326145 1.2383239874217868
-198.6040879845825 57.790145386184406 0.5846233054152778 -3.864751701507327
-198.9291926925935 57.71013537190065 0.455190935621586 -4.046858393284015
-202.92471092258458 49.471168262817976 4.456556869020748 11.06394012878238
-286.5685733424762 35.81586645179497 -9.474022321048881 -3.6070469835196564
-202.7792530370925 49.33710586046088 4.521084577925553 11.131846791761749
-425.8606459979385 0.3121535158652057 11.38161470238715 -10.276412885188059
-425.8607189960137 0.3121356754117349 11.381675872233888 -10.276455061229035
-428.9110641134628 -2.4137669428462307 11.790944205636075 -4.929070290855207
-431.3132906612026 48.80740977227056 1.3833266105597746 3.2664508889194384
-170.41099728635632 10.151144597691244 1.2740415891662256 1.7923501769354258
-174.31962554801018 -8.793164271484338 -0.09033914013376187 1.0447829887450766
-174.3196009733958 -8.793158266442465 -0.09035973118902707 1.0447971875357562
465.3141749268405 -1.6113451652406923 2.91117698139204 0.23470688772912868
831.3792248734243 -17.103691859511876 -4.6612720757463295 3.344698355865998
-286.2487508881127 35.81301838605179 -9.323292836522464 -3.9521912210138392
831.0256073292915 -17.14068915965833 -4.8219456810228065 3.6796754252236386
830.8513445716378 -17.26110560323653 -4.900495287923133 3.7818597344306504
830.8519206460954 -17.25560147880208 -4.885343744339679 3.8152532825728507
831.1638145510631 -17.239774067154684 -4.751237436124099 3.4792145921441118
831.1637606538798 -17.23978723758384 -4.751192275624802 3.4791834512408086
139.39549753002817 -29.524935331763363 -3.077095079313688 -3.55864348199505
988.1726724054971 -36.16430699373806 -2.0667153001757455 -7.4376942407663975
988.0801014648081 -36.19108712480178 -2.1401493759857324 -7.226290507413885
988.0250604516057 -36.256072350257064 -2.174866068454387 -7.1120947891623265
689.3867775635034 -35.88821993968301 6.337806160080274 -10.09279459343071
-286.248715391487 35.813027060002064 -9.32332257912502 -3.9521707116464064
698.157050093254 -11.4039401497817 10.325923284081984 -12.92540272367497
694.5244079867465 -15.559027730542095 12.192936757528155 -3.5411044630737596
695.0838913249089 -15.414538863957546 12.374494973576722 -3.5557307502356736
695.0853841684655 -15.408008987864653 12.389409590567539 -3.524020271242047
684.7011356161297 2.063147814039127 -0.22703784954246298 2.624870303739956
684.7002853520535 2.0629400443119015 -0.22632541392000216 2.624379036063291
247.84116808572506 68.40709965695548 -2.4078503561610844 6.134841233498814
247.84044863154205 68.40692385178117 -2.4072475260418997 6.134425545470054
247.83892560811196 68.40655168766479 -2.4059713860323058 6.133545569693783
154.67183964783135 1.1367730464632735 13.15546660158629 3.0094206715372254
278.7656508617855 72.7322969661206 -12.477094447859011 -8.09357300444556
154.67352088935834 1.1396456128589192 13.16319832872918 3.0275358265260572
155.32404243223286 1.3367002154384786 13.387600862144843 2.9229873173745853
155.32410031510443 1.3367143597224627 13.387552362102646 2.923020761153258
144.4216009836792 22.37949327606286 -0.28765809111229573 11.627166458911688
141.20582536384003 -7.249601990952744 -0.45160214563140405 7.268686081913944
141.20336692450263 -7.345378242944031 -0.45829206733876754 7.295669778964298
141.21152606905306 -7.337484489274355 -0.4393382895678391 7.455307227112764
143.1633245783813 -2.2475104328344404 -3.1216266958034486 -1.9674933832395995
439.83646172317737 -38.99679755019309 -1.2908296119553855 -2.5215714944958343
-346.96690152691315 -29.28133766946525 -2.941747200758903 -0.1308194258871179
279.0235552389738 72.69611054014088 -12.370264048382454 -8.43472413632255
-467.8822835320665 -27.84156770695162 -1.2625869870731696 -0.7954590392113055
-467.88232645567336 -27.841578195771714 -1.2625510214012587 -0.7954838397692293
-467.8820035162929 -27.8414992827106 -1.2628216120281097 -0.7952972511619176
49.953918228342964 3.4862110883385933 -4.751099461256302 0.20232409550090297
48.276265807263734 -1.928196421785227 -1.3712845473085487 9.648051682653477
48.27567013460529 -1.929818119859711 -1.3784875410433224 9.632014853980417
836.3062933755235 9.827554931294452 0.7642972948209881 14.546736318271266
836.305610120418 9.827387971602585 0.7648697937978959 14.546341545390712
534.0048114620424 66.93245245203421 -0.6597297051119507 21.753900460146923
534.0056134245069 66.93264841872316 -0.6604016688191133 21.7543638199634
275.2665239660581 26.02030088705499 -7.497211084743407 -7.3147687792392775
41.95536426386577 65.67857267192115 19.66139430009384 7.97411497949523
41.954441320778045 65.6783471427219 19.66216763327617 7.973581719428704
42.8708048151604 65.94841713673306 20.013623281353293 7.9641437669030495
41.79728021278574 65.67235144395053 19.640879399674258 8.062061615953558
42.143823236434834 65.61702025141834 19.73804619573324 8.042148443623775
26.912232717388097 93.99235667449014 0.5755177294623075 19.85841536222233
21.836602625389766 51.39160443480213 -0.17547148026387874 13.746892626873006
273.0472027187667 38.90732910645648 -3.7502949648944566 14.670655261964113
273.1722697530472 38.89350991184111 -3.7185517028276815 14.440632719692742
276.0495679082229 47.56729746053917 -8.623793871379645 -2.023398233870044
282.5005893066046 21.772335591167916 0.16304553861466686 -9.954852891661872
-226.55140401128625 66.43246712264762 -1.0992353136272055 -4.592024943744871
-226.5513702547115 66.432475371956 -1.0992635985845336 -4.592005440454204
-589.43892806284 32.033134114156795 -2.4966240821018006 -1.8512302186189338
-583.9051175268386 59.01864116884899 -1.2612545274941762 -2.677496019937529
-583.9051421014121 59.01863516356583 -1.261233936756329 -2.677510219031952
-282.3116850852729 17.63937740144947 -0.6653056036601287 -2.566552734656271
-282.12253556062757 17.657809748430786 -0.6091548891807953 -2.5252154581588973
-282.12207293076125 17.65792279667379 -0.6095425265280745 -2.524948158272043
-279.3097107398212 -11.11122493113003 7.197826497469275 -5.588386803765399
-279.3090935158421 -11.108068472310695 7.203035275459312 -5.577989893383292
282.5006185620951 21.772342740074052 0.16302102542689922 -9.954835988329336
-278.9584042418194 -10.98907300467498 7.3363717815825895 -5.65514879413363
279.4544970888087 17.43107303689208 2.3362311152654645 0.9229074370444121
-171.38581983441682 8.542554814388838 3.0361159825124497 7.195706652325712
-288.1203742095525 -21.090495277676773 -5.073823565534907 6.199294025379058
49.67783690333252 -23.671585226462476 2.401272764369797 4.285953522792043
49.572145529457316 -23.68355420012736 2.356268898266755 4.216944960791382
49.69350553779533 -23.68552743718351 2.3955542718200484 4.260180804627835
49.69386535683911 -23.68543951214046 2.3952527797194283 4.260388701770145
49.69296515792192 -23.68565948361251 2.396007055611571 4.259868582913537
49.77330728690405 -23.75169089694062 2.4251854702059785 4.305914613667826
51.62352891594487 -19.991408602310354 0.5489893572200955 -2.396470222246809
51.62346974808722 -19.991423060589362 0.5490389339466202 -2.396504408479215
-131.16490708042497 -32.102183902716305 4.479153887501291 -4.250978715350616
537.2386647370669 -40.45972131382813 10.527032952108959 -8.591586285557817
-287.9232603161973 -21.070447044949727 -4.990525169472355 6.048265596782742
537.2394446244281 -40.456154830597946 10.532893763725514 -8.5794650618154
529.5118101958398 -58.66170511026184 5.5657079025735925 -5.857237002863218
528.9153625141435 -32.70577537806743 0.9431856453948179 -4.326265534519951
837.6455521214655 -35.30838889883847 4.2739248859383885 -0.9982266763290666
839.9469366756443 -32.06635784567915 2.569682125917718 -8.914508945456204
846.1415805868802 -5.581236499653708 3.635118828437987 -10.204049322152706
846.1398961976703 -5.591761583664449 3.6183514920274567 -10.24193380314938
481.03287219302297 57.35059071052623 3.144603885658481 -12.449165401346756
464.9149451452649 63.07585524856417 -12.768988143377003 -7.520487450265646
464.36973294378896 63.06437512495713 -13.029418637103321 -6.931706089532321
-287.7378879728501 -30.545000837587946 -3.672227105044893 4.1166841693939
464.81325596278975 63.0280688325305 -12.836057324456807 -7.500745488032348
-174.6201523594407 29.990490188684767 -9.538700296354241 -3.596474205304663
-174.61940714505053 29.99067228926391 -9.539324711142605 -3.5960436327781253
-174.6190965726412 29.990748180734524 -9.539584939618003 -3.5958641891751517
-174.78426749817217 29.917660834394866 -9.590537241591871 -3.408939188605565
-431.1956213904332 39.8057542889298 -1.5840503612656414 -6.652157543393761
-431.19541360292715 39.80580506453178 -1.5842244661896623 -6.652037487859601
-5.964908323627203 -1.369952331691203 1.9562217772138888 6.176696348429761
-569.8675865440766 -10.4679150485939 -1.3182215024194637 4.2183145062588085
-569.2044819055326 -24.625726519540937 1.0209641833378034 1.2618066134811823
558.2944888313541 -41.52412388642681 -2.7517894205694224 5.973435696094969
-569.2044614082572 -24.625721510823105 1.0209470086799497 1.261818456472058
-771.3843273652681 -7.898952482072921 1.7129010701010814 1.9949440405020396
-771.2265611376195 -7.862164223662287 1.7780948444462177 1.933237929961459
-766.3997308922675 3.6684247099385785 5.757360857994804 1.6068333406717132
-766.3996913844468 3.6684343632631466 5.757327755020434 1.6068561676518416
-766.3998034178238 3.6684069877854184 5.757421627038674 1.6067914366656313
-564.0640663408731 17.67018227641551 1.6860049330478075 7.6735048355423485
-563.9370521341431 17.662023253616685 1.725970565154185 7.784644293724789
-561.5344063077512 22.531284755170557 -0.7986613115379952 -0.651099022680594
-561.8449722531512 22.549155080961828 -0.8365399297327375 -0.83141637851035
317.35909215240036 -26.304124746841705 0.5061827187655102 5.368083486067689
-561.8443248739059 22.552617672515105 -0.8298269755925695 -0.81637736440173
26.58321662028683 79.58211671412404 -3.2472419318708514 6.157634050314255
30.358414697212407 86.03870023716293 -6.8992101648549555 -10.015420647820491
30.334635575916774 86.00366666533326 -6.898626591827028 -10.294453731831506
30.33354236722001 86.0033995289339 -6.89771059280363 -10.295085369848664
-435.3079804949293 43.775688593624075 -5.975692274495262 -5.273078177571372
-137.55426959620257 23.041949003622737 -12.127222604165249 -2.5224549261258824
45.01231603985147 -8.743519022049414 -8.633720608774107 -2.452829482636531
45.01226316720648 -8.743531942026864 -8.633676306805313 -2.452860031592304
45.01235598312039 -8.739820969373142 -8.62740437344276 -2.438658269434081
319.06421924682184 -22.019997271827673 -1.7163726024778914 -2.639101086400306
49.7620968027539 -4.833494328446192 -4.813044274984006 -3.6281655001209794
49.76211971074754 -4.833488730644625 -4.813063469582611 -3.6281522642566917
49.644459885335166 -4.875511398725633 -4.902129835860077 -3.3784360724868394
49.70930963642712 -4.804468349869777 -4.871804872367814 -3.5323923436535676
47.54672540104235 -24.900742876669554 -3.3135497887504157 -3.3544826257671616
143.45071268453452 14.727078673163293 -7.195119054791519 -5.767656095652649
143.35880810559883 14.6780908027284 -7.2051206540959924 -5.628848661391133
150.47869500889192 11.2315948330626 0.25964514504448666 -8.115259100201019
444.9010199631567 -29.665091978408697 1.0499914867409141 -6.77767593447258
444.90131917787124 -29.66501886230392 1.0497407748721916 -6.777503053160767
319.05713490664 -21.96763668337728 -1.7293134106702086 -2.694781648630986
449.84188101750885 -8.450195145145129 1.9583578141285052 -7.897982118011487
450.01486623593945 -8.440481932034384 1.9823068131630448 -7.774267615006625
450.3798609340452 -8.443525920650796 2.017038334412531 -7.574676043680036
208.20098212895869 -27.438391848118137 9.745248981170645 -10.149269452443933
205.39845427693393 -30.03385046397013 10.398594087819154 -4.64873435928663
205.39815017224777 -30.033924775127087 10.398848897136366 -4.648910065895651
205.39813859365935 -30.033927604352005 10.398858598701969 -4.648916755855163
-464.186063103933 -24.79990270228404 2.9030968893157194 -1.1944920639323675
-464.1865972563003 -24.80212628661312 2.8986035513213686 -1.2036196661778535
197.27476294841543 4.33199512528228 -2.8691975231424895 2.9468154466318874
319.0572859035874 -21.97086315070945 -1.7360930333463442 -2.708538170201213
