220.03049050643855 22.423051215310732 1.1121514881278713 14.932958595154242 1.4472025022974255
231.70931594424405 72.57680860269656 -3.577167820833388 26.029477155786495 4.516543365526987
231.48748665261633 72.34089453002959 -3.996360676080651 25.91311340995066 4.51139674629035
231.48543864514252 72.31373346249828 -3.98172368346417 25.922060653718635 4.515272288628406
241.63002773743926 85.81330448444334 17.919432417426933 31.85263574191248 3.2758230263886525
487.60982806129056 32.86561878142377 0.9497250470997319 32.217818603907496 4.909248957748105
176.36066434199228 77.90013164334587 -11.002477190466783 8.043298102864243 1.0178495528293994
-522.1664119676141 54.59293211699052 -19.778148485242745 -3.7743714587662103 -0.30530619394248215
-526.9418364520274 35.72335717544756 -12.916908253045872 -0.7573346119951617 -0.22662315967329727
-527.0218927902785 35.588686584938 -13.106191004142303 -0.7983616819075026 -0.22751850545978258
-31.056405858542877 -8.204097330573514 15.81791149752523 -5.5060479565678975 0.23506728430507565
-527.0287202114807 35.589627279226214 -13.146603591274324 -0.8788687467438141 -0.24019152862985405
-522.8374722388112 35.86692889521158 -8.479182816359629 -3.3500877271215908 3.368847879200495
-522.7394894623371 36.01828495179926 -8.2348178631923 -3.3312518897744057 3.4088496036284153
-271.98894487010233 67.51928218155913 -91.17912246196299 -5.474561322635983 8.220400315932828
-279.4057695144307 67.17316265817861 -99.1494371990038 -0.8963649282347422 3.5151766068043395
-217.87862664017777 86.33801334380144 24.832667590014093 -7.844895730177411 0.5481572182956471
-225.8906517485311 50.81165676791177 29.630898444924945 -12.688956755665876 -1.0306377008870489
-207.71862670240972 69.76072614716644 58.76928938066422 -14.559234297771685 -1.831539725387799
306.1331726259538 -33.639891921623125 31.633383511014188 -13.09441234092647 -1.6228576622734834
307.33178817713934 -33.5283547492295 31.81132663763587 -13.018108759046394 -1.7436244162392613
-24.03433442406012 22.20403530239444 12.648071746656596 0.5723206244769128 1.9773149766918179
306.7082318643283 -33.54210438832975 31.877841888268392 -13.038667774333412 -1.667413185082181
317.25966265161884 13.015769611333685 25.88853996702497 -6.076196850400941 0.5219367372077235
705.5965074825327 -35.7724477727867 32.18439002165351 11.139196366982596 3.237635623329412
-64.91949082123692 -8.949175626676698 7.889106100705103 0.4467014117360386 1.2911965976788964
-64.91943870682988 -8.957842832069595 7.894290097541555 0.4489024162803459 1.2934122192186739
-64.92683697293418 -8.952969136467903 7.84592663398438 0.3576229290445486 1.2813180083819016
-64.61356064943867 -8.530597961353548 8.403446366366877 0.4770931242567103 1.313309889580829
-311.40491681112036 -2.3614705612054543 -15.690470360929833 7.84234116081404 -0.45972291871182946
-311.4153351939461 -2.354201525431457 -15.757079716592315 7.724399403248152 -0.47071866057523043
-311.154216598936 -2.035703341242696 -15.40367947151584 7.960266467843331 -0.5004250685384297
-24.05139021363722 22.204877335562756 12.548789549479787 0.37210327970368295 1.9446449377471193
-438.45283044939816 14.501432242310143 -17.66328643312046 -2.480697433515408 -2.4129555573189876
-438.452719663531 14.497078775242883 -17.659980824293086 -2.4792338667801763 -2.41220784716885
-442.7962839587576 -4.402018720340456 -15.57421172160729 -6.019467864378598 -3.4455154503119614
335.10092035954045 -40.089770032294346 -2.5946036628282108 3.5531052920301023 -5.262568959861152
334.95752089548057 -39.99961242893111 -2.4617835943582578 3.5633811377071987 -5.246387517808338
326.0990084087237 -78.59070746974226 1.8611357133491395 -3.5308469865605154 -7.330046022814712
325.30688399797725 -63.742316422257865 -21.699455002135586 -9.13464223386003 -4.402591852942558
-35.675526419215906 4.929098942644957 -10.524105829755696 -7.916211839501132 -5.948967624245612
-34.907145905709115 5.479559285312019 -9.8857873141032 -7.867189876923705 -6.075784030321749
-43.18625830602496 -4.747388747801475 -23.072706549323538 -8.573340433301349 -3.931968795140726
-34.234319848089164 -21.934875149509928 17.20870689038756 -8.329805467756863 -0.5622535089128431
-37.16996460037967 -4.3172345568237915 -16.261503700934583 -12.324499373676954 0.04029092316125406
155.27936505020412 -23.065641137959446 6.240869345981683 -2.2929457027492175 4.5810432699078625
148.46290565176 -23.4622429501259 -1.33395780560442 1.934846014836223 -1.294627693985267
157.45382706745073 8.948958931398037 -13.867306322707208 -2.6545813294692606 -1.284394489203483
156.32351907795444 8.639179910255862 -14.41193966366254 -2.787647191839812 -1.1768349955374684
155.9814846467469 8.573424474398996 -14.545024003973616 -2.8286436956695535 -1.145212606083382
-244.22841551247294 32.72434651427106 -70.17729693506213 -7.511133983090185 3.1847714547271377
-252.61124208712724 -5.439502836957929 -63.69258011274153 -9.971815592488554 2.004323391017315
-252.01604432464669 -4.998823073546917 -63.05027098625748 -10.019803212493345 1.9467832734448118
-252.0252932444136 -5.000872360246889 -63.10361225593647 -10.13371192081288 1.9267264089894784
-34.20344852310595 -21.90766411760139 17.353209720602194 -8.31889169163502 -0.5405217421974444
-252.02109796737463 -4.981295747918599 -63.110106022452385 -10.141732940208447 1.9259962115615876
-736.3572931220118 13.152218423168982 -45.83196290219644 -12.866886981587568 0.14876713524387075
-740.3506131857823 9.167593407755584 -51.96180230748543 -12.306523014249734 0.5622495547294417
-525.5743899842872 -23.131238444464795 -47.879332000031766 -13.672283465410416 -0.18539474241919496
-520.4834852992412 0.07627742736752391 -51.86439005641104 -12.262079545513975 0.517792139068564
-630.7055665209473 14.254474022581102 -26.57020235476674 -13.379371901604276 -0.6488402040479171
-630.6976644350117 14.254122422110115 -26.52203601282117 -13.27758491867895 -0.6305124687720824
-630.9695790561187 14.131291565073028 -26.725731038709267 -13.2660015621585 -0.6200097794003987
-630.1895761523979 14.513487813492855 -26.054887733478818 -13.2902911535115 -0.6488720415440519
-632.6654104629774 14.364994428763083 -28.775196642404815 -11.790777711288971 -2.234125616157424
-309.43500868968636 -29.76343757897539 9.645983814363577 -17.191765567295903 0.5101267464710035
-628.7231642335144 18.9664567046268 -22.453012598792863 -11.457588734155452 -3.2867582985879142
-628.1318710015123 11.548878368481123 -8.756304195945322 -9.100947503005042 -5.260499551870675
-448.3648496535183 -24.393721843468686 -16.537739425352445 -9.711900061089539 -3.937787380864818
-450.9764044954005 -35.797549519620404 -15.226066053562992 -11.738545643887685 -4.538535746315804
-446.6087293440847 -16.70604785210029 -17.448035477281366 -8.400716148195489 -3.543457977324703
-319.37646493570753 -33.12899012811476 -16.573768503425104 -1.3554522730994858 -2.0772009704476098
-319.3763539266299 -33.13447946488502 -16.569801249548966 -1.353665114112046 -2.076006791743907
581.9407804239297 -97.55469152064887 -4.585782718996332 12.884710792272141 -2.523551642774404
582.270552434601 -97.13564543010627 -4.179479637249996 13.101584618387662 -2.570501588727714
598.3723904415995 -53.59701926472693 3.7863402618237183 18.655583403463627 1.226762976736668
-309.43907169836 -29.763005082085442 9.621550514413743 -17.242518194067728 0.5009439261362856
598.3715052253885 -53.61101087240005 3.7940001042867277 18.660126432663613 1.2291416093908722
598.76732684629 -53.0321858874046 4.471494151799014 19.0083083127047 1.2277773282753146
606.1169222561184 -52.13449003707889 13.12134488210129 15.405011414272105 7.560100992947175
-307.2882830103593 -10.42437872215384 -7.716237449361429 -0.0935148034838193 2.9658195260696814
-307.5179730442573 -10.680008355633174 -8.07048100995865 -0.2341651727560858 2.923396539581251
-311.6769868215018 -16.41881978473649 -15.554219278533767 -2.5673968516819485 2.4366481360834995
-317.0064840454803 -39.15239429099881 -13.616430995976081 -7.931367712867417 1.005917434553064
-439.37747339871214 -13.394814472863953 -4.973163930699754 -8.846470961540438 1.3938135864687151
-439.1555437276252 -13.190291937078364 -4.632432061576643 -8.813603658737948 1.4370951687978841
-443.5598260767983 -24.41876791196619 -5.1256699793284985 -7.52509251013657 1.0473393239708488
-78.8440873273558 -64.56186499782912 8.535466754788139 -11.675287228107136 1.1025927958740502
-443.5660295347655 -24.417648185634285 -5.160629858893538 -7.586744092719976 1.0422527461194608
-440.55777150425575 -11.951594781083699 -5.781016038082591 -3.893462982329065 1.8905529576352789
-622.7840316168027 15.745687840657107 -4.69677047430654 -11.050942308453322 1.3808290776139884
-184.73066713252584 9.315666794151495 4.506916802678894 0.4554312324769246 -6.606398939775986
-191.35039281933118 -0.9109047948860312 -7.6086108095706875 -2.240559291864386 -4.869129075705188
-191.50304747691484 -0.8084593276664743 -7.473967237773304 -2.2351623698120435 -4.85667769184858
-191.43089774455697 -0.8584283461692973 -7.593005321611612 -2.2584424416810616 -4.865065879391795
-191.4299408776238 -0.8454210288684492 -7.600640112313496 -2.2631229505316655 -4.866417202085948
-473.038862844172 30.99028541799698 -19.95904336379208 -9.003194357213534 -3.919567886510779
-479.8533422466003 0.4038275427083999 -15.339134435678675 -12.164017258434072 -5.083693840088727
-78.4712428771173 -64.29381379945676 8.952671001071975 -11.653408311062952 1.127077896883757
14.040088439942314 -20.184109158921853 -6.529344204956711 -9.878668082533345 -7.38718177278123
14.048098174366752 -20.184713213068324 -6.480330677245558 -9.775240944799295 -7.368420939186236
537.6587912867764 -115.90962691835631 -17.957790654036145 -11.756301763340081 -5.924743657032746
537.5250799041676 -128.34648423462866 -1.1439946263513292 -9.04673416065525 -8.208366050661377
543.5485563726095 -101.86784291908582 -4.419920297124481 -4.816737133727233 -6.909081013468873
543.603231926343 -101.9453578745126 -4.499986384055035 -4.815610595594386 -6.905732135250723
551.2940949542974 -100.96675531377112 5.480216111161142 -10.047845824804654 -1.0189384858627404
-371.5490826091522 13.804824008336803 -20.840390596472115 -2.8031901957810463 1.5561329419881056
-377.9451070172387 -14.096036468315457 -17.66637567815373 -7.8325978190032775 0.07058917413080246
-377.8308115189883 -14.178069918451353 -17.797042142104896 -7.82854371462366 0.03857720935773373
-78.47263199625768 -64.2885719104885 8.948567741447194 -11.653487696131391 1.1239494318829644
-315.9989194389197 -23.70722477629054 -14.871092843623066 -0.7398821526005113 -2.3572010688098275
-377.82952982802243 -14.167401312031048 -17.801982325590213 -7.832216975502188 0.03748119791160259
-501.13339835867885 10.831419617103132 -11.014353225245086 -8.204371034641309 -0.05081793772912113
-501.1416977600818 10.836182037748442 -11.069638901435574 -8.316540816134424 -0.07035547662703934
-494.55420609869094 18.17671031927611 0.5624782475175661 -6.972077188891499 -0.07664338757172384
231.58507607966314 5.0676880468927346 29.678776275439247 1.6478866430286327 1.4751751656159429
240.6013344666653 43.862342646517774 25.964366779259564 10.08672603015694 3.8353380979284974
225.18961064475033 6.437382756687537 29.411163643907088 14.332868463058574 3.45775500452023
-193.06190577641456 74.01129201599512 29.54384641988665 -2.3314827047577134 1.3121535350358753
-193.24529028972336 74.09336517996174 29.782877046809585 -2.33812091479146 1.3708264234812026
-205.27725238000647 72.57270643722788 13.999217602475863 5.693013809681306 -7.933223826782623
-303.5735167768606 -17.55326766022627 23.872293225178296 -13.179912187690322 1.8353307566816923
-205.19257337978866 72.36888068174363 13.700396641175733 5.661599170191532 -7.925761713342242
-453.753781400242 42.16604889217327 1.4946747606154194 -15.878048942533182 2.6129022559393764
-453.7607891805821 42.16777426920928 1.4500490859276711 -15.97171719460353 2.5959048799251914
-461.6549619398848 42.21533793630059 -5.821659254370074 -11.521391660293267 -2.9686475549150177
-457.9152002387478 35.101226447841796 21.55968421396182 -8.414228990805016 -5.548793717966021
-190.53717510865644 -20.352939708132126 6.1008813214985 -8.240518019718955 -4.173894213072948
-197.08459100481232 -28.79350315999976 -5.838825602569588 -9.180362089034796 -3.20899111258544
-188.8660793028669 7.247614410441058 -10.186769191236136 -3.195469226865625 -1.3932803175053092
499.018860012954 -8.77779771218106 2.057931202335462 5.068911969994017 -1.2364925685354546
887.4910353066248 -63.36150547703729 6.390524538784575 25.86760340488068 2.4434915340672925
-303.0019205198354 -17.24618440467671 24.462901130962766 -13.17207694929038 1.8784144895986148
886.7969593312482 -63.93266677026368 5.609192672930156 25.56351735701835 2.4836226130840204
886.2470031711019 -64.47557929032764 4.941094863155302 25.30905840214691 2.528944539235452
886.246656901803 -64.461190055148 4.931489482499506 25.305234830861203 2.5252862528196385
886.8676671292426 -63.93927993807082 5.664791086436569 25.591550835311505 2.4884018626431974
877.5203227096001 -103.3156550757572 8.403616709771164 15.17657944854228 -0.13505058041912865
154.8769635695603 10.03050127466735 -12.713739308329373 16.144521660868296 7.736516501176862
1071.923931467502 -4.139652935553725 -2.153685660709024 37.3022301148732 13.979835462417773
1071.569607020373 -4.468545218202301 -2.7564678595917522 37.08194295751401 13.89480855203016
1071.2356763908524 -4.785184860892034 -3.3266355972072366 36.86053341513957 13.827432780186387
752.1371760411029 39.43256942725024 -18.170061160049652 8.298091404620653 8.873972011410217
-296.45800050327904 10.458922474876935 22.360367766060094 -6.164173173122335 3.6846065376023693
764.9952007543294 50.84615310787052 2.449434810394043 10.442724642468747 10.2829924842756
754.3933835532346 50.4944985661091 -8.20946140217367 16.08779008673604 2.16107776830541
754.9052460988452 50.42296862422276 -8.252340545423845 16.149680216286452 2.1112177087728052
754.9076032316981 50.45574786604038 -8.270663021694457 16.138762053733426 2.107381285960016
741.7431629555597 3.0181782286994845 7.203575628394519 23.681545571402822 2.435919736942994
728.7233340570516 -52.93476596127062 12.483702096032609 11.391185109511703 -0.9739492257545765
282.20587632686374 39.19380852818721 37.756766556451055 11.160971810130766 -3.2364852065386245
270.6946575521946 -10.34358805183773 42.523236512006534 0.4731406972374873 -6.217141118778636
270.6790983294505 -10.339214469364393 42.428565130764625 0.2877649524998331 -6.24482482026793
163.85344601727965 28.892663676110235 -3.429305567582205 3.3860153561882393 -5.6658341897396305
319.69899134575815 -3.425617603750972 56.303159463992486 0.12107205896981749 7.226652189879351
163.85707819420998 28.923890365778938 -3.4452984900077936 3.3743000022539658 -5.668078601511852
164.71623921732444 29.20296529923528 -3.08133743799049 3.5427031167269742 -5.775063853703733
176.24911828530045 80.101003717401 -9.636678927148603 11.144201539272936 -3.3865396526206966
164.3285952099498 36.7545181442252 5.447750341145389 18.122688023501542 -3.5080617113114756
156.2838834149169 24.197643610240153 -11.244076779368928 13.874597779163032 -1.22287594760849
156.16448213753426 23.98080532143689 -11.504679905602988 13.803723329784649 -1.1965715266138859
156.03469651346734 23.773793797442757 -11.81503800304804 13.71167061675358 -1.1776718912860416
162.859832134414 24.824652267572134 -2.4488696926496027 9.243478540165095 4.35741373131407
466.67683974919566 -34.39525301353179 -15.858904132304067 9.723296124624618 4.400209308829048
-377.00832426388104 -1.5547602107025784 -22.206361956443704 -2.934372448186827 1.3858736840239758
320.1080049866349 -3.2313808240476836 56.757867162246605 0.168726580494099 7.269597135432988
-504.8892814777949 16.012591795427795 -25.73828247654007 -9.101881339379142 0.24050791882929146
-511.02236168238267 -11.255658763486831 -21.959007382083783 -12.620108002914293 -0.9322917085686862
-511.0151568529694 -11.255878354217257 -21.91579750161301 -12.528933976396518 -0.9154629510663395
55.15574412226225 -11.222606852033316 7.286819803227463 8.42813234636575 2.694349612924314
48.555168693057304 -12.421212860566733 -2.2504397935966636 12.274949591643335 -2.6765451782510308
48.55440601056413 -12.433564557744779 -2.243161061800164 12.27934424174418 -2.6747558977761963
894.7196688687208 -41.57976265867996 15.297278084440306 30.860267750628843 -3.3722852023939214
884.4839438288857 -84.69197723169385 18.26113549893342 19.318515379503964 -6.299914945178928
576.4102938366085 -17.06920771146034 39.26253392081112 20.216555193993795 -10.22105469971786
591.4888167380493 46.6888658370832 34.54025043650516 36.58713974734125 -6.023264760916116
303.5920676213895 -22.74922265825336 27.477178183210526 0.16771620180311678 6.110060576739451
62.30131958594195 119.2946557215309 25.125210748224774 11.059815562253426 -10.182477053050308
62.276859103652 119.30593476271414 24.963817806553454 10.72402401442121 -10.244816193476753
63.135603308376844 119.37084916661355 24.95213948560988 10.779980438773498 -10.338983762862727
61.87817445013529 119.10629911957741 24.6638113444916 10.616539726086804 -10.1841528462149
62.32707670604467 119.0259117008721 24.570607535461697 10.650650518963117 -10.221681225979705
50.93683809570218 83.90451698739271 38.41998590318965 16.57091154190894 -10.587231904875471
39.22133145748873 64.78227952665249 15.685788941843624 12.880230016095796 -6.920863361934466
300.15059947378757 7.662357399289175 18.47518010994832 16.757572160164067 -6.369224358557168
300.3741786846277 7.833160944107406 18.77138512508353 16.853201059090335 -6.39519460418469
311.8337242233032 9.774261479557026 34.834070470115336 8.98226536405093 3.1024004370926486
313.35896684901724 7.459146452927888 21.589724486299723 -4.653966475358019 5.951783629087655
-218.884674605671 84.93085524390929 32.49483917415548 -5.270550791181628 0.951683358206493
-208.83516229258208 129.09387210243113 27.047654401977347 1.817308729703302 3.126528954863353
-613.5784926862954 89.97061629876323 4.8070647285365435 -5.146431171259176 1.2245325964687654
-603.1118699572561 102.11601104020399 23.08837088687804 -4.961812319321902 0.998473729527248
-610.5926015806515 69.45684892923559 26.839035395222606 -10.77545330394087 -0.727023437913415
-302.0540566286586 6.863932296057971 9.644702320998224 -9.809045673909301 -0.5712010080809268
-301.86772919921987 6.845071051336048 9.599664970990986 -9.786853173809538 -0.604206285693524
-301.8614459539159 6.843775982165365 9.638153915410712 -9.707905615519191 -0.59036426314156
-302.6106422777032 18.292929569339766 -8.202189161625974 -12.048805883914264 -0.1605212875467419
-302.6095408935152 18.306095221258595 -8.208983552343263 -12.053026605656832 -0.16202556582477778
323.6489230191543 52.554943400091275 16.187234973844603 2.914204036449482 8.240686054523213
-301.9057591856491 18.600089500934185 -7.765561673829277 -12.051048392423919 -0.20056351622546376
313.26270519526616 52.09165350714676 5.032559483571797 9.147700461274205 -0.39994065048162053
-191.44064753490443 -10.111351315490204 0.5481253003980693 -3.361903432730164 -6.50883323755947
-319.94405665803504 -36.40110290526529 -13.908944863173485 -0.17341769198857662 -2.4717956540790005
35.80269467203853 -57.05406291674541 -11.15275165176626 -4.095237603849717 -4.4510257592982825
35.74902190087683 -56.9864866188742 -11.042238447180976 -4.0756853589319855 -4.444822713952333
35.84298358531407 -57.051957837960934 -11.130302911681953 -4.0785462330108695 -4.4545005010882655
45.28640583595398 -15.979602965262444 -15.642666412336013 3.654940281777566 -2.201918488085362
45.27191444098251 -15.97148817195097 -15.738421849621126 3.462308056102164 -2.2345236669307806
45.28632670107475 -16.150943001470395 -15.963139070429719 3.3931470641280104 -2.234395168436908
50.758529384957384 -15.321951808514246 -8.79451088394314 0.2934321792988189 1.9611193393819006
44.65602086715754 -41.80730578830698 -5.957481475128151 -4.845548592156897 0.47532433989084294
-151.70597100425147 -22.83474851263334 -17.565675937249758 -12.653485365565349 -0.5862120699117608
560.9523738442595 -58.91506924894647 -10.24024670843792 -10.694448262021615 0.1086211773242669
-319.57473001847376 -36.034862234897055 -13.554998947647913 0.03405372628881437 -2.5224711906115926
560.9538162959182 -58.898780493673 -10.248598112498625 -10.699732502485952 0.10687326879092895
550.68368455279 -69.08843833037642 -25.46556346183033 -10.053386565484416 0.2859417726927759
549.4181098284427 -91.94056989627654 -5.357793696029596 -7.608456290928541 -0.11306720525212988
876.492858161779 -107.8717804575589 -3.1384599557537283 1.1634488881659961 -1.928479851228986
884.1538775854565 -107.47045723784949 5.020818675487231 -3.1974422009364845 4.369541140421738
895.8465180846812 -94.73577912998897 24.41799909630494 -0.9026015076483028 5.6829371787244884
895.8442424193281 -94.7693465362172 24.434552181280583 -0.8925973984480639 5.688878770239429
525.3382513769238 -14.041955141306213 54.67713817481431 -4.360052991737037 6.926913625183413
511.211300805273 -43.64628942127937 56.13133954602915 -0.47434922665660745 6.386377439051206
510.19426409735473 -44.2719856224348 55.05817248768267 -0.5764347365896549 6.303373216598659
-321.9456556463743 -40.8527588505898 -18.453215413683584 -1.872329328109474 -1.7884023577133532
510.9312744137248 -43.86187268326558 55.882494750304815 -0.4811593826792322 6.37603841227733
-181.7186306624806 -13.802830572672233 22.10796893779522 -6.525512038176825 3.174238271037375
-181.71282347734325 -13.805336904318976 22.14335407718482 -6.460905028095709 3.181255794121515
-174.31311532268433 17.33376288135742 20.010574180229202 1.803094264612659 5.2396934423828485
-174.88824599385995 16.895446845447037 19.34849145502423 1.6895683259824579 5.197673713901535
-447.2192460377124 55.81418886470702 20.04624893209103 -9.548653750805146 3.899141415854314
-439.35313165298726 90.10924713515156 16.168741142960325 -3.3160728978590353 5.7367047951675625
-22.847915701143275 -56.69995049334843 0.005697490266188139 -9.582813215353879 -7.906042932404932
-621.770701988989 -12.707108950291417 -14.274061145280768 -12.587427118301562 -4.767252436605395
-622.0803036536372 -8.45370347470232 -21.992760353597028 -13.651065028447727 -3.636195222780243
576.8021769840637 -112.99125029408417 -8.352611046490603 11.847382365079808 -1.948342774611882
-619.1583334369799 4.6534972585782475 -23.961924405234125 -12.274035781625852 -3.1331704716238935
-828.6047879574904 42.94077900817328 -19.36133179401819 -11.478524664232726 -3.710964674866499
-828.2951479375445 43.11260752904963 -19.130980394406663 -11.454836473465136 -3.766391033535472
-823.2149513331839 49.35046502705765 -10.85364588397729 -11.184851389193259 -5.250506501221888
-817.319859636968 75.71609905887624 -14.7102299426274 -8.200234068307632 -4.199222372856646
-817.3257227345323 75.71735053398007 -14.74720123057615 -8.277885441103049 -4.213380125519085
-601.5178146960881 49.99865929379041 -4.021051372716044 -1.1582462049765634 -4.726214807448575
-601.5196017564464 49.78336682451768 -4.303008048514192 -1.224054267719443 -4.717589227640593
-594.6833844462114 50.691218966673965 4.51499613516137 -5.411661932711349 0.4384691723857578
-594.7681323549222 51.09572771970003 5.086318786854933 -5.395533265637242 0.5187808606520521
321.46987690611047 -79.81233018360912 -9.215885802973519 -0.8916649043605009 -4.478474987266769
-594.7672357579333 51.1089990715538 5.079375208215496 -5.3996367002415555 0.5166591482512027
46.69303972929422 51.447278923323246 40.50182283488698 4.660034540443648 -4.758116065477393
60.925055608223225 52.24430501875749 56.22486942224704 -4.30830796480879 7.458338515863691
61.11038646449231 52.445756486699416 56.68191527980868 -4.302494222244522 7.52941437531252
61.09913521883726 52.447855141022295 56.61469418247994 -4.435587041067287 7.508855129171455
-451.61791417942317 43.983006121786836 22.547288597134454 -8.898168633163394 3.8539283011780734
-138.05451688086254 -3.934230224462768 18.37817860436935 3.5520710578993255 4.4967851150704155
45.793569128203025 -42.85421922039889 4.968631781509971 4.9876547153984845 3.886856149639766
37.94099221747774 -75.22194088695596 6.378550467264256 -4.881405953245084 1.7030536797061142
37.94032295738725 -75.21865548761404 6.376229046256066 -4.881620505582605 1.7012204063543555
327.3883570297996 -78.85909423683812 -1.1657428981074274 -4.829719575609939 0.2911805310417585
44.41682248320881 -60.03323108616556 7.459394629703724 -6.42530491599959 2.325892283381721
49.52073786603425 -38.43946104228945 5.844507460399538 -0.9011739266986301 3.7513503271605124
49.08871424078149 -38.817838044286304 5.156872175444723 -1.0095011617801135 3.6733836129553725
49.49992532381112 -38.45350213336621 5.814378603187443 -0.89757317902943 3.73630778662351
42.45632975643645 -45.85815479234977 -7.741965959553784 -2.537192830484675 3.1053504354518395
162.32714916188445 -8.929785610041742 17.663224282305073 4.113017176198521 6.249835366649553
162.04985509636168 -9.0831886124392 17.3337424834562 4.078312179130643 6.222387778700599
171.55309888253757 19.921412399618355 12.15372024204856 -0.31662047625924106 6.2486105103394145
471.8144310064295 -41.24107984008518 -5.862072901002609 1.4399473606576347 5.308449707625698
486.1288640688728 21.18713933510038 -12.946327092126312 12.72969082028284 8.642028846791202
327.4604310876749 -78.75220990178063 -0.9870764040669345 -4.811768065019949 0.30389093606311
495.5695974529026 30.609030422686654 4.250941538249625 17.26687249220565 10.261776937367626
495.59088536866614 30.397752442916975 3.919532683277496 17.213710174375755 10.185570944715257
495.7100482876968 29.987634361512708 3.284880669452077 17.12910074787135 10.031433514083751
234.47094397675923 59.61023394493658 -18.179337907200782 -2.611121627495037 6.242473425711783
227.0928353971384 59.558270508280614 -25.08372217702631 1.3902024461607425 0.9596031682241284
227.077111075423 59.56177106934977 -25.183049052936468 1.1816539837212792 0.9215528033242653
214.433586924307 3.0396742765708615 -16.94934887952664 -5.2880017354939906 -1.346331312272814
-503.12995067554374 17.16270343854694 -22.751584331648502 -10.440021379892642 -1.4873966267166374
-503.1309242191825 17.1508866465938 -22.745067999650125 -10.436036575579019 -1.4863337334355244
208.4933981403256 -27.186822737422997 5.8380696304851885 4.140585234500284 -1.5522382284377527
327.4616398964207 -78.75331943395312 -0.9849898441128139 -4.812346224256869 0.3053812156051182
