42.904572368763084 0.17479104411965052
42.90682326667671 0.1772074744774641
42.779052664390974 0.22276030519485968
42.776041091268574 0.20816850216651162
54.386847166644536 2.9037633542664825
92.47705630432704 -0.5489092104583202
31.730137763933197 0.3465403869722665
-108.04195073333833 -0.5044500199196911
-106.85687289204232 -0.24014821921984364
-106.9060489865087 -0.23929252114679445
0.2174421307238914 1.122746618219876
-106.90979362889063 -0.24332468818362374
-105.93587344925218 -0.6721553933223854
-105.88404092623381 -0.6784353882707856
-85.64972506649595 -8.623384838437643
-86.83118420823556 -8.163905776600075
-30.176680914410188 4.128372803760104
-30.177425604912298 4.12757334823165
-14.062108610756423 7.659180976938179
71.94794508372773 2.356504528487772
72.38992413783845 2.421014256055761
0.22002763880695875 1.1255776172192873
72.15619300727093 2.3503029630939696
72.15712545012418 2.3513039784113055
147.9966179436277 1.1586176432201896
-10.327644924838378 0.15299441275147263
-10.327066720864783 0.147450073032949
-10.3310633041237 0.14314662013719565
-10.18479172747662 0.13842773144670162
-68.04384354110172 -1.3473604889996031
-68.05169688979022 -1.3560423942414053
-67.93021748117572 -1.3495590573480696
0.21068651050766873 1.1152509666412664
-90.83987595232077 -0.49214352604403944
-90.83913540104861 -0.4951956388313308
-90.83939040181701 -0.4954656798448389
66.13525841697563 0.3645090680084344
66.0973163731542 0.34291778745313817
66.09683357252939 0.34240651096655483
54.03474568139101 -2.753172858869174
-9.601308272429257 0.4915094649224067
-9.14660929654314 0.5976238008871151
-16.340253700770766 -1.5058617846931543
0.20984308350848924 1.114357792989378
-15.039790892188762 -2.0324773192220706
30.071370454559826 -1.1045750642721723
28.4789383986643 -0.4059482896858342
25.954850678586983 -1.0973035545568868
25.459019808730016 -1.1644733398867686
25.33665039432431 -1.1752802563806137
-73.45992401743601 -6.618334808359365
-73.45992401743601 -6.618334808359365
-73.2064219244296 -6.571909009619985
-73.2064219244296 -6.571909009619985
0.2328913644357853 1.0747990951220145
-73.19726883855313 -6.563968845050854
-160.50565402483815 -3.9597046385629024
-162.8709209457395 -4.6278212857691035
-120.5411643692794 -4.959170940634196
-120.5411643692794 -4.959170940634196
-133.1893475333212 -2.101921723522185
-133.18889000881572 -2.1014159285371665
-133.30567002135263 -2.1209594426011824
-132.99767366849875 -2.085099128326119
-133.52706833374432 -1.8702620898156495
-57.267642961298016 0.13623165594613562
-130.07763031820718 -0.8827951289126581
-122.59966027277949 1.1197237840262861
-92.66011667106788 -0.9790674867662386
-92.66079105921371 -0.979805907356833
-92.65972702455402 -0.9786408437272414
-69.4675982622983 -1.740810754950818
-69.46666209689232 -1.744637336632512
108.88071502682084 -2.1338342455563355
109.04020360910064 -2.1171891411793196
114.86380705996304 -1.5028869171063644
-57.26930953253614 0.13443712052701562
114.86259847477122 -1.5111029528091109
115.04493338614554 -1.518893759572813
116.8257240297275 -2.3181365922286155
-65.49415759550911 -1.8367885100326138
-65.60085112191585 -1.8241914646699136
-69.20100074868864 -2.501373999873529
-69.20263160164001 -2.503159700558593
-88.71725580035799 -1.082432018430274
-88.61284823701502 -1.0941383296098932
-90.33083013276682 -1.4363710603838884
-14.04054552591892 -1.0102778251026785
-90.33645483732415 -1.4425891914428055
-90.3360506179774 -1.4421611307700766
-123.37310359651195 -0.3214011278300868
-29.797332051001455 2.8831115018550193
-37.488285055993785 0.792861376815508
-37.53145821050678 0.7743596946073712
-37.515076133491945 0.8078409535501445
-37.51399429341277 0.8146537504489186
-97.42570292629384 -0.1144215508580464
-97.42573538394961 -0.1144556675392101
-13.900671318605172 -1.0077981888357925
2.833133845878965 0.7128675038209088
2.8339757436086233 0.7137740449872486
96.8770577596182 -3.2681792101471787
105.06539853333365 -1.0422435057709505
105.06629408048396 -1.0412820995137224
105.0640723154221 -1.049140887533186
107.3065462865186 -1.9909921690459615
-81.38360791385624 -2.0744366479428127
-81.38480331088107 -2.075745546630573
-81.3602065349962 -2.0557666334526035
-13.904096640640624 -1.0034147746299515
-67.31987952104303 -1.137570023513331
-81.35775631634834 -2.0508194843644305
-101.74387690269583 -0.7234417742000199
-101.74641843615113 -0.7262514485913805
-95.35659357458836 0.6369295577537111
57.10085207165517 2.6292995434781465
57.10134112671418 2.629817443647011
53.3761033220717 1.7929120494601727
-23.72706938908017 4.252015555718253
-23.7689171973594 4.181770694762053
-27.29797330380074 5.678848309362724
-50.21782180932945 1.4967516379924208
-27.31795065744061 5.696304740941717
-90.43671190152686 0.4442899824460147
-90.43712385840928 0.4438463949593663
-91.67636439957253 0.9528052954760691
-76.18452336327424 4.410258440633836
-32.946381056749836 1.1331184109863361
-39.91673708655468 -0.5149799735472746
-39.91659983613495 -0.5148357078836407
98.68169309717325 0.045567435886627816
170.63442116170958 -1.9718939771459105
-49.97904779446348 1.4719529115721848
170.31278064838452 -1.9707425745365956
170.0689390575278 -2.00230144010618
170.0667230414377 -1.9930671745757653
170.36455636564637 -2.005366069909498
170.3642553463811 -2.0056824753529945
20.246347580563775 -3.0933018105526218
198.95327211473204 -4.251876065727415
198.80214771918742 -4.24724268194384
198.6682742886012 -4.2511682042172385
136.08609125305495 -3.38688672797732
-49.97884954396721 1.4721612953441774
146.0422574809499 -1.3612166818210145
143.92839145484953 -0.4565696454233734
144.13785896754672 -0.4094229881648781
144.14140991525574 -0.3913809112886364
146.04667682547742 0.02972508442022903
146.04184290430936 0.024432187561958862
73.84338768248749 5.462763712208417
73.83929744257118 5.458285108388594
73.83060118127946 5.448671360441222
34.35412162527818 2.034815817193448
81.91127691936856 3.3572291066248447
34.360741420785075 2.050858164482909
34.78876436006198 2.1204692881989087
34.789088662058035 2.120812717929746
37.36709028931613 2.791225521197702
27.361045343725085 0.0984040426097128
27.276288315152065 0.08302058794861389
27.18596629132438 0.10781814418760582
29.312892087567963 -0.7917391261827514
80.97628919621633 -3.6405768456890066
-83.41887501224029 -2.498008636753521
82.08825150050613 3.309233584324318
-108.37369986225606 -2.1863997069057577
-108.37394035130448 -2.1866543803022065
-108.37209641079194 -2.1846158974869874
11.377633173904087 -0.44951156577524215
9.201553319456043 0.48695794315917185
9.200830691243148 0.4795636388087944
180.54407727714047 1.7028996947025892
180.5401928341551 1.6986464278386686
134.0146022805979 6.7581105481202535
134.01916159683 6.763102766461325
66.55443504256098 0.3914865278956743
31.546386081267254 8.503290249361497
31.541116201684588 8.497464378743606
31.9463481451755 8.614655452686442
31.349916486378827 8.50202613837521
31.51039034468229 8.527958824372726
34.91694838669907 9.394382811944064
20.38580216769611 5.472935321213846
69.52487147951389 3.9916341172627505
69.65391334038729 3.9577437884345397
73.30135475208604 2.385410574263396
67.39620710217392 0.6068579089741677
-27.03678062073182 4.6942946758245
-27.036592088311018 4.694492844960492
-115.34757094124295 2.2745195337296353
-105.41134966163848 4.377597721802957
-105.4114869120397 4.37745345604532
-54.37946935278849 1.109080657805463
-54.32384092034778 1.124895366562674
-54.321230219032195 1.1277065253409946
-62.688901834036315 -0.4960845535478646
-62.68684846128267 -0.48883867979159534
67.39637049565744 0.6070296538451165
-62.43134590762223 -0.4425816627099537
65.12503050194566 1.6055218004820322
-33.613590543882594 1.8398235108107233
-68.8356041471018 -1.5488876229413213
3.1791463264432585 -1.1491380483902383
3.1726233296751785 -1.1715500622240684
3.1967395132298404 -1.1594606642505247
3.198785157274359 -1.157220788495677
3.193645139655195 -1.1629030963312008
3.170878031664776 -1.1552390543729962
4.768331601916157 -1.8280467160338671
4.768000101267122 -1.828397768988057
-37.70142405451744 -2.341796592340313
102.37365272611605 -2.999367370971478
-68.66130881517456 -1.5407120805595564
102.37629180543607 -2.991037403683049
94.75941402653021 -4.7107749757095965
102.3490504935509 -3.0850162565229144
167.3095682070119 -2.74208093553374
168.98241214569777 -3.4776100342126837
178.96885225156348 -1.536432462751363
178.96451200540588 -1.5555178329602448
121.40492614170998 3.187820429955238
118.38481691543859 2.4861788448838587
117.95488852236171 2.5199813773494055
-71.44883022443109 -2.281264445936528
118.28923577829549 2.45352757677787
-28.15207422808553 0.9299403764714522
-28.147868857044017 0.9344686484246252
-28.146118545713296 0.9363476785659812
-28.355940799375738 0.9435519843154916
-78.91338669910402 2.428267158790292
-78.9122156546112 2.4295243225127137
-1.672488662098509 0.8535485082762414
-124.74326393634844 -0.25094595620525384
-128.75935003106454 -1.3386224551618389
104.91637877188062 -3.207088464010175
-128.75923451302953 -1.3384984418566273
-166.38124299956027 0.24901843479630248
-166.2425164018227 0.2681819068925302
-161.35786294123784 1.6529299986635557
-161.35764029096322 1.653169022778008
-161.35827250583554 1.6524882645749948
-114.38516227031731 2.565452006006348
-114.4336334826075 2.5822099991507264
-112.39315584931937 1.7246226622562038
-112.3483454892194 1.7141424991625573
58.973970950777144 -1.5354689426848653
-112.34690103656528 1.7214005057267854
30.292977049255196 6.419376202425294
33.61645129600824 4.956762561657342
33.72161134724331 4.906705073424745
33.715442177744585 4.9000622165815955
-78.89635037456848 2.397861161588365
-22.82977828059426 0.24033339719829638
6.180605597989982 -1.9246441767674147
6.180310300997364 -1.9249545673774797
6.178706108221625 -1.922140973419649
60.78960732743085 -2.305312133943498
8.843517162038161 -1.3854157929169737
8.843645104353334 -1.385281311017313
8.635436644880397 -1.385192275233793
8.810737520657916 -1.3859238029746277
2.0038338405737015 -2.6822168499794574
34.98717593150826 -0.28198788726787116
34.883720929285765 -0.2609400901843659
35.947820104447366 0.007561565979969931
85.57010700208669 -3.086764001340687
85.57179330581823 -3.084953685753424
60.83222429423513 -2.3111228758371754
93.61903485909147 -1.5173507211490893
93.59381490625344 -1.501263733657931
93.56839689874487 -1.4880665660802705
36.25164869870057 -2.120109384634844
34.98328653886307 -1.5885666488685812
34.981570425952654 -1.5904145300962327
34.981505759422255 -1.5904825019822602
-106.4162667333436 -1.4729614652426415
-106.41787516933984 -1.4791543633526603
42.9026349291872 0.17271112401562716
60.83518668091408 -2.313045085503368
