207.91614214686433 -0.35391087125505827
207.9165734334455 -0.3529203275242676
207.89187862069 -0.3690492929380673
207.89238226192438 -0.374182684797707
222.7033932893699 16.71607711643666
462.85929355562814 -4.45030502798287
150.10710940751568 -2.825405611911755
-521.0270543733648 -4.974127858308085
-519.0919413191114 -1.8371267627416223
-519.1157253998471 -1.8735212759017705
-21.947645758900073 12.202473357988103
-519.1164419558406 -1.8751670030509775
-512.1780393856933 2.058927762517322
-512.1739416222495 2.0850453740578283
-287.8389917042579 -41.6564602003207
-294.3842955855063 -45.85943127115827
-219.81303261667844 28.734847072148984
-219.8131753041346 28.73451935927371
-197.40151396054063 51.09242558522636
309.1451669951863 17.055588451307496
309.73166117770705 17.239605994813083
-21.947154666905682 12.20360125687242
309.36899425093 17.142347933310404
309.3691729130021 17.142758269738593
700.3252918698184 15.093667031942948
-56.66931211400541 6.207060212701458
-56.66852185114635 6.205078355608807
-56.66928661726262 6.203321903399035
-56.58830165841544 6.301797087787142
-306.4460867454763 -11.583799156622943
-306.4475719685033 -11.587210292095047
-306.37630641394475 -11.524346276978736
-21.948921258324503 12.199543898077936
-432.042286524142 -8.082999570416217
-432.0418662832516 -8.08374838755155
-432.0419154311861 -8.083861266517076
328.0773872705674 -9.044872444881662
327.9786096021139 -9.062546851807955
327.9785165489241 -9.062760568764002
314.00910095283325 -27.395770500261687
-45.66962952008016 -11.721920828800334
-45.36826156239266 -11.55686043527067
-51.78656025249451 -18.5001702317775
-21.94908381751335 12.199170545931382
-44.52049393384175 -13.805010876837525
158.54975876445712 2.205766180072311
147.21264770952874 -4.230853944712843
142.9715898262669 -10.984025829689642
142.48631874661444 -11.184369258281704
142.3646614415223 -11.228014753432454
-255.91788258480096 -37.44850644528214
-255.91788258480096 -37.44850644528214
-255.76015419218677 -37.352888121273956
-255.76015419218677 -37.352888121273956
-21.964802007253315 12.189490561521508
-255.75826272440938 -37.34924286518844
-723.9597404324035 -22.236046470429038
-726.320661296494 -24.565783044670212
-513.4335381760083 -27.743218092673025
-513.4335381760083 -27.743218092673025
-620.6211337657476 -12.58947322026891
-620.6210472388478 -12.589274492551018
-620.7241972188388 -12.63784274874204
-620.4658774240552 -12.49740274393291
-623.3240907521064 -14.340935595870942
-288.4891269682479 8.531394930455907
-620.2600836198665 -11.006976958527359
-611.5107992548601 0.49715340035544786
-433.9496081660918 -10.391542520546933
-433.9497362595319 -10.391836714872156
-433.949534156553 -10.391372541616962
-308.07094285130427 -13.696500387210568
-308.0703925021772 -13.69766272872617
576.0204331285869 -20.27247536930896
576.1137818357626 -20.187933804510358
587.2507206292385 -10.039265463643444
-288.4894458749277 8.530662491712564
587.2511460529769 -10.042143204283677
587.348344329073 -9.93440858155243
599.8993129659739 -2.8120163564573937
-296.13095258349966 -4.967433222334099
-296.1792423308989 -5.007924208943303
-302.12715306325214 -10.960146599326412
-302.1274628278349 -10.960858040769313
-421.1011534177842 -0.32546585308457066
-421.053104274746 -0.28231451947461395
-423.8034246838459 -2.5391364509459473
-57.942214485370414 2.739041700083163
-423.80448842627555 -2.541579565191383
-423.80441051850084 -2.541400632972346
-603.5756160114977 4.337556033528877
-179.6652253377168 6.05887071443459
-187.93198756382455 -3.8223075782670266
-188.03525176095513 -3.840054752546659
-187.96811592062542 -3.8211506848210117
-187.96832556644188 -3.8189989629618113
-470.6991975333319 -8.206719775804725
-470.69920380885947 -8.206734188946864
-57.82314169940004 2.833011923028874
10.275472404385491 -8.929323590437303
10.275633505864077 -8.928953585854318
530.8518182678296 -29.734327298912177
540.2150040470334 -17.22519493131512
540.2151756396369 -17.22480083146377
540.2295475078589 -17.248639406167364
552.1813206690144 -9.266611504704372
-367.6392790053958 -10.921982067021297
-367.63950605937276 -10.92250354564737
-367.5541555397324 -10.911977439674466
-57.82482696179088 2.834816955037992
-305.6439587247025 -10.928391815717516
-367.55394319832493 -10.910062230294974
-488.6874182810407 -2.1897165511591794
-488.68789893510626 -2.190820477036753
-479.319921104739 7.365609175456378
233.52137592352733 21.854068439200866
233.52147018222306 21.854284924886183
228.4661867131954 19.874312946818144
-189.32864358708827 31.768645606460126
-189.4841781056413 31.736243090131126
-208.47805418447066 19.066994099797625
-276.8245561956089 21.602767563331053
-208.44024094844042 19.025237226493076
-452.1296161374337 4.272631064762958
-452.1296949662603 4.272450014008495
-462.2103344310417 -1.2549379955466742
-441.4343005713634 24.141386328270627
-178.5386466430417 4.696454464187484
-187.13101320290156 -4.853798320823786
-187.1309866661214 -4.853737373273798
482.8891676660611 -3.340995544745523
867.8710087144777 -13.204119692274265
-276.65530877517676 21.684924215960475
867.6807770589838 -13.30953244860915
867.518305540233 -13.450969540670451
867.516758683893 -13.447737162770292
867.6789554307701 -13.363055772500136
867.6788972299298 -13.363189443444728
142.94063154429807 -12.836822372891948
1033.0085313291231 -16.646137229386586
1032.9336571969584 -16.71938678094315
1032.8447997863448 -16.811419833214128
712.4140324503127 -15.08707768727457
-276.65527044426614 21.685012251264293
728.3141708359246 -0.5580489578841785
712.5197613080596 -9.337030549608768
712.8219404537215 -9.249841977845403
712.8214087231581 -9.244430325596998
716.4436027398199 -2.5239081515889
716.4426845834681 -2.526016896561261
278.3501164034067 30.369153800830627
278.349339502334 30.367369479398103
278.34769486916315 30.36359222400115
147.46533055353808 -3.229738665011002
333.68202795094834 40.89025379199368
147.4660007165368 -3.224699459312233
147.85547752767943 -3.057063914695892
147.85554003244468 -3.056920358828055
152.27293865983168 4.97244159775901
141.59041312270395 -8.305462473879883
141.55631327829352 -8.363163943597817
141.5570498322005 -8.373716544513323
152.8698849913057 -0.754079441993606
451.45971595920366 -19.80223199525644
-370.35075108688153 -13.462541041728159
333.7967656095322 40.92557117574944
-498.20552110641404 -12.21072024918593
-498.2055674573798 -12.210826704305116
-498.205218731895 -12.210025780908389
58.82393981191104 3.0265758215694243
47.28983813211428 -4.752286004076528
47.29020204323453 -4.754679421246366
873.591148810146 -3.1758989703805462
873.5904109990875 -3.1775935141533176
572.2958583067872 23.500144303612373
572.2967243046297 23.50213325553065
309.09544658073924 16.042615474748388
39.91280943811599 26.371199689024028
39.91181280108025 26.368910696352103
40.40160809752415 26.535079848719697
39.78603694506381 26.302103043299226
39.977823855661654 26.341521168900773
45.73388521835592 36.967105900079865
30.24457796386585 17.785039654141332
292.76269517840217 10.573613215505157
292.81235591491344 10.583399716869668
312.0167096511682 23.599160257436637
310.12298207758556 15.497994970629636
-214.85538245053633 35.51467579809305
-214.8553459981339 35.514759518505315
-605.777694838816 18.459715685792524
-591.8990343854896 32.858261389488405
-591.899060922889 32.85820044109704
-288.87946743372055 11.088792937036267
-288.7819339516636 11.108970935338762
-288.78143438099534 11.110118308364422
-301.24116360979605 -3.4235675765361706
-301.24121365354694 -3.4214271323967385
310.1230136689984 15.498067527269372
-300.9963104411332 -3.287914977853614
293.71882015912007 6.244288763367715
-183.88917072220883 1.1349002738455019
-307.2933589710986 -12.474721127494647
40.207563924024285 -14.222065186431832
40.15310312377583 -14.233073080141853
40.21759705621026 -14.222829566936966
40.217985606304886 -14.22193717749399
40.21701352775434 -14.224169765852357
40.23993457950335 -14.248970424310187
48.847537400704795 -8.529969015438493
48.847473508468255 -8.530115757917713
-150.37637956241187 -14.554163003683296
544.1468461807068 -19.508371610695416
-307.1904892326337 -12.422817828044844
544.1468411462349 -19.505787467779413
534.0511990820736 -29.17138177494499
545.2659664691231 -16.420418704179102
863.0833958137497 -20.322564247815322
875.2160876959639 -13.509458629508842
891.4953997306617 2.0260441173694823
891.4962418927414 2.0190598995366082
531.2065020881312 36.93712976883449
526.4248909226544 35.72022609586517
526.1231218713543 35.56243859082094
-310.2729065525927 -16.444406498045005
526.3352472968879 35.64661214899966
-161.06333890290503 18.53882724500583
-161.06253418432027 18.54067545678629
-161.06219881334079 18.541445709386245
-161.23959860230485 18.4075799374766
-432.9262851904054 25.675845332138184
-432.92606081068914 25.676360669153084
-12.840812951181919 -4.673097624853065
-602.5010155502981 -5.89797386502258
-607.0842676763502 -12.01020834294094
571.615405027751 -25.765962907964997
-607.0842455423457 -12.010157507384061
-815.3194564310443 -3.689405160923441
-815.222987729801 -3.638297135519393
-810.6526934790884 1.4433647502633091
-810.6526508177991 1.4434627311856612
-810.6527717951983 1.4431848802117377
-591.4589331794773 7.252216125732723
-591.3985524645174 7.2443374831658955
-580.3279109429071 14.566294672501856
-580.4686250241297 14.602051059676937
320.7809198627656 -17.35259664980157
-580.4689537361184 14.604632709620507
49.83580066284517 36.045908234475846
73.49502718385106 49.465008264210404
73.49537553925721 49.490043403451715
73.49419503814288 49.48733212484501
-432.76797025023086 26.84325923197144
-123.26655982451516 13.758446495928446
54.78439691897762 -2.9176243393575034
54.78433982455121 -2.9177554691806047
54.78344570855127 -2.9165936320043797
330.40310351737565 -10.8683814276913
59.14284395813813 0.570671045545995
59.14286869525095 0.5707278597296939
59.036497177150224 0.46521599223674714
59.154519804914386 0.5843273790234973
48.05348733012751 -10.490227202570956
166.10169523656015 10.225104243582159
166.00083162460265 10.157416352631522
167.48853718349653 10.124948313737917
461.58039802102684 -12.27042129114506
461.5807211277174 -12.269679206136026
330.4314285481065 -10.83101021049181
474.5878850426067 0.18650230863447947
474.66226989660754 0.16912447205145065
474.82465832460593 0.1329330251216716
206.3329271270479 -10.378822261641588
196.54719581845248 -15.761537222996584
196.54686743158817 -15.762291435034701
196.54685492862643 -15.762320150876366
-497.8071815979344 -11.442585122583706
-497.80713660876967 -11.4443178628168
207.91577092092814 -0.35476347260812524
330.43255287544355 -10.831487964327652
