189.8122456586258 -2.764750981084986 -2.7604040712330384 -0.1674081695308441 4.326972077738052 17.154769154004295 -27.11992148946317 -2.4654081816025486 4.438664729515139 5.719276633530427
189.81256271971054 -2.7649349149031215 -2.7604010298685804 -0.16746557661801337 4.3268924618882885 17.154715432454037 -27.120205677967054 -2.4654828761876506 4.43812689156082 5.719442980195694
191.18040827536242 -3.919587407913545 -2.714782515832924 -0.5674375611347177 3.4490620600451796 14.201863708262753 -24.899286690494982 -2.242091092037278 5.088792693377345 4.7342501141718865
191.19600265604808 -3.9362518198916336 -2.71461292891718 -0.5735666336702483 3.4366677207191274 14.164525675126267 -24.850027549317122 -2.2394932107155454 4.850822966038894 4.831200252938654
217.42925420883182 14.376205144474618 -2.1291653212922315 7.988181147418409 19.036192141234324 52.18255793666566 -17.22771332343481 1.3790124858866821 14.443974830496527 -4.5277312115802335
411.6432251114623 -77.29507651096992 0.6473965220345984 -19.01872558424795 -23.76273311087486 -23.321618848232514 -19.174457221122776 -0.6595926133066807 7.423262679678673 -4.135725576487705
187.84370457661277 -1.7698253516110491 -3.1805012285801317 -0.5462832475723022 -3.646089733364457 -30.01632767976244 34.38917078569607 2.074890185506086 1.7310527940301348 -1.39765520084459
-442.4871950494424 110.38681108870989 -7.384188732030613 15.873223217791834 17.805694927350167 -55.13206244998999 3.0679842579364953 -1.3856557722924054 0.16189423573889528 -2.773280955215035
-460.0777697076659 118.10378553155324 -7.443123010309339 18.384311306159987 24.8986403214437 -28.879635338217764 -22.656561832594008 -3.071070987403504 2.064031253772748 -0.08907969892172055
-459.79221044216223 117.76581235081859 -7.430464643320678 18.263357351817554 24.64917061099595 -29.673091479291095 -22.14376832254707 -3.0217505652838623 2.0739379801560793 -0.26999061696720666
-4.560300852315127 77.44956408382062 -6.342206645662446 21.839800043519517 36.27156204428383 62.34785012648335 -13.630172799463121 -1.3612420115858435 -6.395032617259248 5.887249720256477
-459.7927372203297 117.76611794591612 -7.430469696366835 18.263452730275624 24.649302887978784 -29.67300222421326 -22.14329616023595 -3.0216264647072615 2.0748315655594176 -0.2702669918957278
-458.8918518144515 127.80861470599937 -7.944166406145691 22.018258993299625 30.19058478453374 -18.26380926370487 -15.699415435479844 -2.322296016511112 -7.13431573424188 -2.9418407968201534
-459.7022074232011 128.470857855343 -7.968115725256758 22.244551661767677 30.654614259814824 -16.82666829670322 -16.628477320013918 -2.407152261994649 -7.464774710087587 -2.6904652520112413
-904.5980909944462 -433.4815251942773 -254.0810648378509 -2928.589164333523 137.57777154563797 109.75570904323992 20.01028022981091 -0.024116939093089595 -0.29192540818226637 -0.42178598759795455
-1103.3901514085196 -1844.256614671691 -3137.2037784339022 455.24876474663154 104.23454168273021 70.13632947482662 12.939894919653034 0.5796986473731645 -0.10274743425416283 -0.6814966744988016
-92.04969682187082 161.58495888536748 -11.765599929518773 48.54030632445528 68.74332341187002 95.76491647519845 67.0571381061694 4.022670417112328 -5.029073698180099 10.888831355965362
-92.049801719033 161.58501973841734 -11.765600935729983 48.540325317135654 68.74334975214072 95.7649342485287 67.05723212769573 4.022695129218404 -5.028895758820987 10.888776321525054
-32.00665307027957 195.9352214219616 -10.060638643648694 65.20788669219513 96.20735054604424 153.84806586714308 99.77228154081082 10.800149552468602 4.0201214959277785 -1.1590141086803765
363.293191682467 19.052768955352356 -3.8442994070540477 14.57042539727752 20.781720618527043 41.18579256002704 66.87419980574855 6.154686807070459 -0.9187306586585433 -1.5927705255111453
365.4503407176273 17.606005774115335 -3.7636906139061668 14.108069960906363 19.92855255587265 38.70194235051849 68.56792756616288 6.398510988965811 -1.0144018204105671 -2.3849957374858515
-4.559939823403237 77.4493546432662 -6.342203182536056 21.83973467558752 36.27147138777379 62.34778895484793 -13.630496397090024 -1.3613270643784958 -6.3956450394861415 5.887439135641394
363.5883998908999 18.863607037525014 -3.8308692528876236 14.513983533451679 20.712751319494807 41.09040854569521 66.87147462789373 6.174373221142019 -1.3298175488092363 -1.5335492520069787
363.58853123484926 18.86353084213772 -3.83086799298934 14.51395975231597 20.712718338286273 41.09038629133356 66.87135690155743 6.174342278592774 -1.3300403504336111 -1.533480342223485
635.4285811308845 -75.08048545337877 1.1887947780019281 -8.597902399285777 -3.842004899327741 51.34993191950619 -3.7823697221074015 2.8699362883935184 1.6335500467240165 -8.304650527913063
-47.870089177326385 43.96908772836957 -3.9218736289317446 7.7583504297637935 13.39778888330355 -1.2891597366096734 -13.570702734839529 -0.2165189205840659 0.41722431506045987 -6.642352993108505
-47.86174817639059 43.960598710848835 -3.921745203260947 7.755261427599022 13.391518354091344 -1.3080725501857047 -13.546328379971548 -0.21551106201249193 0.2968090290703027 -6.590795926992517
-47.86231039589798 43.96092486621323 -3.921750596272709 7.755363223064316 13.391659530594362 -1.3079772900786488 -13.545824450845457 -0.21537861201540606 0.29776273440479356 -6.591090896275375
-48.31366805188442 44.459990696462434 -3.9385429128158 7.932671399148117 13.749896948344942 -0.20926651058853818 -14.200692946444995 -0.2728247102359062 0.2284131890860447 -6.423191483184333
-286.72112228110177 50.274097241326224 -4.775795440733942 0.001642298485869026 -1.6774911696888601 -63.67786258616827 -34.83660954889686 -4.201399375014953 7.309306092552023 -0.7650861762384409
-286.72221415451907 50.27473066038464 -4.775805914404155 0.001839993219766578 -1.6772169937054013 -63.67767758219382 -34.83563088051338 -4.20114214658659 7.3111582643966875 -0.7656590332029053
-286.84180700972337 50.47648622518435 -4.782860168936183 0.07714795037403933 -1.5125591821690667 -63.121190279650925 -35.22840251258134 -4.236560221902945 7.377745950821088 -0.6399543395002675
-4.5612385471279095 77.45010805907923 -6.34221563943325 21.839969823086534 36.271797505136604 62.348009007182114 -13.629332325343935 -1.3610211044656115 -6.393441983207354 5.8867577535318
-378.04220348767257 81.99497802639048 -5.961800403211333 8.0628631054595 8.091074083579874 -62.3577680904513 -13.85058463678961 -2.3166510413381007 5.127780910410374 -3.487409513173393
-378.0378854709725 81.99076756927138 -5.9617599984786755 8.061339896930415 8.088085643552763 -62.36631440911868 -13.83932723531825 -2.3162160118056425 5.068396646340605 -3.4600691550343496
-378.03792160227266 81.9907885297947 -5.961760345062427 8.061346438862008 8.08809471632437 -62.366308287192524 -13.839294850075188 -2.3162074998461355 5.068457936637711 -3.4600881113512556
316.7422514369557 -58.56187046844717 -0.3356444334667361 -16.170036787500177 -23.08129014897929 -44.48481937858734 0.5746125934482609 0.21378672527948234 11.54418019650091 -2.7712694571471888
316.2351024642961 -58.16916727048729 -0.35316661078115436 -16.03821381274705 -22.817003971979393 -43.65971556004305 -0.038057954463623034 0.13883282074140163 11.719032748533953 -2.476033552222428
316.2350340560766 -58.169127585441295 -0.3531672669779379 -16.038201426755567 -22.816986794291758 -43.65970396925807 -0.0379966387368561 0.1388489366305159 11.71914879087147 -2.4760694426561227
331.7970789456603 -69.59118793503812 -1.7572710514616086 -20.84531600576695 -38.49955412044547 -98.61014508130636 43.33260279616407 -0.6229928662827235 -5.31283026764321 5.693524300219255
58.93785161728606 45.87510374918301 -6.219582240966262 11.351202594528003 7.260399607997294 -39.788927760377874 73.49235224602906 1.8847655431713066 -2.393429262463946 9.583266101580701
59.80628901022333 45.5987144378533 -6.154611290382371 11.30074193544614 7.227675903010745 -39.96036913342733 73.93157004527639 2.036261814466458 -2.4629971585301713 8.998012478462334
11.890943025647571 20.99358692087186 -7.661251414081204 -0.9332923408543732 -10.979898263713705 -73.09985042640959 41.522844143063686 -2.077642268075753 -6.122091684832463 11.777602487356598
-4.561358052056778 77.45017738779589 -6.342216786632016 21.83999145996338 36.27182751345172 62.34802925546948 -13.629225210456152 -1.3609929499429916 -6.393239263265344 5.886695054617778
38.45408618151461 40.872160781703215 -9.93653681132393 6.958890685238962 -1.6355681310120318 -54.69659917241597 64.43150292389439 -1.8086610329829527 -12.164199512931285 19.0944989734596
139.99291963654377 19.687540811220696 -4.596590780768239 5.704057010940896 10.690224869362291 19.195428733211415 -8.923976560328517 -1.6576718486707358 -15.173517977699895 2.0946172013983033
137.32181352786804 1.4260117283363303 -3.4046595522741416 -1.0369214937950837 1.0608531891014585 -0.24973279026639375 -22.18170542833495 -2.869402084612356 1.8107116822613316 6.48347298641793
170.9053888549746 -15.742111719596243 -3.798924744306525 -7.032897853084987 -15.110877481726572 -56.87046806286268 28.98025961311747 0.015726259253241844 -3.041779262769205 2.3988405001970503
169.08265592307856 -14.563324861308796 -3.8762735185660424 -6.661368218294004 -14.39741624252552 -54.651986700193405 27.24634553917794 -0.22719998477665956 -2.6873323217154215 3.1803580402891036
168.59288396344698 -14.101197046883918 -3.901867106752647 -6.505111620141583 -14.102405543197534 -53.7649254798333 26.672702745980175 -0.299813187792055 -2.417836278604809 3.359159782727687
-947.0728548547099 -1501.3826913836883 1049.1255204988393 197.89907332620137 75.1833128172566 127.81949908247326 55.85896233715587 -111.13972346262013 3.0721673400735146 -4.490065140278393
-947.0618852745623 -1501.2935599940404 1049.0628417611567 197.88277252499523 75.16943068616165 127.77227611635507 55.80910158396605 -111.2143859051616 3.095448622169492 -4.550383540417587
-788.8965337494363 -1092.113187447535 746.2274241928254 117.8713331046654 31.253904733472528 10.298120773930414 -23.7673397905538 97.25718738525846 -3.386259694930486 3.5030636055055404
-789.8642306824361 -1094.4557534194992 747.9597304655315 118.3265118628272 31.441507471189393 10.667120101131713 -23.679157805640752 98.74836043469745 -3.5444986600372657 3.732997682753031
-5.61099562862499 78.27748770379391 -6.375020279540492 22.12190235488526 36.8730411612474 64.30416269720261 -15.006131565203429 -1.4977771349633793 -7.145996127223737 6.5014373485338055
-788.5598310981367 -1091.6697974615759 745.855117700598 117.7487795050874 31.226744506246796 10.326667614931093 -23.45448124360761 95.9033279689109 -3.4973082378461107 3.5099826501487223
-930.6772290316186 -434.61199450149746 367.16512523194257 75.02836092115395 35.25271445621074 -34.91837557874186 -25.79700268261652 45.58330284359083 -2.4825591224500387 -0.2540298234616111
-892.3541536290118 103.47978258684321 -60.371580605130035 -28.473070401713926 -1325.8706206960292 219.29216325073517 22.094559590665455 2.258642453662349 0.4835968344822237 0.00025247294609613904
-637.3165064806261 55.21912958527862 -42.31286076406462 -29.093645624498397 -933.6331554005632 103.95088725698591 7.1943112883415585 -0.14604205135484963 -1.7163743099106057 -1.0913976073923617
-637.3469357678902 55.191592554538595 -42.29894494885395 -29.09728340310391 -933.6341887960924 103.93335687902912 7.1655331013819765 -0.14563926478480507 -1.7055762794146911 -1.118929972910928
-532.178359147076 122.55193584482645 -10.738182154840409 15.384719928665222 13.086968167893252 -78.3704070498085 7.541301702713994 -4.0422566231239045 -6.986984284504558 6.264187118916259
-532.1782955361185 122.55189894275318 -10.738181544659552 15.384708411257508 13.086952194799126 -78.3704178278712 7.5412446869169525 -4.042271608878244 -6.987092189344339 6.264220492730337
-532.7529914635568 122.79474932583213 -10.764355530471175 15.449185735539182 13.230325511167385 -77.85325237933506 7.011825272728844 -4.109934903892813 -7.042200758105581 6.466715342064624
-531.7620565830628 122.41332204014319 -10.714519216296539 15.356083564426108 13.031162211253315 -78.57802411836414 7.825967060540945 -3.995079498319323 -7.132849678660631 6.19105720137746
-543.5040001678021 113.67899224685293 -9.235848097841355 12.132180368443459 9.424860456150737 -85.96172384355167 -2.567029440327979 -3.979937636552776 -4.119387257213979 2.326333711875079
-234.03988422108864 106.84151894411592 -7.673418763179532 23.072902019990554 32.06831328834431 8.316565990212002 9.9756363684262 -0.07472096055098182 -8.642365163550604 -0.8336659473173915
-517.6162925853174 128.44762010134374 -9.409312587145733 18.92413855494063 18.74796804686439 -68.21653617199368 15.450982700670465 -2.5536616930502816 -3.377977647823677 3.784784768327837
-525.4190207181593 137.90542013993962 -8.0145187725147 23.153441267860053 30.8514763443609 -29.023894909849137 -11.583204283976865 -1.7993945458593752 8.032802514874179 -1.3765973817254116
-383.30346557604173 79.03492577311134 -6.056965189109377 6.645474434336445 5.63530260283595 -67.97128421958887 -16.139260185338088 -2.9552492216682067 3.5165340584961498 -2.0617782881679467
-383.3035597447854 79.03498040240109 -6.056966092411694 6.645491484537729 5.635326249165295 -67.97126826393556 -16.139175779960233 -2.9552270369823894 3.516693799195659 -2.061827694189954
-383.3034111674416 79.0348942095257 -6.056964667201544 6.645464583110391 5.635288940514278 -67.9712934384093 -16.139308952883557 -2.9552620394851044 3.516441763882674 -2.0617497424709446
-289.68570071083144 48.27875345762956 -4.818842056123381 -0.9283949728843194 -3.397994569390685 -68.00337067570986 -35.527597548217905 -4.619301491615647 5.637266873395529 0.45790588562327
-289.67870675158895 48.272419223334936 -4.818688540417451 -0.9306373301763574 -3.4023301796408525 -68.01613440455858 -35.50943098953016 -4.618349091013273 5.54160219735349 0.49784844827967645
493.4606811379891 -125.99860908103251 1.950499175815603 -34.15400432545222 -46.062139940614756 -55.78447161225094 -42.76565968656972 -4.3904964571905944 12.490468719959507 5.144603662485278
493.19812273302244 -125.61669902880362 1.936872998884275 -34.013033354232235 -45.75395207298001 -54.743088771095756 -43.52584058936579 -4.460378756076485 12.706993227714394 5.355775414511049
515.0587290145905 -119.62010518899655 2.210970631427328 -30.803432944772975 -41.86008547785386 -52.879542696609235 -18.35884342552105 -0.6289266551031548 6.994205401665417 -7.342012850606385
-234.04011866615363 106.84165495063304 -7.673421012063197 23.07294446861551 32.06837215882646 8.316605713593109 9.975846506451017 -0.07466572900749376 -8.641967469230025 -0.8337889492540849
515.0673668790563 -119.6281286699071 2.2111641528570325 -30.806288476581415 -41.865699403455 -52.89630999082379 -18.335531304567002 -0.6279226954906076 6.873221168926733 -7.287605754483027
514.8553192629238 -119.31407254858267 2.2012086643327518 -30.69137454705786 -41.632016116998756 -52.17244248603271 -18.752119443487047 -0.6632902074108956 6.856273982834404 -7.152409136227097
512.2693179439935 -106.18239994261482 1.8821929839412266 -25.766651659244744 -33.73086725833124 -35.21603377913157 -13.196235586789735 0.4763548963208353 -6.083388622681209 -12.83322410204263
-280.27438834871646 58.18052379268395 -4.852841636357831 3.263039002980811 2.7633061616318666 -57.73191548750851 -20.724718940155988 -2.184923414324641 -3.745326473143032 -8.491065433743149
-279.92249967402444 57.891632614884465 -4.843443446629186 3.16376712484981 2.557071121211041 -58.37201529064193 -20.31811392232897 -2.150345711784072 -3.5484873189870423 -8.612938273655537
-286.15170433453704 53.674992897482454 -5.117356784550619 1.1261163495720785 -1.4103688038218232 -68.11267847693644 -21.99187150177535 -3.347979384477995 -6.207897317237056 -4.63417385224512
-286.15193205992824 53.675125005822906 -5.117358968979537 1.1261575815521523 -1.4103116206273543 -68.11263989186885 -21.99166738683352 -3.3479257359318466 -6.2075110211954625 -4.634293329313455
-385.08911582445444 101.27464781872516 -6.6573106319937905 15.181110621531458 20.674500098686647 -29.228060431946616 -20.036602560633295 -2.3665732468208436 -6.0128912657714135 -5.0924985582784
-385.7666820748165 101.83984618139414 -6.6764661879037694 15.375534574789462 21.07741093809301 -27.973334426133878 -20.834544495477445 -2.436414227936954 -6.424697757721277 -4.84377910518356
-408.99530499667037 111.0257566690897 -7.213900388531278 18.018417173444302 27.567106966655423 -4.234712349520398 -45.35607130323663 -4.93300366804502 -12.722118028440327 0.15905677380934688
-71.52387727290049 52.13831958718392 -4.783417302578932 9.7690866995371 17.400970416131692 12.623845081583354 -28.88983154932565 -2.481345352133414 -11.546480376479096 -2.5912284860038466
-408.99608701516416 111.02621033469856 -7.213907889954507 18.018558765807846 27.56730333620362 -4.234579846497022 -45.35537036413235 -4.932819436627396 -12.720791471155797 0.15864648381490198
-408.99602974102436 111.0261771087675 -7.213907340559952 18.018548395753317 27.56728895434585 -4.234589550773313 -45.35542170014843 -4.932832929502432 -12.720888626512414 0.15867653274084975
-538.7092609123099 155.4005681570639 -9.299535495312318 29.03832492783296 40.61980404028367 -3.1521877464222596 -17.375081610225493 -2.7618525123566666 -9.03924861357419 -0.3442298148046131
-123.09709199197489 61.77375035321126 -4.280256474329068 11.349191799354726 16.75262985046198 -12.393211059895958 3.678284153955106 1.7595166979641605 15.545342297673216 -7.669269392191297
-144.73044905610857 51.24017575351576 -4.749126747436772 6.143973985163555 7.606136166719126 -33.07147174205504 -6.219416891314979 -1.086409587881451 9.317480386512305 -0.7212545857583531
-145.4270849350897 51.80121837990556 -4.7743797008722195 6.334325998396877 7.99995824250137 -31.799618179253482 -7.198952367909252 -1.1993222938719472 9.587461493733892 -0.3108969958607212
-144.8017091934381 51.32366199813136 -4.752221972799496 6.172878972060791 7.652466886568899 -32.967058991916964 -6.260248442363516 -1.0906021242289687 9.593366295461113 -0.8147718167113693
-144.80843832847577 51.330550629584316 -4.752260285678689 6.175398275981583 7.65744031844562 -32.95272007047148 -6.279399782440471 -1.0914749825443475 9.691351259459331 -0.8592169643704202
-376.7307456459611 107.93765630505675 -9.214029665390445 16.722703395789267 16.814800277024826 -53.296352062247465 19.43426423015604 -1.916999051958117 -0.9775467384284567 5.186200030511328
-376.73075025942313 107.93765898142281 -9.21402970964441 16.722704231102593 16.814801435490896 -53.2963512805633 19.43426836529907 -1.9169979651001108 -0.9775389125155257 5.186197610054945
-72.10803285320058 52.73905739209275 -4.80329359389781 9.981484304622553 17.83902880304005 13.98911088990169 -29.71690569784143 -2.549160826738147 -11.873997420755908 -2.3877731255942773
87.32747933503164 31.53379995020717 -7.63146534135332 6.342687268751147 1.8530160087915606 -35.328720665324006 51.22591547075414 0.035804545239829774 -0.6910553000054844 11.409600518974715
87.32759776921911 31.53373124404344 -7.631464205290038 6.342665825056615 1.852986269296264 -35.3287407323143 51.22580931570956 0.0357766440244721 -0.691256202526596 11.40966265564361
506.72450308895174 -121.976292211399 -1.2062040367092492 -33.97278596206184 -56.14445728589084 -107.11541164720242 28.20392245386995 -2.0122415995994554 -4.940159415759842 7.041852933809312
497.3651102609019 -102.80412393292178 0.3016850053334982 -25.772501115686968 -36.57953912940812 -46.37281442712702 -8.828987642481303 -2.2617955821223927 8.62370180013701 6.757063233212245
497.3652364077325 -102.80419711335077 0.3016862153791299 -25.772523955832174 -36.57957080559027 -46.37283580090928 -8.829100710530975 -2.261825300312307 8.623487814504838 6.757129416316497
497.7805096236807 -103.32244367000497 0.3228073318438453 -25.95846396064906 -36.96210875757928 -47.60117384033657 -7.982043596835174 -2.174928282404931 8.26969186667958 6.495298131195297
510.08676410859505 -81.24395405619263 -1.3718721059029317 -17.547562060676988 -25.189539399979072 -22.910381302101268 9.148937350019564 -1.0483195377169705 -8.744403590889068 4.962846984118125
-330.26198882147617 65.99866305603354 -5.755227867436757 3.8076020892575593 1.1289091146196855 -72.50368823718819 -12.62049370077824 -2.879560868203628 -3.2966463951888487 -3.348014989619696
-330.2621557416972 65.99875989000012 -5.7552294685981265 3.8076323118482165 1.128951029275605 -72.5036599547567 -12.620344086757619 -2.879521544406007 -3.2963632444125865 -3.3481025650051692
-329.55492729481307 65.46722060222812 -5.732066422840656 3.6302491096416856 0.7740460252685977 -73.59625793788027 -11.876929341919041 -2.7968619160726056 -3.1383331023782755 -3.6427717897537257
-72.12081088453813 52.7532900455966 -4.803463308361668 9.986753492250225 17.849978739720903 14.023014587826903 -29.759033285085977 -2.551270052725074 -11.68023282590849 -2.461007975250752
-279.0850527410133 47.16527609148441 -4.578791744089806 -0.9175133932275605 -4.082192143637291 -73.19931983406654 -23.997428902874454 -2.969628114150594 6.309904480072646 -4.599767224915646
-329.5578482487972 65.47074421769427 -5.732055684029424 3.6315781605203683 0.776789459977045 -73.58804312857605 -11.88730584715403 -2.7973339556671157 -3.0896265380739947 -3.6642416382528555
-426.29036179243604 108.70508911132599 -7.215541629325463 16.042136204820853 19.64147507114558 -43.76445324477299 -6.613448574590006 -1.794208324524828 -1.7967191640903175 -3.6863588546070947
-426.2907151491326 108.70529410108257 -7.215545018858934 16.042200183627344 19.64156380113776 -43.764393373003664 -6.613131853785605 -1.7941250791721473 -1.7961197563988434 -3.686544245002306
-410.9776091540001 116.66596571457484 -6.595399400549426 20.054062748749807 27.13571471509258 -26.466408085463545 -0.484759698581798 0.6467054495017719 2.6957863094999004 -10.526709993459486
250.86287634962468 10.788483895962276 -1.6029225519468195 7.8153958225487274 15.013949852882792 27.314981039580584 27.28368287771203 6.139612617765408 6.798836956266608 -16.90451326231733
250.86294564408308 10.788443696792289 -1.6029218872497364 7.815383276095024 15.013932452655542 27.31496929863412 27.283620767630502 6.139596293094236 6.798719410579866 -16.90447690691726
187.62208735092028 38.267075164331175 -3.2366567316033783 15.991648206982374 34.75743872727198 99.78733109686654 -46.052374982601435 -1.3716283315370403 -0.5046573891251712 -0.5266952152317934
-104.99082157756594 141.07550243011036 -7.879415886318596 41.85897147228697 64.3060961024362 96.43560539075504 29.67709948836791 4.27597133626289 1.5029104253467365 -2.1365755905497954
-106.65275701727919 142.30607680844005 -7.93312390251145 42.269976472853614 65.14790068640625 99.09092098138225 27.82242716860537 4.07104473212215 0.7553834530687098 -1.256597015982838
-120.9553752854809 113.1861457961732 -6.4405046825917065 30.8976299591106 48.411172166173685 63.47696090029986 8.14829646057104 2.245240585646024 22.656452209985048 2.6059332455582784
-258.7441122775301 141.53882000221074 -7.755714739790138 36.124640688350404 59.35187162631358 89.40606290484561 -31.322878629728763 -1.3296787899134286 -12.559230161848635 -2.1446459478493853
-120.41001431584597 112.47058027692053 -6.411686000970524 30.641000490506435 47.900847078474015 61.895412340024514 9.135569805006247 2.351432657206416 22.335795416481236 2.1848580589380413
-295.1165057389773 154.90068738268857 -9.579858521682155 38.18466852927716 45.59340711728601 -3.6473416773777756 85.28672936029778 3.2194761982196685 -6.7307227343345835 10.054902155959711
-295.11656369549024 154.9007209971851 -9.579859073955511 38.18467902317034 45.59342167037051 -3.647331856047062 85.2867813021656 3.2194898550047335 -6.7306244303096365 10.05487174836729
-312.04863667196963 142.4561999783221 -9.42653615369238 32.71382026114273 37.97257906032658 -17.558617660059863 70.63900132601958 2.0122667292878633 -3.4308010214955 8.792549696913614
-338.4849022747735 159.19299740855217 -7.94077078805069 39.30938556985835 58.96647578528991 55.59818942488078 13.430944258486383 3.0150979413087793 11.450987657316347 -4.783644225782073
-130.59739543117524 65.69968981499048 -4.939171107836034 12.322234021211344 17.567356425217092 -10.769425133582581 3.060441528940127 0.6349007829451554 5.927269111491646 -4.396276073166625
-151.33433252275196 53.82744683560287 -5.425663748394535 6.60582421219267 7.712632465698068 -32.91421394782647 -6.508255395274732 -1.936324453876472 0.9047127416210188 1.2187285838593933
-151.33431301417772 53.827435518271024 -5.4256635612627795 6.605820679969448 7.712627566986843 -32.91421725326846 -6.508272881221628 -1.9363290497871377 0.904679648813058 1.2187388190450752
462.9882080851634 -58.64990581108217 -1.3175217911359418 -10.518785330800196 -13.317273784896027 -1.358497280875966 7.988346704791648 0.0035860495213677623 2.4459755658710844 4.797169148070398
748.8082018534097 -150.59275477920323 2.917269385699853 -32.678964600210776 -38.99983414625278 2.0738075958256306 -49.73041543918169 -4.355699141576155 3.907792557557401 8.64473686321141
-260.0488684731618 142.66580931842398 -7.792730748145551 36.51616367197649 60.18403283859052 92.06226257184062 -33.03968415580701 -1.4741665067639973 -13.72443720316917 -1.5518039873752594
749.9267469387855 -151.67561305258465 2.9564382788307815 -33.06375827701645 -39.861960669799736 -0.8723227474896526 -47.50940854992681 -4.150420882825391 4.317572291861788 7.8795884596390176
750.6858372398759 -152.5496971087719 2.987022437178399 -33.378928576258275 -40.54131314271374 -3.119006718898217 -45.89377814576586 -4.006223967661913 4.0018955650197805 7.567404285250083
750.6676023816312 -152.53143000228556 2.986694013387883 -33.37230948299416 -40.52801699472222 -3.078690338446509 -45.947877570437726 -4.009148324081979 4.267263332111227 7.463095840484198
749.2000801897367 -151.18071763682056 2.9365632567435513 -32.89615734138224 -39.46555657734605 0.5423273199363045 -48.70824834237408 -4.2706788508725255 3.8354083894778634 8.428913284742613
749.2000374030966 -151.18069281539618 2.9365628463191173 -32.89614959443548 -39.46554583338518 0.5423345694999276 -48.708209991808076 -4.270668771027869 3.8354809692644105 8.428890836710003
106.07512342333706 -29.879895397255616 -1.912338923953132 -14.156602157519501 -21.115621368279097 -60.069049633205026 -20.159681514016192 -2.714761839755529 -9.300315486760152 -4.454899187077124
892.003935462054 -198.1621240071894 4.538019286083675 -45.122823366701425 -61.36435533813493 -46.6165512354246 -14.764000993499602 -1.2938019219653707 -14.56234965737385 -4.6588941944888775
892.8915022942181 -198.91904133538583 4.563211951499928 -45.384063049538774 -61.903695006077626 -48.28812173436794 -13.70876277787918 -1.2036026668410151 -14.12631136105784 -4.9392947055561445
893.5491520991812 -199.56153235374973 4.58450214532915 -45.6093475128056 -62.36110786308622 -49.688388200578665 -12.857530102380714 -1.1329821347899984 -13.99914157025314 -5.072776918719013
669.2770270533526 -126.00787133046956 -0.09967198933483899 -28.314334694181277 -44.97068604912092 -62.331961242041324 41.16471176464852 0.7482512412292549 -13.029582413622009 3.174864161300032
-260.04884029410874 142.66579297116343 -7.792730477842089 36.516158569877376 60.18402576267194 92.06225779730524 -33.03970941328541 -1.4741731453010891 -13.72448500391177 -1.5517892032074654
701.4858861401572 -109.8163068560781 1.6334690251805768 -19.936614697822677 -30.166762536348067 -31.500161765551812 58.10832573878498 5.434621345100823 -6.665030731288781 -7.786325764418489
690.4837081352554 -125.44164101181356 2.1439422259770664 -26.278545322746307 -39.45575956655284 -50.06316239631638 44.678014283121485 4.004966327065546 2.4364452734818225 -5.749855424168896
691.545367340756 -126.14569699789321 2.182258883101583 -26.503599280881414 -39.86885819203924 -51.2666243120563 45.548917790305204 4.1394056902803795 2.202181935206103 -6.234134921095134
691.5313400139917 -126.12945511029572 2.182373961767679 -26.49749867254807 -39.85624324662803 -51.2299346386824 45.50470792612245 4.13803853500405 2.4181240133155493 -6.335980799391998
651.555318170466 -109.63533214064775 1.6817071856543062 -21.37182450985258 -25.36772714505594 3.870151196074134 -10.576434085721091 0.06772654776354231 7.0600371554280645 0.39264123861409916
651.5546431818727 -109.63494056542 1.6817007109084467 -21.371702296356737 -25.367557651422718 3.8702655639988435 -10.57582907959092 0.0678855645366177 7.061182154768945 0.3922871030554045
296.5257973395354 49.36064528528693 -3.4600547908025843 24.544392542452236 46.30873182669666 124.98405512889435 -4.788588180241943 3.0406148106809128 16.64552735894724 1.8042664676183433
296.5252261954479 49.36097661811424 -3.460060269432891 24.54449595385436 46.30887524436464 124.98415190175358 -4.788076252071944 3.0407493633177567 16.64649620445669 1.8039668144777847
296.524017128796 49.36167802346396 -3.4600718672654946 24.544714867607787 46.30917884826958 124.9843567626048 -4.786992541006482 3.041034200645845 16.64854717399467 1.8033324715141061
197.5323216909295 -5.129131138138283 -2.188939291667139 -1.1078328597010776 -4.11571201907729 -33.28154777694453 39.71000620660393 3.670958511682056 9.201603579095464 -5.74494326418494
281.7973292486579 89.41402327946157 -5.262633306787143 39.33177788057555 74.13505655109061 206.93562784391526 -36.2307141892902 0.7738459002172455 -21.93596551644389 0.17962245581262068
197.52459090419913 -5.120438933800905 -2.188878686764523 -1.1045839943986224 -4.109090316333453 -33.262476325073806 39.685371310742134 3.670037234338879 9.323404595577294 -5.805165966126441
198.3373408804779 -5.601322993529602 -2.157391251492808 -1.2499994557487064 -4.333349473309202 -33.80172553648396 40.04031207173523 3.763863303028304 8.937026526228017 -6.161608495632045
198.33738683099065 -5.601349650386591 -2.157390810719168 -1.250007775547892 -4.33336101174066 -33.80173332213525 40.040270885323466 3.763852477819166 8.93694857938052 -6.161584387655196
159.06691290193933 10.28230457349392 -2.538157439129029 3.7740091321279454 10.82440152667039 25.85936966215293 -23.022772099232593 -0.8197401675799599 21.7751621232629 3.9889481603154855
132.165046666732 -8.77258688950402 -2.752121317807581 -4.948372589512932 -4.409833748487185 -11.07273689594402 -31.38098934877246 -3.704246046019781 12.456683250322916 9.42209045226865
132.7632816519861 -9.47669963417467 -2.724943174893491 -5.201749048699431 -4.951731777812339 -12.870534468383827 -30.061975874289473 -3.573868311497075 12.060347751347035 9.010505808443483
134.05033020495645 -10.601955038689837 -2.678124271720879 -5.594567720509673 -5.831947036887723 -15.914184200233173 -27.60528741142675 -3.3178958513070356 12.045704780587734 7.934265870164345
140.2826243421797 10.395673021222546 -4.006202168528852 2.3239695308703934 5.717896359535521 8.707132200024969 -14.113913280342857 -2.1370310774322565 -6.963052889817458 3.8654864809217035
388.11282449774 -94.15394827867743 -0.22492972710090633 -27.094963094367262 -39.56747455663483 -65.03597232932988 -17.31800854824134 -3.407345090905083 -8.476642585719556 1.7351315797561848
-342.3526350718939 64.19474962468495 -5.906402991879478 2.5988832854302215 -0.15499748750433606 -72.64188476258113 -22.785605420884757 -4.1267734079320535 -4.941953454454218 -1.2068875929339569
280.29865250868835 90.65093500219594 -5.30490309525112 39.758081536007786 75.04126723422415 209.8334723899336 -38.127530151070495 0.6071528278830804 -23.3499979051055 0.9154466105080135
-441.34909511499217 91.37631522641225 -7.607144251925414 8.356247850847186 5.905154159033058 -77.77966513683343 -8.56721396263135 -3.577619895537144 -5.075606945566791 -0.08536772021700245
-441.34912919004216 91.37633499406398 -7.607144578785355 8.356254020475252 5.9051627154691735 -77.77965936330814 -8.567183420446877 -3.5776118679980087 -5.075549143324726 -0.08538559772203821
-441.3488728218199 91.37618626939 -7.607142119602708 8.356207602413726 5.905098339866377 -77.77970280162161 -8.56741320850641 -3.5776722643715972 -5.0759840270714385 -0.08525109282530954
45.737994067165126 7.2324768310185075 -2.4059668147536843 -2.2049093233414325 -1.0944217556498739 -21.535685390681657 -17.248588259255342 -0.21234111753180196 1.9049581846599728 -9.89057276876167
45.38643099443172 -6.441604425310031 -2.070676580452773 -7.466093595628137 -9.646388349959073 -40.740894625547924 -22.204678572802624 -1.281574307969171 14.691435682896808 -4.744713264354806
45.39434055618078 -6.448603154481798 -2.07049778996486 -7.468556806831502 -9.651095934077592 -40.75459608681396 -22.18482037002739 -1.2806881483739034 14.584045366446665 -4.695277874361037
790.8692973467847 -159.10997027807954 4.2744211827525485 -33.9760811042009 -42.25681295059051 -14.425795351440534 -18.139232419936874 1.0963208952100296 25.24491851494311 -5.059525243189458
790.868754938309 -159.10965561544097 4.27441597976764 -33.975982895693335 -42.25667674866538 -14.425703447667352 -18.138746248105164 1.0964486780934828 25.24583861461214 -5.059809819642683
551.0504275838383 -47.0132460954496 1.010332028936784 -0.9916694570946534 10.246026520785122 78.01429333460369 -16.154010108382607 3.9026711474910187 39.69993672947271 -5.887060070060632
551.051064226493 -47.013615428214614 1.010338138005214 -0.9917847271551119 10.245866655817508 78.01418546567463 -16.154580742861498 3.9025211656985754 39.69885677545932 -5.886726050701804
255.66701304341075 50.01949424658916 -5.747768885511222 22.36007362123731 43.419859765637234 129.4454035997394 -36.76949269741919 -3.005413923263824 -27.80107779954704 9.86563133885749
167.0301879891496 85.23750878923045 -4.628680134090124 32.14553467610579 48.173362187283274 74.01372573039785 75.0551953431415 9.609107864345674 23.1052881010181 -6.810733690073911
167.02945530269488 85.23793383626612 -4.628687162300458 32.14566733640239 48.17354616925414 74.01384987471997 75.0558520649317 9.609280473892468 23.10653097503833 -6.811118097733407
168.6164232074017 84.24189821896776 -4.570567094813814 31.832015455418247 47.59868285305546 72.319404651441 76.37185166413866 9.82668712169494 22.65537211969535 -7.74268986898407
167.04820862034526 85.23197714641097 -4.628835429791287 32.14126431194017 48.128731237043986 73.75845770157505 75.35232275916628 9.63333710897148 23.325360365492664 -6.990676828369359
167.56265391348145 84.59688618314509 -4.60044166334083 31.919229119804235 47.736894057274334 72.68716456911406 75.89104758457869 9.710822713515423 22.684129702330708 -7.189855175189489
111.35877305799548 107.37955647583193 -5.140289225783068 39.12824932593757 69.37411484524857 157.73195120375146 -14.202927461316634 3.033411415474812 40.63727056038521 7.910703130220837
71.286695052343 80.43782851554093 -5.51385784816366 26.697089822247893 47.77615852030519 106.04068066234855 -28.077789100804132 -1.3520365042037699 27.452878897021407 16.42671018803799
272.63427572356045 19.971053232976058 -3.0214375698970506 12.547199922147916 31.2282650639371 110.46527313123836 -64.47610220318916 -4.629694405465063 30.0930369824984 23.36071495849758
271.7301733339943 20.785978800860114 -3.054914706495424 12.834360621655772 31.89029641133264 112.80820814056136 -66.35987797314564 -4.824623080152784 29.605679798824948 24.388775487836565
270.95950603352986 58.37153037950417 -4.905328397757793 26.796761341540734 53.26591746183035 159.55059420139654 -48.87782060173045 -2.6456965386513955 -10.853133028836492 12.682497872377656
314.9214469875289 27.367440121852425 -5.356892333809491 15.490359286139931 25.120824455205554 63.9757450004413 28.69362268824367 1.9240551013817222 -15.666256949285028 4.135964588130147
-122.39828632673155 180.80855380139158 -11.32166822664189 55.44886198847629 85.67315809481093 151.1218036259038 24.04222512625413 1.9459794508327564 -7.06739293994006 12.863699620646273
-122.39825952970769 180.80853825591967 -11.32166796961313 55.448857136545534 85.67315136579236 151.12179908545252 24.04220110779682 1.9459731372322793 -7.067438397164334 12.863713680269214
-502.56619359089035 197.50250196927408 -11.428151280399566 46.18640614985805 67.10688265940436 58.57396057574172 3.1240397365719077 -0.7708968095690203 -4.803368766575874 6.058665521304105
-471.61264034769306 218.28418905779884 -10.784264206485888 55.91395968117593 83.50595887235283 95.3860908217313 17.803801783706298 2.800998899102558 0.972093848252712 -0.776130514037926
-471.61265985666944 218.28420037580545 -10.784264393857024 55.913963212858576 83.50596377045517 95.38609412796977 17.80381927078996 2.801003495959205 0.9721269409799036 -0.7761407488717086
-228.22441510389842 109.03323719013179 -7.024399757314855 24.498923821736827 35.56298028944373 18.408371270255074 6.267214200711619 0.4778975727242104 -1.7572332214593143 -1.4574388973730479
-227.59942461069335 108.56196354710427 -7.003447913187035 24.342028725348538 35.25329318860637 17.46698909733726 6.891085176134059 0.5496310880304024 -1.613573272615823 -1.7391057270672161
-227.59905735029184 108.5617504916195 -7.003444390293624 24.341962229177657 35.25320096743902 17.466926870279394 6.890755992937427 0.5495445673076625 -1.6141962645313637 -1.7389130433606335
-202.87925751477704 93.571787453049 -7.9037294333621615 18.732777525880213 19.37457432193906 -35.79641756025211 47.87047101183391 0.6572645956211611 -5.072674856937807 5.411646017024029
-202.88525615590362 93.5803141738268 -7.903378210034869 18.73612049652779 19.381392279159982 -35.778124621149196 47.85106817674514 0.6567943347541096 -4.975318518956075 5.364966358590745
314.9214702121038 27.367426648789262 -5.356892111028679 15.490355081099079 25.12081862340172 63.97574106534801 28.693601871580263 1.9240496300353311 -15.666296345703408 4.135976772983465
-202.41889101098974 93.25133110297992 -7.868360456521285 18.63799422989698 19.238656414803764 -36.160985211162306 48.07388660196929 0.7248218938939535 -5.029624009902506 5.109118018330228
305.83059876146785 2.6505465987068275 -3.6512831486989756 6.1843220638336565 12.06250537701522 37.562709313399196 9.249226315755502 0.41940769341344664 4.246827090556203 7.319114431210119
-133.75436644200275 57.64190577645387 -4.546163485733541 9.193327767339428 12.915838071392793 -20.859744171779095 -1.5646498194373515 0.2619918439980233 12.769629699808307 -3.6919359011579234
-293.2119341804642 52.81391958066843 -4.942539662916096 0.7415900724961166 0.2856911182376617 -55.799711593076765 -44.05483051672723 -5.2804815995107335 7.905969685505091 2.615682981407463
43.12200713349289 -18.988604810203316 -2.1272720465011394 -12.679247315915859 -20.68299588242663 -73.91227417102645 -8.916750736005492 -1.637323338883384 5.990059704181659 -3.5807862734725813
42.75808164203053 -18.716583201696288 -2.1396345323292447 -12.588015415713151 -20.49320653617198 -73.2960715381087 -9.397656122816686 -1.6956146466447974 6.022260463377695 -3.309887584335516
43.0650228049608 -18.95510753234968 -2.1291324390321296 -12.668010620455474 -20.651417837971167 -73.78208369392851 -9.0441720472887 -1.6519139269000083 5.897646162751873 -3.475457065662808
43.065308449953065 -18.955273241080622 -2.129129699017836 -12.668062339362907 -20.65148956512067 -73.78213209270885 -9.044428076759274 -1.6519812204000723 5.897161616300397 -3.4753072008369363
43.06459381916023 -18.954858668514987 -2.1291365540314464 -12.66793294822465 -20.65131011702955 -73.78201100766817 -9.04378753862252 -1.651812864477795 5.8983738621679205 -3.4756821355317093
43.29610559301121 -19.254085237077568 -2.1177354744796046 -12.774927879446215 -20.85884959346773 -74.40411075212393 -8.677058503915568 -1.6119661159693863 5.7185705985416195 -3.619861105573164
48.75997961979116 -8.057811774782971 -2.5401054149544984 -8.336547456794866 -14.139851990855119 -60.03642449070702 -1.4691531112259573 -0.7682778049574815 -2.479459741196311 -5.744587445376583
48.759932649190766 -8.057784526150128 -2.5401058655141044 -8.336538952298577 -14.139840196273836 -60.036416532215874 -1.4691110104894243 -0.768266739432215 -2.479380063955685 -5.744612088542067
-97.40064956769262 35.17760248414559 -6.472559414675147 0.7607092462483439 -6.95877717410956 -74.54013183305462 27.16263446103352 -1.822941274426852 -7.449751623960933 5.575361878633542
552.8776471314883 -89.73296085896465 -3.0623481718248726 -20.260637677199725 -37.7696150250932 -70.7350215935655 64.1065256321598 0.19256568090838605 -11.478076545996627 12.05820767243438
-293.476686080588 53.11775941086439 -4.954442336749367 0.8527593669527311 0.5508484582947281 -54.83241559041096 -44.85239986125661 -5.355936373094286 7.87760043475692 2.9216723971519944
552.8710307334092 -89.72228590973893 -3.0618865078581523 -20.256395474127164 -37.76115604266124 -70.71236643926873 64.08302134951813 0.19172101843163492 -11.363144814342656 12.005178633466532
504.2224395384542 -118.72558508554485 -3.116570972933538 -33.70597207124757 -56.98772421872472 -108.57867122165521 31.66939010669564 -2.970245238698801 -13.21497557445553 11.287572013417545
492.0376117637919 -94.75723275877222 -1.318307689492988 -23.593522139510796 -34.913747254031335 -45.0034768635252 0.2897411221474353 -2.6229095000902887 -11.042546576195438 6.780653190280705
780.0293134104555 -177.1406341033472 3.423203784749056 -42.143093664123285 -60.759700973892706 -70.62669589494895 4.820360992375262 -0.4975747086178063 0.3530384567999243 -0.837809140519225
785.5063406743222 -161.68682132826126 2.6324928092357136 -36.203823761541805 -52.14801540703114 -53.08936176007275 16.27034986782391 0.6089358818134603 -11.67241889555399 -3.6063999961728497
808.6815818898962 -149.16171220390444 3.7729592936685825 -29.860976972836173 -40.23471200236392 -25.989537573813998 25.953183472856875 4.541429680476823 -4.925499938652574 -14.897226946360387
808.6982919510159 -149.17969791687383 3.773138645273899 -29.867601574527924 -40.24846179562936 -26.031212217203127 26.00496299249965 4.5431086684839554 -5.176417171313103 -14.783398794967017
523.511984759313 -7.760091769227234 -0.43908009276418075 12.27237199529841 24.813862232785887 81.79287630055155 48.04951168549519 9.504609910522934 -1.032560656731536 -20.115687562255143
448.754014115325 25.908107968188535 -2.3674988224877196 22.35893785878943 48.51153612308202 166.07747358399263 -32.25413425268297 1.7501686299290495 -16.657500423147994 -6.296528555933317
450.49503815109244 24.385060889258817 -2.318572281105638 21.828323996558872 47.38111836411095 162.46672180268035 -29.916595813039912 1.9419049097276837 -15.201269209969041 -7.02837683213692
-298.3392455072055 47.70690892767241 -4.97400636075004 -1.5171144601100366 -3.905283784352169 -66.77725780774344 -43.92906086714848 -5.8908932285587134 4.36868735832857 4.1235453616556486
448.4540704018837 26.087471785370344 -2.375820108850888 22.416479023483404 48.63302400172731 166.4722876927702 -32.55917892488454 1.7132924636423532 -16.905500110495556 -6.115035078142648
-160.0547955964749 104.66986206725215 -6.0606425566015645 26.36697927734735 44.882806229873204 67.78425370752429 -30.836788261419738 -0.9105052024247676 -10.706205776778088 -5.328583708728306
-160.05420400551287 104.66951887289132 -6.060636881850813 26.366872163882427 44.88265767803024 67.7841534708375 -30.837318516797747 -0.9106445718719115 -10.707209305573203 -5.328273329663784
-160.05395745648295 104.66937584461498 -6.060634516865421 26.366827523714342 44.88259576817716 67.78411169662306 -30.837539503864246 -0.9107026549003903 -10.707627532076003 -5.328143977390299
-159.4066490304471 103.98978599512037 -6.038700398593268 26.125811140821817 44.384896538684565 66.23428738403807 -29.91921817586508 -0.8369704447951754 -10.229861882914726 -5.587376304192381
-345.28102257412723 170.1516128462168 -9.24812687223774 42.76156813230984 62.8616279675769 62.1320292014971 21.090555876967947 2.5648104479291476 -6.709973971416221 -3.8537476332303626
-345.28085762238675 170.1515171508257 -9.24812528813806 42.76153826596225 62.861586548394854 62.1320012525457 21.090408027951216 2.5647715874740324 -6.710253783637604 -3.8536610914793
13.573213233760683 27.30849570375897 -4.389859439089741 3.501882404537881 5.445069257840514 -12.986666713111685 -10.628701522789944 -2.066919494834893 10.368610150139904 6.705092909674007
-529.6224406939211 124.92597161994533 -7.988867849996634 17.89730603573991 22.351274418124717 -46.61723195421556 -19.44095191137363 -3.456560614113549 4.4806729017883615 1.2780930681851004
-525.0271548100378 115.50308881538061 -8.726130097530085 13.868435162099559 12.741607923865347 -76.46205376360776 -1.2447294644111118 -3.3266435344407084 -2.0563602062619264 1.3443161168072124
476.13960362682263 -127.1296296723182 1.639863535137844 -35.32695858530428 -47.06804714996829 -53.30671841822591 -59.604919442299526 -6.935584732340132 10.14463904191705 12.395997489861154
-525.0271385382156 115.50307937575431 -8.72612994144469 13.868432215923415 12.7416038379185 -76.4620565206377 -1.244744049184758 -3.3266473678240884 -2.056387808508047 1.3443246538405587
-692.8392526236091 176.93091871504856 -11.298368790740724 30.001457065651483 35.957095588644535 -47.68358633869406 7.899009067582366 -2.516032619346374 -0.3879969190765198 3.143578407070551
-692.5428155553578 176.68102228739536 -11.279234741278856 29.92050846171289 35.80612897468237 -48.15199810971651 8.241762381478477 -2.4660973369669574 -0.6226360022919599 3.006475180559866
-664.8528562162385 191.4164592811744 -11.030112811601715 36.926609092079026 46.15573435780424 -28.038807362060407 26.266248166271698 -0.26517106976406996 1.6454907373394476 1.7089922464213443
-664.8528248535185 191.41644108731336 -11.030112512447788 36.926603413423194 46.15572648304019 -28.038812675299774 26.26622005553 -0.26517845820018915 1.6454375368531615 1.7090087007105128
-664.8529137904059 191.41649268147128 -11.030113365562288 36.926619516335755 46.15574881559463 -28.03879760621357 26.266299771524956 -0.2651575060835111 1.6455884024121261 1.7089620398495529
-497.54028287620076 141.218086814942 -7.492182618978283 25.797902662454703 35.763018705218556 -16.70307070364924 -3.8738042799784367 0.35020942170343383 12.27450327214081 -6.917169016492208
-497.06987696707694 140.85313879799816 -7.476927239937648 25.674462000365224 35.50826409014611 -17.517101351827574 -3.2492407240393413 0.42323249161932736 12.121551741075187 -7.209923716024741
-491.06532851443563 153.00239969426215 -7.812025712328234 30.545772752140685 43.060705436248966 -1.2997572454271122 4.381179610901274 1.5107422991561994 3.3380501886564344 -10.276237154187669
-492.0033847888508 153.71694625147694 -7.8387560722973735 30.78458940045393 43.51598749696143 0.004429779744098909 3.5759327815207813 1.4204057437646838 3.487069713696571 -10.04669078501921
283.43818783289623 -66.06656711416753 -0.7383149421632711 -20.491274244464815 -28.655438135934503 -50.17446962725698 -27.38556968345729 -3.805868147307225 8.637237428070657 6.304398003953406
-492.01013706751576 153.72397228773778 -7.838834282699273 30.78716046287864 43.52124629219536 0.020188266862831497 3.5558563088886825 1.4197187783473475 3.586579966146272 -10.092420690378631
99.26244704420877 116.49081971274535 -6.456024132226582 41.640895797395295 71.79108284321434 161.26256813367922 -9.55448584656427 1.9816625263839878 15.745999192394297 8.473171481051265
102.28081619675812 150.75446109725664 -8.207487236867346 54.44978158138317 90.69274747170087 200.16098729925213 12.46229957080481 4.373475567773243 -15.770676735835037 -0.6532746763593348
100.0783036355202 152.49732134885988 -8.271712333753888 55.04298593361792 91.92375439264138 204.02386324658727 9.91415722073882 4.135477099970793 -17.076800779719445 0.2085815163058113
100.07743578799901 152.49782480548106 -8.271720658459932 55.0431430661015 91.9239723140899 204.02401029109117 9.914935090671682 4.135681551107937 -17.075328630575083 0.20812619868833176
-369.080776400657 180.5160738980393 -9.59818289440133 45.94297770636087 70.85737522788358 90.31528730210215 -5.3523198748126966 0.5429282383449527 -10.808102911608866 -1.5346869717930618
-153.280023002151 103.07661547455538 -6.197983757816188 26.21515264271242 47.72415139955197 89.443695100436 -61.13815171652076 -4.047717864773938 -17.523549357971017 0.29785711349308747
5.2195407602791155 24.54766208298016 -3.66112706787222 2.7197920639549267 9.322979014289288 14.05060823697199 -51.62358434941169 -4.544503296194843 -15.320766591021853 -0.6698288428480831
5.219498787234045 24.547686432536967 -3.6611274705564196 2.7197996635867465 9.322989553966543 14.050615348717258 -51.62354672800812 -4.544493408116089 -15.32069539115195 -0.6698508640638732
5.212086550825055 24.555811739806746 -3.6612912563035946 2.722790392049872 9.329284210446268 14.070780163891625 -51.649430313699696 -4.546004079794486 -15.205830832070323 -0.7097217117635135
288.2473670929246 -48.18317624940477 -1.8245791876437023 -13.743389368430917 -18.738781979541812 -28.910774432378776 -16.38870069962641 -2.813063520923343 -7.726143316751269 2.8423912745683135
38.67897464425625 9.712453230558687 -2.7760118634805755 -1.6813566399423132 -0.8863104991629245 -22.275978483723883 -16.190475541805238 -0.779853728278616 -6.220387310181024 -8.69666720915201
38.67899282981228 9.71244268073599 -2.7760116890382776 -1.6813599326188213 -0.8863150656578966 -22.275981565003253 -16.190491841902517 -0.7798580125060727 -6.220418158731608 -8.696657668084036
39.439719566597454 9.059661223504904 -2.7551493615575167 -1.907029037198646 -1.3505338982484818 -23.70387442050009 -15.287135792178281 -0.7063101671961256 -6.030831049869218 -8.837010304283812
38.91073820180652 9.591628635303977 -2.77218909890904 -1.7199009585403076 -0.9733755101748788 -22.56194015222814 -15.956806105813254 -0.759938059922724 -6.128957823713325 -8.743805614616988
26.121804520291544 -1.5670594078235411 -3.288829829737124 -6.883977926378858 -10.620870551783366 -46.10183458511273 -19.123135371793968 -2.961716490103205 -10.363430580947286 -2.1627504253236776
125.53521236564843 45.68594353011996 -4.8395266693717875 15.543559541233293 30.482888441838615 76.98803620668093 -35.25653962458135 -2.670675994454712 -20.708116242924458 3.5059635216070557
125.9689912155463 45.1974117844916 -4.822443881176328 15.36999018801705 30.129298228978797 75.89636681633698 -34.68518836092592 -2.6218775841282307 -19.92928183666082 3.1517588484174395
175.30574367360697 25.29028078140297 -4.04822489851829 9.42777471574223 14.90976293608107 21.07181169607485 19.496286140623262 1.8682560691553798 -9.503433892487548 -3.2153429039301185
412.3596557865759 -83.84232945085287 -0.25402182698373793 -22.176954322949282 -33.20388875466421 -56.475819190694125 5.9505405559200995 -0.6344672604678313 -10.235463439912621 -3.166951437301853
412.3598933192295 -83.84246724854059 -0.25401954848520175 -22.17699733061181 -33.20394840045691 -56.47585943721924 5.950327650421169 -0.6345232193899802 -10.235866371766118 -3.166826815468779
287.8298713501121 -47.723579729323994 -1.84218512071971 -13.580834009213216 -18.40842309983154 -27.880417100061578 -17.007045318794923 -2.8714714087887825 -7.9724377319958215 3.0919971775876287
431.2733207419506 -74.11559180690308 0.6736219403043037 -17.20189118167879 -23.892357623299755 -35.549424771433685 14.254000990013642 2.5649623277194946 -4.446776991999716 -12.408181703232016
431.92813534387807 -74.5979742351046 0.6915160274765518 -17.362395129796468 -24.201240302727562 -36.43999526327384 14.793864993143707 2.6241347909924895 -4.3416343771826895 -12.60165376687945
432.9818339090409 -75.37452034486554 0.7198554230835752 -17.619705414659816 -24.679810263999798 -37.75760284183591 15.528571826227648 2.7071950910002927 -4.34139925196762 -12.820089188502411
251.1603971506233 -13.762450466023415 -4.108495598069573 -3.23208980746362 -12.520362648192789 -54.385227137991414 62.62642720988128 1.538305099852574 -9.504736909136069 6.230780033909199
236.22989660673883 -26.492784546191267 -3.4965596910943253 -8.557368151456718 -19.663717713403692 -67.95628378782853 48.683491601198284 0.6538906651981363 -4.77973084086242 4.706228081832786
236.2296551922669 -26.49264449616334 -3.496562007081214 -8.557324440917599 -19.663657092890503 -67.95624288382251 48.68370798625667 0.6539475392263868 -4.779321323939705 4.706101423333497
236.229646000646 -26.492639163911118 -3.496562095250508 -8.557322776682854 -19.663654784822967 -67.9562413264351 48.68371622490003 0.6539497046258981 -4.779305731994874 4.706096600941752
-418.29422434758607 98.02540418521345 -7.5422191677310595 11.867703451347909 9.796912399566088 -74.10201927548013 10.21525697166551 -2.0961260202037852 -3.093285040507915 0.2785949455599396
-418.2893956664521 98.0185472485941 -7.542489590081659 11.865017645304675 9.791450806375336 -74.11675724986797 10.231263153101281 -2.095646245766124 -3.1723698190381597 0.3165422406575883
189.8119727506425 -2.7645926614428253 -2.760406689063492 -0.16735875681901963 4.3270406064537035 17.15481539429575 -27.11967687632517 -2.465343888848573 4.439127669042136 5.719133452157436
287.8372165795538 -47.732176486544816 -1.842161066240809 -13.584051195760496 -18.415002904631496 -27.900135323054947 -16.983347379344835 -2.8703224077652902 -8.083844607093564 3.1349520112752858
