203.6585833184722 2.0785525915522447
203.65897908883795 2.0777492466560323
203.67000998975044 2.1075958724478783
203.6691060101309 2.104134077806935
198.90417532239408 11.354762908255712
455.2879726184253 1.4267485569464258
150.8782216038523 -1.4741552467959034
-497.3764373191581 -5.139939025118684
-499.21318650802516 -2.6189974917193894
-499.1949892442458 -2.6282130464977294
-37.0025155208947 5.569222497405621
-499.1956467922097 -2.6268783380079395
-501.15385270780047 -2.075208310690098
-501.18639967139495 -2.0792259993901
-232.19125036772812 -20.86356816567229
-231.46224450038196 -21.207852213411165
-247.65252274123742 10.76850333181279
-247.6526536785699 10.76876911193842
-252.36777575922304 20.189582151371503
278.0864048270592 6.76853282090877
278.4538493440622 6.797350481935392
-37.002064869568535 5.568307756180437
278.2155545216843 6.761312750406978
278.2157184710761 6.760979961510207
658.0398178588651 10.447066040627089
-63.42854777368423 2.7459504908650296
-63.42858964418999 2.7428077371807107
-63.429291431652885 2.74423224418272
-63.46613578163263 2.7561295327552933
-280.9722151485592 -5.341637990010944
-280.9735780646882 -5.338871515578425
-280.965419285111 -5.3290989510775475
-37.00368598413835 5.571598326503323
-406.37332790201657 -4.913114568947769
-406.37333039706033 -4.914523402768438
-406.3733754977955 -4.91443185603347
332.8843452494043 -1.0231408962438195
332.80419957214275 -1.0309464785331273
332.8041141818657 -1.0307731509820066
338.44770430924797 -12.827402003315125
-26.83855461181972 -7.029809471342708
-26.71148282749201 -7.008289623797587
-26.067150322346194 -9.675355292373425
-37.003835155995226 5.571901120181727
-27.215898913336936 -9.193874808375577
145.95666125919664 0.5537415808019371
149.19042256725723 -0.3604337159877815
152.9940728284077 -5.452839366428621
152.72782456210007 -5.469632130876105
152.64628832076988 -5.460691520705415
-204.66295869042162 -18.87612575639175
-204.66295869042162 -18.87612575639175
-204.60790175782458 -18.867967407393156
-204.60790175782458 -18.867967407393156
-37.02385187277504 5.549904941077251
-204.60631470608396 -18.871679606912185
-675.1187054807607 -13.838701201386739
-674.9176956145228 -14.520372110427953
-464.98753605726756 -15.387583394347716
-464.98753605726756 -15.387583394347716
-586.1381543425668 -9.714397299256236
-586.138074941071 -9.714558470032996
-586.1827354192728 -9.721030621252522
-586.081068031681 -9.71214465361345
-585.6204286691773 -9.91758924394545
-293.410512646282 1.1258302436484853
-585.953155910133 -8.580394568684936
-589.5086558873613 -1.2050320117913285
-405.85803627254825 -6.169605047897607
-405.85815381760654 -6.169366452375142
-405.8579683576335 -6.169742903066459
-280.3466250463834 -6.6634983142303685
-280.3466701394508 -6.665529610755374
584.937755966131 -4.525336405734254
584.9489221813507 -4.508393586429515
582.0704047395967 -0.793141297761763
-293.4108052911031 1.1264242619455502
582.0699780907045 -0.7956334547313997
582.0445943603767 -0.7834176617231976
578.299654356131 0.2620056167206626
-283.6657209444135 -4.271858599582392
-283.65206110506523 -4.264506059018298
-281.739492687091 -7.172353503720421
-281.73977694269945 -7.17177651549588
-410.22683554433166 -2.6523903052837516
-410.2430460723949 -2.6594676548340597
-410.1331991372348 -3.303671854439154
-63.795161392220685 0.514410961930262
-410.134175281161 -3.301690457971781
-410.134103788964 -3.301835574822173
-592.2986018414377 -1.389168373210889
-175.75875774983282 4.263484052549674
-173.67161430282 -1.1061962442252213
-173.75462328905414 -1.112267893503285
-173.70416957571564 -1.0956143150567843
-173.703744873887 -1.0943979296015582
-443.6029557501438 -6.020594897357448
-443.60296150886904 -6.020583208136166
-63.79014095131158 0.5264209931783738
24.41579498116817 -4.163823471314208
24.415942816033272 -4.164123550460237
551.3141515368253 -12.156326036863902
547.2956692927796 -4.1091815257491415
547.2958267548944 -4.109501146591702
547.3349862787567 -4.12965386453975
544.1523426060703 -2.9176728392414546
-343.5549095490149 -7.39331574859613
-343.55511790527663 -7.392892822518817
-343.4801777246902 -7.382389640425539
-63.79058769093361 0.5321706684716752
-280.80079852382585 -5.201215455559138
-343.4796847755481 -7.382276988351158
-471.0562595730988 -3.7612970519693305
-471.05670064578294 -3.760401753806605
-473.35113712488254 0.6389530136204475
198.92882195347474 10.083628875536977
198.92890844998604 10.083453302504655
195.64934733488917 11.857965486347448
-222.03239448694734 13.312965644287447
-222.1617033615685 13.275665285271097
-217.16639456182165 11.40222421591664
-299.29575100944885 8.582237229006921
-217.0749960341698 11.376048728834599
-445.3622736720722 -4.587564745186904
-445.3623460092452 -4.5874179117164084
-444.0789072255688 -4.970793263819866
-452.67713701281116 10.377600776598287
-176.27027734435597 1.8487838259137497
-174.02646331666026 -2.8847846991713233
-174.02643896521136 -2.8848341284360646
473.7099992195722 1.0624249762538795
857.4298378294638 -0.5949426335904207
-299.25452492731506 8.566687483643934
857.3634731916624 -0.5840992136128756
857.3407363658267 -0.6111237197784648
857.3407837950498 -0.6053497287591192
857.3979053250872 -0.6234467134631065
857.3978519169591 -0.6233383041706977
150.1886734712323 -6.375032645229814
1014.0685199838198 -4.75457258091443
1014.093504681602 -4.751672614764415
1014.1172990846366 -4.763620015305282
703.1626663936408 -7.158460619864256
-299.25448975292255 8.566616085682798
700.1879063867261 -1.670932478195596
703.3835105499546 -2.5958693727725617
703.5786512990658 -2.575740836934993
703.5795799345324 -2.5725143330167795
698.9907076238648 3.386717443608532
698.9898650770282 3.3884276634735357
237.7241938191677 18.291668562600588
237.72348089508128 18.293115671590353
237.72197169450232 18.296179077825396
151.87804978017044 -0.4803427892554927
264.9965812256103 20.14817533822349
151.8794585050508 -0.4805179832802281
152.09578380216485 -0.4679575042644354
152.09584115970688 -0.4680739301955038
147.49209199822522 6.623868909674962
150.84021704671494 -1.0658622033014042
150.8615164902509 -1.0862520561312987
150.87915188105796 -1.0668550511080463
147.575183840427 0.1721531854778521
459.19584396003773 -7.8417664955771205
-343.21762614249457 -8.323744655656327
265.0297485678476 20.119659004419045
-468.2703886377916 -8.658826954401661
-468.2704311718277 -8.65874061763033
-468.27011116368607 -8.659390176560116
52.03309466442589 1.9434996098535544
55.542454710146714 0.6394983059327909
55.54206070247036 0.6375159483802967
856.3241653131756 6.933008487672061
856.3234882598067 6.934382787127056
536.1367068670456 20.417021476770888
536.1375015492372 20.41540841237165
273.30424774473533 7.9569217231621705
17.14438423836493 14.560832892231232
17.143469672050966 14.562689296545159
17.44875623465816 14.60210389420696
17.07998398311866 14.576558290179477
17.241452617512785 14.550608808563153
11.029727782130271 24.04275518090439
15.79010622724808 13.007180913849288
278.0074062081685 11.167267892604492
278.0302726090729 11.140777752338
272.06778296084684 13.3311264569267
275.4168329787165 6.229092046187575
-251.32851547878397 15.194754702973071
-251.32848203036033 15.194686804977795
-609.0495277312317 5.594522970483739
-612.7711158088559 12.239706245850606
-612.7711401595295 12.239755675884176
-293.6725430675932 3.214357433453388
-293.59446104119394 3.2214391270302567
-293.5940026103702 3.2205085918609297
-287.89032410489943 -5.41883138178959
-287.8899348897472 -5.417962810582445
275.4168619682428 6.229033200929693
-287.77744432779014 -5.412965677031807
279.6845704183835 5.03276085663158
-174.82418504816175 1.591055320707359
-280.8977500982398 -5.756251984958717
58.61382113540614 -5.546801750616723
58.56950144135482 -5.557789370999865
58.62273623927263 -5.553803579997655
58.62309279234116 -5.554527319218523
58.62220076419854 -5.552716662615527
58.67416700028312 -5.564295519218995
56.47081148562521 -4.721339021457574
56.47075285481421 -4.721220010953507
-128.79606959313514 -9.400736083114833
549.0939482236272 -9.797411646043052
-280.85104100979663 -5.760340170416535
549.0944602072834 -9.796560472067256
550.6281120457237 -13.319896618306908
545.9816470006274 -6.266386648006351
861.1109691252362 -5.774315557404105
858.0422847620579 -4.90219725240158
853.989712013066 1.8247525871677466
853.988806204093 1.8193579716190231
461.61269784505197 16.022910975244205
457.6188175959352 18.70807942586483
457.5544202355001 18.72859827672582
-279.63438925071085 -8.290477494396367
457.6056109971575 18.688846781790946
-183.68907195421565 7.691018999331747
-183.6883335039494 7.689520073186436
-183.6880257504625 7.6888953868873315
-183.69691224390567 7.6776533614007185
-454.7299549650274 8.173259576308563
-454.7297490561328 8.172841631909398
-2.7694776427327428 -0.43992867177973877
-574.2002869395229 -4.62282574827803
-572.2411099509823 -8.552348695760617
586.3623177436616 -7.775232173173123
-572.2410896397687 -8.552389924023384
-783.0034533407479 -5.357263525179581
-782.9527819120638 -5.362053612059878
-783.5914393718103 -3.154043597405184
-783.5914002219533 -3.154123060522117
-783.5915112390614 -3.153897720365769
-576.9484725621011 2.543501843214864
-576.8841053620824 2.55486295225143
-579.6560415572394 3.6314055999331556
-579.8319482435437 3.6232059324849533
334.22535192029665 -5.151001443339096
-579.8315775509809 3.6251488082801107
9.935005820607923 20.031653128875565
3.2514344445992513 21.912741592557687
3.1967166864128562 21.882683191146985
3.1956333974864175 21.884882074590127
-456.3350584730222 9.608640134469248
-141.25550670801894 6.154717994413181
52.10561582605281 -1.248059434115241
52.105563433318544 -1.2479530858667693
52.10536495799467 -1.2447109570336665
331.4329548428493 -4.11155545112046
52.08344846230321 -0.30929009568030985
52.08347116234889 -0.3093361728667585
52.11355909591706 -0.30898708282010445
52.08458110339468 -0.2978132609487398
55.60889225536686 -5.640862119799283
142.77230268787005 4.747091320078386
142.7696852787802 4.743530747797244
144.68962475918423 3.2402680611260526
457.1982195808211 -5.717829739483403
457.19851607970486 -5.718431580909193
331.41120025160467 -4.102583735430623
453.9120997264573 -0.3357994439232247
454.0101992380042 -0.3244584816725158
454.22022924973146 -0.31313858315148946
208.88575464872838 -7.990913210160229
210.42523388879886 -8.459682247399
210.4249325443041 -8.459070570155417
210.42492107092193 -8.459047281016352
-467.60308758363936 -8.632385064075933
-467.60343946827675 -8.632993796604488
203.65824266286486 2.0792440632879936
331.41161160014843 -4.106001239614892
