152.49533845544948 -3.0445657179651953 -0.07993505540595187 4.902072435785649
152.49590311810928 -3.0430146966990748 -0.08175286047165566 4.902474422087596
149.34404622656405 -7.053938789418241 0.6651749972780107 6.0008825340291025
149.35090824075417 -7.058092796958644 0.6838940198319912 5.988001090925479
163.68549806593276 18.410819432033627 5.815411911508597 16.043294956198203
330.6964951976089 -31.38274241421346 3.4656121377758695 7.84218031390861
126.76835380542762 10.468696360802806 -8.059835617789053 -6.161180845375451
-405.4575798943916 -11.326733281906854 -4.515869247906232 0.12964206468148054
-410.32995299595126 -12.266155798155642 -0.859658918962274 5.694165602785498
-411.83428937795617 -14.21914108783971 -0.4968993626960547 6.176201325885416
1.700871430564597 35.18843170774417 6.180608970395962 -1.5900957618304419
-411.8352275433484 -14.221718049188699 -0.49387915370982877 6.1755334440650635
-399.89903129300194 -9.580085931882243 6.7669745928392295 1.178619651522368
-397.51076669243395 -7.087130409314591 6.608483036298641 0.3439619104204563
-250.6052501181813 -80.37329401551496 -8.006951927828199 -11.515748523934871
-248.82467385179092 -80.03591325592897 -7.510549646498007 -12.112753623593568
-95.03603155857598 114.40199528046269 1.0866187108632606 -13.291137628000072
-95.03621837247957 114.40148213809036 1.0872201164179078 -13.291270621795405
-59.65089792581061 158.67952398016857 5.481323779764768 -10.245009324928494
282.0931971071065 62.466401426696784 3.0876614483418177 -12.845110496999125
276.3286649989945 55.18741311526869 3.8188032531018274 -10.81799486157033
1.701514541101225 35.19019819805518 6.178538671847892 -1.5896379629966382
281.2570347275564 61.296248921983455 3.2178695158484194 -12.557795875176712
281.2572686412111 61.296891438441016 3.2171164831875845 -12.557629350822834
531.7347100187465 8.075949404317523 14.72511413940068 5.7296568432073425
-56.03257942644869 -8.403295527271199 8.44630733245297 6.005980095817317
-56.02867913178617 -8.404797890683174 8.45400773259029 5.999366335439919
-56.02968041700086 -8.407548230169605 8.457231141457944 5.998653518480485
-53.098674865639246 -4.990360382142601 8.07695869613336 5.005250089334884
-267.0586685187863 -46.86607959761488 -0.6613194768868389 9.516789613447447
-267.06061367562256 -46.87142252216816 -0.655057699416858 9.515404993907222
-266.05183841586273 -45.44470315564971 -1.0412199346627085 9.220578674574485
1.699200881696425 35.18384307676118 6.185986719249794 -1.5912848934431096
-350.48696086841534 -27.3081459516924 -5.739217054536296 6.04580953889433
-350.4844487948955 -27.307658155085246 -5.735181331502267 6.042676810937444
-350.48451313680596 -27.307834890532845 -5.734974195374035 6.042631004422174
236.71448732061728 -21.49350685644414 -10.498045512735224 5.664797034111136
238.40884801263275 -18.906979267965156 -11.192812388578352 5.127363127997704
238.4087261919893 -18.90731388695223 -11.19242021099378 5.12727640102738
243.23817718696984 -24.742327585613488 -22.84913090533308 -14.836487291866044
0.24429428075450033 39.070602514907065 -31.675919459581817 -14.891575310629614
-1.8817605519778273 35.729140663651684 -30.797437773351277 -14.206493102567132
-19.86098124271455 12.411447146527587 -26.704366443287864 -13.74260641678455
1.6989880676959361 35.18325851567088 6.186671832070443 -1.5914364007242219
11.403614284968679 27.83453336960743 -8.027757316936366 -25.049740222804523
121.63176431856778 -6.332420373316719 11.447394736250303 -4.664550316565073
101.56084101067381 -13.984953123171458 -0.586391839855561 3.7549179290583177
110.80403756098956 -12.167092905911511 -7.813936374264965 -7.266615846279721
114.75407104680428 -6.575660140741103 -8.827512948749899 -8.598033320379727
116.89455296638045 -3.679944516623853 -9.358629863910343 -9.275290627992387
-229.57375619447464 -83.42153103686947 -5.6176130931020145 -8.215086381888725
-235.60974689570855 -91.06791366752839 -4.2527693107975395 -6.425104785706132
-235.55418331453697 -91.12008828045435 -4.2369520741889435 -6.418257572074564
-235.5411997605614 -91.10354058077948 -4.240062688948634 -6.422051646034534
3.7468480243402786 37.52614277394605 5.929752921952452 -2.333640808816069
-229.30490063910713 -83.18987132964308 -5.6628598235427985 -8.269795446745714
-586.5854172316601 -62.07821910439349 -2.6133424451689624 -0.008489719543997576
-583.634486677693 -57.82962039363511 -3.8333837112041746 -1.9049347406705315
-426.7726546651748 -71.06807022631065 -3.1671922378437314 -2.627424947234086
-426.77922236454305 -71.02735830239068 -3.2631673220587287 -2.5944894291849803
-472.740546693544 -13.548527913595553 -4.228356150577851 -7.630496356360816
-472.7404333715821 -13.548216642713092 -4.228720952473597 -7.630415690473285
-472.30565246332947 -12.94694643431179 -4.27647158814243 -7.796292262641224
-472.31074964058854 -13.181761339209414 -4.260046498432787 -7.750724476134385
-485.3639850518322 -19.543369669171398 -11.858194562160215 -2.926267802749249
-208.35807463298937 16.08480816793984 8.971686630554228 -4.723694778722567
-475.2017006244489 -5.8825553524467615 -14.491491302758364 -3.522300758292399
-478.37229217907634 -2.4401849992329727 -6.994961691235614 9.154175732052833
-353.90506950497524 -32.68006114329207 -5.4527379262825955 5.06196275639072
-353.9052372501212 -32.68052190416888 -5.452197921864074 5.061843346852612
-353.90497258555797 -32.67979492589848 -5.453049928833508 5.062031748568132
-268.1384059976135 -49.64223120283518 -1.4096007106679043 7.603465478046203
-268.13551390861045 -49.641931173486306 -1.4047687005936367 7.599441040516922
401.41248577700793 -66.16169942235497 -1.8376345231609323 8.778417106296148
402.99208084270657 -63.91874571536387 -2.4588415359069824 8.320820121673336
417.1381755078265 -50.65270416447554 4.049853726862734 7.093606200359742
-208.35849216871068 16.083661276970798 8.973030791347822 -4.723992023243118
417.1416374260906 -50.65483432161267 4.058872299639919 7.086965428821466
419.27964955812087 -47.890719965239 3.579148924150682 6.389091391351978
436.15395854727575 -40.52299191401286 14.803333774044745 -1.0366270187661917
-250.76477752347878 -36.822577419316715 6.9157154480142395 2.691918977983509
-252.16247886464765 -38.26742984054955 6.989769459150336 3.199156638899468
-256.40187367207477 -45.21650459225576 4.387107096278361 0.3848794645503871
-256.40227932511874 -45.21761883642799 4.3884129727213335 0.38459070005548385
-337.53508522809756 -20.550420641105287 7.220538107938358 2.397860191690226
-335.37316130634304 -18.333009432467396 7.085093917194489 1.6303192220602658
-340.51867567214026 -22.858540525014533 6.97155995441729 2.418488354069393
-56.96597406986423 -15.852834066250342 11.690419476272988 1.7592984597938628
-340.52006882790135 -22.86236722216607 6.976044750298902 2.4174966650427585
-340.51996683512976 -22.862087066706902 6.975716404653141 2.4175692760837526
-460.68693215699426 3.580591108334549 6.325650170532616 -0.4755488728342142
-146.72010906666665 4.033955817263556 -7.656555792886647 13.44475116312553
-155.681658152266 -10.321119293005953 -8.69386295602943 7.585301942341433
-153.66480505993852 -7.257818377210393 -9.532852422918928 6.955915007300735
-155.30813473904257 -9.714819999005643 -8.869128891808097 7.4859808149023195
-155.31165189311025 -9.714011762151191 -8.877654725797436 7.491434033949696
-348.93065755717953 14.997428108637942 -19.39977162961641 -4.517867658173586
-348.9306657727043 14.997405542084591 -19.399745181303814 -4.517873507029418
-54.082653169522004 -12.892785288197114 11.48278086254338 0.7741803455853705
43.57123279479585 47.07711784804121 -31.684973372670335 -11.810099144366161
43.57144371979096 47.077697218769615 -31.685652397480077 -11.80994898643723
406.13070952719573 -29.598760056432635 -23.011180126385444 -14.328633856022261
402.3014296248611 -25.407163924759747 -14.303196483777054 0.017771371356273935
402.30165428279736 -25.40654683201453 -14.303919719707968 0.01793130651281205
400.58869778898423 -27.947495226009956 -13.593615364013203 0.5002714613936269
426.35424927169583 -14.09245842028238 2.5943701206426693 -10.386861655776668
-301.07955987372844 -37.27574824537063 0.8462019866612366 -0.35211614990870926
-301.0798572128865 -37.27656497394396 0.8471591795684057 -0.35232781107060523
-302.81324858299445 -39.38633015708853 1.0685445220482255 0.26484261033921286
-54.0891141430034 -12.891446615660628 11.473038343415226 0.7841125036610364
-266.0081902062129 -47.036666688290396 -1.1510557228367284 9.101772673958811
-302.81434966271115 -39.383832060680724 1.0627782852019108 0.2681065759796295
-386.0727444158885 -17.07990448159687 2.1703011911300822 1.8730463085042879
-386.0733739156814 -17.081633581192964 2.172327653751199 1.8725982121361207
-377.3240150454001 -4.958361321551303 5.042936437881653 5.631102092769069
183.0354835034631 23.205440281602733 11.057775753684702 4.841739210826677
183.03560690219524 23.20577923532024 11.057378495743666 4.841827061277363
169.11433393098346 19.776730622580065 16.091694013908892 12.499311864003266
-105.16242358610988 81.61812954832118 8.133676592671948 0.244188618981109
-101.21566602505978 86.3451126166669 7.654558611271728 -1.177950208204776
-138.60007990084017 65.78781417550528 -16.548342759600647 14.55055953082809
-203.96151816105646 31.337637054960307 16.54862616120313 4.498059499134347
-142.07377118796995 60.64702413269285 -15.159834431439721 15.56209054030857
-279.58759570664546 62.734133200866644 3.1558463816705107 -24.511994473660877
-279.5876989161736 62.73384970402837 3.1561786411137405 -24.51206794873108
-310.8988126831201 51.128088629197336 -15.941515021205822 -15.000866394727158
-318.7090616921304 58.50795672702225 -1.5663566698677973 9.707061276373098
-138.23732204061287 7.033429040917467 -1.8112525823046515 4.604040546673012
-149.2614324777842 -9.39918752746069 -3.459455215260868 0.7338707598627441
-149.26139773775265 -9.39909210290055 -3.4595670542161083 0.7338954922491778
376.3533462009602 6.416288435188737 -5.118009800202615 -3.057150837364542
637.3593655989031 -44.976012786573094 3.2708178942874144 4.647901232429106
-199.82499696600567 35.44720994403853 16.25578348693727 3.0312681174021403
633.8710187771452 -49.26407342778789 4.119349677380019 5.831521006306871
630.7982669877988 -53.16343311746637 4.889635256644164 6.809597578453867
630.7906473405808 -53.162490669436345 4.875995578230195 6.82151019750613
634.4229875543608 -48.66291608910302 3.988704137118254 5.579260752486015
634.4229113622653 -48.663125374939135 3.9889494230108196 5.5792065092570455
87.20751431498036 -48.22988180641165 6.880418830867016 -3.7009111115975015
770.4681995877838 -58.301694394292454 12.115299970149215 -10.448495169157
767.1506416445251 -61.711454554003296 12.333147427145093 -9.284033240658223
764.0607693253004 -64.93425666144473 12.539805987958225 -8.228489079027634
558.5384524527644 -23.439986670132704 6.121166780373808 -21.48425944720279
-199.82494678591485 35.447347779619484 16.25562194173263 3.031303841973743
578.846716863788 -0.20879619990220655 10.55141339534018 -19.69129239682776
549.423750232287 -11.780693761377837 -7.687429959695388 -9.016561515070107
545.6565439040097 -16.991369146223875 -6.783309304631219 -7.741411693759938
545.6483970170646 -16.98690207854592 -6.804974349073856 -7.727456488310555
535.478327907061 -16.44591061146067 1.5196535786805196 4.989938064630442
535.4771255330886 -16.44921328161259 1.5235242555641622 4.98908215360014
230.4035674081186 66.06712449883531 3.7584777939447305 16.092287984729094
230.40255001475364 66.06432993178147 3.7617529820821964 16.091563752315665
230.40039608086516 66.05841354188746 3.7686868469680874 16.09003051916245
121.18131287774244 12.532411060714583 -19.498844273176932 -0.3569662821020755
292.08076441962424 81.1603549157697 27.74063848824181 0.7718630868003399
121.1772554826176 12.53663587649617 -19.515266202995157 -0.3483017758373862
118.9254892997399 8.874497057670863 -18.53792072302147 0.3780509985113494
118.92557112782977 8.874721824445613 -18.538184152456008 0.37810925384670635
108.11306356378353 9.042495130538397 -7.7324374937289555 15.980547705062273
94.40119139743129 -16.048455593320234 -9.062554275217794 7.384681170027837
92.23854479441718 -19.200799893354382 -8.174027736852237 8.005641440253866
89.5155046949529 -23.132187460355883 -7.069342542120222 8.867092370349873
109.56655257468891 -11.833435740803239 6.15853165617704 0.08695489792049488
318.9230555800743 -59.982931105491005 3.3431844445234424 -4.466566164871427
-309.38022900708023 -46.5525470150577 1.1856407832534361 0.9769494049304607
295.84373133110125 84.89802303285067 27.49322746140732 -0.5878090665516953
-396.53645889964963 -33.06833021129249 -1.074833904365064 -2.128860401434996
-396.53651958010875 -33.06849688939974 -1.0746385555655005 -2.1289036012760802
-396.5360628638396 -33.067242388722526 -1.0761087998109804 -2.1285784972748405
23.99887917675648 -22.53970587429996 9.298816982801352 7.11635907339496
8.486949961226498 -32.17810602654932 -2.0201364252343503 14.009650712681232
8.490184928833752 -32.17906240230317 -2.0124270593543363 14.004306908190804
639.2726506108756 -31.55032872076177 -2.706109846902624 19.060201530493178
639.2716844069835 -31.552982681029597 -2.702999447685242 19.05951373735281
427.40977523700366 30.468800508044488 -2.4121341800116376 33.26065573299514
427.41090930662784 30.47191556041652 -2.4157849718469215 33.26146302151385
265.22369491210367 40.56412873091472 16.911363167940898 -8.244514585312402
77.21329780279548 102.12020966556237 -28.594541558839428 8.149689657307922
77.21199253379793 102.11662437342481 -28.590339683296968 8.148760528065642
72.05404663956887 94.08515154370933 -26.442077150483378 9.797279953783486
76.5534119049889 101.28512994336003 -28.368987907819726 8.35588080153608
72.47888407288342 95.14854621441582 -26.714945439571597 9.54378792149796
58.002462326845254 96.09822834685939 -12.07109482418226 30.670235393314524
38.72912890107768 61.094414019050156 -14.11567519690077 18.286371609020872
227.76358285765593 37.62750482143392 -10.690585819710725 18.803332199017078
230.07576379467451 40.85382734799599 -11.592551066267161 18.049060399663354
266.66424761525553 61.28089782551494 12.216888484270635 1.615813707874713
282.01455081588546 52.395645969835954 13.88035140202111 -15.906687109773952
-91.1050751906914 126.56836539256958 4.988243907193852 -8.454780274875
-91.1050274714926 126.56849647026863 4.988090281044371 -8.454746302139627
-429.73642192742284 62.69223269216926 2.60409298967179 -2.5046618128501743
-407.5470395463898 92.62857437040029 6.025585942454477 0.2885629331068428
-407.5470742864709 92.62847894568618 6.025697781546687 0.2885382006870322
-203.38519334532518 32.05515807187496 3.756239107138396 -2.3028730796719463
-205.18188854153652 29.880034911951476 3.9854061631492717 -1.6683536732956252
-205.18123446794948 29.881831527327897 3.983300522769883 -1.6678880370083957
-198.09606739006273 27.11134101059212 -4.2281671071273825 -15.627233528209883
-198.0999958536061 27.11443984800724 -4.2396868109546455 -15.620250687379377
282.01459217328306 52.39575957009674 13.880218260721369 -15.906657666874661
-200.43595520978323 24.230001593158477 -3.9900609208913913 -14.838931512735861
247.39909708766893 39.63049893547413 -6.406793890458614 -2.1590221294619854
-148.47505444503062 1.0959256681776899 -9.26498392208799 9.728724372419448
-268.44787284379623 -48.26743115595646 -0.3683999575273723 9.443422327141427
7.382202049849513 -40.631618306694314 -7.179804328318662 3.834191597977058
8.612658084690135 -38.78043564106986 -7.674878538281537 3.437578597509646
7.555267089043402 -40.40037571385951 -7.2406878621157835 3.772438256496627
7.555775915954298 -40.39897807262426 -7.242325875418404 3.772800465408362
7.554502810852915 -40.40247501659795 -7.238227542228685 3.771894231953043
5.911442986949769 -42.84939420838965 -6.583752350508507 4.2544040877641285
20.509557542683478 -34.56517817786363 3.1860993964916298 -1.834251536085309
20.509473898224503 -34.565407933866794 3.1863686733631575 -1.834311084535775
-106.219988536397 -13.07248987586225 -3.980536515876792 -13.304113729667524
448.0890281687801 0.2939588231674647 -5.986292274285526 -26.453832865967794
-267.30524507091695 -46.74335298908919 -0.8090137381615543 9.08025176804011
448.0843628563046 0.29776384206839857 -6.0002981759451135 -26.445500265881556
419.4128922281779 -32.9499760066238 -6.169726150590602 -23.26291002936226
415.4303547481099 -29.039912533922905 0.896181904757434 -11.955410399013054
642.5507296639823 -48.66482426050085 -3.586435201292783 -5.843305423892723
664.6872409809489 -40.14556514885069 9.858628667517067 -14.650708405773612
679.832554549103 -20.22974738752497 15.489215832119337 -9.81446514111137
679.8403505351115 -20.238390497798278 15.511925796315463 -9.831023824950796
438.92985927848633 60.59835574826756 23.958687724496933 -5.31336885962176
422.1089434193874 55.22569299760813 28.665496065941497 3.763458630859077
416.2480478863612 49.4200048836817 29.066925020989416 5.850368961022479
-269.83379262227083 -53.14068055311609 -2.162310358182754 5.446346809234622
421.41345291598464 54.548987252021696 28.73467298771892 3.9761483803352826
-122.22533368808746 19.48052718138975 16.85204264139512 4.95387501810178
-122.22428009344505 19.483421204876404 16.84865083431755 4.954625074238324
-122.22384100841828 19.48462728817829 16.847237298338612 4.9549376611736085
-125.89299266949057 15.732506527395946 17.096198513587584 6.22115020282689
-301.1709015943081 56.146398593976855 13.3730108408162 -2.9483497879133838
-301.17060782517683 56.14720552203342 13.372065116882958 -2.9481406521388105
-10.88235937724201 5.2050985536042536 -13.739160738585529 4.667069043759185
-474.2829364857409 -13.958532185535455 -7.355531808275133 5.543767009242961
-472.2923421662676 -15.82250274582308 -11.66097125173281 -1.5003374585951144
398.0159283496941 -73.15919818160303 -3.3527178383554275 4.472228643738038
-472.2923131872961 -15.822423146086988 -11.661064543047726 -1.5003168283114592
-617.178806552384 15.04998067894196 -15.18120364209801 -0.5382610229868359
-618.1817441788659 13.506043463797829 -14.750872561211903 -0.24797181767756515
-606.868135139239 28.829864550828535 -17.1493243132438 0.1136896356710595
-606.8680792849188 28.830017972069214 -17.149504123737756 0.11372939865214904
-606.8682376766488 28.82958290018114 -17.148994217751635 0.11361663926079024
-463.02011454467964 4.593839176713887 -5.617135346381675 13.684262135378379
-464.7166746191884 2.024080617690861 -4.9268005833285695 14.224965252722772
-448.6300886907645 11.441217473493593 6.256128666433117 7.580081820261653
-445.24541671027254 15.619778390112602 5.838379030052917 6.383574871135269
223.2890238679677 -40.16686253052402 -8.613062318215787 3.312785779504692
-445.24855473594323 15.622497487880407 5.829629746092383 6.389766311523596
70.84664025834459 94.31160447975915 1.250490290125351 14.831317720541863
111.93769528272543 110.25473064867388 26.18665642147408 -2.35729699363702
117.10755585894606 115.62272649130414 25.872584030056885 -4.198980057582852
117.10601026245767 115.61848103375311 25.87755972383628 -4.20008037130795
-304.80979926148905 56.12222345371681 15.13777472210085 0.04813780445522464
-100.92750625951159 7.167424441555834 16.605845957619792 6.288733696977539
21.469195960893728 -30.6161739763853 11.5148879136736 2.097298264676219
21.469121217002225 -30.616379284274082 11.515128537360518 2.0972450524614503
21.465755430892667 -30.615503297509143 11.50985674308912 2.1027933562243275
242.30338165526013 -29.677116129827116 3.6112927363274454 -4.9731659818672895
27.689673750918434 -25.93641181937692 11.583799373665343 1.305467148947533
27.689706134982725 -25.936322866239298 11.583695119357774 1.3054902040456942
24.77318485882016 -28.953537660888454 11.762489587036152 2.3342744965777427
27.8613214823566 -25.718562470038915 11.57273151097188 1.2717300055366414
17.68587099690629 -41.17922953420335 6.85210442668298 -3.1491603116140907
139.8360187818824 17.88131618529283 14.642909750929006 -4.780422000605281
137.19749558946071 15.20194827323034 14.80967028734049 -3.8692573393637035
149.82156997878826 22.922719116786944 12.254414842745811 -9.918022285596065
346.7920141795655 -35.92070199632594 7.563088110409988 -11.39301737347853
346.79243720753806 -35.91954001868644 7.561726266518145 -11.392716217648903
244.2427106617131 -27.428416305581695 3.350909799611058 -5.621365231659386
359.0338185219912 -19.782582636112867 12.079882799825416 -7.581171283881265
356.2792649773202 -22.793181491371076 12.20652266760209 -6.604425190863744
352.3166543363311 -27.197997656815147 12.382202080082143 -5.191296767706667
190.41000096726947 4.807484195054232 3.1582423038433927 -23.464561942202533
164.21655741427085 -4.827901669537241 -12.502287986192128 -14.884099170554347
164.21612746758132 -4.829082651085492 -12.500903871099778 -14.884405250467823
164.2161110994991 -4.829127611233567 -12.500851177184037 -14.884416903352102
-386.7337012473732 -18.975645267941648 -6.736377027584542 -4.231975964313525
-386.7303232631235 -18.97728540295977 -6.72720031415434 -4.2374840266277385
152.4948524272787 -3.045900745193344 -0.07837039648735218 4.901726429791793
244.24728402107442 -27.428041578042016 3.3569581065412324 -5.627267206472759
