120.75818059503857 7.334114123354461 -1.170601988443138 -4.536968148824033 -4.6582229348404365
120.75866703458144 7.336112176063511 -1.1681325955163004 -4.53476767735272 -4.656859192045819
112.36004939276575 12.142435413745659 -11.4779665042423 -1.4837557494600646 -2.9362758008209955
112.37090278566495 12.158731762651515 -11.431471762981536 -1.5722547333521821 -2.9841276703740767
87.3554592237847 44.02670634189005 -25.754531170807592 2.891487698834155 -1.8360146043394088
264.0035317462316 0.26368389665196995 -20.62172864630041 -0.09739610702843748 -2.1156990203525012
107.04667779637148 -11.360396779349779 12.859068981285674 2.4586699850023437 -0.26233128694042274
-286.92584355610506 -15.56785153613416 2.1011667091431327 4.4227423942465 2.6334045418342615
-297.7347659677963 -3.3945163334007646 -4.137372855482446 1.5066874226226719 0.6455731177881878
-301.79067353601744 -1.3434045175835885 -9.341162031936223 3.0115353761858117 1.5324594821938105
-22.996044004100956 17.418500252362843 16.89812991392513 -8.128825190237285 -3.0074626011063734
-301.7914817589193 -1.3467242873723813 -9.345264934321936 3.007879320861072 1.5301936447871483
-310.74888750171505 0.50232403133453 -7.163830361846963 -0.48723304105962906 4.265380744944067
-304.96517484266957 -2.376565944658955 -1.6325000874410198 -1.7673535062288206 2.9119430954672647
-106.1781167839785 -67.07966318340355 2.71944109178901 -1.8037347762336222 1.7553715721635936
-102.7644363927658 -68.31894114689676 2.7626417748472267 -0.5943492327988404 0.5264752938244455
-152.40173887774387 45.98102002607711 33.07271941186772 0.6864465280132728 0.8880571420777701
-152.4018998121745 45.98035898714411 33.071902433988484 0.6857185205390928 0.8876059592463934
-176.88927671385767 76.58137838192384 23.099899812507534 6.6807929662396335 4.985417768624462
165.60246054578738 17.447613172040036 15.345471839478114 1.6987524385477952 2.324245705793472
160.47777002132145 16.207031575216888 5.869252257719179 4.3758657276960395 4.624814533056541
-22.995489729537624 17.420776825880807 16.900943525904676 -8.126318375576544 -3.005909047237862
165.38618940885738 17.38787859971389 14.813971194076792 1.7906706578875866 2.425524111434163
165.38639091827417 17.388706300597768 14.814994149427692 1.791582211501026 2.4260890470357883
354.5248590291327 34.7777266512668 -26.439136918290362 -3.17155862922684 2.53611587709369
-59.64443054596548 12.95651347370093 -19.326176376182303 0.651790743985994 3.7333256745088277
-59.6388225079721 12.969448663911766 -19.29896364172814 0.6108988647274897 3.7100408820744937
-59.639685108113746 12.965905539949416 -19.303342587450384 0.6069968299430274 3.707622599110802
-53.611472877359724 11.029958323380509 -11.477535258948263 -2.288012143033661 1.5252779761499786
-168.41666448018154 -13.243276686405213 -21.640349751457883 5.842644471593777 -0.47191176682337493
-168.41834125045523 -13.25016355503517 -21.648861210841297 5.835061574486258 -0.47661107815393344
-165.93153934770396 -14.25739969784303 -17.703999926110345 4.081075807895036 -1.2951180833530729
-22.997484157479942 17.41258526652178 16.890819603339004 -8.135337823323598 -3.011498624996625
-233.64716256371045 -16.465267715695518 -5.074861704532901 4.818681016399043 0.44482283266543154
-233.6435849651649 -16.45886833739553 -5.0609247133385455 4.795423516021359 0.4308704199713158
-233.64364038516868 -16.45909597903977 -5.061206055755132 4.795172799338133 0.4307150367254622
213.61108413823476 -13.142885665237495 -1.4656765485670813 3.2035307951125414 -4.667710297195249
216.50631428469745 -13.6662339625867 3.7554179843832967 0.9094002445506566 -5.873548209966359
216.5062093561262 -13.666664964192984 3.754885309310578 0.9089255542107771 -5.8738424023050975
242.34701763188318 -48.23662060708679 22.03990929215388 4.100487053080965 0.788554770401057
16.81959008971495 -16.30051848897141 34.73172840582966 9.623317730174678 2.4236649987881904
15.1966798513238 -19.021233992692856 29.555896192666328 11.009860475502617 3.6677116129966096
18.953472822144573 -26.1260533710172 31.484516504324965 5.6138150267037945 1.1983746010727738
-22.997667461958713 17.41183233015411 16.88988904891846 -8.136167081571672 -3.0120125630062726
17.19629393428045 -25.020141130465742 33.694630849788226 3.61423315208362 1.5971483966195723
65.72015352060055 8.440527479033678 -9.209484219517023 -6.237205196047775 3.408458201673945
82.03124706829692 4.967055398402626 -12.799801109601443 -0.15285744745976335 -1.6251230140594204
108.91755074887051 -25.048633123989703 3.822752328810638 3.691830160004356 1.549256277739278
112.46620329488825 -23.884903218918623 11.096840027486396 2.0823108209892958 0.27594815345662815
115.71786202003453 -23.641566562291185 16.90767167854058 0.6056700858148425 -0.8021930291489032
-90.5968135210726 -66.43709487876296 -0.7245964518754022 -0.7773790644359112 1.3879620984643282
-90.60149992433944 -66.4457464444156 -0.7392560561512791 -0.7800568694699563 1.3870837028534968
-90.56004429836293 -66.43369512279732 -0.7160189154099308 -0.783597601950475 1.3885613924869706
-90.74676420468988 -66.88991937007324 -1.3910771950661804 -1.0454152054086832 1.2537166500049324
-14.748635564605612 12.170616884065279 24.913411090634554 -9.873580196808199 -4.480485012882209
-90.55847281180824 -66.42399033400727 -0.7052468301343491 -0.7743859324035728 1.3943452719557585
-385.73038424064475 -43.10329287384262 -4.687148367430932 2.8051561317125495 3.4614230956203986
-385.5488321599552 -43.08982722957809 -4.403929005921723 2.7913700915716846 3.415370386392972
-256.3187211767366 -51.344098061346514 -5.375675454087802 1.636529486513698 2.7714720392626457
-256.3191115134593 -51.346042922045555 -5.377974182986575 1.6338871152087484 2.769775989210424
-331.23626976931007 -26.406092544742854 10.017709037636362 4.358952213001336 3.3820563784390276
-331.23617208311225 -26.405691325974516 10.018204902627582 4.359393981370231 3.3823301533196473
-330.0405196964957 -25.95048034454924 12.301685156241158 3.922896427953645 2.95736314539727
-331.63689874396476 -26.63370342487078 9.148428726712597 4.453655885858219 3.5042231557521375
-331.04400585067543 -26.967455098405377 8.256707580128616 5.18736944902807 3.322439327168452
-186.4623351081022 8.676434275061679 0.9515375630226434 -1.3607228179262538 3.9506702268331746
-333.2715006814386 -22.534298019224263 7.320071752599226 8.006606589118777 4.527002495228293
-352.4811142340021 2.60298302144425 -7.165886056207629 7.826926677688952 0.8778428439810337
-233.42744438981438 -19.715316043418746 -7.294385564542372 5.121200819620292 1.0142344464479278
-233.427588963506 -19.715909851340047 -7.295119450374508 5.120546956974223 1.0138292266811755
-233.42736085835747 -19.714972954399716 -7.293961541615919 5.121578606930888 1.0144685734147334
-165.09399106484688 -17.62169706066801 -18.965687959154536 4.606421380984391 -0.5652439478014057
-165.0899593037845 -17.61014113030205 -18.94452747693698 4.573436043285147 -0.5836930400091369
350.7184463009893 -15.444975967760392 -29.2323193909802 2.7600572829930536 -6.696526450708228
354.95475357976926 -17.67028601929332 -22.962855668386588 0.36880716923217294 -7.663787786973589
346.22594837395263 -14.94267486273555 -22.60675004391684 0.7076401623893896 -1.1857773326135876
-186.462694812295 8.67495679269101 0.9497115430611431 -1.3623499660704796 3.9496618030459585
346.2309404986117 -14.930451658029623 -22.582325160273925 0.663225527262639 -1.212150921765839
350.5588258146857 -15.793131077851621 -15.688638774536477 -2.7378438752647423 -3.378307579136851
334.45114839841716 -12.242489168471254 -11.713352428452838 -9.370875032449069 1.2311686662876826
-173.22360825506604 -16.00889773061762 -10.185043995641847 -1.4920301143971662 3.3801545185017443
-175.99130953144382 -15.188951912534401 -13.547869245982303 0.10702915011889991 4.642188244595904
-167.49845442569517 -23.552694267877552 -9.777882454674284 -0.9214426322908567 3.401358983423091
-167.49880404394867 -23.554130255940855 -9.779657189021881 -0.9230238489310197 3.400379052490255
-257.25099094967476 -2.9425251234263206 -10.75640788497629 -0.9042304049904599 4.324117913235419
-252.30349204821687 -5.392243905948141 -5.931186409147889 -2.336032039098964 2.9842742027263225
-250.90361959459625 -7.14470039000309 -4.672690161764643 -4.577712689584177 1.849413558548266
-68.84600647459231 13.60320324821788 -18.615804558713254 -5.212335211282775 4.516777255642042
-250.9048205270246 -7.149632886723105 -4.678786219018318 -4.583143694173097 1.8460478289285507
-250.90473267696157 -7.1492720362678135 -4.678340243765571 -4.582746265877225 1.8462941376147932
-352.3257882701699 -2.5207872475618016 7.310221911064836 -2.400165390663492 1.6219786846313569
-107.19080362906293 8.94616374907142 -12.589359295392066 11.490897730492215 0.0213204023990598
-98.88124903779449 -3.014087198969351 -6.449999773318788 6.553071414752883 -1.3150207903640259
-95.88999119657878 -3.4032404033074344 -0.9885212251321903 4.609622918252152 -2.3152873278369492
-98.72826310798762 -3.0250690023790434 -6.12860437193939 6.495724439390753 -1.3432560461446839
-98.73381684154565 -3.035811869436792 -6.150719361421925 6.5336595408953055 -1.3203077457281673
-243.3970326483651 -12.059178972280062 21.948656849341603 5.913211580146987 1.5809738417448786
-243.39703972447074 -12.059208037987071 21.94862092701757 5.913179567828426 1.5809540018672927
-59.8815050669093 8.763581494673872 -10.518194271028909 -6.957665315030584 2.5840848998252035
48.270510398271945 -6.915142534722808 42.35219192035095 5.597422743995101 -1.051170244005527
48.27069210859924 -6.9143961608589555 42.35311436355937 5.598244723920457 -1.0506608225916512
374.1733692723438 -49.4550933867061 27.481091157851765 0.18234672565877874 -2.2642874078211612
353.8499539704831 -23.785634209425 12.034687288502445 -1.7757585873135096 -6.851818405965464
353.8501475063693 -23.7848392598551 12.035669766507345 -1.774883102980986 -6.85127582431171
349.4725052327519 -22.11163998772671 5.099067839499479 0.0780047051591991 -6.137703169856419
337.61563507734047 -18.5108122008118 8.48301009733731 -6.270398058354988 -1.709728008172292
-196.16703706385476 -25.888863735483497 -4.294512170668364 1.0252279871814298 2.5262665390682244
-196.16729333012086 -25.889916298655415 -4.2958130310739495 1.0240689730882397 2.5255482606638253
-198.48660230570962 -25.425241454350843 -7.599807308781367 2.0423261067312626 3.3368039680503703
-59.89053146521474 8.750952378811263 -10.559475367049115 -6.893181174134143 2.6159550332005974
-164.4211501131258 -19.987529695543866 -19.988808241575384 7.634219887482498 1.550779940780293
-198.4887616155755 -25.428443509167895 -7.608551402687948 2.061152662208487 3.3479213792227926
-283.1913511523841 -9.245587984964352 -7.617744177085375 3.1621064114976973 4.084893854428737
-283.19189379577887 -9.247816742137905 -7.620498691100056 3.159652402682071 4.083373043677825
-291.56215350537957 0.22132537039003697 -11.938951676738618 6.0237961892622085 6.048004752926678
97.7740578978282 20.217957033701758 -15.221167790451783 5.660777575045194 6.566869135246023
97.77416418563152 20.218393618500603 -15.220628215090779 5.661258414541852 6.567167138549517
58.005414592241294 62.322000147841514 -32.313211585237454 -6.830402356345087 1.0984302917706807
-158.6904166931828 53.400048289563514 6.406349565303535 -0.3996999928472038 1.902555140674678
-150.49535864998282 50.51432048031203 16.82495859374749 -3.834393688921588 -0.7430077831803639
-133.51361647042387 45.40604605652078 11.263512071072107 6.071503147855601 -6.83686350778199
-224.25554720384847 46.48338359176278 -11.835134952392542 -7.709809371765915 3.8528077062304424
-140.62498910213077 47.02216256796917 -1.0274580856861886 10.493686923106365 -4.670907098645532
-249.00786136307036 -5.588518603405181 25.438863520457975 9.406963183902082 6.321777229465782
-249.00795027719812 -5.588883817557794 25.43841215239859 9.406560974325458 6.321527960425392
-245.73422368232198 -7.000723806746971 23.728829248716156 11.105087313896874 5.594954443293381
-287.9503862507801 42.53626247217176 -1.1453207025174632 5.671702722956898 0.5705480298270744
-106.60008810302962 5.856364114022031 -2.720318753609185 2.9198916033802758 0.20894223087465974
-95.02904011853991 -9.716910056647226 3.377177370528664 0.27680563273239356 -0.5910879993591206
-95.0290101966157 -9.71678714979795 3.3773292711739966 0.2769409995862685 -0.5910041047300643
295.5505596113463 -3.011107721146785 11.40003916052879 -3.7963082030894384 -4.671100421673245
504.82372857117946 -1.3629276184818986 -20.409867021814332 -7.511696015945775 -6.789974139772858
-211.01403946024342 38.3841746825679 -0.7726894900564418 -10.07751615880781 1.2078146702785517
496.17337072155476 4.002681437459041 -30.58405110167701 -4.534925444503306 -5.155460932347692
488.6161324265008 8.050711856182398 -39.98582020440702 -1.9936844358663057 -3.6727041917106447
488.60509067605494 8.018516253290509 -40.04719706617356 -1.9078669463952387 -3.6268558168512373
497.19836256118833 3.3952580402945527 -29.326483223031236 -5.0641297841892134 -5.4367624414251665
497.1982969363649 3.3949884806918575 -29.32681637191222 -5.0644266711140995 -5.436946439333834
96.55490541403017 -29.245544554626278 -3.3303165842490183 -6.65786958503378 0.38734759320349116
614.8570856290943 -35.55903672916779 0.22062940152157495 -15.354325844116435 -3.040514258441184
606.0624916023129 -30.80612261171852 -7.926741263972062 -13.0643682852725 -0.8300849009953857
598.6468932760818 -27.528669526155134 -15.471918254781716 -10.95367444385829 1.2027211226643477
445.2382468876455 -39.899424226814055 15.16027102949997 -5.6485872255212115 -0.18525506480390264
-211.01399623963835 38.384352214908816 -0.7724700777218767 -10.077320628651716 1.2079358515693943
432.40982891485976 -25.643030094125464 10.394595019440313 -1.9185907728210958 2.970641530189443
443.82330505009827 -28.835412132951394 7.381099708184051 2.7055982270761567 -0.17953516062082864
440.83550511528773 -31.088204609795156 0.2245720085489985 4.818126340399266 1.5416013231618628
440.8222336222786 -31.11944706073498 0.17187376554163503 4.888407619099095 1.588763952404366
407.14223643124706 8.459549801673136 -19.26222779453156 -0.6646490566664397 -3.188355966081981
407.1412001470883 8.455293468772622 -19.267488186582064 -0.6693358535708954 -3.191260525237051
95.88952336734602 76.72831801626715 -25.179559983493995 4.361845647878062 -2.3934586892726957
95.88864651152598 76.724716503813 -25.18401108446229 4.357879896646157 -2.3959163931670355
95.88678977073472 76.71709045623602 -25.19343609278341 4.349483114712506 -2.4011200893166804
112.03769156811829 -11.064231292116075 13.57375688149029 7.767882383392262 -0.811634546469735
102.24224953971846 77.15745788655487 4.483706912566744 -21.05341091704285 -1.672867161083306
112.03045793422793 -11.073660914826052 13.55070735456422 7.8239222392176595 -0.7747982169386827
110.18160304315305 -12.82252045760077 8.48212490467428 9.617950513969223 0.5466653028213033
110.1816735246801 -12.822230949662902 8.482482707674635 9.61826936806489 0.5468629146544486
80.26652033290107 26.696596496915912 -12.811907888821729 5.006106784343209 -7.7484339524629515
99.27220559242198 -2.9388017999820994 -1.2774389913971382 0.7211717259500976 -6.188192934319642
93.7340829787542 0.028917746476911338 -9.356156990311415 2.910092757948623 -5.487653628005596
87.97481749716037 2.609285383189268 -18.18624937602418 5.434310815102007 -4.565904598987053
69.7200879836668 8.940731823589392 -15.661995960408168 -2.647572871401392 2.0020765918243333
278.97064426739024 -30.761066791034487 -12.847013050961788 -4.393817496735163 0.4972606407529616
-200.96386032058615 -25.26818654192747 -10.751874306930643 0.9964986534282732 3.013200505715343
119.4887276215397 65.77065654222919 18.00890660724676 -23.669965124935977 -4.799376403182995
-266.85844766519386 -28.186930164074386 -0.44848993388687064 2.155294236411588 2.915635329904525
-266.85849993147133 -28.18714485156884 -0.44875526626365814 2.1550577869806817 2.915488788881822
-266.8581062314679 -28.185527838046735 -0.44675680431361336 2.15683822564176 2.9165921713300955
14.388060172644803 3.7826673289169364 -19.535219433252802 -0.12678549264073755 3.137480658838302
31.291617298267997 -2.491611056097273 -21.867209137713065 7.559281051509645 -2.551277995946182
31.296250248982293 -2.479354383328452 -21.845188437504913 7.519056000774683 -2.57588338915006
506.09266035399503 9.051280222941816 -30.637490353981054 8.273883465500884 -7.979232562408856
506.0918276165793 9.047859918170174 -30.6417175007822 8.270117248396657 -7.981566608584944
287.4136295088664 65.1239825685607 -39.613842405638465 15.638235979585025 -9.07013727713283
287.4146069238836 65.12799710806489 -39.60888084549646 15.642656529321497 -9.067397719929652
166.16167481320855 13.734290689952513 29.60991625509443 -16.79460156649861 -4.899260190622738
14.242298629240395 45.507167773219386 20.985313453991026 15.758388074594848 -1.972310997420889
14.241173456898382 45.502546439930896 20.979601962638736 15.75329968149165 -1.9754644021136671
9.563203552758663 41.739927072548575 8.971199763710993 19.821972291571306 0.9322864431219988
13.04692077364426 44.854822069681916 18.331857156425933 16.772318807949215 -1.2919813054169604
8.945753817477977 41.61436745653271 8.002797671109139 20.016272399807857 1.038971742935819
-34.914971593729526 100.9489349493938 -22.554436060973284 13.966481282726411 -10.969317045959219
-6.825746580242071 59.61139247082596 -3.3476890311195078 5.888124741193751 -9.987959202709037
163.14784704406142 42.216048760525226 6.537190877314243 -3.924619268480026 -14.623884363635366
173.0657472959307 34.33069779697466 18.9868501998856 -7.693915460358781 -15.442698953008117
159.74325726103163 33.92871973806669 28.44156719227961 -18.31820333333607 -8.636796544537068
172.4921747442935 11.473626435115008 33.58767862248584 -12.122747913374974 -3.43968889064171
-132.62306781666885 43.93217870365618 65.00946922956207 -12.570688294306851 -8.251963365237499
-132.62302671570419 43.93234753139625 65.00967788444889 -12.570502350970363 -8.251848125369973
-351.93316198164916 18.449286002026636 35.543112510985985 -4.9875754855122425 -2.7394527450600448
-370.7328358328045 44.226457715878865 31.313521058669647 -6.618801541609202 -3.3729116592466757
-370.73286575474407 44.22633480895771 31.31336915793654 -6.618936908526893 -3.3729955539179564
-167.30723578004938 7.09576688030155 21.082740744088426 -6.093226081583854 -2.682978543526303
-173.16898647122923 10.417268553027052 14.800552501067878 -4.11602762632807 -1.1833139751047221
-173.16842299147766 10.419583042081868 14.803412977321889 -4.113478684523626 -1.1817342704346379
-149.5300875566245 -13.344003006070153 25.852323108145516 2.570055493419084 1.297343978106571
-149.5368587482341 -13.348922546321544 25.83306273458417 2.613308846502461 1.3247975486880823
172.49221036557603 11.47377275260634 33.587859456365415 -12.122586762559267 -3.43958901620592
-152.6451244723606 -14.592863419195613 19.739273154856484 4.731108593446812 3.0807436412088385
182.64756720166355 11.030234553644336 27.90334888232545 -6.409459351045748 -6.786816306545964
-100.40053931060127 4.106955469924988 -3.4795213710852115 6.520357758911789 -2.2196533085105243
-171.42120376931737 -9.664324803386522 -24.111504341802696 5.065733887190618 -1.4180518084154885
51.14244253282947 -26.390440143086934 -4.577175227287422 3.0853458505364064 -1.777574400360432
53.47378717148246 -26.75868305455363 -0.35768964178773405 1.1817551347197506 -2.792815178807985
51.66672908601929 -26.433742322486957 -3.6272938244522672 2.6598341046093203 -2.010987318510531
51.6671676261797 -26.431941105299064 -3.625067704201853 2.661817487825009 -2.009758151937528
51.66607017997326 -26.43644856102311 -3.6306384546523582 2.656854481431933 -2.0128338513768136
49.0982847867327 -26.526733915254507 -8.630416612949107 4.6542314470965405 -0.8810884019531934
39.47161092072852 -22.886748162470024 -7.024407570226374 0.1535485613877495 2.3833740170467865
39.47153887472854 -22.887044096586255 -7.02477331534069 0.15322262972535686 2.3831720188444936
-52.122757271834736 -32.77836996355601 14.007819764439354 2.187517062013161 1.9858436542015998
367.0609811526579 -41.4470790773039 29.117523316106375 -0.6120147656166889 -0.376354156730053
-168.34756171513854 -11.667313093099105 -19.893460237033075 3.3949665281594896 -2.0201838954737714
367.0524505230114 -41.457185506158105 29.09110436584979 -0.5657647244289132 -0.3465054098673117
376.67966750605297 -56.9547596232089 30.282371861820238 -4.027545195316374 -2.408516531980678
353.6935938039759 -35.333307025857415 17.48775102616601 -7.834536590290677 -3.2603740997522093
537.0706949934035 -36.681964192745596 0.6370496616722539 -4.186322063021878 -3.9562869943287478
525.0845080283078 -34.14040657216281 3.9520144601599867 -9.150528679208104 -0.398541516508196
507.73481311768774 -16.206127391286348 -3.246857117570242 -6.122868313136626 2.665458092341952
507.7468039696103 -16.18711093540567 -3.197416039687925 -6.216134422763228 2.6095209244800284
241.21013682423953 41.139516956711375 -1.9600862837524282 -3.6438288452522585 5.989394220741794
203.33253977659936 76.77832982945372 -14.090225586434164 -19.08734901692576 1.179315651054543
188.0426293368251 85.19040835648812 -28.058251909476237 -15.05076872934962 5.009346921644227
-159.1709589693521 -24.302956151019597 -13.100613785150037 1.9214486950758327 -1.0951724055300507
203.28260515199977 76.85094478630575 -14.082294979757659 -19.182114483799698 1.132197915351877
-150.38978287222704 38.20044435467897 -11.912071212981127 -8.954542768829443 2.8909748974924763
-150.38887520813532 38.204172578432654 -11.907463502472577 -8.950436884022874 2.8935195163578316
-150.3884969498638 38.20572627606575 -11.90554328789435 -8.94872578436142 2.894579970844207
-161.97273255944523 44.430377692964385 -22.567217551845083 -6.026447325541986 5.752003075193832
-298.2056534108356 36.931244854064566 2.4937097380391844 -0.9154118060302 5.110309576277358
-298.20540033770084 36.932284353133745 2.494994454750732 -0.914266997355839 5.111019071780359
14.567569699980922 -2.0712304600531612 13.688801791140282 0.7840552121792943 -5.073904877738539
-333.1653976042942 -10.923268376444966 2.516033114104207 3.5854350078743527 0.22761774645951038
-323.538670470485 -22.924149755987013 9.903770607704109 4.650823017984702 2.441359316692691
362.55644696986604 -28.8306060091921 -17.544492007368948 -2.5439174134127276 -7.719485181719672
-323.53864550595875 -22.924047214115593 9.903897339171845 4.650935948167024 2.4414293051989073
-453.7137031069954 -5.829611272648747 16.26396873994368 6.694609999145564 2.8493762083371506
-455.445706211905 -6.555754624638082 12.420574774425962 7.568825615346331 3.404606375428652
-458.92263302571394 -0.28146691669229096 10.581734763818698 11.031850552698304 4.728269049533779
-458.9225849089025 -0.2812692767266308 10.581979027007788 11.03206821516845 4.728403945929394
-458.922721362198 -0.28182975761984175 10.58128632887258 11.031450958773682 4.728021401766929
-350.7785801314387 9.42992396334852 -14.458088114282939 12.377205669349397 2.563604033188488
-352.2122974961562 8.233263519475052 -18.141023199334708 13.581419347859157 3.4243458410015117
-365.1242696372351 13.346790044712714 -16.869874494343232 8.2817664830975 7.844309075599533
-362.80461648543394 14.546635644827978 -11.952760710215317 6.668777541433982 6.489800254496339
218.0266041581372 -23.474669189909424 -0.7415667352851628 -0.9631889007064741 -5.681423245565502
-362.8094455505549 14.53533491258832 -11.974178770471898 6.702189461749256 6.510721893429004
-37.026099671531085 87.76720188925427 -9.687846267212779 1.0261582519232924 -4.601535382071668
-66.85527108725546 93.76033638916124 -2.137656785246144 -10.768124351737985 4.529909598588003
-52.45327838191306 86.65836181854614 11.687671997703669 -14.09744781583912 1.087486084574133
-52.45460990167592 86.65289261058211 11.68091260540856 -14.103471042765127 1.083753194446623
-303.8321119044429 44.08161304924172 3.545853338067094 -5.90735670419772 2.8619080649263666
-134.83695870221243 41.96770174228252 -19.975508980069705 -11.114502362681284 3.050901183492913
5.683129998589633 5.439575012497897 -16.528931396493586 -9.38982094094449 2.0279739753211863
5.683065621021234 5.439310576093993 -16.52925821361098 -9.390112185283058 2.027793474444748
5.678513822296854 5.433438333683757 -16.552057646134124 -9.352271796161103 2.045278803799684
207.70250593128836 -20.776966261220704 2.479835391409765 -6.685567402314491 -1.6668095918335681
12.188751604668235 -1.0066600610400847 -15.902360196418494 -3.512156295724421 4.429327104949142
12.188779497357615 -1.0065454894236778 -15.902218597286256 -3.512030109106974 4.429405310057605
8.117733360607529 -0.04188887353650088 -20.998399857214753 -1.643304494096579 6.025520102107285
13.74989249494154 -1.5351203429027003 -14.190790184124587 -4.060715228673629 3.923937923429005
32.10811766701955 -20.495900293395312 -7.1725335138429696 -4.734142226581015 2.10760915004872
88.65372759559433 3.223689277595293 20.254494918085616 -14.830199226991192 -3.972066389914284
75.38504290289316 12.030701572474966 10.07154533016659 -13.447948506988611 -1.8888686628111973
83.82799753591138 5.641791992013506 12.804902758978095 -7.499199835162816 0.1759190105962584
288.7377450892511 -33.04459287834332 6.861279074783677 -7.752244884506751 -0.7667598104302217
288.7381095148285 -33.043095998564866 6.863129068190607 -7.750596358805754 -0.7657381361781757
214.77642713708303 -24.89591095466422 9.67303829594612 -8.148164760188116 -2.9501984555262415
273.3741772883089 -17.208537154155103 0.5538822558556056 -5.852798574210836 1.4323081582425852
269.0243305738765 -16.854843898230772 -5.615427082013523 -3.1752914602988462 3.632779997627944
265.50536261317853 -17.52889308016761 -11.625245447277075 -0.887922836346254 5.59145558908776
150.63633415502235 -33.69658520836162 17.709258424114932 2.544875198384878 3.2981574567049217
155.28785054422804 -35.20003120316345 15.987484994983781 4.64247053174693 2.0725349197094753
155.28748014834332 -35.20155260162747 15.985604699126588 4.640795018898286 2.0714965219447237
155.2874660503552 -35.201610510306246 15.985533129740615 4.640731239573168 2.0714569942141905
-262.80544942911274 -27.488458401606902 3.6643987833783283 5.513773021540013 3.800298682425552
-262.7995376460132 -27.478077302190663 3.6842945470414636 5.485312595150902 3.7808431674045138
120.75776189670798 7.33239431799257 -1.1727274955303009 -4.538862184259082 -4.659396763819185
214.78295744421845 -24.890180815623783 9.696666224257552 -8.186701121931767 -2.9697480897611044
