223.77011818423296 20.387561483523005 8.95535043115731 8.674277609414235 -11.096996482237603 2.2755446393888232
235.57032258739704 58.781737007872465 31.269195194386906 12.279792271295818 -20.638187617075392 7.431503316243161
234.59493139408232 57.182728272533204 32.35310218004592 12.490754153248092 -19.67092517080861 7.081195357916704
234.5930214141359 57.16117504764106 32.31298762901339 12.490091194323876 -19.685651505677004 7.093273169604831
255.4811643224605 87.36365828998817 8.527030024591953 29.74031783333594 -24.625508551999104 8.553905961330342
490.50338619695583 20.30648805118398 12.644294769841046 21.03277275340679 -30.827304457219626 10.218687197516974
183.86371705619652 66.8357177084998 37.58235546134556 -4.782582558838656 -12.896572073485462 3.086026764291091
-532.5595423872219 41.713692441487524 38.42419198849813 -7.048252366608895 -1.2314519339818473 1.2407817952189042
-537.8671320863399 28.197578437401173 25.703004952065353 -0.28759141863446774 0.07658854786075489 0.792500445453751
-538.3348852095314 27.39112712037266 26.132968939800232 -0.20284741175518894 0.4605797999939268 0.6668220495661763
-20.588200108827394 9.100394090546803 -23.877134618569126 -1.1597337306367197 9.999541940654018 -0.6395632708919374
-538.3427111614116 27.373994994344148 26.174316150181124 -0.23784903195824986 0.5277180788462864 0.640620168095847
-530.4733700163843 29.66413824247399 20.435513848992848 -3.113784858479872 3.4273402753176017 5.636445912851288
-529.7852198215663 30.67623410858906 19.819695607262663 -3.350989398208364 2.9602040306925956 5.888835327260383
-410.3219341847303 -185.99668079644528 225.16547519139343 30.286775660582787 62.78743282999308 13.293340728076716
-456.4409593841149 -205.97034851233727 267.83689974431167 62.9165874975384 49.09229455309552 -8.67160683330173
-188.56480151376434 115.7723709201592 -9.458842968961772 -10.11347860214533 10.831717925518136 1.3497308661675
-197.0051399172749 87.88851877629182 -28.02665100503499 -11.096266820850287 15.006143898425336 -1.204189605506102
-159.542714060396 132.73186063481492 -57.27081661507748 -5.098395254935444 18.429489831835912 -0.6374375558387961
332.9610159528652 2.6552497956299987 -54.352785845272095 -10.798468840664217 11.840683383525603 -2.7832484273852893
332.4864762477459 1.049087396242712 -53.47293554852978 -10.299342077136444 12.315856618400877 -3.027112545008121
-13.086369468794985 33.629323928892916 -8.988252379525948 0.7344161444852547 4.615310956755677 2.3692359678566484
333.1082429489059 2.565112039112379 -54.40175402846136 -10.794469160643073 11.793434924381 -2.7764087564660347
345.2851936618545 42.603348038871594 -28.86874708759228 -8.54905141482364 4.432418386868463 1.5225943272049594
727.0912149101921 -12.953466983133062 -44.51310049834964 17.1241036706803 -5.304638210147961 4.994542145809124
-63.338391785907696 -1.1354133192706568 -11.001448891813158 6.54889333242455 0.9906843565339578 2.7549400178300836
-63.33835231086349 -1.143150181004953 -11.017116321241556 6.54680968579465 0.9852457079167549 2.7613886522060676
-63.346830113934885 -1.1596179236453252 -10.961746163742937 6.506657172107777 1.0651595761172161 2.7336468580930444
-62.029397899426336 1.0860129639966636 -11.951150227676992 6.32100228118849 -0.04436120585254859 3.205926970374637
-328.03958801904776 -13.752501199861669 18.415795416490162 6.317262530140539 -10.131694621069755 1.2797583306570002
-328.0511963246215 -13.774609379357608 18.490680632307892 6.269159500939922 -10.029788628971204 1.2502918671194614
-327.3648589379377 -12.404428369916264 17.89918350608071 6.431355279685528 -10.987000280554666 1.4850946355089083
-13.10619292394393 33.5849905358341 -8.887859762400359 0.6473671106564798 4.782143785432226 2.3035147882125413
-452.3131231940725 5.416042327219343 24.86336873001487 -1.5323663756649595 -1.4243415723810229 -2.302095259479164
-452.3128925357199 5.412338143278771 24.853399807450074 -1.532890886701448 -1.427903691456322 -2.2992768444651475
-456.8558285030047 -9.424603274492743 15.958411662901355 -2.752521141463448 1.9668513628481978 -4.175167035795954
335.2711448244349 -35.440873724149355 -7.349205190636335 3.8088798916483695 -6.499965480167536 -7.745870897650415
335.7498269618122 -34.25340389761356 -7.770659798793987 3.7431928574003446 -7.078755076266924 -7.588785915375049
325.3427035459043 -68.26269759492118 -28.31553798969333 1.0582424013699332 0.49412517966368635 -11.800132658352958
321.3688969368167 -64.09488894361617 -0.40502964949299436 -21.723937421623 -7.270889627240937 -7.945965366104074
-27.511548709568537 22.706174063480702 4.4434477795369824 -20.258010794224422 -9.77516975049911 -8.282466315166943
-26.851733857352496 23.448413976101534 4.218115192834879 -20.386448305908605 -9.973953617924117 -8.27371515240179
-47.03126218820215 -6.6575065222731045 19.374991866748992 -20.713651979956907 -3.4306519461538865 -7.515409902249843
-24.598726414791134 -4.008382128685857 -31.80970993899176 -2.185517248391418 12.904719132214503 -2.2551869580049164
-33.44611424372647 -1.3544701164070059 7.785841548082418 -27.91154634663006 1.5793084861952846 -0.6755854081070569
159.16804660597325 -22.18659452711769 -14.751371768286893 -4.546317499001088 6.842744075307608 4.243526643083977
146.33292805676592 -25.61434624478426 -5.5652066501787605 0.520413439155949 1.5515900451763263 -3.802513736194931
155.6916515792638 -1.4864906581521582 17.394081786972045 -13.042633853036934 -1.856754793459626 -2.9114247775126123
155.46933230623293 -1.1205233404751014 17.19386603467472 -13.123583734628594 -1.9677286985578935 -2.86152947990726
155.5324561222709 -0.8446432334001533 17.0352088164435 -13.158903277252183 -2.0506923203178697 -2.834698994792867
-300.8030375979946 -64.07949007306506 116.83181209773741 -7.963796192980817 14.6379607094863 -0.23579938736861772
-309.70115622142515 -93.88388262916521 94.19793323054863 -7.0945570133930325 15.56081706152122 -1.469930739962047
-305.5925706487214 -87.73335643610908 90.70882398984911 -9.363800394268713 14.012481284991612 -1.4366956233752748
-305.6039515580764 -87.76301707806788 90.7524327526433 -9.406346285598573 14.102682221954241 -1.4713037768104988
-24.216089165117666 -3.4560548919403504 -32.23681458056 -2.4164322069715714 12.67934724013888 -2.1381300964308396
-305.59998588943193 -87.75490731688748 90.75518730046738 -9.411002602664428 14.105565346462033 -1.4723281734407427
-777.291393859708 -35.58162006997485 65.01060791009951 -9.362462389265431 12.269616777464599 -1.0383956741328633
-813.4214174228619 -90.24803241229522 99.06890060328509 7.51366969648389 26.782933657868057 -0.29941157130682283
-585.8121549266563 -102.04888629880897 72.83308948315276 -1.111527494209021 22.053290597383608 -2.357287337892492
-580.6650396417648 -84.77289699887365 86.23788321794467 -1.7922982946262493 21.896437396455493 -1.7840094982621484
-647.1092137748639 1.4571670634773737 30.067766813493087 -17.63469054136147 6.750974502811635 -0.9416997046233688
-647.0998468894511 1.4799816247433666 30.023571809187008 -17.59315275601663 6.669099331332267 -0.9085968967529212
-647.5298508306497 1.0071937974236276 30.304772250749583 -17.40463301611301 6.781390123867373 -0.9438648155612905
-646.0955421091786 2.7232500426883646 29.19975334558891 -18.104165097475395 6.325607760420717 -0.8004470100477536
-651.5984096429756 0.647823079933495 33.85922570285061 -15.076775492523177 4.296918435246362 -3.5676797869576946
-307.0239744488344 -15.83500783427088 -26.56584505012816 -10.122972033160726 17.77420125908983 -0.36614646675308304
-642.000883252274 14.69075605213561 25.842229244210216 -15.177700311090378 1.2722827213661527 -4.12572044207917
-639.4222847073745 12.648973220561064 10.177625705252579 -1.4629131414107515 7.5047206350495195 -7.069166919002794
-465.3993092911271 -31.305271431816934 8.752025521524148 -5.816206536847809 6.000094627539044 -5.9093259208564755
-468.14190100578617 -40.294762246277536 3.1840066524010524 -6.433503561102299 7.850050653508526 -6.957946779228353
-463.13937884921023 -23.886777668334737 13.422706484697228 -5.358975656121404 4.570807155981354 -5.084294624903453
-337.93438648394454 -42.26382958182908 8.565570627947233 0.29784574499205846 -1.4498533130377478 -2.4821823730233206
-337.9340647288233 -42.2680310813405 8.55434427433604 0.29693912064479555 -1.4536769071559852 -2.478093606786854
573.1146723729045 -101.12772933746619 -22.157339967326262 9.907800415753863 -13.341022019975389 -4.351724039691457
574.022285723743 -99.32207215298511 -22.741782052339495 9.965252885363759 -14.341113729377676 -4.132058975231883
599.1472347478549 -51.5598752388568 -16.96178278092398 16.57021241176232 -21.716799221988637 4.124864779435443
-307.02875609674953 -15.845763076043857 -26.540944076159928 -10.14486710329341 17.815996505474633 -0.3828862529424438
599.1464887796683 -51.570419034332275 -16.981846488979578 16.569349895053787 -21.72412769822043 4.131902040555501
600.5953513720727 -48.68134217976986 -18.13333457036654 16.82897997449256 -23.62803452468357 4.713387551212319
614.1305693484642 -43.02240693081567 -28.902909494609055 13.444387380956686 -20.79601872802135 13.309617612381208
-317.4261162404203 -13.215369875823901 5.181559513205753 2.065232602626341 -5.181175260054855 6.352577218922329
-318.2734741382653 -14.691961932981592 5.9046993869059365 2.061922261312631 -4.190329782108721 6.034973518262193
-326.47120774645856 -27.09320569483318 13.037169693281163 -4.052067066737498 -1.1340627178148763 4.223503569047615
-332.7089279681747 -47.267245753191276 1.8858183816100524 -6.290375298113019 4.477144378997263 1.2940755425215134
-449.1608291197115 -14.661058136162572 -0.6562835414734267 -3.534651495249025 8.061599438918895 2.095040140151113
-448.32545964835015 -13.467315491864664 -1.3456738177601486 -3.8078852105655314 7.50579654512992 2.391464658853676
-455.03104475475106 -24.703942822307635 -4.288126567280038 -3.143730722415423 6.739611330904754 1.7826890817320669
-81.4636644124731 -56.06747028766378 -33.2485149596013 -2.5568001526643895 14.107273186630843 -0.3642443123403239
-455.03811296425494 -24.718419805638398 -4.24927116297497 -3.168936689923614 6.794290721512372 1.7676989620201866
-451.81719397273565 -14.42222870029842 0.871661775662907 -1.7353899626868297 3.371022058067768 3.4183530401754907
-629.8208316238142 16.64425967987039 6.737982292422248 -6.744273316840374 11.111938200127211 2.233962089695257
-184.26523026745778 19.083727958599034 -2.30675385590248 9.53932360160278 -0.4995835026742357 -8.062970963096513
-197.6714276089013 -1.2158973664363022 8.057216675400968 0.5631243953494229 0.9316716105987886 -7.099704822825664
-197.18984109656373 -0.07821180327877036 7.586525450991448 0.40796830639643994 0.44879375833581986 -6.998599108805765
-197.54614722591938 -0.8868334042098462 7.981330596431758 0.5306308536360791 0.83577692873301 -7.091186672952405
-197.54536436751314 -0.8768482282628403 8.002091473097616 0.5302264142443304 0.8435280755915605 -7.09620975467226
-480.83251069682115 28.431678356752634 28.690616422458845 -13.55916948890842 1.5377004027415235 -5.9900277299230735
-488.282448885106 3.6889921590519488 11.38404128747208 -13.831787268938001 4.209022234813701 -7.795614303597496
-80.42591985962392 -54.68004062747858 -34.00735007151838 -2.9584021486686374 13.618408881500946 -0.09541507387874415
18.851119744626306 -4.912791186792073 -7.203950200741584 -16.84369733118175 0.05925825295438787 -12.589715056318363
18.860735696303227 -4.889633838714598 -7.250359224560529 -16.800100679032578 -0.02548163148221155 -12.555078212553202
530.536319706828 -117.9555050230209 -20.92639207068164 -21.34728728146717 1.1684053057207466 -12.90667674129953
533.6471326191325 -120.79474507703357 -43.03089951613588 -6.78957537838262 6.570197708687076 -16.107238209316925
540.0587009377471 -99.67607895704266 -29.350571532044086 -5.76173433111727 2.939364034643323 -13.95677653640071
539.7604435396721 -100.28228888732862 -29.095816957303757 -5.6730547244862315 3.118728376119227 -13.965176206954457
555.154031960295 -94.39598713530962 -41.946167542407 -12.18561543128462 9.921262137808755 -5.127029436926808
-386.2772942461792 -2.2534938501883266 28.445074171689168 -6.54175508771489 -1.07208399471581 3.0096712502918788
-393.43490839664315 -25.681547606835395 14.089770946208061 -8.257166300811834 3.914602959765429 0.20381616218713305
-393.8451813006422 -26.482596899333103 14.579064223256532 -8.104658990803552 4.299679427651349 0.019244895121586003
-80.42713280957136 -54.672866325388455 -33.99072769611479 -2.953692840656786 13.623769410721632 -0.10433896249409075
-332.80574384519895 -32.269204437008575 9.882150356962969 2.744249338757376 -1.9112170385508456 -2.4807112436413803
-393.84385343867825 -26.47443678967741 14.591620595974728 -8.105260332228422 4.304544545367364 0.016061939903247557
-512.2459798991136 4.587037708902802 13.902242410527803 -5.931933045396882 6.44949928318265 0.37568557518004564
-512.2554533187177 4.566962668925234 13.959110590246478 -5.979270847824255 6.539891272238274 0.33996302594233807
-499.76310108480345 19.903244172978795 2.664062571221198 0.9785365116442397 6.2423788353913165 1.2888334702640334
249.45659966068868 23.214821170272796 -33.937903374593375 11.270995198013328 2.0510894646483453 3.1821301145457124
257.9134838787454 50.559587090315844 -18.9432700331698 14.406363675591773 -5.749697895747705 7.24486247563326
239.0067231844572 21.48535719370006 -32.59098715969701 21.129904372995753 -4.271501805105654 5.5923474969625255
-168.73101526738714 98.83181460248227 -15.429953839369752 3.701008145186023 8.817334281755375 2.967306099654511
-168.03170593533275 100.10774744504724 -16.34151922763301 3.256553281050247 8.312491237085068 3.2267871257733254
-191.73985130741443 90.92741971899994 3.7390027296988846 12.740134647199916 -1.9837618904351575 -10.477808944411185
-295.1986066346461 4.02124501496708 -37.74827187508288 2.045072677756417 19.941078390269038 1.3593593982012966
-192.57222888639205 89.30291280022999 4.606271954670032 12.974494805536674 -1.343822838822157 -10.56944232398807
-437.75018145329705 64.15419083495883 -4.680979652932735 -29.20442113527769 2.961922401508011 6.207077273455305
-437.7580324580507 64.1365223427776 -4.635907996849158 -29.244776278066066 3.0382160964231955 6.1754992128768675
-454.0683342783227 59.671571020410404 7.365207730960335 -21.635651891019705 -2.7281231307040215 -2.2269909122770963
-446.6696050059498 60.49237538967512 -19.59010938159951 5.707337064806124 11.957258699622502 -6.757137418715438
-190.36556873980686 -9.365900296122533 -17.505226749000382 -0.46367579918230795 7.774436700615628 -5.906347403609736
-203.9347202551062 -27.772047388313215 -5.96473486845964 -6.4027761442522495 7.509516446718275 -5.499025359458112
-194.7665057793026 2.361250039837213 13.187072508117136 -4.666836843220626 1.8952008499363062 -2.2299785837984842
508.044358254439 -7.125694718278373 -4.198898165504208 -1.5687799552946555 -3.7971107213195854 -3.3136555235302376
890.4516790184933 -66.1638769947481 -22.654593724000094 14.956208791239789 -22.25516061492003 3.3662357975106687
-293.7115992318075 5.82758215733258 -38.86285389056208 1.3352648849001763 19.313965653900066 1.7363125183706247
888.7692264627624 -68.90439169222078 -21.2631441325258 15.12649628935275 -20.641089811812435 2.814449112799611
887.3494951186682 -71.30905349448551 -20.096273163917253 15.221233110739993 -19.31483663509575 2.389669955124458
887.3489001232444 -71.29674876482194 -20.067690852515938 15.224837074996634 -19.305341685471802 2.3781187112566897
888.9604715910658 -68.66365361576194 -21.433325457277903 15.042453534008683 -20.863720317959753 2.913491038761662
879.134121004764 -100.35021448210398 -38.4614724874416 11.21835054831714 -11.508895169077753 -1.8998830942275022
147.84118384556965 -8.841674774411217 19.48219322170445 3.0036329824879626 -19.298535852725188 12.9846047422555
1079.0571742964944 -25.797236073247785 6.292969692897522 11.215336420278748 -39.12000522465937 22.043983352918872
1077.6632926051016 -27.86871152143972 7.941919441542531 11.133552371761239 -37.40787032456639 21.27059861652231
1076.3763377387454 -29.77933465529567 9.463836493595322 11.030385194064415 -35.853585772906314 20.58136296767642
761.1186309318617 13.068534578106842 36.468783119499264 -16.87470417287696 -11.995577750388614 11.307486271267056
-285.88500984984546 31.060770542091984 -25.290764394752838 4.360217997133089 11.904041596804566 5.545381083949012
786.4928818268635 42.501809602748985 13.115419179265496 -7.960858027822173 -18.520185792819884 17.16569562242165
767.1120991142402 36.55081041551335 27.45403490761286 -1.2791478719228286 -24.430747030241974 5.627659514745074
766.3753713495532 34.734303227556936 28.57353995086338 -1.1779726384630593 -23.332100691917866 5.225829747235543
766.3777485887326 34.76150619074141 28.625287741772205 -1.1778356864228499 -23.312819216842644 5.213276976270647
752.2479617647383 0.9313905484673388 -1.6163243784622061 14.451483126446348 -19.64002417589038 3.69631417803123
738.6311535892729 -43.32036513500532 -27.05539730460578 10.120562129713843 -8.330358760444893 -2.366141049352404
309.4643594829395 71.31002936599153 -29.5739685034158 22.280278567318646 -0.13154539926916795 -4.071514701209002
296.02517535144597 27.597177893370265 -54.9505289429884 18.172126408786944 10.730997678053853 -9.931330595027847
296.00708606291204 27.559018938141122 -54.84785074680184 18.08848277135931 10.891891554373958 -9.993093412864546
171.51194345216584 34.00843457050863 11.717959687440434 -1.337756568151122 -12.10153972093643 -6.091270121733364
356.1801848037423 40.70683945286415 -68.32862633613296 13.476311445083068 12.88429052383466 9.64527725595087
171.51547329084605 34.03196462529295 11.759639110137162 -1.3408317359180515 -12.084937585054822 -6.098961848203889
171.44016898018518 33.23108347909562 12.134882203675744 -1.262660577535763 -11.710384000167656 -6.1951265187343845
182.43595577929776 69.3194971016768 34.69532455437034 1.0719259866641155 -18.92816277150841 -2.0796981752122234
169.45577527130138 39.10447526714795 7.014732084488425 18.313141549090595 -13.201593650494049 -4.42816456371217
152.10986690586998 11.69196374775101 24.01194226477561 5.60669547504014 -10.448369442998814 -3.123816980968484
151.4785569286749 10.526719329086673 24.58082354651142 5.724039361337048 -9.928770595343682 -3.21343648050594
150.71524688727945 9.113336215339826 25.337402705237917 5.942435530737916 -9.219939236849864 -3.3681705479097213
164.178475536061 14.523337663829984 13.875411059999243 1.0194040550972272 -3.430095099324527 4.777951652958889
458.1962539187961 -56.63728302179726 12.088126853529321 -4.532405240794287 -8.14540960556133 3.785521382514046
-395.3932739556342 -20.022807922650145 25.677077685748745 -6.923163707874714 1.14412930049529 1.590529104187674
357.3915765535518 42.22767753414984 -69.29471494765698 12.971217598312466 12.212805741582098 10.003353069280923
-522.49407904865 -2.270872080075253 33.7063406539471 -12.748957698316179 5.463548545246128 -0.050027999352134644
-529.1230290977169 -24.21873098982186 18.788201734709574 -13.302184224643343 8.373002458944276 -1.89141179451712
-529.1144774035923 -24.19817585693344 18.74813545202794 -13.263766503787975 8.299872272159535 -1.8609670346338578
53.99600622124143 -11.884941890101164 -13.763067809970241 11.766949085523416 -7.51807225469689 5.25722194167876
41.40609492171264 -17.823679078813786 -2.1381951228607536 14.904131078175393 -11.615322256635254 -2.4566019912536645
41.405600602444316 -17.832458672896422 -2.156833163843164 14.903928608569263 -11.622126749089897 -2.4507683280269466
901.6645355569497 -40.78187590757929 -29.77207428705452 31.049162464745187 -26.32599005374259 -3.681638430358321
891.7785719842946 -72.45803315787337 -45.67772549744891 26.53319902567021 -15.704330612457314 -8.970600163276547
596.80472164488 12.951208099823342 -49.85351257651203 40.62204537169852 -8.602364930745757 -13.807944382721443
614.658234657886 70.34338958461113 -19.905729760818403 48.052315184111826 -26.490213644180557 -4.7768693283523085
323.1512334710651 -1.9124397414359744 -40.50291211498284 0.009197308975801066 8.364407312407849 6.800976882386883
95.14236972936871 153.9626486820995 7.895011188127507 12.22941492981619 -14.9601860422369 -10.25341518995534
95.11449934016075 153.90330331995426 8.065586959395057 12.085584189727848 -14.686874831632856 -10.363040417109367
94.23984443428061 151.32634695663688 9.273349637010194 12.449841541969082 -13.511969057699755 -10.615356006828144
94.74931350691665 153.3896339126442 8.360891585789785 12.164743285916321 -14.38749260160729 -10.426087199081978
93.85302992934402 151.35400211325634 9.242199020588822 12.35913142607246 -13.54889057280328 -10.577983330347557
79.6096380995681 122.80119021797438 -16.664573971296665 33.52105641152287 -3.9441564869118673 -14.182993283460517
54.55021653655292 83.00572900401595 3.957615851327491 17.63554315136493 -4.02669699591157 -10.69164109284802
312.89861063246 28.371861524920533 -16.86417277353277 21.22317275173191 -8.50665091019403 -9.828678579276605
313.6107632087496 29.600967041563287 -17.439395600558193 21.01143367272678 -9.103294912513283 -9.689705731814684
336.9241083691427 39.27933333917399 -37.355661300424856 12.225681783119411 0.6499913018282918 4.612945219797163
337.35313628400525 25.371857065904823 -25.513398658537124 -8.689047508123496 8.615000065376128 7.196554567261494
-186.67576773045118 120.05917374737712 -16.686695814578528 -1.3492784852681712 12.748673305801299 1.858626154421489
-175.9512760755471 155.35830057574196 6.038226918734338 0.4800199934543217 6.514773800505424 5.5376571968237025
-605.1638863773512 99.8516472160636 19.32934755832294 -3.4375568738011633 8.082331562790918 3.0808090484922843
-582.6013366026598 128.7397530790967 0.7416989871250181 2.6603935668327625 9.138281540867625 4.062745305845679
-591.2170797895033 100.54891948981818 -16.484784408412786 0.5628147144096939 15.188389973499918 0.6628044995336029
-295.8482925985689 21.753018817386206 -13.915825236842991 -4.265629021127394 10.047426710415458 -0.36566710267214864
-296.0733520610307 21.25120990419841 -13.62245974021673 -4.111186021079975 10.212897410941808 -0.4566493643713546
-296.0661420341855 21.26683090282289 -13.662809245893701 -4.0771128950104965 10.147735611317042 -0.4309632579968429
-298.9696337810422 25.14255283301403 6.755714720236378 -19.77308955753562 2.950364402144883 0.720351989422781
-298.9682798182176 25.155560739885047 6.778406308617037 -19.773112677802178 2.95883300661787 0.7156724630106975
348.0275009185748 60.43007251674467 -3.370451618649072 -6.572672677272059 1.9214585885619337 11.070446830124187
-298.55263818206294 25.53427359120355 6.621378525601533 -19.891076229393974 2.837695282635605 0.7495834995301778
327.9934954043294 55.098339151173235 10.995426694037606 1.6657345426120513 -5.7733069961234476 -1.1310303394462222
-194.47228421931513 -3.622754403473458 -6.981235664214527 3.686344154525873 2.494875242112657 -9.179314907769413
-337.99620611237225 -42.95134945438369 4.312688876221719 2.501338446596156 -2.1374658363984356 -2.846936951239333
24.37532819036558 -62.16811752100594 -7.02367279808676 -2.63982958352804 0.07287917892309738 -7.168059374690884
24.694271692195287 -61.444993278534824 -7.404723178533605 -2.7003063643494865 -0.3258648188890782 -7.063737313381597
24.412461455808984 -62.11979963491428 -7.0675179969513575 -2.6500871814670863 0.027423897252067217 -7.152557930824209
35.109345744743486 -27.19127890367192 13.868587163566174 0.21617465235551622 -7.947480588265183 -2.7480595500676506
35.093086821635815 -27.22473196742564 13.970233986733652 0.13372114372569943 -7.789967681748964 -2.8096042461984423
34.48579381404078 -28.49510679679719 14.598404266843552 0.0861652542195358 -7.025044351955261 -3.020832904666593
44.94597341746725 -23.811196793379164 5.516604602485183 -3.06351235422937 -3.6533441424658752 3.285023081432239
38.6976495555786 -44.167689661118295 -6.4513348290054475 -4.885029598872137 1.2520394946580256 0.6139262875898406
-158.15297257357253 -26.410961942344414 7.9872122413032285 -20.557214559449147 4.017947656350222 -1.3495945563356309
569.0669135976522 -55.07938135411907 -12.865331942231693 -28.05274281600366 -0.25919937671381993 -1.8463488112515678
-337.2070080235964 -41.45999289682355 3.865716554512773 2.489574054190921 -2.973190928194085 -2.6936545438361863
569.0686458670881 -55.0635219365944 -12.837857936315025 -28.05301673753473 -0.24892851261116095 -1.8519067198982977
545.1554443707128 -85.52692499133548 5.185897337389806 -27.345660188598455 2.773844554579296 -3.703351573369539
548.0469875580814 -95.12472182126761 -24.058681751875735 -14.386303789577864 6.762942277559947 -4.110234019320427
876.6141447866466 -111.04192162828195 -29.648009245498375 -5.524755971993631 -4.1701336572372645 -5.5368458247404835
890.8763943851758 -106.95419320106421 -39.87962727963611 -10.865884307648315 1.0075405612967747 3.231932363151493
913.4712286347792 -78.6350668528283 -58.71587673263192 0.07866715148521175 -1.8147986297624417 7.192649320854176
913.468543354229 -78.66355448710297 -58.76296031976624 0.07598639267502572 -1.832524398587096 7.208888747246426
563.6897759084077 26.03455207520839 -70.52639171302297 7.395541965676329 9.42662919772156 9.922381003464848
543.8566247041167 -2.16774204303506 -80.74810165134127 15.54651044086937 12.546238630234981 7.604050448386833
541.2918890249138 -5.5181325144759 -78.82833712649642 16.51780453321331 13.97492902539293 6.903704622358794
-342.2233422303046 -51.22176550853918 8.071709424472019 -2.27642092026222 -1.464585851852734 -2.2780673183405273
543.3128859473941 -2.9203321221338427 -80.43261262094448 15.7292317973904 12.796758276981945 7.494302972047837
-173.6053891636173 4.884467597217188 -32.55315616549546 5.7119702084762585 11.851522248756755 4.254796513593972
-173.59884990353865 4.897274301047382 -32.5935959859003 5.738806118370355 11.795136229827007 4.271654969244687
-164.68077236739626 33.51533545245143 -17.839188827888275 9.4849713892111 2.7685140160707973 8.753755524010419
-166.2644139493764 31.239353243115087 -16.65084692079543 9.904503510925425 3.820038768709959 8.287829659495209
-431.9428215110223 76.37700039188083 -8.874654294900282 -3.0092908356923913 13.121938882553756 6.586441603727378
-423.6895007102068 103.37646888265274 7.586060232372392 -0.9741964684622116 7.278391189606941 9.862826094980568
-26.229445593769977 -46.03250696288626 -22.782044185129365 -3.4093646039457672 8.309838606293171 -13.607807240350567
-637.606123712025 -14.720419893573288 8.241992165985613 -6.361643389343756 9.371753406229008 -7.106135207188592
-639.4583611487197 -14.501014318411924 17.82183619050441 -13.253926641276486 6.424880467824332 -5.447758258901223
564.5361173693276 -119.03519819402459 -23.122609669538573 4.761080334557513 -13.362839910487526 -3.9516714624758373
-636.4198154430494 -4.412576531774281 24.855431190706213 -13.12725625138884 5.305512347671529 -4.699513410660577
-841.0727589989654 40.85008515163399 30.288368019580574 -11.32378851659321 4.8091328275217915 -4.558295161660437
-840.790357008111 41.21606296508211 30.111276430930698 -11.443331581279878 4.679740281869847 -4.560504385498284
-829.2538501712236 57.567276888692774 21.033058490983198 -10.529201287181873 2.7016669461181926 -5.725533649833071
-822.7419817286394 79.11355096123425 35.58185044334789 -9.919743701425887 -0.27825999215724506 -3.866368529821608
-822.7488043061696 79.09776625340865 35.61846425598273 -9.953394442657196 -0.2144952233196077 -3.8928912208092594
-607.8781920120282 51.00422509498969 19.076653464231928 7.054818111300504 1.0869098265504045 -4.642707104642052
-608.4915269124754 49.67862320775922 19.742761234335106 7.1755325310288 1.780001290352306 -4.807753323934933
-596.0531455935061 54.80315411340005 9.142071367344386 3.3456176244692744 6.816956482903592 2.4514114686261066
-594.7779375625513 57.14945371450371 7.746646251795627 2.920966399209223 5.724594564059954 2.935794239963315
312.7607483765805 -82.76130664120716 -14.074919481760434 -2.3452118675235285 -0.28668194821603177 -9.151894195530835
-594.7769899514599 57.16028684010115 7.765765039405222 2.9217427215207943 5.73166132864401 2.92960955951098
75.53461052602745 89.11681655452468 -32.67756161347504 18.25504305111408 7.423260586347979 -6.866763565709412
102.21316512061044 96.28973439009825 -51.79569203192808 7.72038319888193 18.46835266039174 9.757194012235784
103.48047402683643 98.03061076730606 -52.93799461550956 7.059290532103971 17.830013572380643 10.151528721271621
103.46741377657516 98.00257855137093 -52.86630963725403 6.9999248910950955 17.944156551114624 10.107438482339447
-437.5126724661332 65.43821400124756 -16.013374375367448 0.47438606472616185 14.939961213198547 5.822677819773252
-132.71972208980876 9.708805744270617 -23.147319157330205 9.870669681565012 1.6770658164542196 7.147677808335711
42.23392528708043 -39.53080211897168 -18.9802572972224 4.804050554167276 -4.465983006594538 6.0889611793513945
32.808117128790336 -69.5371949851548 -33.35046643012854 0.4400385266788962 5.9669225930973 1.251640664427399
32.80752836518394 -69.53319500225012 -33.341559380065064 0.4426431973029653 5.969854994249242 1.2465401693207447
324.70115208446487 -77.86087580197271 -24.09837422476179 -6.97102583214757 4.751692267605942 -2.0029612488220017
42.09110811403008 -54.900761763817584 -29.79602919157979 0.3068243135470412 6.797179713402037 2.351407940344683
47.10728281968685 -38.79632353372305 -21.486815205893173 2.4409114479262985 1.6884398942522871 4.911235717709811
45.72771824833274 -40.692785363685196 -20.003129134197614 2.8098177588357602 2.8025962680494985 4.447542873978239
47.08437959781946 -38.82545010432436 -21.463972910493997 2.486110687128948 1.7172649498357213 4.887563418293109
33.24794483910373 -55.755876482149226 -6.832313987405809 -5.762702807304095 2.304694002376397 2.901356875256936
173.53360817823173 1.581396613091845 -24.919551989121654 2.3381834981424556 1.4153268777398365 8.451745250870712
172.73290973042816 0.5733950980013058 -24.20388002674762 2.6137091185847856 1.8574668700609693 8.20683756513076
185.6217133908555 24.749504763904458 -10.90306455360282 -4.6774403874388355 2.158779785438168 8.728401290345605
472.18744403493895 -52.39812924052302 -7.06285080381861 -8.510922050968075 -3.9736920221097027 6.306722504837544
488.0671888717228 -0.45961378988928836 24.560783904054578 -4.5683674989747605 -15.255133986290948 12.627277344893463
325.17923887496875 -77.11726843937943 -24.48352709707854 -7.131946685683577 4.48621379281795 -1.8785302937901929
506.8727468948224 23.096215604469474 4.457213505384694 7.161347052000999 -23.193502351060367 18.034233336511992
505.9424892800341 21.491522754200325 5.693467703259335 7.1275550026625965 -21.948062701032786 17.457306982854732
504.3608807418522 18.706396804841468 7.856593656914935 7.083577318465618 -19.82123208548033 16.469367669846964
244.4224300796103 46.744524099712564 35.61579281050435 -24.234131385835628 -8.159066383250227 9.841161222600324
229.9285822558571 42.59892879680188 46.15714018120837 -18.14615678789972 -12.73259264322525 1.8538446024260467
229.91059660987088 42.55752855769069 46.25473870994416 -18.235695281831163 -12.563522954221003 1.783351484667767
217.17186721322636 0.4382440448244816 18.01337971156823 -19.567584239614764 -6.486499020424607 -1.9601236599463259
-515.9054673076888 8.514955613222034 28.639704117705048 -14.440753208010667 1.9735845943786758 -1.2822934174223903
-515.9065539181424 8.503945009611575 28.61896253186156 -14.440373350184677 1.9657664600095681 -1.2785098740725318
210.7062210529447 -22.15108738387009 -15.977294182323954 4.824618442040573 -0.7879647925446241 -3.3267197658527747
325.18040489584774 -77.1204528566141 -24.493593834703507 -7.134741037178317 4.483141369675144 -1.8738139441573143
