88.34434582810003 12.23584633705597 6.532704243646761 -3.3356983346124824
96.16398441767194 34.60565048302215 9.55077470338365 -6.250113362250715
96.1545592950031 34.67158660493638 9.51017286699243 -6.228660409177056
96.15071721754913 34.64841309019672 9.52181038460335 -6.2340868132190534
104.78446870962809 37.528154327726604 14.666295848349803 -4.458926758955984
193.28655097196875 21.05152381756513 11.57320456906043 -7.0964556932908005
67.83787536262874 26.84956995848335 -4.055327370940789 -0.5550598244211886
-200.93764371203542 21.174332571346255 -5.533587415629039 0.14516601791615524
-200.5730483711124 16.503335116870865 -0.7298451622489284 -0.7814560145112719
-200.58574996345484 16.509301541418477 -0.7436785710929474 -0.7813557747428864
-9.948789812428753 -5.269948114439748 1.7652199184243589 1.7153232827945168
-200.59689982318164 16.510005463335965 -0.8082907036897908 -0.7542470844390898
-198.93341275495249 15.952494411071788 -0.9998805117842677 -0.8730024187231499
-198.93420860733082 15.94222361730399 -0.9930085348544127 -0.8758410579111763
-108.93745977140952 30.05186408331018 -18.383900598996696 -4.330642962437987
-110.33203668952092 30.521821733464197 -18.228692274015163 -4.3236991301717405
-79.46372910164911 23.79256733917996 -0.9162296379242332 4.274293240926394
-83.98256182165356 9.98249143484514 -0.9662283099568952 5.27810806937047
-73.83410920996297 11.647335976964822 2.62030472306674 8.211687889082413
114.99543669931208 -21.55182813626413 -1.6485268551609213 4.882448565856191
115.32252667803482 -21.524096610387243 -1.626801634428199 4.897237402647206
-5.54673915948469 7.516996344978372 3.1441440515802133 0.19525724008572046
115.13018639989616 -21.576284118787306 -1.6184478255625638 4.878775967751761
120.88488259294428 -4.068830322753012 -1.3920392948472775 3.5350869390220394
274.692389278837 -15.941158642018332 8.738589314918606 -0.3569216152862815
-23.069831547173386 -3.3650571106839733 2.438414604466624 0.12400377507112402
-23.069741094778035 -3.368761235809011 2.440120664893238 0.12223520018804955
-23.08207555062584 -3.364947193637696 2.3657551534004515 0.15191598241327428
-23.03841645787895 -3.380644054745823 2.3966136691087874 0.149031179759425
-118.70396977176222 6.240249797941016 3.47608035003066 -3.288229470261128
-118.72234981268468 6.2479709388598215 3.375224869003863 -3.255158591603541
-118.6644079129187 6.254679108825044 3.4155061844275796 -3.2592685666145966
-5.573849748216898 7.518843275972732 2.985592938169042 0.26219969057514647
-169.31678023455808 7.71712556445223 -3.109064242939203 0.001866704527898
-169.31652124315477 7.715549441904656 -3.108179428229969 0.0011044612903096107
-171.96392583694788 -0.1264987475723195 -3.6424045700095915 0.7958518452195578
125.78531111193516 -15.752092682987712 -0.27296167782384095 0.7463118294946851
125.71975213291178 -15.781290481684488 -0.27404647023070805 0.7408437182850802
120.64017443178423 -30.83216984011733 -1.2897657208107882 2.2623689994783454
113.58876261484528 -26.679599208652274 -10.179501738890776 0.3448458423753169
-20.783852273130034 -3.7246222276509204 -7.995725840553511 1.726827396546509
-20.614869398179994 -3.685518721265556 -7.976382538066293 1.7464338355146485
-23.873926560306753 -4.635072418584692 -9.440471126147093 0.6786453397094554
-11.75458292378778 -10.462174931485249 1.101267679466191 2.3766764124670128
-22.153520617773893 -5.212712838095292 -9.630923735156534 0.6527344909566899
59.756305804293405 -7.369715213705741 1.3494458294176161 -1.02869590168706
57.04334184488399 -6.448847890544731 1.6879503244721101 -0.8452523645261719
56.17356979736069 1.5185773600736199 -6.31381088543259 0.22047968665762643
55.88322508274275 1.488600054323606 -6.3516790829205325 0.20668087513457076
55.802356305475314 1.485285134486431 -6.361637894397248 0.20628644512775296
-100.47523422730775 14.759204875392848 -15.928361348666833 -2.8702947056139716
-104.56785807843622 1.668732771008581 -14.678904136416664 -2.3918995688353575
-104.48819681840472 1.6781634801510492 -14.671414241368423 -2.383708170286023
-104.50015103367421 1.6775368786573777 -14.75124727748788 -2.351409059302783
-11.768963241861327 -10.506464056393753 1.1200469045440957 2.363028301187371
-104.49188195818361 1.7092310765581797 -14.767052708716692 -2.346998289639801
-287.10252237424436 8.604163123710817 -10.889450081795106 -0.7508032153732788
-288.06394324566554 8.406191046130102 -11.239917373089261 -1.0490740391921463
-207.9072807460222 -4.341847959564884 -11.466565835330535 -0.8826228766265197
-205.40128291948915 3.6842998992736726 -12.255180551248642 -1.1671956862794375
-246.4748533877796 6.186029716295405 -8.716970441591767 0.43587931859190454
-246.46420599200658 6.18455301360451 -8.642721418189712 0.40514382417318107
-246.51477514978555 6.178497082838301 -8.645407692770286 0.40117446378027144
-246.3808873015775 6.1816569389339335 -8.629016422779614 0.408668399663091
-247.08917003990362 6.419482624810269 -8.549032630896594 0.4232044427666416
-120.49683408486968 -13.798159416438136 -3.2021238848552795 3.1256733344100693
-245.49545434909217 6.863273232115465 -7.838989050481207 0.9422772740974186
-241.1038691034235 4.69778955187276 -2.9242077843102052 2.3869873754170783
-175.2894801031405 -7.091132582032507 -4.616619900560379 1.0782004729136885
-176.86939717326396 -11.778254656940916 -4.920531720196562 1.5461995003247675
-174.3541695363295 -4.314471143625226 -4.440809316478427 0.8026268348465452
-124.58078946997325 -7.230110391825501 -0.1614282383404149 -1.4687119962453885
-124.58056457431037 -7.232730955472323 -0.15998598688999321 -1.4698892873825207
220.55203363660326 -29.964557101138755 6.691875489477904 -3.7851704360021086
220.62542714730986 -29.946940824346836 6.7278354285351964 -3.783459673075427
229.54254789887057 -16.237334757051578 7.12869380953481 -3.830315169306809
-120.50309451386623 -13.798026553709873 -3.2403617262098083 3.142262803911532
229.54080302730014 -16.24897729591735 7.134455837411294 -3.833263888955572
229.6031019739278 -16.27089713655884 7.1920449136777895 -3.844109477793664
232.72973833518247 -17.28133045842544 6.902523520949064 -4.1082510473932
-118.49171222571653 -0.8911176368748734 -0.054661969778003056 -1.6314295934815015
-118.51421225700952 -0.8680227909574159 -0.07625447606769938 -1.622321413843773
-121.63353610121258 -1.9324923863903674 -1.7493727627210864 -2.019171614009715
-124.93647771595921 -11.317101423214892 -3.1293408449886777 -0.7487289552270187
-169.19127021411998 -3.3295164902192487 -1.8477491471428658 0.34928032920897756
-169.17001934709683 -3.349100575133477 -1.833308434029681 0.3430733972390503
-170.520776033647 -5.968567767476471 0.051170459508641866 -0.42181598216000665
-31.585113407506853 -24.0812474165179 -0.31853383871866847 1.3712157863248564
-170.53170925771897 -5.96747981610942 0.0002553360566439136 -0.40704234926362437
-168.32719014455026 -0.119189064740294 1.4934630794281578 -1.4075088523690582
-238.43570105786108 6.7391398536395695 -2.5849758251136765 1.0213591163561149
-69.36600458651064 1.6353944182095894 0.9084459516302523 2.8148309503903537
-74.24331749738047 -0.12688500435375405 -1.6772372174613805 1.3073082167992014
-74.31000218724803 -0.14828989623822986 -1.6798644522278823 1.3025812648088726
-74.2671550979659 -0.10796424870082305 -1.6924727665052688 1.3135029330185832
-74.26545885622754 -0.09709889997877863 -1.698165684104902 1.3159310423023396
-184.6756475151824 9.955946004725813 -7.241899183954258 1.365129027813892
-188.23120218201953 -1.140515567583218 -6.770584995680294 1.9836984815664453
-31.51937857513756 -24.088398510880854 -0.29910430660369913 1.3714333380515067
-0.5765617790215003 -12.233589398061309 -6.609743339770868 2.7425695724137578
-0.5653984722042071 -12.234406867961908 -6.5341104765289755 2.7106755907193882
194.0081170968838 -45.202230991433595 -9.3524180639148 0.9740219953118252
198.39419842119543 -48.810881830121964 -3.30828865842656 2.327733973846937
201.96555942489957 -38.153344866392956 -2.747422501208258 1.321212527518913
201.97791357732996 -38.159076408920114 -2.749888880532304 1.3158782660672113
205.3090014533383 -39.270558963686916 -3.1236980104534435 1.1909574135221037
-144.37122188637744 8.522431778985405 -4.006563876078027 -1.446724779178731
-148.1155542348395 -2.58020515658425 -4.737837729982831 -0.3327794602347935
-148.06443222554194 -2.556571861193447 -4.7411377134195085 -0.3281294879061169
-31.522027836634646 -24.093635098153452 -0.2962131780730027 1.372531282875768
-122.83821713673694 -4.837571972902432 -0.7101486635956789 -0.7460135099141652
-148.06202039531948 -2.545403759580943 -4.746725791736799 -0.3260311685838434
-193.12254623099167 5.457745138362348 -3.638310331451662 0.5701650706571709
-193.13527120929064 5.463805439567747 -3.7271409753135027 0.608132775501492
-188.54448727464276 6.535602688702766 -1.728708609482153 1.7014331562549634
92.62418823655474 -2.427889810379552 3.554430243124082 2.557474451611717
98.62345485905013 15.220341647007848 5.014243420008308 0.654468371558458
95.79794957153553 5.537852988230129 13.288275163701252 -2.0374794673481644
-66.95107413541946 22.041107081826116 3.265249837055987 3.3377636976442315
-67.03996785982366 21.9718190477918 3.2895529458439756 3.31680177560822
-72.29776210977502 23.732023206974656 3.873728581799057 3.5142124651673354
-112.99749706076275 -9.465436280772606 1.958831579955168 3.2943773424383935
-72.26122273056195 23.758085601561525 3.851302273472196 3.5140708528481306
-179.74310941631092 10.459655495814342 -7.2765588199971285 1.8875489959759162
-179.7529587899847 10.46083879704983 -7.344667216880159 1.9159674708617045
-181.53648803599748 11.072758231824864 -7.122794632734035 1.964514885771357
-171.02331614787633 8.114555594822587 1.3417269281431201 5.096327401103041
-73.64361817093824 -9.493446024221955 -1.4166597952579303 2.857344959695689
-78.1519203906393 -10.61343535770518 -3.40907553652724 1.5188589551952583
-73.37876105770692 3.610164771084704 -2.6181408632506487 0.15616934005534952
190.84417342785719 -4.315788839796225 0.3109968699361104 -0.30331234075444496
342.6114795533602 -14.970871797013098 13.25297780306598 -7.104313406313059
-112.91658394084212 -9.508168296221074 1.9858233971045984 3.281912434246904
342.4874592589893 -14.953628239871009 13.196999429474294 -7.09077374839513
342.3676641754988 -14.989453020032 13.158438126693673 -7.097001227441469
342.36690526684544 -14.983998122250386 13.155627421048742 -7.0939363361694525
342.4702836636857 -15.019740752448726 13.21526701906504 -7.111950966987111
335.90154273077127 -33.07258929862863 9.552918690975151 -4.28854798235736
60.405173468081195 11.973220339900193 4.263622824549661 -6.5427978604103725
413.8173976381442 9.622637111226313 11.780603013976082 -11.468257674131644
413.778721057256 9.631796910940682 11.757412250679094 -11.460131097337424
413.727501547669 9.627304496230934 11.72960008195685 -11.45607824729171
284.0932287674171 13.397772458346239 -6.651723288637622 -3.2894870032906836
-108.76136841162425 2.0793626297990135 4.082041849254458 1.546385487901272
290.9606915336606 15.053916773536569 -3.759194526387199 -1.9624334915899646
287.55072375636644 16.18284385768431 -3.3977430971962552 -1.7635818197531221
287.7312863627205 16.22895659856711 -3.374346762484028 -1.7596551404941758
287.7354910127897 16.254444102554704 -3.3871147173905682 -1.7539080449144602
288.1254258878447 4.56787571861768 8.582038613917307 -4.277782320105651
279.7195185905329 -19.65917621520982 5.632395813968364 -1.2562190291309459
117.58143293353046 9.739692746193397 10.318984956810896 2.5999614916096805
110.62778562695603 -10.309405206603817 7.89514895269462 5.09348311207489
110.60264746114915 -10.305691800432157 7.747187253215924 5.154529223049763
60.844745819051354 6.527695141762171 -3.54259273591017 1.8816801185335343
131.87316117106496 -6.867125742666961 11.477968057086985 2.013714572494591
60.85157929929593 6.5602446955820035 -3.559061358501866 1.8874518172684198
61.105036982747386 6.603503799456045 -3.513585916357301 1.9025212563183787
67.91860299791593 27.473719949062843 -3.5416295908156195 0.4250494558519391
68.88988527978624 16.869967141298147 8.05524316695928 -1.3579807886810302
62.2847947873851 14.397605956940902 4.08472099345924 -3.2100540013763825
62.2603716531631 14.386927282376474 4.0712933726520975 -3.216025804257759
62.26077891165993 14.428483088230552 4.044255168828058 -3.2030657951021375
65.50881790138351 13.3667936701207 3.737662485288835 -3.3604251396205638
176.73743968661432 -6.088029757919467 1.3364429301606808 -5.238196363994112
-146.48786154862964 4.7055327186233225 -2.8377022674674133 -2.1964022511683114
131.91925224186485 -6.935950617735738 11.514485312441558 1.9923355590198653
-196.83809321707443 8.169748763469098 -7.10925039087216 -0.259719211412923
-200.23132972939064 -2.2215099509523615 -7.100493620451116 0.47770671452481067
-200.22088193302437 -2.222551691193231 -7.030783293626906 0.44724724306801966
24.268662189831392 -0.3243578985393353 5.1524495708466995 -1.9732812915029174
20.864036149041294 0.7672597197291366 5.416868751906181 -1.776851379219409
20.862554360329028 0.7566836465330802 5.422306912628003 -1.7794291653632677
347.9130324582196 -9.07159071255902 13.711743161542636 -3.5293098492772708
340.61349040462056 -29.598514998277963 10.300449903729566 -0.5860864896378037
230.12357371918858 -8.43667687210526 14.765049623218372 3.2083412674718734
239.58056551486678 18.18047906520443 19.1376370574714 -0.5876018981843774
120.20845826436806 -9.07706552763013 7.059451136185891 -0.8211565458678984
29.85340648891359 33.79975046175772 2.8665678716851444 5.2422028563089365
29.817458359557932 33.81068445866858 2.612621365895251 5.352954507198484
30.11953760713779 33.90476013593502 2.630996188279791 5.380376600619743
29.724101365574203 33.83066250653774 2.571626845634266 5.357333272819943
29.86669742159549 33.85297783711737 2.5832804226527513 5.357876967783354
32.24284619535999 25.825219356190445 12.873471212441146 4.737239791243778
22.995183448187774 22.69291984753892 7.980440094567009 1.679598790671152
121.75087088304963 4.165885852778571 11.809785895764804 -0.3512544908047619
121.77611752920193 4.11003364865547 11.845628727249727 -0.3687534730098537
127.37569136390618 2.2530854899902546 11.245913652684841 -0.6412053524573178
121.26926363159879 -1.7969821589318855 0.571866256182035 1.1841050027956022
-76.33559565726391 23.998396921233887 3.113259854752732 4.071155119532261
-70.38462361669387 41.76485597955307 4.032463896074103 2.3998134118461536
-230.1160392848956 31.258551661649424 -0.38526064810891925 1.7780447919694475
-223.46438809375317 32.57113138634656 2.2156671430214985 3.5878161202739918
-227.77760762651943 19.75872733742858 1.4184172034922502 4.85312856060334
-115.0239766157435 -0.21978660711192738 -1.363398187014624 2.6281332281017096
-114.96629373019059 -0.20728342194089924 -1.3627979554609642 2.632128621165469
-114.95648193508462 -0.20798632772307107 -1.3022068104145523 2.6059219116335903
-120.65203242251317 3.4934654605890874 -7.155031345120064 1.4624281316404582
-120.65005352187906 3.5037818875504967 -7.160054639700032 1.4645950574555795
127.4877552935013 16.7341093308484 1.6015422974455666 -0.5907145320526718
-120.50826965503661 3.524676756174977 -7.15163381797488 1.4747336588901367
123.69193672206517 18.027141324771677 2.0850693786937877 -0.34942800413303565
-73.60178847485327 -4.468621516417348 -0.60696556652766 2.5306693353672953
-124.05356341860602 -8.104310113363072 1.4616181781921884 -1.4430190494596298
9.24228916391126 -19.576161595111817 -3.0557226780421933 0.5824221721239916
9.207518670203152 -19.603938647958913 -3.0487874349057322 0.57551371810602
9.249762120577161 -19.58942169813048 -3.046080129243785 0.5782139103484778
14.784960913367046 -3.222813062462667 -1.8711785805230263 -1.1068347349750487
14.762371942811155 -3.213792662578605 -2.0243749441502703 -1.0413820972598924
14.78385965255685 -3.197225901281069 -2.0363100401246674 -1.0412037049077245
17.184724828339387 -3.966862666643163 -2.2461134993487963 -1.1521260875830326
13.402955862266555 -15.154166605201016 -3.0393817969810875 -0.004361664768237253
-65.33853714811711 -9.973931811074713 -8.548682807991435 0.6366453650324855
204.2445466101055 -26.955949811425686 -9.573239704583973 0.49748103422558765
-123.97762605652568 -8.100005153656118 1.4946255830165744 -1.4468571939862191
204.24710328828246 -26.94287799828239 -9.57968619246187 0.5001656438410607
199.86162544511177 -27.836305859399598 -11.142035681853764 -0.6651066165355212
203.84315328332977 -34.3529069648336 -4.1733419107944405 -0.21606069304704023
329.1366451986807 -39.79582566889091 -2.104240598332621 -0.8388914152610885
331.94491354510905 -40.74146675148859 -2.444767594064807 -1.0220780751834984
339.4078183512253 -39.01817852719834 0.6543795786945441 0.4932770844123602
339.4033057385194 -39.04426285247052 0.6667537104488214 0.48669313392040214
205.29311085358208 -14.588302828283142 4.869678868938803 4.106671589031233
203.5166586531222 -21.473073506288287 10.961861694561915 2.1573678820763686
203.3663489332887 -21.41097771302954 10.910794129936361 2.1770780997648225
-126.12970579276552 -9.14054350781211 0.06529513304369512 -2.0549004314252945
203.46000291337253 -21.50963927886839 10.96920371765322 2.1467833992822305
-65.80926336616623 -6.706145491735058 3.7767832454976396 1.626226784036651
-65.79920394001333 -6.707678608542072 3.8299700871305453 1.6070857315384992
-61.07939039413478 6.368965367784786 6.325999603774772 -0.3919296927202873
-61.17790517253601 6.388566833031046 6.286840208182864 -0.3872175751412111
-167.41569659107844 16.083642599551194 0.28396687617465644 2.951763979683343
-162.65090496337467 30.220241728871674 1.198967808382232 1.5403906684005697
-12.099988343568786 -22.558613384806506 -2.48074640689963 3.155629670392467
-240.90657556467986 -3.5297590983623524 -4.746296934617215 2.000510765707277
-243.1458871793301 -2.2022672031966173 -7.377085176291315 1.2406297152987573
217.45375120013333 -33.78018220411341 7.142437728547365 -4.955192723870704
-241.5868105910624 2.6588773238164953 -7.573893136024618 0.9655899009619624
-319.41849031985146 15.841165456920708 -6.44408482809862 1.6590105980947782
-319.3532053303469 15.845396571677604 -6.433826843990078 1.6628652428767206
-316.9492874691159 16.483348006469072 -5.381782345844255 2.5014510418171207
-313.8559336902981 26.107539268290008 -5.72615245249733 1.940398577791804
-313.86425601709846 26.108498999140178 -5.783150016504829 1.964517938619709
-227.6734763419548 18.815452998791102 -0.2558475332026071 2.113917342896795
-227.63898139510746 18.842420682114767 -0.2671326888037524 2.1204886001031973
-224.5661908134661 17.833025481642615 -0.5777388518296533 2.002613456416724
-224.65015044287858 17.819094603112266 -0.57748339987974 2.001187431119355
118.51308612999752 -27.365799638591035 -0.8790992498805267 -0.44522977527541974
-224.64846791041288 17.829421978538562 -0.5825400752375499 2.003762760483295
27.91084318448364 13.147310259516056 9.023989616809432 4.282846334046679
33.55540105588801 11.215310636612838 8.284118413532633 3.9175743424484333
33.546082039598446 11.151313834057202 8.31547223603485 3.8984030004887456
33.527817110696894 11.152435653441042 8.209889484772708 3.942607166703997
-167.7685748473378 12.891099468055115 2.1211947063926413 2.7037210437881196
-47.08733010428589 0.9740904459344981 8.573326430087809 -1.3427689209339029
19.005049626853758 -11.038731199207279 6.54741201113369 -3.1096568752808422
13.598299260534315 -25.29129132600531 2.799111947370719 -0.6611633301247695
13.597097055766913 -25.293164209317656 2.8002597547904284 -0.6604053189999974
121.26272879888025 -28.269974335134822 -1.1598523101552054 -0.5694929772152628
15.663533780612624 -21.65963746213658 0.292811246677554 0.34837593510013914
19.22746430087506 -11.580077737457861 1.859650094315946 -1.052565834032521
19.17038761486245 -11.573606841940864 1.8398666664589862 -1.0483835863563848
19.234793902073086 -11.581393335698978 1.8683833051530605 -1.0510440311047358
13.837763749728438 -12.747504089410416 -0.6485061984043156 -2.0780499796547667
66.07063580279633 -1.1811355391168041 6.8527461077237275 -2.2313920404756775
66.02259983876435 -1.1481776838171565 6.821977119376382 -2.2235714365712558
67.24724196662679 6.083290490611237 0.4391664392970682 -0.17199118782069756
177.01861999127465 -13.296870442804984 -2.2089629817794263 -2.321491162987454
185.44902941020666 11.717874061379442 -0.5956658406221903 -4.816549045565796
121.27401125974347 -28.283218971784965 -1.1440483451275902 -0.5709497491412215
191.6556293482635 13.528709501332614 2.5388497139216835 -3.924611887904457
191.7010979664727 13.552851893563053 2.5338170691476245 -3.9212690099128333
191.80371111097313 13.575535892776863 2.541894432754752 -3.9237027756224396
83.81770840497563 17.646905588427256 -9.727450805495367 -1.1175192290324565
81.88953664235105 18.29464230098678 -9.496960200857004 -1.0378025782128697
81.86706136481705 18.29726036220691 -9.650915711961368 -0.9726340084265817
74.9786040012465 -3.147849060630893 -8.855462013720974 0.2650195023863243
-197.36727939240106 6.175623063195972 -7.9336547377507465 0.5552056816008565
-197.36896945365896 6.166419309994956 -7.929040990083968 0.5533265558399889
81.13946279762958 -8.382620441183937 3.7670230450299376 -0.6559302250620682
121.27638777147146 -28.2771216569001 -1.1471976704988336 -0.5710477830975228
