204.8420368074232 43.65796583168146 28.99865529033279 -20.743131730036378 25.665491372265137 -5.530408473913301 -1.9975932620497348 3.739346600545316 5.84842026500593 4.498665366330884
213.766583219914 47.80419765843803 28.82103543114965 -10.819059729110148 63.59322503539908 0.737898457935708 -2.7005562746770204 3.1980740238537178 8.950792927784883 8.05398410552404
212.12481212703642 46.26179574648901 29.379811622587415 -12.098879397082145 63.327260876391406 2.266617736539599 -3.130460997401451 4.281419185224246 9.635278625208622 8.744712576988334
212.124707937314 46.26896270284708 29.404290852556414 -12.135403220675938 63.286727855351195 2.3060469540554327 -3.121232514494846 4.289573673634069 9.67686587335221 8.809254034312072
218.9749689151769 76.38019441730547 33.914121843568026 -10.549622690325979 79.79600062995979 0.5725275900516529 -22.139898661137106 -13.439945317856425 1.9943621628858814 1.8728930024881714
446.13925617287 -67.80485927613904 14.801814873405085 -23.633291491986554 52.80314609379935 4.8407919568353215 -19.97714401653719 -12.350056629422468 4.157789831956335 4.963050548977956
203.57233599983485 -30.563582391199688 -53.74206210200053 52.96237735953098 42.73861785922433 7.26905696761654 -3.9994631743902365 -2.651910044164727 2.9812177203311268 4.0722767875140615
-533.1463151931242 -40.61262680654065 -32.42022142529909 13.091306707334839 53.53074610062762 10.632220873432372 4.8410521124941965 3.094024670824994 4.9778967416267 2.001057146442618
-553.8665364246312 3.2463809979218112 3.688749839041316 -16.485492831794808 48.640734172522244 4.986470815820065 5.1187507013305344 5.337350027785951 5.854988962081509 1.720358240034218
-554.4484770120629 2.648203942175331 3.824683569281197 -16.860980963464865 48.392843825664244 5.383353123690228 5.134633707391293 5.741577417798975 6.105485700114931 1.9404827378839327
-1.8208036919232224 142.90100389175478 31.650050510501952 -11.811379570271301 -27.40268298870853 0.7559801215217092 10.654161818591893 6.908526565707515 1.1166846329813673 1.586446806445767
-554.4549540150591 2.643401610888527 3.8225676208024653 -16.84961390028516 48.38652252982069 5.380085598003064 5.175600830782997 5.772978356112933 6.101252245668361 1.9255288388088077
-539.6627347111994 12.245046739239873 8.183627213493176 -16.751055671663682 41.29042371472196 18.8462162629211 10.224260660643608 2.797999575655174 4.083940850575445 2.221636427078324
-538.9210391200511 12.859563304845503 8.015448347267823 -16.31419956882422 41.606026689138204 18.375673336479952 10.24161182314844 2.260633060365575 3.754057038298906 1.960896849114883
-414.05616142561155 -377.3787696792834 282.9338602307421 199.05457473091616 12.18609575879642 24.932044764552646 35.68763545899785 18.931639063755956 72.03365462166556 -77.89521367848326
-462.8980053371428 -518.9342370864649 686.5693421135106 522.1524922748521 -48.221621368180074 -22.71848226138268 -21.563071664383862 -4.265123537914114 -34.92205969079538 35.87607394731208
-62.03649275939529 275.66250727797205 -56.24424167479102 113.23269264383826 -34.736551288981495 12.845842920822147 15.03065726014033 3.9618417738614653 -2.4660118129327087 1.045378377009
-68.12811291952204 272.9107503368327 -56.02899903627111 105.70461151119588 -61.51365503757854 8.48841563850338 13.898722898218116 3.092599172156145 -4.554336672011707 -0.9310575088616595
-49.190437139007976 303.3964444053145 -58.69828267666298 114.86559675116126 -42.096451813141314 8.250849797145722 -5.755901135648897 -18.13798546410317 -16.307569469339473 -8.737793604151255
396.3523281003737 66.70100406809608 -54.88663959883307 57.319988484074585 -79.5733224255988 4.420254998596261 -6.230101863431049 -14.225768181128833 -12.154389693075935 -6.197712442347138
395.44548505269785 65.74334587583516 -54.55236559665701 56.494231392007386 -79.6233200222348 5.411183134374548 -6.530204685940847 -13.604469128443158 -11.641451485814496 -5.517734230914262
3.6842927828872467 145.43937621902487 31.516229659988593 -5.496500773541719 -3.7726170546241002 4.647188091698277 10.628737471667362 6.890055397804075 3.0307161604587773 3.674915552721234
396.537014129535 66.79066181800657 -54.933745062559545 57.436761193976665 -79.52290142760376 4.210618894375524 -6.16819950929204 -14.396720295617783 -12.24747370576505 -6.283776410041136
405.0600620934859 70.66917988558205 -55.20300312838427 67.7116141885255 -42.351295877283356 10.287098265057427 -5.143093984469393 -13.607000233596624 -9.303578284800755 -3.347292270778849
700.9359777358444 22.25069153558913 29.81319530972293 -25.995082183729362 -24.901504781815664 2.44533245090744 -18.09666421300961 -17.953841048473333 -7.273333959193225 -4.035081607933503
-87.38439991268939 -6.914253567336431 13.448564886338591 -26.308954887719697 10.788246868856353 7.065353382382477 -5.385371567674863 -7.236320874474821 -1.5741700703554344 -2.4491139627349092
-87.38321572396346 -6.909135022799266 13.460198555134493 -26.324341468609635 10.773389546957967 7.081405224113602 -5.37849588042871 -7.2320302596253905 -1.557526494323198 -2.4222837917092197
-87.39032868358942 -6.914609322070765 13.457696169925493 -26.30926659335687 10.7707633695425 7.078682250218162 -5.328520436917953 -7.1935817753673605 -1.5612212860484915 -2.439102276692734
-86.33403943907106 -6.191210413573704 13.374516521549658 -25.948513366473303 11.899010709895874 6.908255342856585 -5.936202860658441 -8.16088398719967 -2.0069663516735834 -2.631455696884859
-369.53563813744853 -80.46987554014905 10.745966615282976 -43.36765577494951 42.43692076010846 1.5645224956603538 -4.171907354369331 0.5817353491014345 6.073449815020394 1.7149413508708662
-369.5456150961566 -80.47741294127216 10.742990664578185 -43.34753844633533 42.43494224136537 1.5619427707784352 -4.10522164897723 0.6332202446551138 6.070715315765888 1.6942530796186754
-368.95146875090865 -80.00367308317593 10.727962944609237 -43.161239896350956 43.26679493921782 1.4816364686618808 -4.614377645124675 0.009087126598544742 5.862335573602183 1.6531589923459393
3.6680250976635933 145.42739569569562 31.511084565283152 -5.46915061108894 -3.790276827294351 4.638601372197516 10.72935142925216 6.967069911419873 3.019669196292357 3.6374333195325295
-471.47141862005446 -64.25803263445566 -16.83317010427613 -13.247104627701216 39.13077414822998 0.40195540923441186 0.09802996887426146 2.9243890713741267 4.541138200417028 0.4196042271129954
-471.4702069617246 -64.25279753701997 -16.826901637322347 -13.25430510516193 39.1221191555979 0.4099518120958856 0.09999171792434741 2.9258666197549914 4.5504623306300385 0.432919987136467
-474.8340467105542 -65.80377245021643 -16.744040007379656 -17.117792002660142 24.672631694378097 -1.9718525775925564 0.1094619413853733 2.9310679734560168 3.374363607810843 -0.8497091065533802
320.19687296473927 -80.94587367865881 -22.38969926613964 -7.455820060927809 -14.977610954518935 -17.93908993460951 -13.462643517061958 -2.9778234392371976 -0.22584854732620616 -1.629255718397729
320.68697232666733 -80.54373092444601 -22.46558414539784 -7.198649976115378 -14.509749701344289 -18.13659478234745 -13.673317889454239 -3.410176869638582 -0.44095097424279944 -1.7913609184683805
313.35197182143685 -83.91879722225809 -22.27841998149078 -15.684231148500189 -46.07907662198756 -23.32852598451582 -13.792823393392656 -3.503639242011895 -2.9879247125597534 -4.531302942095886
346.0344458126952 -166.89493438766033 -84.53853647183544 31.61161870056497 -53.39136199160774 -14.74688181742323 -5.119963285438934 2.882376453092557 0.6590810565019289 1.59975913294896
34.2633068678391 -29.62636389998811 -105.19850250431827 81.01764123531092 -26.78685392720017 -21.737679565775906 -7.5914717108268865 3.34985597300635 0.03877698094947434 1.8737409346464986
34.54712031945055 -29.67078562265434 -105.09119517764084 80.82432894926946 -25.871012731084573 -21.329084449750386 -8.180729831641912 2.9179950141195343 -0.09961905587275703 2.059176131513668
21.38640628606066 -41.62964817994863 -101.59604805434682 75.53929166869963 -39.709011119346066 -21.976781961163887 4.619677769137826 13.349289857121358 4.576274875144817 2.7794974177256044
-4.569828994154083 141.63367885623424 31.716447138130686 -14.963649376765717 -39.19876493412322 -1.1852340561814305 10.667120965623532 6.91879544019306 0.16417815339214417 0.5478885345525007
59.92015820142167 -22.235135411291076 -97.43160594072516 82.74269699816922 -60.35513938749743 11.96112084487349 15.230106294311444 6.099276744880149 1.0244245191018726 2.0264608120992236
169.59165648669529 57.23343226779376 32.25694125506502 -26.934225122207724 -32.37781231946061 18.76600384794229 13.86389280072511 7.9688207488918685 4.134060012647841 6.862509622458564
140.99172918123912 36.95735048642942 22.81898694188023 -26.424736442262507 -18.008779582874524 -7.364392316883396 3.5989459022045374 11.914856670440997 6.8863765579786325 5.40957052631127
188.16766152005056 -55.63696863181778 -58.45319170391766 40.102409682336145 -14.424354096322926 1.671143397545353 1.7603592511529047 4.020203572867775 3.004052373948583 3.1131365549606045
188.83691817274422 -54.547485443946265 -58.947760149157176 41.20062837141751 -15.091567046006952 0.22532408061550546 2.713548664587974 3.854276646697106 2.6477388165047495 2.336903455075118
189.27774841744488 -53.92394404656384 -59.211591342348946 41.762240229498694 -15.331837728204292 -0.438109732084227 3.0675889821586257 3.715488517087064 2.434655108277021 1.9563953883300744
-412.7769345082671 -328.1344497513946 3.5165050144973224 -78.50726400054012 127.15911594252289 -61.08155211587609 76.61777341032996 -2.8936760560884576 -47.579623995883615 -11.737486770609783
-405.72636837049134 -317.7987784517571 -0.5544309539478657 -78.12835918099663 88.45829119911261 -54.96836710679026 67.86409174698866 -0.9184399869554283 -40.038006572694826 -11.15667533619806
-380.9648272372976 -294.25515814113277 -8.698356820120024 -62.81421464554506 71.36579499887614 -36.23408120057942 56.45773508739184 4.98031156238871 -24.622729042583156 -7.771482325005583
-381.03765514745214 -294.3279907088128 -8.679147553066299 -62.84198746204646 71.4038291892891 -36.29248027403357 56.533580535527925 4.996047391786266 -24.67829615643255 -7.80921749358068
-3.4864178109179447 142.8158394246925 31.277669260769414 -13.974152611411087 -39.48162800305599 -2.3853632540262284 11.390054953816566 6.431621779358609 -0.23352225793139147 0.06698238623795993
-381.32358122693955 -294.62341561413234 -8.556278415634752 -63.014937157037515 71.64978115004462 -36.50369138046972 56.66051715239295 4.900893570178998 -24.86937049101048 -7.867806807957526
-824.1541675503471 -181.459706835009 -5.7864028087915065 -71.34188154303087 61.52909471137066 102.21255594595105 -66.26659917680045 147.27091600934608 -62.39756171036293 -24.62310158035252
-832.8930399864543 -227.2700743903006 184.44122751113792 120.38083876785777 6.65634564392966 3.9722959986846496 7.983629258758638 5.895410326550422 7.442069391610268 -10.072723207368224
-612.7227402944882 -242.80281082606223 131.84823468153343 75.79783571703815 -6.127984431185844 3.5295116581701333 6.6001334668989236 5.234679894186269 3.7388905616549866 -5.103211803562967
-608.2253265170343 -238.67035760059545 124.5825924018091 75.35225950567556 11.321126743648566 6.841758706634735 9.47195008930296 7.218641208210839 6.44316938882379 -5.6706522782129465
-608.8147550341596 -40.41533086905664 -53.01880491078084 26.440935277016848 1.3066652044880023 13.604270911106656 17.40745845719581 10.757200462929521 5.923434613530396 2.0158822351611905
-608.807410928396 -40.40971294696161 -53.01664703805836 26.428616807928705 1.317239235480658 13.609999726353943 17.360007032300743 10.721537624935646 5.931807188004462 2.0373195189267634
-608.7058438598214 -40.06193055479929 -53.19414410253051 26.838857309778785 0.847696802939125 13.022939245004052 17.918364302227232 10.835086414024632 5.91267123332704 1.794603415063794
-608.2946071011141 -40.26820307095569 -52.99867809603265 26.417198669765106 2.01622341428347 13.705591572574024 16.85887774433234 10.111818597010815 5.625143872768707 1.9791066122913914
-627.6874486646378 -50.4394889774303 -54.74515430472119 22.51341286350521 12.717836765895374 -2.956304409787469 11.485001638771454 12.993078740402744 6.932173813525757 1.9995567679134918
-278.84455334008504 52.49917456690308 -5.77361154594807 -2.182417702514966 -40.50327918305111 14.63489580092158 11.331376722985466 -0.0221585566293567 -3.42529794496697 -2.6627893837946783
-620.180994820944 -42.82054170510103 -57.186367808915584 26.079821395691866 17.982213299329654 -3.316797017483635 5.5049858743007185 8.094587669159907 4.5664474415880765 1.3678232429530992
-643.4782120552675 13.977329476973868 -13.220880544766667 -6.983323801299086 24.361085886867375 -8.758449762594292 1.5546401419455005 5.81608269868669 2.8544167369205153 -2.217773285142737
-480.15036488076225 -71.48323916918791 -16.662095380062606 -22.06053868335283 6.989353377638765 -4.104191615099552 2.505295819506317 5.102151753520759 3.245892955038473 -1.3283693597408985
-482.16603517196114 -72.40798598394366 -16.6068662004035 -24.420347472517378 -1.7222106386543812 -5.536409702046671 2.41569273140473 5.031957207795769 2.542319368152722 -2.0709113791442166
-478.6217409551315 -70.78495272816593 -16.706961540963686 -20.243600494715533 13.624315077017306 -3.0181943691238358 2.635245512050628 5.201971392828534 3.772733341098314 -0.7891236649492811
-375.60501730628306 -87.54320788920342 9.760033347116938 -49.062279926361406 16.511837161056214 -1.979744212828023 -0.033086370391303827 3.9185382326434377 5.059155079960629 0.2578227775063583
-375.6041527811054 -87.5398592502722 9.768731163513523 -49.07380273154132 16.501566249917047 -1.9663005665155378 -0.027627193962073776 3.9229543042335133 5.0742250512845075 0.2811445089513733
518.656660823758 -124.4180472787501 30.635843075610744 -71.36784151845703 -31.31974184286423 -17.927985912378713 -13.73682178754897 -0.9940507775299945 3.1738743396235645 0.632451512561526
519.5219472482422 -123.62990110919367 30.540834597809578 -70.932253347117 -30.32812667758602 -18.28079526540921 -14.143309276580634 -1.7563000532972914 2.8151822151780106 0.4078218512562032
549.8091846951443 -139.33489388348707 5.947039108360426 -41.60590989346599 -2.9578875750836926 -0.9297659568077249 -22.35697266647763 -15.09720550983909 -0.6007353464965361 0.24680079321573578
-278.84841694143677 52.496277526103775 -5.774850009462627 -2.175649609085298 -40.507473072131624 14.632654467125331 11.356113325643816 -0.0033004369038872328 -3.4283534796203523 -2.6724071933962263
549.8097695974928 -139.32843726595544 5.958413993325803 -41.621975992704634 -2.9774044729473834 -0.9168069627208044 -22.35232724414806 -15.094716186688895 -0.5856112788255418 0.27152700859412615
550.91234589773 -138.62010161162814 5.9652924044927715 -41.38908870513721 -1.2680008605580113 -0.7966662994074785 -23.469763558035698 -16.287491081359207 -0.9368089217093358 0.3127315272065596
567.8164654283848 -128.0870737970404 10.603812718385033 -41.0367648010724 -7.915271533584413 15.710003937219318 -19.13224110387665 -22.781615863857432 -4.889995558705369 -0.12263284300360974
-351.02425047845543 -89.37437250924515 -0.2472840150866315 -33.908264372200065 28.20380140640852 14.852694358565596 -2.7253368514103813 -6.970828238395437 1.042290102217343 -0.0963976688647207
-351.6165519879249 -89.66545657711006 -0.2261516995717759 -34.03781770399897 27.375742425252177 14.84444333119217 -2.1980487786287983 -6.325922651360881 1.2596644926499827 -0.08283555403050755
-353.7787991836716 -96.49494613148444 -0.8361070921827802 -35.133654102550636 19.730840635256314 14.135252100237475 4.363146888214039 0.04135890476521267 3.6631693470919218 1.5275062085324649
-358.2372703962298 -98.57683342452627 -0.7641311856940951 -39.96917594998881 0.9505028682529714 11.033114915610179 4.956836889760706 0.5043572477642706 2.138908127338804 -0.2803331178782081
-468.390615011595 -25.668359280764754 9.706174413516495 -33.53588677001613 11.902887612107559 12.46980425234379 6.080752507167243 -0.05807740496529973 0.9355660632385576 -1.3017181673825222
-467.68000009424895 -25.197839179959466 9.611395312633885 -33.24875218576174 12.42354429885158 12.206456105765799 5.87971027229155 -0.6613927023155148 0.6166564982428564 -1.4794442749802008
-487.059998554614 20.150434523541488 48.51258543128153 -63.68682836056673 11.106992713668465 7.394401810591906 12.90118027269434 9.086512136869457 5.50270891832049 3.672657165977351
-102.78171703629467 18.270983437375442 42.35231286205018 -57.90795714131339 -35.656562164543 6.532571513307889 7.311894559361881 2.236246628880317 -0.882436241689524 -1.4006233963005301
-487.0660441851005 20.14609621888953 48.51109350066099 -63.67700820335522 11.103220154315398 7.392726724831615 12.936383236123222 9.113722242160131 5.501396888470001 3.661773361694093
-484.62557439907175 21.305139114417972 48.49585571339682 -61.24766337113358 21.0752195697754 9.039367723041746 12.17564137014891 8.517487730405703 6.2926527644036145 4.71989571097005
-626.369068482917 51.62374100140151 12.840427525062806 -18.60154591443247 17.304269642617918 14.958440329204588 15.54418728286843 6.557848615959626 3.2461412674825816 1.253718239278871
-197.47433866676016 -1.5455819572910818 -16.827182242557626 -0.12056884994238931 22.3812611716982 -13.579523478986172 -13.657551683499117 -4.2417638389795425 -0.8429952041878657 -3.312504087043949
-203.31092360511548 -15.72107783325061 -16.96951791052081 -3.043619039610117 11.064119993482977 -13.31095788287561 -3.4314970219053422 4.1671767356460325 2.717888780439912 -0.9493559955670077
-202.64153415688975 -15.071154947776765 -17.157976624657255 -2.5483910167073165 11.4060030003698 -13.85277572025236 -3.4332622548852356 3.665537198028524 2.386818830564685 -1.2949911354389867
-203.28940087586216 -15.707509089224414 -16.928052055287722 -3.1133462839458743 11.268005882283333 -13.155906298003282 -3.6185873961543877 4.1208660413110785 2.6987315863438974 -0.9121548854033122
-203.29022041350925 -15.71531247991895 -16.938923823826176 -3.09880975770869 11.287865287632682 -13.170345882603801 -3.6198809519642414 4.119234085916796 2.6818898865990737 -0.9364550235672378
-427.9308565268345 15.17863519277063 -74.3242637114592 58.75430558006353 0.4058946512729691 -15.49344780721005 7.8771902615668505 13.525878057153259 5.545279875072206 1.744114441327323
-433.1458942030833 12.8551979975969 -74.10735616265004 52.032637453368096 -22.809764178260085 -19.228717380219802 6.289537721534752 12.315420369656405 3.811942338872382 0.27712211589333546
-101.71469612505348 19.15331697456031 42.131105810732265 -57.314041325584945 -35.17345861888838 5.933607553933476 7.303577582153724 1.5039921997354408 -1.3681446957410048 -1.7672338940773686
124.66682058502813 55.19977747705531 -116.1133397717427 104.57423838429104 -80.89818986048728 -41.378118819749226 1.3615179352637747 14.63239435810452 1.7035200564949287 0.5086451903281674
124.67439922056053 55.20559151645648 -116.11108233454682 104.56142385277009 -80.88742012714629 -41.37225228381099 1.312385700824512 14.595450908350523 1.7120879230227664 0.5307172058181341
584.0757584761035 -142.1358259824192 -94.06906854121462 40.391349684880666 -116.84838325181948 -31.351784857702416 -0.46561010984045853 9.750707694475702 0.472520420545722 -0.1728574021652816
547.0598761340761 -57.21353707579922 -23.07309952784775 -14.316846150798387 -105.56178900630779 -38.53170014286201 -4.0206967911423765 9.242086880867264 -0.36320490855499077 -2.396526903595006
551.7105604406398 -55.09687738995343 -23.22000754353882 -8.712623118443224 -85.27906727088782 -35.214294193588785 -3.4687066655721863 9.667996391028318 1.2469545540019225 -0.7879620041958082
550.8217934803283 -56.30439699017591 -22.80363973452518 -9.623823277155504 -85.13656567228196 -34.133258639256624 -3.920157660441851 10.029897310667547 1.6438130974246208 -0.256411796275853
587.6236877497586 -27.816757461934166 -14.93428256951193 -5.305445387081131 -105.25723534809983 -0.15712349959986538 6.344259511167573 4.276081092851977 -1.2759716633980034 0.9728854320410301
-403.2825261403515 -88.76362743078028 -15.88164715417365 -15.203535268173843 34.86511131404428 14.335298775070118 5.886604446179785 2.2440499311791062 4.97202445407788 2.2188670645928843
-408.4033449132772 -91.11495350926994 -15.74437819590022 -21.178147066278495 12.76115115634708 10.701851849635448 5.699142342113443 2.0976518472225356 3.1894401838639306 0.3277641600965051
-408.9231851065829 -91.56919247493047 -15.619818093190158 -21.508380499175086 12.547669898569339 11.065644728384582 5.697563210687458 2.5035040305421528 3.4279896213834737 0.5454922146787478
-101.7165855006 19.15116505148349 42.11246003467383 -57.2892958727868 -35.15783822412174 5.9010424853455365 7.287037622921406 1.491909647691599 -1.4000098439802162 -1.8186678364959288
-367.76009912595674 -100.79242697483059 -3.622289563658274 -37.54433217943717 21.612099228983777 0.26977769987472 -3.7384265174998035 0.1686981831450512 3.6966494190912824 -0.5984752680635185
-408.9225385179041 -91.57144546736119 -15.625260809730399 -21.499259278237314 12.560902153048552 11.058803419824226 5.697521601168291 2.503478891803441 3.420577272965075 0.5335045368238934
-518.1264109094493 -29.632704532830353 -12.396033955384388 -10.655246297362666 22.46821307694658 11.721571761607994 6.075166367530279 2.137792646192974 2.6497908387054308 -0.07506787019060851
-518.134113779938 -29.63872920257923 -12.39883851729863 -10.639034325834306 22.46309301951171 11.717386644540728 6.130300031556153 2.179883118830398 2.643582474073126 -0.09581974308793509
-513.9119652308897 -19.791508492202155 -12.584560554663629 -8.455357514354654 30.740607528957216 11.892831453740708 -2.295614852930545 -6.208003112697028 -1.1903400601365577 -2.6326512270901956
242.04103592392948 11.078654237353046 -14.070740360657807 9.869048915416125 -2.8416592859595924 9.790278128000137 -18.27279710587268 -21.255965611679652 -9.355255883192239 -5.195139959368499
248.65645557210294 14.168117735186458 -14.183768666297201 17.06947539342345 25.094256251253775 14.425057619272236 -19.13275072404014 -21.916232879507557 -7.0406248206166655 -2.455346128309698
195.4872537705919 139.93438811690365 87.18749633157114 -61.02676198682351 18.7083915039283 -0.4361971385938222 -8.790876465013303 -6.292344418339549 -0.7996199308962768 -0.9002683549285779
-128.447052751576 199.5915416576669 -3.4333864674609442 42.93475044355298 14.219099643902727 10.167043328052298 0.006308298489573538 -7.172810356776465 -5.2288362918975375 -3.0857351818234475
-127.28351495420056 200.6880903236777 -3.793226940157545 43.84029485597959 14.314922240193543 9.013655615077832 0.3907400691086615 -7.978674059084322 -5.791103581878447 -3.7236913840358827
-170.83382486714095 169.53190380393065 -12.577018970732352 38.434595080322204 36.840912758070914 -31.7709227424678 -11.092594980060506 2.7886807011248775 0.3226448043758244 -3.187970845498867
-307.22436514226916 161.14832078089762 68.6284091530186 -50.87432470532999 -14.148530028568526 7.852097072665409 10.988723943695565 2.5912699914549817 -2.534459022406853 -2.7485894463896496
-171.957825996286 168.26658807346757 -12.290347822378925 37.66509450679996 36.444769994118644 -30.949663588655945 -11.027117889176726 3.5444866623714715 0.8307996072199905 -2.676180947430208
-359.48037442690054 37.56503661959174 -81.99254003896277 78.85529495795652 -14.574978047336595 27.961450976786466 9.333010298824211 -7.9322870668829575 -5.660068828095922 -0.6402544530329555
-359.48671174150724 37.56002574941838 -81.99466214132835 78.86781791778044 -14.581641049881972 27.95686828193536 9.377810428320089 -7.898475231947496 -5.667065092098219 -0.6594297582196418
-390.6991275181592 25.919355109741232 -87.59625251807736 76.51745734814742 -0.07885568569345038 1.0225561191703463 -0.1352974911503474 -0.20224634328974767 -0.6720347876943875 0.8766112381749326
-431.74714712779604 133.45878333231306 -8.62957855043288 19.078994080233972 14.601027913997262 -8.189959615521236 -7.593896525765203 -5.480075888549093 -4.887294933546689 -6.694384845821276
-192.23936998571597 -0.8149364252208227 -14.600195404518306 -4.793380419257298 -10.299143595833275 -5.250507767765974 -5.756724379805511 -3.9702207723303444 -2.8212580357236283 -4.52800577704851
-198.25590590083263 -15.41269945851819 -15.037445801186953 -7.417974260176521 -19.386742434954986 -4.994918954173732 3.5333100596667473 4.7217081042538815 1.534547791299796 -1.2135164888549475
-191.71234385450703 -12.425481956023567 -15.233141535276351 0.38139103759774473 9.048433482975991 -0.3378468741988518 4.12852451049927 5.181085756510239 3.800310565079816 1.0971950218313804
527.056071166166 13.065310887746419 -17.989648726340363 18.488827691815903 -27.801193758291262 -9.893334643401715 -2.2401707494713134 2.7418366697634675 1.6841337664980145 1.8754333663078224
837.341105222565 -42.226161817104234 61.101799829391275 -71.26981495307923 -19.31573684951043 -12.322948930373073 -12.168271361862088 -0.4559378551758455 5.589495668599061 6.463220242536735
-305.7530488527348 162.2360093612491 68.3340359138366 -50.11133253575009 -13.552126104723092 7.026385146438025 11.065145621589506 1.5794669792885263 -3.1749468477455007 -3.1762858685357327
835.4369278304297 -43.74816344067894 61.53354998343047 -72.36960830877403 -20.529939460173868 -11.178882496705173 -11.889299100927618 1.0575147259049031 6.394780779041948 7.021405481815077
833.7409935952146 -45.352079621155916 61.93994131844896 -73.46576805934046 -21.559653742035632 -9.99050709398006 -11.712152512380804 2.3609842861678767 7.186236072984909 7.694195948609474
833.7399168916879 -45.35410788222433 61.915466847639244 -73.43082599573621 -21.532378248198615 -10.036143775190627 -11.727555301795991 2.3467942025528092 7.141148603360905 7.6234502086185065
836.0065015879725 -43.40172507616125 61.19052281942216 -71.7510165704383 -20.634199738443087 -11.955094900876642 -11.456356349989418 0.7243188747317575 6.148980929603083 6.697508989376409
828.5917232577941 -46.88856456887748 61.277215627850715 -79.532858015694 -51.53934283102371 -17.072779514737544 -9.928826506963503 1.9148741996628154 3.6294444657573965 3.570489208411476
114.38037495288509 -114.46751424589478 4.0061763236539605 -29.1976693788375 36.195865689378905 20.026139870707116 -2.2111801477208988 -6.546998728452553 4.674133968735198 5.866030915740222
1037.210602512247 -157.0047429285299 14.07588103850484 -30.80960633472457 17.444526587912293 24.046643265052733 -12.806345178998322 -16.804970804537195 3.1405061059617227 9.823493189312568
1036.1075287103063 -157.70699489449004 14.164562542679363 -31.09737216079505 16.41224878023551 24.300503790300088 -12.03813806770195 -15.626575169552103 3.5899711639605267 9.946745225907494
1035.0051642609747 -158.50101839932722 14.296142192642733 -31.47377492842803 15.505795644979795 24.65861552270433 -11.372745545612679 -14.508972152602682 4.063017337609632 10.157603266286186
793.6171530849842 -118.33182892809177 -54.016913119261844 47.40515493110261 -2.6638196765406503 33.67014393293682 10.001937109889736 -4.1672873422860945 1.8205157526639704 6.830369311104219
-300.171307667842 164.8543248105215 68.26162334610316 -44.191831567877145 9.779399059579784 10.88088429133349 10.05178956953343 0.7867374304873012 -1.2890440680942832 -0.8698035466813696
803.947250187642 -104.24074162889063 -55.33014844250994 50.99227243075714 12.961254397673239 35.69836658699525 -6.226055778639328 -20.1797864267149 -4.761869769729209 4.3489240708627515
772.3852224004304 -118.5427973957674 -61.5118924138958 48.97376479607438 26.947447002990785 7.778823681907248 -15.131700639390063 -11.19385589401385 0.9560232399527975 5.53488811914948
771.5593833888107 -119.17364155787992 -61.31276724586277 48.473320919912794 26.367749716778352 8.295653687376582 -14.851746932124993 -10.413069094355528 1.3971566320177453 5.945409308955578
771.5576157030955 -119.19154367543264 -61.33680410935533 48.50669608720842 26.416277206718423 8.265431708108002 -14.850223062509228 -10.411478731174027 1.365391943338736 5.898531572870184
726.1470333996738 -25.153411617932203 14.907083462613135 -14.824571309064957 10.373716186518005 -4.78316061348022 -15.409401481643243 -6.608516017412274 2.4583390175570035 3.478465183143881
715.9886153828758 -29.875305312367722 15.106016347032828 -26.09513597965329 -32.76660884821546 -11.91482176665667 -14.55528380154348 -5.950588133291572 -1.0728739372561837 -0.5818839845820838
307.9701842652433 213.84271391174306 41.556113354359496 1.875406550989522 11.394812209411345 -18.26212098669606 -15.43747058606922 -5.324678256400364 -3.135706738770375 -3.845108360731449
298.40612070248375 209.4075485350798 41.754329471894 -8.832833871506173 -29.32525029622403 -24.97824420032607 -14.850884436955726 -4.869572141120128 -6.440664062752344 -7.588992196276595
298.3911309253657 209.39632267400518 41.749208496612695 -8.804851272496935 -29.337413113075602 -24.985313859092177 -14.752840935340863 -4.794288371516023 -6.449955232617505 -7.623802778691039
186.1771400210468 -47.80618715735442 -63.40273560598639 45.41417920167382 16.13855072368495 -14.176150860751452 -15.317368258321386 -4.765280950877388 -0.4248859832599972 1.009605269846609
346.29113147772927 308.53165549692665 121.16829274151276 -55.79987664984968 -26.582917797132378 8.804550632923895 7.631937682479137 -4.582077206783003 -6.798123955162946 -1.4028975806700676
186.17761224400505 -47.81941701478884 -63.416925776435704 45.43626241991742 16.17918231538343 -14.189665727625934 -15.311552778832267 -4.761161469854832 -0.44338921768934014 0.9830117723688745
185.96968919092652 -48.091707356651945 -63.31449522836923 45.21026008624281 16.202146051738307 -13.961097131063264 -15.328659916568263 -4.637188895689865 -0.32606046389360693 1.1734927509628021
194.33303815422298 -44.27147278837224 -63.56523796872969 55.164541050307875 52.54782622667604 -7.994999120980984 -14.616639377732255 -4.082021483801602 2.599442756349412 4.174250368947555
144.59755088804744 61.87880383147225 22.312154767391807 -13.569948826079735 41.88860153166696 -22.351574311841855 -13.915217823297763 0.3633803872788792 3.648665354836847 0.11879566899111066
137.02075446225487 27.48647806952921 16.660749885213725 -15.29768016413015 27.87717608515374 -18.94851792306046 0.8823155753095246 13.084909045497355 9.720932429265876 6.410968864359534
135.72000076238973 25.889955058795792 17.166760401650073 -16.44664112085788 27.758776438267034 -17.592978536266553 0.504018699716638 13.781458557893107 10.308188988921055 7.0715654090764675
133.5482762105829 23.49148422441195 18.204043244156292 -18.577315988325765 27.96001807297707 -15.053327755086265 -0.5893618924680484 14.868253105054794 11.216726087523785 8.16871140644221
162.98877238030278 51.46542109942039 27.779612867277784 -17.128363426342116 11.823754043340568 13.640577653339749 8.256432656364142 10.490349632460847 9.055506121872215 9.901101400959412
438.42978965934697 -109.15804336283811 7.539017753412077 -33.35284288330604 -13.471182139274852 12.005693696810908 4.149225512570449 6.5275128634114195 8.114962893158761 8.924912919462841
-415.7175883631212 -79.90985729227495 -1.7796814976512874 -30.066303413602373 25.425846102517315 13.000539238143146 8.91539645637026 7.683736124907877 7.544769328016019 4.427375212268801
347.8005314464112 309.77755169524784 120.75060179826801 -54.781661400723415 -26.28512542289696 7.584237682366635 8.068399987970116 -5.535207872965947 -7.423853249678755 -1.948926954291648
-516.3261814949382 -61.94500226228859 -26.673117830332448 -1.1613371391506853 21.473918953243434 15.184975888974087 13.646641910349873 9.532744351849615 6.864695668029709 3.250244599498119
-521.0430067577811 -64.06675962125631 -26.497416630982304 -7.067893213247928 0.6587039220587787 11.80994701803006 12.5966321176859 8.728935759105939 5.263633411653715 1.78365650640439
-521.0362363711987 -64.06165403613879 -26.49539251035613 -7.079058320265308 0.6679291639755489 11.814693237237343 12.553933561783714 8.696664303727259 5.270318913714514 1.8019326558480202
16.89275070449584 -56.92518572753631 11.057808677308277 -33.363990416613845 17.804561223878014 8.559465248028095 -12.938298691276223 -13.288842367375748 -1.954452738009972 -1.8662959284231861
0.8345743002258864 -70.0908594612544 6.867899489103817 -34.8122094931072 25.124656321210487 -8.058396664128976 -16.096018464995513 -6.579770762750776 1.7766110099396744 -1.1055775907001635
0.8353458665902657 -70.0839817737426 6.878047371547227 -34.82607013413416 25.107124072176827 -8.047150823240278 -16.092784417516167 -6.577739745591645 1.7905959809129635 -1.083632357549133
847.9688873678793 -83.03218880864932 18.86233278489692 -40.190274261273274 -1.0367094439383124 -22.742174558690166 -35.94235229658893 -16.856205834050773 -1.6653905406145855 -1.7592789328326843
840.2001680515649 -86.71049109482375 18.92532661926177 -48.09875177356145 -33.126930757129394 -28.08107775886868 -33.813892381029646 -15.204639300275623 -4.320376306284133 -5.191752474950542
551.7208746996222 92.0259731854497 41.82991867471065 -32.05305731743539 4.90202057291783 -38.8494167826738 -39.592093426139904 -16.535247393336135 -7.029549298244344 -9.85828753343928
564.5766485055252 98.07577343606611 41.68486046007273 -18.6129312324125 58.401472809244865 -29.99461126600805 -42.33870215378932 -18.678239978070685 -2.6822985611205143 -4.43268299883502
336.90602786144564 247.81136999983738 106.18747488846473 -55.59694127836822 -48.158523961502354 12.175381004389896 27.573406674939104 19.109111718321167 7.446953119479264 14.26841099369189
147.39643574145325 159.65288310220564 -75.81526106590229 107.5980542825858 48.91029702012246 -32.023348001412245 -27.677446321832836 -9.213607109472186 -4.2998985582976195 -1.2242569069615064
147.3738418927386 159.63504695768506 -75.82340969917172 107.64575692819929 48.89374982950168 -32.03682310435801 -27.5140460473275 -9.089292031090292 -4.320329958399987 -1.2881802868547365
146.21068603478557 158.67533461460764 -75.51341583746986 106.85089446682267 48.22011903394694 -31.212235181152614 -27.26532361468178 -8.085103163576516 -3.6947768120555895 -0.6247677065958507
146.99341735063308 159.443395458244 -75.75438165102842 107.45014042199256 48.57217340949103 -31.81397238305178 -27.39043444723528 -8.703900416512234 -4.114912622976948 -1.1179256312621872
146.00847414619727 158.49697602848136 -75.4832580109329 106.81255716387477 47.98221250685945 -31.29042291313853 -27.073457476203558 -7.985578732664806 -3.647388271403443 -0.6716511162964697
78.05535490005981 311.14019079957177 47.579186342724604 13.12513155755694 48.590703026831925 -48.9715882740977 -22.24743304035971 1.5754415184354535 -0.9079370754672128 -5.7432844163206695
66.8621036081831 264.2179546453274 40.96069520890701 9.149837036486767 28.468226593886662 -44.31120627185054 -2.9773130600825204 18.368697966227494 7.832869753552358 3.4924862845696323
284.9009051416885 226.0632524052095 89.45321446492773 -48.63659475593414 13.140327371847832 -47.998188886657175 -4.126199612605757 16.734597764995502 7.676353579880143 3.6112396238732267
286.33634491666436 227.52651570148475 88.88224644843014 -47.357508297255464 13.234395807856064 -49.54780755222106 -3.486258964544046 15.9404939113531 7.101788907416852 2.9694438696587655
328.74243898782396 273.1337408292064 106.44957742294763 -47.704946665566844 -9.43504707068878 -7.149242826233127 10.478437917255523 8.727330714974912 3.1716630718474454 5.895997502194615
396.8336438293167 125.465007450368 -3.8484676141678467 32.82164778046567 -50.27691134427641 22.672392546072736 15.104673803722237 -3.1822833162096686 -4.6813556457575345 0.8265697575855293
-88.39281407727438 353.51205614344644 2.1945702399057843 73.23968338964845 -21.416088294486872 3.212217541112248 20.603201452132094 8.251737261337187 -0.8832648388139955 1.1154715011592387
-80.6149672101233 357.0554777522188 1.9532665413192456 82.57901601671874 12.463991043459375 8.755265318918957 21.45723836952484 8.910457989689881 1.8079237129671701 3.8217809290813882
-556.3149668799304 193.96861816148362 -3.267392375456104 38.83550403294349 33.207544363579906 10.851313103298672 18.3469699821126 8.882258548691834 3.8745845332766176 2.2650035602370453
-546.32978766457 217.47440980058923 -1.950742444851725 42.673256026931654 46.661087673258365 11.08123197305856 4.6471181925387075 -5.1187481495536495 -3.667702590753224 -3.672391590088596
-552.4230182239448 214.67671275695636 -1.7875881656546937 35.563573578609244 20.361959320143665 6.759997930994094 4.420328717190341 -5.295110719495302 -5.78459613012395 -5.916966087443173
-280.3877320211025 58.89768735817058 -9.60051437771827 7.767651636309742 -4.493568930418181 5.9680601353607265 3.207947389491181 -3.7151776311080624 -3.3577082369285227 -3.865242131234441
-280.6750741567269 58.57563977119695 -9.559519477632575 7.593671106370478 -4.571833355021895 6.180998189662792 3.1576559609545494 -3.518721920560292 -3.2341690826755176 -3.748145298588892
-280.6691659982883 58.58011669468421 -9.55752905345001 7.582629778076691 -4.566440704786562 6.184213422608221 3.118506612090186 -3.5486317342066114 -3.2297225846204745 -3.73337769656139
-250.89450807715724 -17.96784217230403 -67.01658595329425 50.724144296314 -11.108544627457025 13.33871246390864 6.719139304142804 -1.5129827851281883 -1.2657538443525802 -0.30518162104277746
-250.89547392789368 -17.97730541960785 -67.02796105248323 50.73856415084632 -11.086939524744144 13.325069607010079 6.718506522614129 -1.5126693796186907 -1.280133773868202 -0.3255323067965106
404.68818800617163 129.05564857702183 -4.078033645257482 42.137612235488234 -16.19495249400468 28.260854110442246 15.717157053756528 -2.708177778694936 -1.9539435238523124 3.6354468644268705
-250.8303395982805 -18.176094670182486 -66.91143369352754 50.50998654336007 -10.47781318543686 13.599545247452498 6.311052165524127 -1.793361935146296 -1.3776157117532306 -0.21031896191825739
361.08028675555863 104.23921360812757 -14.6767615360339 40.50015568788252 5.197416572338487 -9.96518910308145 1.1732673719863775 4.897732570983032 3.193002748482742 2.8660045964112846
-202.32132293568273 -8.496521224504303 -16.844323315065 -4.636806191341101 4.509185411514595 -15.947130034312414 -9.221478682606461 -0.9644479187512907 -0.5413982292177131 -3.5884302886055606
-381.91387350257963 -67.6553170881461 24.107686430746305 -59.74921232613932 17.628071889212467 -3.9797502194406125 -0.6312168627373036 4.521508488631564 5.314848747250485 0.20413771271627396
3.986979929641383 -119.4972339988695 -21.219262618091673 -24.260129861320568 -18.772582067281707 -9.78056590133284 -6.609398197273695 -0.6173322000889255 0.6997027528695664 -1.8304587390501799
4.364882389056597 -119.20320629576685 -21.29665111836146 -24.04455903498936 -18.507838821085738 -10.001127289699685 -6.72529226335876 -0.9587278877882439 0.5180145697768611 -1.988653542396541
4.071744642553366 -119.43918699279475 -21.257220703216046 -24.175128771315986 -18.7784456804567 -9.899522762916824 -6.5622620832278 -0.6813822527337673 0.6561154535642512 -1.8941163823634033
11.730825941063452 -115.90928441002303 -21.446134209571593 -15.369898331131397 14.123407257701215 -4.481588740419428 -6.558478090092644 -0.6760457644873378 3.3223180385797852 1.0056873972300415
11.717404977431867 -115.91978728376763 -21.45111527040146 -15.34111930485938 14.115684131518382 -4.488424591026954 -6.4617262074446895 -0.6020364091242557 3.31220962739725 0.9701847394793677
11.125563244324931 -116.44393761359058 -21.373146099801545 -15.602838192250019 13.551250142967831 -4.310287319434744 -6.102924903219753 -0.06330818357747273 3.5480856143237713 1.1055755974841661
27.819616368508846 -104.8343643780257 -18.09355613899967 -13.500314396032111 5.604542684569754 11.576081633252675 -2.369468859794942 -5.288222843137562 0.7231232353567211 0.634265903226542
23.146560222666867 -106.99482513917728 -17.98645100117647 -18.806090630807326 -14.391555625020109 8.277103431712092 -2.229030537385139 -5.181803206336372 -0.9068421951738194 -1.1754525239384126
-124.47114084697236 -85.93457972034987 -59.63747384728125 26.609983683470464 -29.428426902362006 10.844475459990178 9.233875451740241 2.482353427051648 0.8239157797742717 0.31485568035308764
639.1247428456851 -109.4498520528758 -91.99686924657682 62.20314876884393 -91.92929439959444 8.74386924690524 6.268747486116917 -1.7560505458459708 -3.2765242092045734 0.5715344634456971
-381.18229573335145 -67.15154347194935 24.003467790304782 -59.389451671082014 18.50182892562308 -4.2357106439572405 -0.9622309114450412 3.874787521723676 5.02799646863685 0.05917703594234097
639.1237257637305 -109.46093275341651 -92.01156975313324 62.22194003998874 -91.90240296350363 8.724035301198201 6.268312642396241 -1.7559224170396095 -3.2963957056032163 0.5438243890672578
623.7283935845376 -126.26715368834344 -88.2445225449905 54.91594677634261 -103.56134504830625 8.476858714520356 17.799072103973273 10.43372727477421 3.0141009474141116 3.5541268896807594
583.5486674103872 -44.380731918225585 -16.356094756514647 -4.465462116504016 -97.96343993863755 2.242579055363601 12.868592182484653 11.026032147641779 3.4370014408379825 5.098626897382067
865.927666988928 -162.14069999129313 -25.594136349850366 -18.907770136700044 -77.05451349391431 -9.811348550089123 -10.23847973555709 -4.73060601971937 -2.049219827970899 -0.708860692128141
892.1795839284696 -147.79574396905616 -19.37735247144991 -17.790179391198233 -89.39220975098333 13.618272156616737 -1.8514417197730464 -10.69662914322848 -6.021146580844455 -0.8395227770789204
899.4479192261599 -132.6114990636446 -19.502579992932322 -14.352662763895296 -73.43478195931193 15.314761217710299 -16.504694169359347 -25.493249562179074 -12.510835317035664 -4.6473920229282575
899.4487564310576 -132.59835828441416 -19.477399067364306 -14.389577796649093 -73.48148963388533 15.34350974032268 -16.496832902858436 -25.490658147561355 -12.480393849568106 -4.596472387739747
574.2931340220968 66.06515118692525 -8.443414011745142 20.410883767645405 -41.596903040920566 22.061951957609338 -18.021490622866473 -33.37850441042882 -19.151144338007434 -9.198304945018082
516.8480186059926 205.63829906178017 102.80429596640222 -63.236058187294496 -43.3426074135053 6.218632174754951 -4.446956080020379 -14.459534221444617 -11.425650526786862 -6.679806763690263
514.7216688304084 204.32014181257722 103.09498047429028 -64.07215466552411 -44.8681358012288 6.989414139977061 -3.911395321365119 -12.713982296942927 -10.466138321635047 -6.1770572982291005
-381.7475432846762 -80.65286009043513 19.512421449736337 -58.24275516039613 12.054772465850283 -2.9885978578029766 4.0771736950884545 8.20221720306489 7.0655040477774556 2.8536120185132043
516.7284494291233 205.70439873656278 102.66498054904683 -62.987332887327504 -43.93238704724936 5.75843455436017 -3.90594559448396 -14.236260638174086 -11.370148883736803 -6.84119829304561
-197.90891689673086 103.15797075325193 57.15963602993104 -48.50430530989379 -0.6302824904522168 9.053214644438212 3.129059603415776 -5.0057726283113135 -4.032259025090655 -4.132783973816382
-197.90333176355733 103.16213450202319 57.16129075163837 -48.51490714020448 -0.6279108400828539 9.054943053788335 3.0929492356239496 -5.033624842046482 -4.030372073876864 -4.121228947242172
-191.53610369598596 106.1631998893091 57.0957595499813 -41.92205435849051 25.758381683363744 13.413433248904886 1.6174706458733963 -6.189156752369064 -1.9118865438523527 -1.4402971336662056
-192.83418463161877 105.25956528027012 57.235486236664194 -42.40794480902167 24.690386593402696 13.780742290962653 2.0965322610833392 -5.107389878997907 -1.3495737489806825 -1.1708858168702516
-399.6824364525096 143.72371344845536 -1.5505025571000173 24.57688881875551 15.318700750789247 23.114593665275066 9.082505468909703 -6.240404414015363 -4.8093474049017235 -2.8371444347464383
-393.6084397104138 146.5160984962165 -1.7095488208245417 31.63150917321553 41.50106583691778 27.42249290609419 9.234486133720772 -6.120331022396656 -2.690895021727688 -0.5711483381834361
-5.653584437134646 38.96885018767637 -17.221357781862242 0.580793347142213 -53.21071293727331 -33.773773719205465 0.7552873809409788 11.28551429858178 1.3785999147713108 -2.3890339271913184
-637.759275411494 -5.846410516876879 -14.159869265078921 -13.099485298619529 5.556080703427721 -9.889194469758944 7.218427390692223 10.06273684259431 4.17658783902255 -1.2295982107460104
-619.969611284118 -47.5514107749687 -48.78187116772582 13.137110648926557 -1.0146004256486192 -6.436857335614226 8.522662631340658 10.054618418473199 4.535527849567559 -0.10893812322063548
506.369879816091 -110.64404895925007 50.123223648149384 -89.7057463771787 -40.2133294135434 -19.972580495259812 -5.527220010358621 7.564475019450964 7.156432332594338 5.777386531911503
-617.7962272403968 -46.58215519433406 -48.87133312888475 15.929645385701678 8.651767063701978 -4.879922791551509 9.164260803518836 10.54405105963915 5.260427291350809 0.5105122438190483
-801.4850089972808 32.43825058612768 -57.71974551975043 41.67532434011465 23.01132361881263 -8.993821500486595 9.929122556309519 12.439698676724884 5.724547319257856 0.7408771008592889
-801.6448686946746 32.015864146324894 -57.48129057556384 41.224624996972054 23.511933856686067 -8.407640075167235 9.454244611588807 12.313444141657277 5.776661158963888 1.0130330595503831
-793.4527745301119 41.3550191724633 -59.864934069269204 45.070068279529565 30.228244044587427 -8.611783262961225 2.1230785810937465 6.34748410671212 2.8462844738868824 0.014069387293309865
-788.8766221939002 43.40964794022916 -60.039352684650964 50.8327025370188 50.45704591938881 -5.336358836975073 3.2131073612941092 7.181226071509433 4.394254991674915 1.4120026740758902
-788.8820479480369 43.405411291809955 -60.041109638121156 50.84290279341933 50.45079521218858 -5.340282107764318 3.250286393218689 7.2092843984123265 4.388387281971051 1.3960198809536368
-620.8084147007297 20.765444370741523 -13.472674409397037 0.9233197963825414 57.268765953209034 -4.186386197885635 -5.8078388467606725 -0.15653063510778314 2.423196306860573 -1.6184572266583523
-621.4832608911038 20.298760156100126 -13.35510494319778 0.5873010541804785 56.64685312589121 -3.873364631456191 -5.495616597831691 0.4985405942303038 2.7704434619824436 -1.3520763657737733
-603.2043901713216 32.80317314202803 -9.822241033147584 3.003093905937729 47.832581835614874 14.073096387530951 -1.3874087967331548 -5.843059094605748 -0.830562090404791 -2.2901653288752497
-602.1184475946626 33.43919751707222 -9.927606513660523 3.3314694374459854 48.948426209945374 13.87246519584526 -2.107604957514454 -6.962182293023887 -1.4029258088617376 -2.593541389465246
294.8942275284428 -70.80091823077356 3.1561002322079035 -36.26702968999828 -43.697022286608885 -22.886650095775817 -1.838696721348183 8.524533472708253 3.722519551841737 0.8233336470781107
-602.1188986703519 33.43342429191242 -9.93756259733504 3.345824515957076 48.967015747807146 13.86080537103166 -2.109960181295746 -6.962981434333867 -1.4153248986889586 -2.6137030752690316
95.20285639336423 314.73120601164317 52.30779654772932 8.923318084291259 3.926115412414732 -23.978463092591067 -6.074064472250689 3.9705581685511078 -1.2670918619563538 -2.726417334409396
145.49871395164615 347.3363324527321 67.16944679696441 9.253424721195813 -20.603543335986952 21.923236522405475 11.514793216614187 -5.865366548376532 -8.178297843503547 -1.8294573302162547
147.45835094409924 349.12716845968237 66.51404755256203 10.794542016655445 -20.491839547688254 20.05085907681727 12.307333298726876 -7.05059401563994 -9.069089844635709 -2.7815435610032675
147.44756051850587 349.11913769403134 66.51045038296974 10.813996662832855 -20.501594959438233 20.04557833125168 12.376568285316052 -6.997477596982039 -9.075966886410516 -2.806484239380386
-419.4774502428208 189.20681412682185 35.466917929600065 -4.223507579343964 13.42819276193052 17.625500910570448 12.89856793135927 -0.6625028035288558 -2.655749826657362 -1.7119555414200858
-177.622162975506 139.55427644101593 100.55504130721297 -80.35405851176361 20.384618284991767 6.706729153312537 7.944675556176937 3.8610360457548047 3.028018050733443 3.2653348321676727
-4.085322426219946 4.5734674229273855 65.53972152401441 -76.653026692339 0.2504436914820271 6.713446642533511 3.617172656113576 1.291349314561102 3.421489014483431 3.783333176578023
-10.912420137196916 1.3228390860089836 65.57511254895977 -83.34458712904663 -27.457352669479334 2.1518829013386185 5.935230508585174 3.1128663937932726 1.2649481169063979 0.8284378747435052
-10.913002580346607 1.3234940408587224 65.56468865434289 -83.32975089669408 -27.44852371842216 2.1327491812675974 5.9240435962552676 3.104741147349471 1.2453273211338574 0.7960588532177384
319.7542511103089 -48.48721056326806 10.525498348731807 -34.6409326966053 -57.020262366182955 0.9799785164412954 5.458026289227431 4.347254013242794 1.5616220676156596 2.00298667588829
14.617013984793921 -62.1586835317938 12.940167482699586 -42.9193652401244 -25.51657265108539 9.383169971356702 -3.17032289842467 -9.044746724885558 -4.3568750842718735 -4.131327193633608
18.513024963097514 -60.32175621599218 12.900105966769734 -38.87936612841954 -9.338498750870093 12.066000231097522 -4.0766623691106 -9.750203620698473 -3.032896303480771 -2.4607589705342567
17.454077500884363 -60.90448289426812 12.982953205700136 -39.11525586629709 -10.313933645428126 12.260337035392489 -3.3425689557950586 -8.63232474854562 -2.495007193523878 -2.2429225796976158
18.513890512267935 -60.249987773201525 12.90185956655508 -38.864222469443874 -9.394522202111355 12.065683166939461 -4.052620762580446 -9.712224718104004 -3.017596461741811 -2.4576857667797585
14.883607762253598 -75.86003912228954 10.91132947408683 -40.11298517849493 -18.3648144247032 12.318676515248148 6.364197867587128 1.4088920719954394 2.409267138218374 2.2979166023015605
163.08510649220284 127.51816250350859 72.3605300294271 -48.6084837626403 -11.564030556440748 11.198877853915658 13.705780805643172 4.5833501204647495 2.5977722582022724 6.043152990909201
162.12160499639307 126.5462734294986 72.51055658959426 -49.10761988098897 -11.740536696720216 11.72015283897464 13.551123514453511 5.120683791672617 2.903370916766985 6.210340661057548
205.40724735636636 29.480705671787483 -9.287241087455444 15.706375783950783 -7.76399841586687 22.48690748547942 4.339394133151964 -9.571029668381035 -4.419194891550938 -0.520455737034806
467.10689631348714 -124.7017892372069 -18.114078380814874 -11.351486403441244 -29.91200047329185 17.655100962074112 1.5630637493085233 -7.262476277114748 -1.444555899703153 1.4273958192308358
478.514977006177 -119.45884139126146 -18.41374126032102 1.9110892533065096 19.27143682574409 25.742209237315848 1.8818053045738568 -7.0131792139377325 2.5240036500197425 5.662831867999938
320.5356097797991 -47.60221456747565 10.306456973454543 -34.06678845060278 -56.97292608057827 0.37389324881826713 5.696466637478467 3.959802748675828 1.278722930495148 1.7286622874795117
484.6813392054628 -107.31389024308073 -18.228100304121316 3.589161009844206 32.79972044109095 27.738461294554646 -12.943795202073016 -20.958703367951344 -2.5984658965424496 3.5162790218432405
483.9638286952914 -107.7105967250362 -18.172169369128667 3.424002579534351 32.03850697870658 27.855132481776725 -12.318173510447389 -20.11878852237613 -2.2622721455882098 3.642302730536713
482.7784350874069 -108.36227827164652 -18.113507203586398 3.2114549861173565 30.68151190665222 27.921091017431383 -11.20223043807786 -18.71988104085924 -1.7215604748222249 3.786220720582819
292.2014228476498 -81.13476560962769 -74.42116197192334 66.67002650501094 10.36178292364564 34.13772268876534 10.481214384874301 -4.8541931826440665 -0.06085367118811945 4.548072789663818
263.0179323514771 -92.81973146961822 -79.58462459282481 64.39610807040789 23.89237454712402 9.207733905061662 1.660729364117603 1.932792278323191 4.2802447960176915 5.528235016969675
263.00355726620944 -92.83097968796592 -79.5893281180172 64.42348165196884 23.876331405698767 9.197448630268331 1.7598971767215208 2.007670175717727 4.2648163947899365 5.485863486227832
253.6766463576605 -97.02613518363384 -79.24113606646245 52.74427717262679 -17.28543618673856 2.5209368069212683 -0.31196733739045424 0.4207568813490713 1.0931380265309276 2.5783328893363917
-508.09416001371335 -73.84390320252278 -45.169758407546 12.98225661485438 23.518719080297906 8.258160793460906 6.684800031978734 4.63035813431893 4.033856894815426 1.2540851972279885
-508.09322033784355 -73.83522078573533 -45.16002733864546 12.969941750674234 23.499285317083594 8.270543280970887 6.6837246816581315 4.629729014711494 4.047042160669278 1.2719791700931493
195.42610251713282 39.29298286998254 29.19596297544452 -31.30172731371414 -14.445015100569602 -12.145652561575805 -1.4530718225450339 4.161506359701962 2.5926241322236945 0.8188034908481062
320.53731479141584 -47.60001924850053 10.3180805847605 -34.08137581395617 -56.98163512809413 0.396857747820914 5.704216801233683 3.9657647399526494 1.299921486145438 1.7606621683011543
