216.7676205794389 21.251555394913172 5.388546039498259 14.037928603590458
228.20846728721187 76.19328970083552 6.239367488124627 25.754827809341116
228.26760168949235 76.18802239791401 6.302623916863352 25.65596782784703
228.26586849537594 76.17628193056137 6.293669781404588 25.676420843873032
228.10321536061156 78.18205878182107 21.59595481109821 22.719249682739648
483.46680237941484 38.23706005429964 5.5713082865037675 25.400226306556785
175.56819153837893 80.75735726116574 -1.6459250545105224 11.723937999097169
-510.68559023473347 60.175467315533105 -9.83953890686446 -4.404774924868449
-517.4596701118667 38.26898109922446 -5.218512765480138 -3.7352650880891054
-517.3899832522707 38.25169683419243 -5.231974633558528 -3.7524184818388395
-39.36885671688851 -15.857191236812039 8.578466191226672 -3.234124410970807
-517.3959142763186 38.25942314207706 -5.254178911973972 -3.8476480848999386
-517.5322938163002 38.318973509343984 -5.115743674000202 -3.7890771387684032
-517.7042078684054 38.35772953162739 -5.124343035334681 -3.7590501607764844
-235.73114870570328 116.59244206579324 -36.812216352419206 6.737794766782218
-237.16696391954278 116.91779222935833 -37.08429678836704 6.893311336797826
-234.61084630329364 68.01449797750156 16.520743963324424 -2.1760558401243633
-242.16132389875472 30.951110412138583 16.22157674180182 -7.973688762734808
-239.08355490659122 32.273536135250275 31.65124040682555 -11.00464430946416
289.9943454544306 -48.80946091161441 10.590065917277036 -7.3707061959485864
292.26387801491273 -49.334141045380264 10.69525441938875 -7.616773886898408
-32.84143441863665 15.604081934748788 9.042306678585101 3.17934020953184
290.83168809317067 -49.01413923184268 10.59529336134035 -7.424624584293412
300.1750486011252 -3.1482652008937757 10.981168523712578 -0.2532365239167906
684.3778567135579 -50.616065991990276 18.61240509571782 9.224027634894883
-68.14903477482751 -14.532208646185982 3.9541819535428777 -2.6789785590293715
-68.14884354646274 -14.531631369244964 3.9472129875814783 -2.670477488703459
-68.15535261047003 -14.521589768038181 3.922006436934993 -2.778811895331707
-68.28479830038992 -14.49227306219079 3.9352329282898717 -2.740458650729136
-298.9278031930994 3.573724599171731 -8.268405558178294 0.41706083182076087
-298.9373985194616 3.586954555198729 -8.30175623127417 0.26651259068951316
-298.8320545154327 3.5640759438071363 -8.288249601996593 0.27637080697108557
-32.85595177529258 15.62304863724268 8.98802923457375 2.9463627515008755
-425.5387383074689 18.710162152708257 -8.77540247372631 -6.794926739254252
-425.5385838324059 18.710840925190315 -8.778610564322618 -6.790804671788098
-429.64247938918675 -1.2878498805565568 -8.99583282852317 -10.309298119382664
337.6544132292477 -42.16927713232482 0.04148710242140233 -0.08510838938363453
337.173411732668 -42.063024993351156 0.01866428492621583 -0.020716303112957482
329.49104098139173 -79.49879292603309 -0.4082334761460441 -6.609889507289316
337.5125268877255 -50.863539530818734 -21.04100958713653 -4.2523632329513905
-29.422687383341394 4.725010931222097 -11.801898868419945 -5.810095348974473
-28.5875904083718 4.541871988453029 -11.68877200336689 -5.913857740299597
-30.69539229021486 4.381208000305841 -16.45418889580044 -4.859677708393703
-41.89880651883135 -27.99157698443656 8.348336466339802 -5.867183831884148
-29.622400923615956 4.147695929508732 -16.20710186670359 -4.953186311803611
149.99320658303694 -20.336086122396598 0.5687059740674587 3.496902036814347
150.2503574847194 -20.439997203644285 0.3383750311119619 3.4038114838193523
163.72238991325142 16.379835023176767 -8.816283029927881 2.3529757251927195
162.0265319192516 16.77347138349584 -8.891960591027997 2.5248249944894465
161.51576052646573 16.895863695717527 -8.892305774966328 2.571674037454334
-213.7079751869189 69.17102843857478 -33.0295192048065 0.9752864828902577
-221.58024572106862 29.878772778857943 -33.078163991369046 -3.408576324358229
-221.19688699424137 29.7922163571764 -33.037824041034085 -3.4539188101808427
-221.20425044187718 29.80672409810796 -33.07455598878999 -3.592261810391032
-42.01957699970876 -27.975244279623848 8.301719925326474 -5.802641231964211
-221.2001223647411 29.831960083485736 -33.08045294827407 -3.6010918203353257
-709.0697471858116 34.71276872985778 -25.55680285443643 -12.067289836429875
-709.6493187264049 34.6840821661357 -26.768097649819865 -11.797077273662213
-496.5654343658349 2.828637793510734 -27.798062087497605 -11.799299602381724
-491.71777900683907 27.03411301483083 -27.77627615295412 -9.125176366493944
-613.0889564346826 25.35710795990658 -18.326140902384957 -12.040014629031264
-613.0824932460866 25.344166036472217 -18.294809718454644 -11.919442457066104
-613.3774679670797 25.411457007195875 -18.319176188386084 -11.883944982975832
-612.6784419532162 25.248472965100348 -18.27297618090111 -11.956386362907056
-613.2469997226417 25.375419245036788 -18.37778913834179 -11.903843933822372
-310.8798582118787 -32.63836887839843 -0.46046289587320005 -14.385533555658071
-612.1292472067519 25.426595800112118 -15.988831247608259 -12.444877346554208
-616.8881044142834 10.664667184648813 -3.1943669399826304 -14.035365722272452
-433.0303752187299 -17.64077833431216 -11.302139919473609 -12.649488434084992
-435.4948760394447 -29.64095847039545 -11.437806160284058 -14.785313320851623
-431.6536487740111 -10.937421571959648 -11.217762601804317 -11.455958064289922
-304.87758546629266 -25.977761888028304 -11.130316327398075 -6.282152691715713
-304.8774290414843 -25.977287787747 -11.134967717231312 -6.275727091073508
587.1845139246784 -91.54815294655225 -4.2367826750229565 7.982033667168843
587.3240910152887 -91.57707607054084 -4.210751531347704 7.9741854793636895
595.7919380399708 -54.776866373369565 1.0155554928217314 10.386506418732038
-310.8832409427911 -32.63345087080874 -0.4740676797602801 -14.441964794870977
595.7911871400494 -54.78210488065069 1.0093417011401633 10.398127559653412
595.7380085415385 -54.77111967624999 1.022329530899396 10.449114522393703
595.3037643361089 -54.60758979734205 1.2810750801160458 10.597827034507109
-300.8178038358838 -7.507006213844716 -8.376038839529311 -4.967830407117917
-300.773989729028 -7.5129194881320345 -8.358497110566027 -5.003502763748344
-300.7060238416885 -8.239499448973165 -12.981896194144614 -4.144246670851732
-305.2848483631204 -30.229182846225118 -13.345406118379891 -8.835127121278843
-433.0265680437515 -10.357913182164621 -6.309701689665726 -9.980420281867664
-433.08795060542303 -10.347933517498836 -6.32725933000171 -9.948781004670154
-436.31483425074873 -20.664344007616076 -7.099403584024453 -8.547617139119808
-80.21224847738442 -63.45924104341562 -0.69880241245811 -10.228076390061139
-436.3202913258991 -20.65918456102641 -7.11533919460822 -8.622617935115864
-433.54307166237413 -7.672657031090199 -6.807217523820146 -4.986905382554208
-617.2847248679066 16.74156860615131 -4.6464196551523145 -10.951886134093662
-182.83741907783056 -0.6102487723763024 7.581012772952313 -7.638115612529014
-183.90213787574004 -1.630634687166424 -1.5904772699779302 -5.817951651936643
-184.40381886173233 -1.5177401948097795 -1.608387962945277 -5.756384493622783
-184.10106892086174 -1.5784612266041405 -1.5714706067915754 -5.825182036173648
-184.1002431550869 -1.5729364876322909 -1.5681551712246842 -5.834400336012573
-460.1502750562307 34.64917266885286 -11.19439589587156 -9.012285472996883
-466.4329773750117 3.5447894215337903 -11.338855414920864 -13.165856467417875
-80.08560319018474 -63.48938882703652 -0.6855430820063367 -10.226614026721968
20.571285713005707 -20.48773588066051 -6.875990518345231 -8.254102211863891
20.577817144852734 -20.50039530518607 -6.845033613652711 -8.133840668116616
550.501982998713 -100.74320000102958 -19.45150764175352 -6.061570396454566
543.711468747262 -122.0119437432034 -5.274618792729032 -7.5203030955386065
549.3360871830956 -94.62181661170268 -4.96810762012767 -2.656691753301997
549.5380514059514 -94.67413458149929 -5.002186064456357 -2.6672830092006885
549.7380361437458 -94.66370226232868 -4.60205075151526 -2.6127845899208624
-358.84146433299435 23.60880177772076 -13.33177304276967 -3.0587280757485398
-364.5992922598023 -4.425675346617778 -13.657244585376263 -8.052589627375308
-364.1622433678538 -4.524661099953418 -13.633650218504238 -8.116768998274418
-80.08717664079802 -63.49807299607025 -0.6736519114040167 -10.235640745891358
-302.7197635384821 -18.659751948109957 -8.8246342255132 -7.494809607758084
-364.16108172819656 -4.517344214036333 -13.632741998621277 -8.12301719244521
-491.26541774923317 15.046205023474426 -7.942519633684492 -9.102740472092698
-491.27255083481793 15.060761573239034 -7.974051235104978 -9.232241026441216
-490.23229630813415 15.769245906078043 -0.8235348101162498 -10.646252193126994
216.4747793910426 -8.055085560951532 16.386083139597467 -0.7590165361000151
225.90749783818563 37.92547937337315 16.853560232644323 7.301319105195672
207.98828967355286 -2.139277601649459 20.679352138950968 11.160717357187231
-211.00841656949143 56.13432712773842 20.958216591820012 -0.9537065981397156
-211.7568663570901 56.29345342220785 20.87783302047602 -0.8032313620701019
-211.94895590818462 56.25166996077881 20.270293922515666 -0.905542136462932
-314.72807118485207 -27.008735182062892 11.855556115996126 -12.232007704094109
-211.45906061827267 56.13557200658263 20.237727571529582 -0.978903036475316
-455.19581727150694 38.93548550237409 -9.32745157800612 -9.610819584759284
-455.2017071902031 38.94720266447057 -9.355987070562328 -9.720581048845704
-456.4442770110691 39.22479583082211 -9.606165668854082 -9.594670380922615
-464.62176331872104 18.15718805925786 15.933253657924448 -12.928155751735735
-188.87195545803476 -24.480826458407435 2.2612199921591642 -10.602831174135405
-189.54493418812535 -25.362895393199498 -5.588661105347113 -9.099660492989731
-182.14575705631995 10.68579971023102 -5.186254511876863 -2.7419994356252393
494.38331957764177 -8.586052065604486 3.378344320286088 9.118992841765452
882.2199383071736 -58.487839324786336 3.266860230926866 24.87777274573539
-314.4333891428499 -27.090263043428585 11.808780594180861 -12.203606439610319
881.7791983520733 -58.37846020664491 3.302490341766986 24.85754619569714
881.5274145854581 -58.326187727725575 3.261311573033932 24.896944157028155
881.5268443269362 -58.32829755739252 3.274059416464851 24.880516291200685
881.8960500770223 -58.42385617965371 3.226634512524347 24.93060118933498
873.0850763799199 -100.19128498990483 2.4045860784566155 14.655745858343044
158.85887119255764 23.21510139230622 -9.627441091248448 15.943095942032654
1062.7243666595657 12.29611740770721 -4.0236333126935735 40.26081846908635
1062.8166593788292 12.273939225121769 -4.013704845802348 40.22927759487054
1062.8729183424418 12.257609092184625 -4.029706911738544 40.21647849392532
747.9072913901525 55.36497111380388 -10.552956770444213 22.502053567476665
-308.925454215266 -0.8370842396442465 12.305863198626971 -6.100148313799442
750.271627873445 56.007755412217314 -1.6223173594178646 20.64429660408396
749.1521529475658 56.229300531839506 -1.943039896714284 20.693161546213535
750.3496092656479 55.95502156257046 -1.8633824778332122 20.553032556986626
750.3515579833036 55.967614410020765 -1.8545755601242546 20.532934827208535
732.430541966935 1.3961179408848523 9.02987631866822 22.30631728784381
720.092307872894 -58.094776040811986 8.165383128822906 10.22735156882162
259.50557211062323 13.323717916038994 32.093462461221264 6.224928613724775
249.59949955858687 -34.44478898789053 31.369206752484523 -3.462516270746086
249.5860706963338 -34.42706752308802 31.31884150658335 -3.6787770357131793
164.54155231298975 24.54214903848739 0.35190830003422485 1.5536258244022363
283.08382431278176 -27.790858647775636 32.53187383751898 3.522078043220161
164.54491405531894 24.563167375528014 0.3539110331362678 1.536648467834818
165.92037884937955 24.248703040907778 0.4426465523590448 1.398900086500156
177.56926522801413 81.625461733255 0.803946741516395 9.85220183564602
160.67401787563722 30.885823505554644 13.954174169941885 11.004395073566643
160.58623421131546 29.178147615248516 0.810313211047234 13.553974990510289
160.65887437060198 29.15638421513138 0.7748670533992685 13.555229463173488
160.76561598100358 29.140048621336454 0.81403646390449 13.485770665325246
160.53471217937638 29.259679030981218 1.2181675114920523 13.597643375177517
472.43839252133597 -18.667975055263835 -11.321783023733246 15.629195971975115
-362.2504897430904 10.462801158294589 -14.677467891664081 -2.45214593883636
283.29800438130127 -27.86004486390607 32.46126445511221 3.5903855256483914
-488.8677242132307 27.394926929169387 -16.04669952731731 -7.286126077521486
-494.5317496548356 -0.4129466905288958 -16.27086893006981 -11.622909296863746
-494.5257831324821 -0.42334272278044704 -16.244658580139955 -11.517737311246599
53.21768663440786 -8.572360153488027 3.257185613868639 3.1863580309600392
53.60507092677703 -8.735162479000314 2.831937483321845 3.0433124816766304
53.60439259974504 -8.739896437235192 2.826840562531794 3.053851491953661
887.3002356713741 -40.96221230919832 16.733502777136692 18.77874438603829
876.8588261312933 -91.12608093251771 15.9661228413815 8.118554915236457
557.7592125164001 -40.93349168593249 38.356354824261444 4.285184798891146
570.5294207110486 20.43472174167244 39.36789632293238 17.287162195530748
284.52237221566025 -30.75779949824792 13.121422754617539 7.01583863523179
45.998755847599604 88.04322483201513 26.408310715556222 4.2153258004968865
45.97804816813525 88.08282301631651 26.31418810565287 3.8399888766941146
47.85094405325851 87.66876107195822 26.462293624255846 3.600704562268179
45.546585044097746 88.19185228945531 26.32315516345651 3.846385552802438
46.5267176619723 87.95969722673372 26.322739346727637 3.746773597318287
29.225599314192817 48.964945492278346 43.35234373258172 3.844828346967875
28.911844387117803 46.49551717862244 24.48348153711253 7.4058266645885675
289.94219334826715 -7.925682467881342 22.404569884089977 10.007734817747435
290.070340256771 -7.971661434537002 22.345991640869187 10.07565216091669
289.08176406194065 -7.623056063008674 23.026285493525243 10.33266098524496
294.80416024712935 0.23144903721785634 9.689187288075383 4.589801435451972
-241.41905320994536 62.3513911178119 23.94570881719766 -0.8772793600247175
-232.04621699402898 108.00901671821592 24.44625277656794 7.189868455110876
-618.0034789992756 80.64284098041607 7.454490562121421 -3.899474066585548
-617.5154752875683 81.96596578388545 18.228671181836056 -5.884839569784646
-624.1204060653099 49.783591097481384 17.866455365330676 -11.554769371024106
-305.4358645077365 0.6647637281634436 3.7019552296034046 -9.241006139141245
-304.9683104915726 0.5576092602619069 3.7193004362303883 -9.298205558696251
-304.9629647737216 0.5497980806348035 3.7408320105052586 -9.208909839711806
-297.9096338191493 20.472579400310597 -10.484235321506844 -7.826365430995167
-297.90873194583554 20.478252858475262 -10.48151504921241 -7.833084641525752
304.6273697737824 48.08766791482464 10.20495448202018 13.035190730823263
-297.14237571651427 20.30122314790227 -10.424186950262289 -7.928895348236873
304.6152063873108 48.037473530635765 9.908809999239429 12.944774709373124
-186.4920649921675 -13.344531139371332 2.903616652017934 -8.641434467687752
-306.5287139423507 -30.812727495454972 -9.412922751471559 -5.940480384312724
46.80785846417963 -49.43148063924199 -8.812730217605724 -6.622646194337375
46.54541616546132 -49.37578971651736 -8.838851667293133 -6.571041900747174
46.86435929559133 -49.44796743787001 -8.825851987627658 -6.61052453282634
55.28659606403379 -8.431451429844413 -8.349212367991068 0.6754817548032526
55.27393726532859 -8.408282702406412 -8.403375830041758 0.4522507471122498
55.55765551128237 -8.475749417194137 -8.415724549867706 0.4101430040299925
55.83110324721484 -8.49509310019772 -8.12572811851413 0.4485793003892218
49.94561334356652 -37.17535806326461 -8.433322965468982 -4.598459980131071
-140.72922964420314 -13.591184159119154 -16.824826702705703 -8.154731202424117
563.4108652647294 -49.04769184609131 -16.019275998179378 0.09777322892068199
-306.2300532363682 -30.884715973822686 -9.430076452187592 -5.941840412537814
563.4120640322604 -49.04021207411288 -16.01644427017801 0.08953217404391747
561.1637301367796 -49.331355842981516 -21.927469446531937 1.3521244483799995
552.0806882192502 -81.26584141688475 -9.900081835263055 0.8677172024302829
878.1273161050349 -97.87056100328125 -7.620564903497992 5.400183408325374
878.3677802202878 -97.88735327550454 -7.396693878681405 5.446339486419531
879.5847192233982 -96.6618702982357 3.36394470689254 3.365560512014391
879.5828960868395 -96.67403916796935 3.350572696174574 3.389012954475491
491.3028385892851 -36.331419152433355 25.51779025665976 -0.4065933934533257
476.1957024670305 -64.21945173952292 30.327974744558297 1.9844690550981716
475.712612208006 -64.0889421793237 30.395724880386688 1.9413549307355067
-305.8202017378196 -31.63828335193441 -13.788888593433988 -5.085509226425525
476.06275655113586 -64.19734960301903 30.293258312780786 2.038708124376245
-193.13809487228303 -22.680978812704048 10.962693883772953 -6.990170265467423
-193.13290740668504 -22.686915249702867 10.980468786789382 -6.910409237132847
-186.95647880442579 6.752900325954187 11.543921480024986 -0.06008785194384362
-187.14507212041352 6.800364944563083 11.538746575296914 -0.07701104608160433
-459.54297228143656 41.56656437372484 11.146546440522194 -7.547756698414801
-452.1091662610164 77.77525055071257 11.546709891779061 -1.1353561146052162
-16.848993680782307 -57.19230103742593 -0.39098800212179974 -11.319344711453686
-606.8941828440727 -8.79936183228218 -9.212070380954497 -15.926416280756944
-603.9938057143881 -0.48830419969086963 -16.090860161407964 -15.142968900467158
585.2989685316276 -102.87014407724698 -9.544624426987584 10.362469397412296
-601.2184295526889 13.247357928335179 -16.02583086140943 -13.295969470746753
-813.2048842196268 45.346046770330375 -10.987513877145382 -14.11917162075988
-812.8728606020336 45.26740762207174 -10.980363531134818 -14.15002284369335
-811.4998109862235 45.4568500702606 -7.112083530130277 -14.983168389804002
-806.0755783136822 72.30240052980288 -6.980861637411148 -11.37395358844373
-806.080468202791 72.3118448546221 -7.004018744796854 -11.463922621277353
-594.5749730777802 43.95045698852517 3.59139352469749 -9.3607355611275
-594.2064569883245 43.8706884369158 3.620301379266452 -9.424397672406249
-593.6746730355022 43.79716179728998 4.00278518569007 -9.408905919898455
-594.675677936768 44.030177339238044 3.972180384361341 -9.298734368443148
329.65023563612226 -72.70060373246092 -6.908402588309293 -0.9258171310166949
-594.6749570474802 44.03503654416336 3.977009826854505 -9.308142208188887
23.874844418613574 24.001894350976965 34.191991706911956 0.9839687187911892
23.368973211505498 24.207325769954668 34.66223909155728 1.1665451608721302
23.074919672052744 24.259370180005302 34.59972330379903 1.273176974849206
23.065273503644775 24.271930459354447 34.563631677190955 1.1182458624590341
-464.93658470064173 30.400589224722133 13.524917902531111 -7.542447621254072
-148.30029017248714 -10.955472174705845 9.490514317544203 2.2101004102398676
44.28863118601222 -41.1037217221041 -2.066257239975796 4.006581658577726
37.788600691058335 -71.5351475829038 -2.8044525106510143 -4.429531969593782
37.78783795962789 -71.53923699398642 -2.797636938378796 -4.435084305803072
329.408058433426 -72.58772729908615 -6.573166104038072 -0.8282194002711728
42.96525158808396 -57.58563407631409 -1.685503658827518 -6.469014817780588
48.09605821274983 -32.924792533141876 -1.3161235328554328 -1.260561216224242
48.19596912271175 -32.9478096037699 -1.3095938964571274 -1.2859137943611851
48.12918964122223 -32.93070894414957 -1.2976543319897997 -1.2611675319018025
48.311574812018975 -34.05770184161802 -9.782167270747934 0.314547392436587
150.0684780392844 -11.351427378924182 7.843310004394437 8.088727155060557
149.95896462787107 -11.32087323715922 7.849789942198833 8.053045155686677
159.95257812904296 19.75419264049473 4.790512424474053 5.640144936106279
471.29153963318817 -28.213602214435813 -9.09845885174081 7.933191053938192
484.30256662274206 35.15904308567241 -8.382462572974408 19.160585404729403
329.3280301262874 -72.56973398644827 -6.561262960619286 -0.8027230698403216
485.0320835082352 36.14631464508312 0.21518517456615532 17.406672505502684
485.5827848806445 36.01813011999927 0.24363325080868964 17.328348890794757
486.7716177640752 35.738402889466364 0.2802518771269246 17.1977226884607
233.83906034029238 69.78261624422467 -13.398780432389133 9.031128685946952
232.6014728804501 70.0555365536934 -13.628778363658807 9.13903682885418
232.58822592335716 70.08099097466962 -13.69141938500337 8.89567378686288
220.35890545676392 9.528394064191406 -13.955669564837896 0.8282133802723449
-488.2902332746917 24.560985722210717 -15.994411163009383 -9.852637236404746
-488.291038990002 24.555927209662137 -15.99643358477642 -9.84666428305265
206.56551305950114 -27.749191087002366 4.595247438714305 3.6063820053515174
329.32933045335204 -72.56224679540958 -6.568198952938126 -0.7987785547010309
