211.85825342776306 0.5301775403954834 -0.06600145376168018
212.9187601784329 -1.2607433590765884 12.744083342804949
212.93889600570537 -1.247860413760419 12.696390268620824
212.93807768091946 -1.2460237706853872 12.692602247857456
228.07055983275725 11.36787361709809 11.490067667443356
470.19522239378455 -1.092197549998302 -5.329056448865625
151.52589831983275 -3.3886711316493265 7.609835662631038
-525.9625952203903 -8.455872956494568 30.12717416488009
-523.113857501401 -5.508192591727626 28.43016496975673
-523.1289090372921 -5.526712740620066 28.4246543649649
-22.38058860969434 8.827188026868228 -1.5136469003291748
-523.1311136355298 -5.52246195030497 28.428808128542332
-516.8838848741946 -3.013945857272813 28.010542575597658
-516.8935070002009 -3.011314605754449 28.016980787635735
-286.7321756032738 -30.9619907394108 25.997701971632036
-291.3885969497698 -33.051049378853286 26.23250244587518
-224.24778047278704 15.851574672434454 19.842029903318302
-224.8027253921561 16.78110784330982 12.593063252320048
-204.00812356022973 31.520001343734855 11.714161573208687
308.3231878349738 13.886857111272768 -23.588184393006166
308.478034700852 13.855010812611958 -23.606122785285
-21.803667852200874 7.85615241956374 5.5381539491269125
308.3672766361112 13.864216219901301 -23.573904660985043
309.0407087968393 12.73515059377061 -14.758366128149037
707.4463756911719 16.748410273979047 -35.22476642801579
-56.912610089636225 4.639816252049315 -0.07705479171283507
-56.912392432564204 4.6393165339933775 -0.06769901839478445
-56.914810668642936 4.64398466145593 -0.06211186345535738
-56.88800013952706 4.674269956098922 -0.04991910937675831
-307.739813643484 -9.999916132252078 15.070191229848476
-307.7438779712219 -9.991044219440168 15.076748284617928
-307.72016365936395 -9.976878276941134 15.086088443596578
-21.80908271424761 7.866692672789407 5.548682186674602
-435.62138275260247 -8.58407882571398 19.792002728714344
-435.6212120995764 -8.584208024946934 19.797333610221337
-435.9457484593216 -8.04504209987918 15.632160456611981
331.55959184236394 -2.5670094192020265 -21.380191747100746
331.52496027770013 -2.558544496011808 -21.37007405044091
330.92877245206813 -1.5680107828783163 -29.022755452487857
315.5149056366293 -16.06825525833626 -26.048362089668462
-47.96404910411511 -9.499470980714126 -1.211726165073672
-47.896529423117244 -9.502011581185013 -1.2221724278348247
-53.24539497376022 -13.504090471057662 -1.0714053851156529
-22.5978007206159 9.193802546296316 -4.116641153475533
-47.44557958639898 -10.867422894326758 -1.3633177037173487
159.77804576247456 2.802817091385207 -8.285773356376156
149.56631057981159 -1.3047211602623816 -7.605647342975754
143.30785823709914 -7.527048661872601 -4.698882519844475
143.19163710153418 -7.500026197792979 -4.692172866976601
143.17783644772123 -7.473319386577448 -4.694099496530836
-256.04333885068763 -27.590249709625283 16.87055481084557
-256.5116891764369 -26.784717115290235 10.381547078970755
-256.48180585312065 -26.786103718852083 10.37753209322418
-256.4832938059254 -26.78546457054455 10.390552219223085
-22.617217510546897 9.18555204231325 -4.089177441201684
-256.4808048087183 -26.790124839387662 10.432441601862402
-729.9659467852598 -20.15659980924376 31.538477124777785
-731.7581217429048 -21.385921769202664 31.58229981274028
-517.4087212692264 -21.60008432480492 17.142209494909654
-517.1196202791348 -22.097602753977718 21.152691669340904
-627.2842643128229 -13.527025361190836 26.35623230113741
-627.2827575636176 -13.52824894564778 26.345210639951475
-627.3057045720569 -13.52694647294166 26.3492322496846
-627.2567626093676 -13.534160913274045 26.346641541955165
-629.5355107608054 -14.569856895143523 26.462197197290298
-293.3306571147472 4.645717497211718 3.5844953293137127
-626.9782092058637 -12.629628559809785 26.380949197973337
-617.2396778637685 -3.528881945832616 24.801624899314156
-438.102641347096 -9.263208463701465 12.486215979219098
-438.2988916376207 -8.936990410657451 9.97993526931469
-437.99798570895825 -9.437190722689426 13.823084127893317
-310.10126350592475 -10.596594253906245 8.130299543427348
-310.1010718585927 -10.59664841588832 8.13743689496311
583.248945043764 -7.670222051147076 -36.36963887108989
583.2817410187546 -7.650148587616737 -36.3674587293817
594.3211668226273 -1.2426630867785986 -31.230398248896925
-293.3317921605256 4.6476570926590925 3.58739131918348
594.3208550244655 -1.241934781165577 -31.229638212074477
594.3525185007743 -1.2103751902729452 -31.20730333283647
605.8917303666719 3.425756210921886 -31.988013981857154
-298.7796791971522 -5.048659284841318 10.328249339408593
-298.7772894292379 -5.0471011600281095 10.31332543768066
-304.78326697600306 -9.417833656707364 10.842182846564116
-305.19060865264004 -8.730544704820927 5.908305008365838
-425.365364491946 -2.564645022227788 14.226954206733463
-425.36864843311156 -2.565393677305379 14.238873030429401
-427.6261079013761 -4.0666882494612135 13.686834437161009
-58.97809954731963 3.528842168663193 -9.923428057055476
-427.6286794371481 -4.06066313029697 13.687778126732946
-427.3132518214832 -4.617199587157524 17.138968757317635
-609.7460379694712 -1.3596320851810522 26.459450981080412
-181.12880888391942 3.5378395667461557 5.961542893703417
-189.36807446929623 -3.4319804754922876 6.438281661947251
-189.40355373609475 -3.4217584678862005 6.446001337367236
-189.37370748707582 -3.4204104887897855 6.424243381207955
-189.37333394054374 -3.421463165615296 6.426449282384425
-475.63814214875913 -9.709232707838172 22.141784724543943
-476.05389694184225 -9.0040029319641 16.551697927162696
-58.939809247077406 3.548647412525947 -9.917415822736851
8.877564250575375 -5.99128831893748 -7.510178546042067
8.879180534044393 -5.9928754364553605 -7.520550451463545
534.4373819412325 -14.655382243550477 -43.34695484565683
544.8507446464396 -4.753560320022644 -45.398467203569666
545.301557591634 -5.503927845075714 -39.658813421637106
545.2876589095246 -5.5339269329747784 -39.65538557095111
556.0804498959602 -0.4658196046943772 -40.194044526554066
-370.8835444382107 -10.558722025169017 18.55776753358849
-371.3368902967949 -9.805278631105189 12.765548286299623
-371.30515288662133 -9.809770968251248 12.753237305723147
-58.94084567499643 3.5510005182873354 -9.943486101628505
-307.76160456815416 -8.582559657880022 8.383510252532702
-371.304503618621 -9.810972329492063 12.76186224749742
-493.716704828676 -5.092912012962731 21.202587270430627
-493.71894936693184 -5.089147493311804 21.21489927897051
-484.5988309696174 1.5462039947576176 20.69957445724183
234.25342682186627 16.61548276988852 -11.2453637441553
235.00915157813162 15.3586074546362 -1.5225351610916031
232.92502567160312 15.668450855878092 -4.457838704933446
-192.15202473329578 19.088525947473524 17.975409208684535
-192.21857436669654 19.085237348040476 18.018140065281777
-209.39805177752368 11.042074132024172 18.87633917193754
-280.02126420856814 14.412690752969304 5.336436679500362
-209.41545892731682 10.983609042070373 18.861465846469514
-461.71485462713486 -3.4478737298242716 21.80824185899984
-461.71622396323204 -3.4468069847290135 21.81796026005263
-469.32045901299836 -6.353722311301902 22.329267291062823
-446.21209773432753 13.646336922691916 19.62252394733948
-180.78323753077672 2.9502374594261447 1.2619328859832786
-189.2112785137424 -3.714603072106441 1.6804627576197984
-188.62653422115403 -4.687246896110482 9.153270654069093
487.92316880537714 1.2033050268413104 -19.840890684760534
878.8860261038608 -2.507725442088795 -37.39538051905834
-280.00617241874136 14.401776318699861 5.360449217865552
878.8620481705294 -2.4949436485992424 -37.421043245347136
878.8102285723993 -2.5222224323920353 -37.41150830728471
878.8096777655484 -2.5215362674046307 -37.43150433641896
878.8234213465121 -2.536718665194839 -37.39377574821405
877.9192369800115 -0.9806313193269016 -47.81297812286125
145.59349331550746 -9.165240732237379 2.8014507639022668
1044.956548032879 -6.260018032620886 -30.4272571731832
1044.9568213444197 -6.262881629805079 -30.436057393010927
1044.9313497691594 -6.285241679766796 -30.436980248170695
718.056125926917 -7.991510054061557 -19.34633283118976
-279.48107223366566 13.508381391376235 11.55081150396747
732.4095887381485 1.3885143211940094 -20.275938021611296
719.0326184777346 -3.8506167173333914 -19.372240240297174
719.1203704073479 -3.866003218214412 -19.38629336249299
719.1212466884939 -3.867818912944757 -19.380443815885503
725.3349555741994 2.966531902461397 -23.73437473969904
724.2517768703033 4.787036612391656 -37.04073543550529
282.33350016241053 23.29394996509666 -6.4934878468857695
281.484097217017 24.72160187715662 -16.929961385471948
281.4790881753166 24.731211972943424 -16.92160755178131
148.31900860094467 -2.270677584788765 -3.7380014391669216
336.49893869957185 31.529352099514963 -15.844989279553161
148.32083612917984 -2.274446364642922 -3.712357604409929
148.41486705341555 -2.2985795467086247 -3.71439963615188
149.24331180986565 -3.6939895921364485 7.250679660868021
156.14034134758253 4.214843774405784 3.082543137089132
145.21637561455134 -5.548062850038011 3.9025479339584397
145.19438043093598 -5.575739341187153 3.906510859318861
145.21392106931188 -5.569505684607908 3.8757946842283495
155.66721050847767 -0.6221234110174653 3.3497834217600095
457.00739146111425 -10.7838668609469 -17.3566232136031
-373.22184864988225 -12.153470820868723 17.643944724359436
336.49990158317047 31.51249352621897 -15.803660603839976
-503.0661579047078 -12.390727460605117 23.29223747496591
-503.481822084501 -11.694745823963789 17.863000520972484
-503.480075967787 -11.697266834558405 17.854843098740655
60.37705822603036 3.0222989211623705 -2.249545839877052
49.50454299655248 -2.118178937530777 -1.6961961726651886
49.5042784921086 -2.1172968981710603 -1.6954931655905292
884.8078566606839 5.486555023729654 -37.92216371887879
883.8546028571221 7.092004464488172 -49.54019375079203
580.3648172751696 23.00496506039751 -28.465892711514172
581.4807717438314 21.12539653349489 -14.86069391226472
311.88403034390245 13.468547439819403 -14.296313267258792
39.590684593973954 15.635532962532077 12.880894615010188
39.58486659901188 15.643241008795409 12.911413747309876
39.72987882031866 15.622552832151218 12.87761693070256
39.56861711103287 15.661730440828418 12.891384807752134
39.585127943797275 15.595948928514796 12.890630252026217
48.63923883553374 26.075903245666744 9.3447959617069
32.818014570814334 12.090282098860262 10.291169549020383
298.2054077374606 10.079241393053731 -8.327854949650566
298.1982082497591 10.06366702675983 -8.288892861681745
316.0909398384887 18.56219688183462 -9.181483405494284
311.24146289154544 12.253022414662595 -12.137178539938168
-217.62984667537955 21.543632134766476 20.182751358136066
-216.87975603927532 20.29529256193507 29.75069890164957
-611.5082891592468 6.7679455901402585 38.90822440044355
-598.0833008754431 16.726425282542735 38.22178817548811
-598.600195637467 17.585505321056672 31.59605547644346
-292.5013148067381 5.783612104514096 10.459315095507403
-292.47081569502654 5.776866340061909 10.452012518770106
-292.46902598523553 5.7738310667200805 10.447439744898006
-306.4159666077147 -5.846645142378133 12.634006753787808
-306.4155101434191 -5.847370472246764 12.638877590843247
312.0294992102477 10.942193729812 -2.0694772397607215
-306.3791911513481 -5.8694555834986835 12.631147994024188
297.55605538876114 5.170063765071539 -1.1029254547083405
-185.46904989210702 0.39994908829957465 3.7536601804576635
-309.0911919917042 -9.653593728040615 7.636919375023912
40.623041583959505 -7.960058856459781 -11.838722258393986
40.59968141414522 -7.959167901017044 -11.824440596319382
40.6218576122187 -7.965517147691125 -11.829335426093685
41.28020111705653 -9.059406323887556 -3.398982767853019
41.27612813182914 -9.052599634442716 -3.3814846938549628
41.27226760602162 -9.081004375858694 -3.388192275052591
49.05994754219343 -5.44340313646748 -3.785522539514789
48.592847795959806 -4.667265203514715 -9.782576389852895
-153.65102641250672 -11.293221793296848 0.32614494378687187
546.2156818197919 -9.806653135078951 -34.5527668677339
-309.0738146110748 -9.661794122982075 7.647579391287651
546.2162984982369 -9.807688913453983 -34.54573401041693
537.5571451912091 -15.70076518056042 -34.14717711267779
549.6501051734638 -5.795141753243611 -36.95057599118544
870.9718938013688 -5.790722204188874 -52.4463769614966
881.6743049870229 -1.5341653576242633 -53.1640648620786
897.3178336868949 9.167802260083901 -54.16075945281397
897.3169582793788 9.168668187692957 -54.16243182555556
532.5680446587382 29.179457963370265 -28.81145557254092
531.1018282517533 30.466072775354053 -30.87413331222079
531.0718638256336 30.48088607243245 -30.910595959843164
-312.3527112620757 -12.802872031241911 8.006983981493196
531.0790160465709 30.45801226225029 -30.851511176618132
-162.73302587642328 12.865577445064364 2.546898358817282
-162.73086792568316 12.861016504515442 2.5451263133409894
-162.14661291096562 11.86859845028908 9.451540336001935
-162.19832436292177 11.84421720868692 9.436040856500616
-438.94849587095524 13.475309845310015 23.948022469047345
-438.3572324507679 12.492697477543878 31.514809716387674
-13.185364125081879 -1.3131040475194697 -11.488799627949806
-608.3182264429861 -7.418089414142322 20.577856517051128
-613.4138942256104 -12.244780392141116 21.41432157369387
578.7456662367224 -12.082669281684499 -36.63054469939579
-613.2290216687231 -12.558234544130151 23.89621765716737
-823.4546979177996 -9.09367572268649 38.226990180046144
-823.4427021812438 -9.108841446544496 38.227808925125196
-819.4200957141518 -5.989956499293383 38.104596663162404
-819.0622854798308 -6.596992367678121 42.91458272840613
-819.0634953110699 -6.595822882358835 42.922209933634285
-596.5515063217919 0.4508710073540936 30.69462361839044
-596.520572295361 0.44666875959434704 30.679615779221365
-586.4731637383667 5.1256545380460885 30.17222635290755
-586.5337988586821 5.146789465644426 30.179286171082747
324.4332989783933 -7.711687217077093 -25.570771168759656
-586.5334703147781 5.146266108424495 30.17994760833667
51.355527530236344 25.462598820679915 4.091438720550936
72.65430642981092 34.011840819639595 2.6760687598389876
72.62302708463511 34.003871306138386 2.7163345532810297
72.61943033875276 34.010797721625316 2.7225184224297703
-437.80877733989837 14.997248699222617 22.691316121930804
-123.28334390591394 8.99135949537972 6.198361594517901
56.30150291534033 -0.9733791297013936 -6.246108210121107
55.590523188018516 0.2780935484189715 -14.067365363063471
55.59001771823443 0.27927393545802354 -14.08093050006918
333.2863435062634 -3.5264073770752455 -26.014203245581584
59.17230567370771 2.512798849893333 -13.309588189982797
59.64188857747322 1.7216777663209917 -7.585424661581349
59.63988235457256 1.7159639245223226 -7.590110239613436
59.66916967183462 1.7414558457319038 -7.5830909538562725
48.557987657801675 -6.293981480499734 -6.800527760699651
168.0001969199399 7.992904793712776 -4.7537197399927225
167.96023482216577 7.9727618627707235 -4.776316997979085
167.858422527066 7.112817001911928 -2.617419090047882
465.26742079558034 -5.104658165066276 -23.130072208141197
466.29352027634474 -6.809932101659283 -9.997486602896267
333.3072648532684 -3.504750599221534 -26.004582619136276
478.7717301702316 1.7864525834328464 -10.987150309854549
478.807231522048 1.7799714489970353 -10.999900449428832
478.8755633164666 1.7575976523330863 -11.006331457537222
205.2353701151045 -9.031789098314063 0.6588302231708796
197.475505997667 -12.029961594329963 1.1830465529762646
197.472227199753 -12.026794166154659 1.2036797212204913
196.6596985004745 -10.647674773185079 -9.736111375630562
-503.3956951300279 -12.08537477731645 21.45420064625769
-503.3960911718461 -12.084601460701885 21.449824308894314
210.93765371191267 2.084882915696248 -11.188706335333949
333.30812196762366 -3.506434659130783 -25.98581103457936
