62.7734375 1.7571258544921875
62.79296875 1.7594451904296875
62.783203125 1.7764701843261719
62.755859375 1.7659683227539062
57.07421875 8.929931640625
142.33203125 0.4752616882324219
48.421875 -2.5044479370117188
-154.515625 -3.3457183837890625
-156.640625 -0.6537933349609375
-156.4921875 -0.6671371459960938
-13.9443359375 5.066333770751953
-156.5703125 -0.6706695556640625
-156.9609375 -0.153076171875
-156.8125 -0.1367950439453125
-64.65625 -14.805389404296875
-64.46875 -15.066680908203125
-82.1875 8.266098022460938
-82.33203125 8.26483154296875
-86.1328125 14.612213134765625
85.9296875 3.4002685546875
86.1796875 3.26361083984375
-14.107421875 5.068351745605469
85.7265625 3.33929443359375
86.1015625 3.34063720703125
203.5625 7.134674072265625
-21.0302734375 2.605978012084961
-21.02685546875 2.602510452270508
-21.045654296875 2.598483085632324
-21.10595703125 2.626087188720703
-86.66015625 -3.034027099609375
-86.890625 -3.0426788330078125
-87.2265625 -3.0369873046875
-13.9677734375 5.059551239013672
-126.275390625 -3.101806640625
-125.935546875 -3.1024246215820312
-126.3984375 -3.1034088134765625
104.80859375 -2.0203857421875
104.84375 -1.9745559692382812
104.70703125 -1.9754714965820312
112.1181640625 -11.82550048828125
-5.23046875 -6.955234527587891
-5.193359375 -6.99688720703125
-4.22265625 -8.358943939208984
-13.91845703125 5.059276580810547
-4.32421875 -7.9665069580078125
46.146484375 0.7234954833984375
46.7275390625 -0.139739990234375
50.6337890625 -5.426052093505859
50.490234375 -5.317493438720703
50.53515625 -5.27825927734375
-56.7890625 -13.82061767578125
-56.7890625 -13.82061767578125
-56.953125 -13.8372802734375
-56.953125 -13.8372802734375
-13.84765625 5.047283172607422
-56.953125 -13.829254150390625
-207.87890625 -9.008453369140625
-206.609375 -9.353347778320312
-140.640625 -10.625167846679688
-140.640625 -10.625167846679688
-180.8828125 -6.4833984375
-180.626953125 -6.483360290527344
-180.701171875 -6.469825744628906
-180.671875 -6.5035552978515625
-180.2265625 -6.668586730957031
-92.4677734375 1.5865287780761719
-181.1796875 -5.9446563720703125
-185.87109375 0.2277069091796875
-125.83984375 -3.9904937744140625
-125.494140625 -3.9900131225585938
-125.99609375 -3.990325927734375
-86.0234375 -4.119171142578125
-86.16796875 -4.123077392578125
185.328125 -4.0593414306640625
185.25 -4.046661376953125
183.552001953125 -1.6584596633911133
-92.486328125 1.5847396850585938
183.437255859375 -1.664534568786621
183.4814453125 -1.639932632446289
183.099609375 -0.671173095703125
-87.146484375 -2.4288406372070312
-87.3974609375 -2.4377365112304688
-85.6640625 -4.6691741943359375
-85.73828125 -4.67108154296875
-127.892578125 -0.7555084228515625
-128.00390625 -0.7459259033203125
-128.13671875 -0.8196258544921875
-20.1181640625 1.4256973266601562
-127.9453125 -0.824615478515625
-127.9921875 -0.8243865966796875
-185.78515625 0.6590423583984375
-57.369140625 2.9414749145507812
-54.921875 -0.7505950927734375
-54.765625 -0.7027664184570312
-55.091796875 -0.7197532653808594
-54.7080078125 -0.7154483795166016
-137.1494140625 -4.3122100830078125
-137.7099609375 -4.313442230224609
-20.0634765625 1.4354820251464844
9.29296875 -4.397438049316406
9.37109375 -4.3962249755859375
179.0625 -11.483840942382812
173.6064453125 -4.483709335327148
173.6005859375 -4.482940673828125
173.6708984375 -4.517391204833984
172.974609375 -3.4101715087890625
-105.201171875 -5.008392333984375
-105.07421875 -5.008903503417969
-105.03515625 -5.037254333496094
-20.1376953125 1.4382858276367188
-87.103515625 -3.31072998046875
-105.3515625 -5.0337677001953125
-146.9189453125 -1.96099853515625
-146.62890625 -1.963836669921875
-149.181640625 1.058755874633789
59.6328125 6.30523681640625
59.5 6.305572509765625
56.5546875 10.448925018310547
-75.2265625 10.61309814453125
-75.193359375 10.643524169921875
-74.23828125 8.948028564453125
-97.521484375 8.555025100708008
-74.11328125 8.888748168945312
-137.783203125 -3.9134597778320312
-137.642578125 -3.9133377075195312
-137.560546875 -4.23370361328125
-147.08203125 8.67266845703125
-56.41015625 1.5239982604980469
-53.794921875 -1.8703384399414062
-53.83203125 -1.8704414367675781
148.697265625 -0.3254508972167969
269.537109375 -1.248138427734375
-97.626953125 8.536476135253906
269.671875 -1.22283935546875
269.76953125 -1.2454376220703125
269.74609375 -1.2383308410644531
269.8046875 -1.272064208984375
269.748046875 -1.272491455078125
50.44921875 -4.9012908935546875
322.16015625 -5.3785552978515625
322.255859375 -5.40252685546875
322.197265625 -5.427436828613281
225.6875 -7.789093017578125
-97.544921875 8.53689193725586
222.671875 -4.257476806640625
223.35546875 -5.0727081298828125
223.2890625 -5.1492156982421875
223.3828125 -5.1411285400390625
218.4482421875 1.4118270874023438
218.509765625 1.4077072143554688
65.98828125 14.217529296875
66.078125 14.213485717773438
66.73046875 14.206085205078125
48.12890625 -2.3351593017578125
75.669921875 17.01959991455078
48.1640625 -2.3254241943359375
48.2265625 -2.4245758056640625
48.26953125 -2.4240264892578125
42.4296875 5.1540069580078125
47.1015625 -0.7892608642578125
47.078125 -0.819915771484375
47.140625 -0.8155975341796875
46.4677734375 0.338653564453125
148.064453125 -6.774543762207031
-104.84375 -5.4813232421875
75.369140625 16.979400634765625
-144.123046875 -5.747962951660156
-144.05078125 -5.74755859375
-143.541015625 -5.744651794433594
15.6488037109375 1.7294530868530273
16.42578125 0.5406723022460938
16.462890625 0.5357742309570312
265.921875 3.68353271484375
265.2734375 3.6805877685546875
158.8359375 14.992034912109375
158.4296875 14.994720458984375
82.9560546875 6.960224151611328
0.3125 8.81597900390625
-1.5 8.8070068359375
-1.2734375 8.67523193359375
-0.390625 8.850799560546875
-0.78125 8.76007080078125
-7.984375 19.086639404296875
-2.05859375 10.634262084960938
81.47265625 9.245574951171875
81.0703125 9.208877563476562
80.376953125 11.291358947753906
85.0390625 4.386505126953125
-85.326171875 12.718788146972656
-85.421875 12.718048095703125
-194.28125 5.956569671630859
-197.697265625 10.879951477050781
-198.056640625 10.878829956054688
-93.722412109375 3.142454147338867
-93.6396484375 3.1091432571411133
-93.663330078125 3.1115708351135254
-87.958984375 -4.508323669433594
-87.837890625 -4.505220413208008
85.171875 4.3875885009765625
-88.033203125 -4.537189483642578
85.6708984375 3.270404815673828
-56.103515625 1.1941299438476562
-86.671875 -3.1613922119140625
20.400390625 -4.751956939697266
20.36328125 -4.732330322265625
20.48828125 -4.763866424560547
20.560546875 -4.761695861816406
20.546875 -4.7665863037109375
20.3447265625 -4.8008880615234375
19.9794921875 -4.052112579345703
20.0361328125 -4.052207946777344
-36.375 -7.636051177978516
177.68359375 -9.934982299804688
-86.80859375 -3.182861328125
177.859375 -9.930526733398438
179.6015625 -12.09979248046875
174.888671875 -5.9393157958984375
273.90625 -6.6950531005859375
273.5234375 -5.894378662109375
269.53125 -1.17462158203125
269.78125 -1.184295654296875
140.4375 10.4801025390625
137.708984375 15.398063659667969
137.076171875 15.41290283203125
-85.43359375 -5.3489990234375
137.302734375 15.369163513183594
-60.77734375 7.546119689941406
-60.548828125 7.550640106201172
-60.6943359375 7.552101135253906
-60.62890625 7.544013977050781
-145.890625 7.307342529296875
-146.076171875 7.308135986328125
-1.580078125 -0.3566131591796875
-179.3984375 -2.271148681640625
-177.080078125 -5.689872741699219
187.046875 -6.5107269287109375
-177.21484375 -5.688667297363281
-244.701171875 -2.8545074462890625
-244.869140625 -2.878753662109375
-245.580078125 -1.6098556518554688
-245.904296875 -1.60955810546875
-245.6455078125 -1.6098365783691406
-183.3955078125 2.7146682739257812
-183.208984375 2.6808929443359375
-183.9013671875 3.6185684204101562
-183.943359375 3.704345703125
106.830078125 -4.4820404052734375
-183.94921875 3.7085609436035156
-5.99609375 16.285964965820312
-7.3984375 18.051040649414062
-7.5390625 18.05108642578125
-8.16796875 18.045440673828125
-147.43212890625 9.154657363891602
-47.02734375 6.791389465332031
17.162109375 0.144989013671875
16.958984375 0.1444549560546875
16.978515625 0.1465911865234375
106.263671875 -3.5117759704589844
16.75 -0.2857818603515625
17.1328125 0.08626174926757812
16.97265625 0.05312919616699219
17.09912109375 0.07921218872070312
20.203125 -4.090293884277344
43.29296875 4.539653778076172
43.3486328125 4.5465240478515625
45.1328125 2.152557373046875
147.109375 -5.51934814453125
147.35546875 -5.516815185546875
106.208984375 -3.4998130798339844
144.15625 -1.7109527587890625
144.3125 -1.748260498046875
144.171875 -1.8399658203125
70.0390625 -7.82757568359375
70.328125 -8.225784301757812
70.310546875 -8.227264404296875
70.142578125 -8.22747802734375
-143.6298828125 -6.207801818847656
-143.59765625 -6.2093658447265625
62.8359375 1.755340576171875
106.14453125 -3.5004806518554688
