194.75348901425468 6.0663742080981375 -3.094562227302972 3.840420598256454
194.75395534004662 6.067198950694033 -3.093685019048845 3.8402774354972307
194.3232420056373 5.8767557908149675 -2.968633401885531 4.217962111525412
194.3192960450382 5.875282584038802 -2.9880569973496107 4.172437740810791
194.53790703940967 63.57899139442767 -0.8957458237743189 10.281553369955923
441.2142779370993 -12.929686271085128 -3.193011600961715 6.42623337401842
166.19857517340952 -11.428813891593975 16.69990804570958 -4.330916301410165
-490.44392098640964 -20.834430527582153 7.997889036022401 -2.4831800815137384
-501.8606755550062 -5.9824190526301715 -0.45052924359852564 1.4837452948412795
-502.01877718026503 -6.160046365037892 -0.4150666753681025 1.5823634711092327
-36.81587923473962 46.53101357095279 -10.636527663949177 -1.4027307931517923
-502.0195519519177 -6.161416624125305 -0.4165241028870872 1.5826013271876518
-503.1706090932813 3.297614658919735 -10.096476961380718 -2.492988001689258
-502.93273565803077 3.391568271010998 -10.194150468571353 -2.6561095118595484
-293.2793293250248 -178.765240258361 -43.589128593649754 15.194220239999794
-300.71985276833203 -184.34249298134011 -34.689939497498834 20.174558221284528
-211.99418274002818 97.50685634009224 9.0380972201239 -8.805194860630296
-211.99433702002474 97.50658348089078 9.03780700309636 -8.805147496426928
-188.58192684874493 166.7235429519695 23.589172989796616 -11.152532713558326
311.3699316396521 49.83617299081054 14.174534978039134 -9.527968346565618
312.09956492661206 50.31754341032839 14.512287022925946 -9.51086041420654
-36.81534824518181 46.53195267666004 -10.635528818689647 -1.4028938066473113
311.75355255434005 50.04573113687854 14.206648684264955 -9.694298395482207
311.75374573159775 50.04607278967594 14.207012071166055 -9.694357701206513
652.1153057511526 51.745998502361424 -12.881188675923365 2.9256704855133666
-67.56538340780351 18.951580235980234 -8.01036519502088 1.501224746655286
-67.56720095048448 18.95075358803502 -8.020547340930689 1.475916291310786
-67.56802784926327 18.9492911370505 -8.022102825094084 1.476170150498612
-67.04772542377691 19.347080588784635 -8.162090742112712 1.1718498315195385
-295.1437962186964 -38.940373871762304 -1.0709176326860645 5.965905617234046
-295.1454021060335 -38.94321403563763 -1.0739384672209937 5.966398622532322
-294.8700087896194 -38.675592340818596 -1.097260357030982 5.842568490084739
-36.817258361606704 46.52857445483248 -10.63912193852279 -1.4023074034216048
-408.20724596276233 -28.875153510240082 6.9185994626137175 2.8174515862464924
-408.20788362927516 -28.8744196693212 6.914086096886271 2.804122157437351
-408.207936770106 -28.874513654090414 6.913986133303967 2.804138471777579
330.67054360601026 -27.508980144614657 14.532102240244518 6.243720805191417
330.72202932705164 -27.467124596888763 14.461479673494862 6.117046264478846
330.721928713869 -27.46730254116072 14.461290409347347 6.117077152924203
345.44808926945444 -87.95662499875206 23.902924009675353 -9.071784310276604
1.392849334366073 -27.789816533020225 38.75493571919954 -11.247996277194499
2.362113541848364 -26.893101913584303 39.26871891150437 -11.392422145069771
-16.641817954622052 -57.82957557748972 20.54792573972912 -7.160372399355144
-36.81743412752224 46.52826359561448 -10.639452572998495 -1.4022534429361941
-11.049410477180599 -50.171827265569206 13.636768236869008 -12.479727814268614
137.2059830608902 7.713699751477831 -19.283092405909443 -4.179704594143517
140.17806646197857 -8.436974437539208 -2.349902368740163 2.4620517985650885
160.6491850009031 -38.6710853000827 11.736437187780306 -5.160877914949334
159.74237186211712 -39.309997784239485 11.454475492473978 -5.002135336842498
159.5372657744996 -39.378010978470805 11.417624856121744 -4.955650136117021
-241.04563138543037 -143.1337384421348 -17.30487836063505 4.495299827838831
-241.04563138543037 -143.1337384421348 -17.30487836063505 4.495299827838831
-240.04968918360657 -142.28779059380247 -16.977764124886534 4.089096374676328
-240.04968918360657 -142.28779059380247 -16.977764124886534 4.089096374676328
-36.69135294775626 46.539090636671375 -10.73915860418013 -1.603792961368157
-240.04804458885872 -142.28516047808887 -16.97781275907215 4.081197288660222
-693.5672308668148 -86.26260383471934 -8.840971382772638 1.7228767244150696
-706.7048954654397 -104.21184464905652 -22.254451817284576 9.482351488898233
-493.4901723547868 -111.15775154493376 -16.978979112082712 5.8245917627595
-493.4901723547868 -111.15775154493376 -16.978979112082712 5.8245917627595
-584.0646237112658 -48.11943704866601 3.0066799591070774 -4.955955049138657
-584.0645301546392 -48.119271584921705 3.0068559484609603 -4.955983770899395
-584.4071430340385 -48.37042212873799 2.9252223788206386 -4.856748460856076
-583.483658144927 -47.725955009008175 3.0413990671509357 -5.1909605257970455
-585.5170701996553 -50.89190932518065 6.053818446208973 -3.0717913879959307
-286.143660415079 23.107388013697804 -8.429645614706196 -5.358169198446524
-576.7941992671416 -36.08713585161606 14.472283375588951 -5.137240687217384
-585.4614685187519 3.4001463413291906 9.955712744630649 3.9535532605252395
-409.55222131569536 -36.65679944661639 5.320730326091882 1.9969026954614069
-409.55235981589226 -36.65704439743444 5.32046979316393 1.9969452149435947
-409.55214129335855 -36.65665791948327 5.320880856229466 1.9968781286497808
-294.13590190458126 -46.532090540973094 -1.1300237897078589 4.467903118056208
-294.13695619969593 -46.53082693592548 -1.1360916936004402 4.449977717029571
558.8125047468195 -62.821606708292414 -1.5680534135691873 9.535399295703696
559.1786533988891 -62.46003289506536 -1.583404555263803 9.399147519657383
564.2758649747227 -35.67908922270756 -3.6269972481161306 6.9079548302106275
-286.14400523126517 23.10677817274046 -8.430294250479754 -5.358063339358091
564.2737242750319 -35.67931303719759 -3.6374934078402426 6.881698668955242
564.8094195660988 -35.213914048676045 -3.751416966670976 6.570558623098027
564.093544601172 -18.29959792140572 -18.994193557047637 -1.0514239991767702
-291.496436272532 -24.269822542495405 -9.84916176535354 -0.8434339304053114
-291.8511026807445 -24.418102015035753 -9.734449708070155 -0.6164537687777252
-292.1265620366011 -42.4510509198559 -9.34614393980843 -1.8850496886444474
-292.1268969675057 -42.451643277119565 -9.346773978834177 -1.8849468650457326
-415.84724048342423 -4.97041227970651 -11.230925545553307 -1.6535230794013684
-415.4656336857149 -4.822675938804707 -11.356792085522274 -1.89806662495372
-423.7781482485528 -6.031358192148554 -17.5221949457892 -1.2889227372436816
-77.03740810644014 11.188833957174563 -20.921222865171536 -1.5298597439326729
-423.7792984130775 -6.033392367056699 -17.524358520177582 -1.288569638249323
-423.7792141758048 -6.033243385203268 -17.52420006086937 -1.2885954992574942
-592.7309452219789 12.320627903569218 -10.621368420976077 -2.9079210611573747
-167.61219801406006 22.065228393428026 18.631160081662525 9.070209281079546
-172.6694021452061 -9.693893667822051 11.863703867782789 4.8245148084953335
-172.6196451573872 -9.651007109202501 11.790401705637287 4.707133148885773
-172.66884765406195 -9.663543564996415 11.867654215618149 4.863838224890794
-172.66731323863172 -9.663930210558348 11.875851220170903 4.885007712908263
-433.5492090582963 -25.131165063004 16.020915017675435 -3.223772202869806
-433.5492158437029 -25.13117706366088 16.020902253600305 -3.223770119736456
-76.54961864843199 11.491603548728909 -21.042256820621834 -1.7859630433380018
42.1422516882916 -21.725263648023436 27.1709237461082 -4.949320999825346
42.14242587805945 -21.72495557646105 27.171251415505957 -4.949374476349888
548.0177446628185 -98.61102501371128 15.205837640453318 -4.983509880270673
538.1391706536266 -51.8037727117916 10.354134211900442 4.144650756385783
538.1393561869792 -51.8034445779849 10.354483219805799 4.144593797352467
538.1024695618389 -51.95412747907847 10.353458167579769 4.158118269638587
538.2402443731344 -32.374758759539446 -6.426320313521348 -4.452930098797667
-348.0278148833846 -42.92455724913326 -2.291574187898727 -2.11222690924144
-348.028060384 -42.924991440399715 -2.292035999477317 -2.11215154068981
-348.0589854235313 -42.926497795218424 -2.1907046718970262 -1.9920130340030133
-76.54724308874347 11.493448248292403 -21.027658980993163 -1.7491814765927032
-291.56855594606424 -39.47489269409798 1.9194126060946897 5.780504746055702
-348.05772071238863 -42.925098389911234 -2.1854618095557803 -1.9820332825396347
-469.62184815552456 -12.430644009510106 -1.12275862448007 -1.8280181558376012
-469.6223678594844 -12.431563155193297 -1.1237362395555892 -1.827858607406127
-464.353770695168 14.91845963348658 2.6688045676962897 -0.24108371881865565
218.37887575593723 60.07696643062741 6.041739109126851 0.1532764239840264
218.37897767254006 60.077146680101436 6.041930825141129 0.15324513538755524
178.47461345598566 80.82671689593225 -24.62200212816967 5.777780777384667
-197.2498469051934 107.03212601043846 1.6007824519750427 -2.9803855486603648
-197.20454078953836 106.98561528012172 1.3664327370026301 -3.299707585977734
-199.47330252470758 77.6008588055543 25.202181460384274 10.28598673239416
-305.43996185509445 79.33065645380813 -26.0153502619619 -1.1887536058692199
-199.65709673431311 77.24220662960094 25.246288159883537 10.469678185072986
-401.95234056577146 7.220928898454439 23.625009166659705 -18.71886384828206
-401.9524258000716 7.220778153382813 23.624848831968947 -18.718837681224475
-409.1866304558124 0.47827932643681637 31.41956095250903 -13.719424284554398
-431.6569444255517 83.74406532562695 13.086156334031445 3.2869030835401656
-169.10637133940148 14.729934557677947 7.646764812094909 1.5329691129879905
-174.5943200718097 -16.23503219978329 2.908655081835634 -0.1734980971952501
-174.59429137908214 -16.234981453879513 2.908709055928599 -0.17350690591443996
473.73379248563333 -6.898270971679796 5.317268407427022 0.13445102344674775
829.7454470272547 -34.21527670919114 -11.707055488676732 6.071485562100543
-304.6025343580585 79.61912705952305 -26.218067955179993 -1.6757994663229436
828.8433633592454 -34.69573716581426 -11.608846408443858 6.508708821366027
828.1894842837504 -35.227300281573534 -11.54616514115137 6.741577628143999
828.1927992066155 -35.228018554152634 -11.527836062456284 6.790387501505107
829.0388781533467 -34.79514606117685 -11.629869226513573 6.333944069108824
829.0388152241795 -34.79525735755961 -11.629987602998398 6.3339633884877715
135.85923274854974 -48.4081043082261 -13.83887376865006 -2.8546913715337574
991.1563326784026 -60.52014240467401 -22.595369631978453 -4.334189711464605
990.5873525758093 -60.756772421766215 -22.42144618443082 -4.011424912616935
990.0857434045231 -61.06751701353748 -22.28682271485096 -3.7523885386632365
707.047804673517 -63.53518574872422 -2.6362597051488983 -10.985102414389647
-304.60249291302483 79.61920035911828 -26.217989992642455 -1.6758121900315672
724.0779969519917 -22.771899964418573 6.53892576931738 -13.280155787966393
718.0059353981825 -36.77657215330507 20.72300460542863 -4.999985615338808
718.1899008360685 -36.635645070741376 20.93777287159894 -4.852163854165841
718.1937155324858 -36.633110102479094 20.959600842373373 -4.800904127409629
688.5130774411314 -2.9778324076247054 -0.6391737386637977 5.111902514704443
688.5120846908953 -2.9795881811516054 -0.6410412026234138 5.11220728846752
245.07738339195015 116.40702279995378 4.278848552974418 9.633730614455517
245.07654337251148 116.40553714542104 4.277268391156747 9.633988499950009
245.0747651223921 116.40239214162729 4.273923324951733 9.634534420400103
172.45700596836357 -7.492560379322041 31.711700725928484 0.12504658812527158
257.05345657009093 152.85869869968818 -43.227230023998004 -2.369391129145621
172.4598886315425 -7.490612035064174 31.725178580616856 0.1545473466039734
173.00720072793735 -7.076135279290357 31.949443118459367 0.15260446705565073
173.00726831083097 -7.076015752342518 31.94957024909871 0.15258371897612072
143.41200919300542 28.004509119210947 11.719757670435325 12.800124441864696
141.52746108674208 -19.997542935713746 6.545343083713981 6.839582615646199
141.30066915996616 -20.28428647548481 6.545833811144295 6.919630470072479
140.9973591869336 -20.456240596970893 6.606892666244384 7.17814628304162
138.5712295446941 0.5464392515261015 -11.038863515958871 -1.0421874371716626
440.4179337126625 -68.33886948426388 -10.569336474137895 -2.006284723650323
-353.3342417167836 -49.28945832392041 -5.636733223895195 -1.3208642926424123
257.6912328568926 153.03604389948617 -43.412935348595035 -2.8294897099042067
-471.62631474099413 -46.708161882969684 -1.4894881990750255 -2.9966845692965016
-471.6263648577517 -46.708250519354856 -1.4895824740483965 -2.9966691833538848
-471.62598780078787 -46.70758365839664 -1.4888731922253937 -2.99678493934539
43.47400162741658 5.756064983509203 -9.105756497846075 3.111467750452519
44.28279600925795 -14.458134342574676 5.511788163616735 11.325131340245104
44.28109421646239 -14.457065478423457 5.503355435494898 11.301854858011392
838.5261017915906 -3.93507768831747 9.641679041590134 19.260054004443205
838.5253040371241 -3.9364885931958518 9.640178384470875 19.26029891461465
530.2655647023076 93.39587187457768 17.404561488123232 28.104423548629484
530.2665010567014 93.39752790553133 17.406322864867658 28.10413608915669
261.33894524963364 64.33794167195202 -33.11462518707102 -4.671156140403294
65.97904253582296 101.73565485207125 54.01205961618875 5.069355905494566
65.97796492893528 101.73374899959329 54.01003252973733 5.0696867296751424
66.35432003266264 102.04214471024552 54.3754261200869 5.370058789075503
65.6811796157299 101.54357985134207 54.01074633025988 5.241590245941088
65.69650294189282 101.35593247581672 54.06408890986513 5.344487463467811
24.638870935067008 149.39502209775458 25.720030473522183 22.432088570928045
20.956632120855975 80.66758926864644 17.482690126750633 13.98936935218517
269.4944496688102 57.73142847733918 8.726976561282079 16.09624897497158
269.85589199912374 57.90996303981253 8.677926077917062 15.809356432780188
263.56142504941886 96.44012919442947 -23.7828259368301 1.167254377345641
285.837999229106 47.93256613304225 -14.419748364827951 -8.675248432332449
-227.39643002447852 127.07259515978903 -3.391286152491073 -4.566356053389899
-227.39639061162427 127.07266486606906 -3.391212011580361 -4.566368154017818
-595.27240123209 64.14758007237938 -2.31637917660312 -2.9939984216764755
-586.7237958221708 110.68131429208373 1.8112649972856039 -2.817023606624797
-586.7238245149209 110.68126354615708 1.8112110231624612 -2.8170147978969555
-282.8220796391054 34.48388669491483 -0.621521224684406 -2.9432385097864016
-282.7554599571757 34.53297392309881 -0.5340643837872989 -2.8833218206114988
-282.75491979903677 34.533929245361854 -0.5330482891303022 -2.8834876499844952
-265.2914189676541 -17.457392307012796 15.52171805129847 -10.844137469909825
-265.28998871146865 -17.45494485044881 15.530517029625253 -10.826627008578361
285.83803338688335 47.93262654484704 -14.419684109301242 -8.675258918866723
-264.71671692526894 -17.09668424599808 15.61277557279978 -10.950006059079247
286.23998088568993 28.2095174873185 7.053008220440949 0.5876382952965834
-169.85646529151865 6.9175062711752195 15.261991568609576 6.603287258597284
-297.02278633563105 -40.51122194594325 -2.806050416475748 5.783442183885838
52.53278127285993 -49.074762623691875 8.316792566733424 3.5590082000226113
52.59473807436676 -49.03982929217218 8.262543129651084 3.4367308105399648
52.556951757714266 -49.0729150824763 8.305944893751146 3.5150825537504202
52.55737187491165 -49.072172065119645 8.306735176838476 3.5149535780076775
52.55632082151926 -49.074030952610485 8.304758040387702 3.5152762500162034
52.40551285440185 -49.28636277228725 8.330141196914802 3.631611756974472
53.94014054468818 -36.45135949533911 -1.4697502073987272 -2.390688936191433
53.94007146162379 -36.45148167547554 -1.4698801600134748 -2.390667727556221
-121.56080759415546 -55.583460072217065 7.388008967515624 -8.26907936070971
562.1229320854051 -72.4790686916725 12.78276826826491 -13.358169719453244
-296.61430270299263 -40.26259645288099 -2.8174424436314265 5.619448288384666
562.1246251889806 -72.47620846070261 12.793121566120123 -13.338012940133797
544.678106292289 -105.16098382087381 1.4833655826547745 -8.729277140418837
534.5547557727889 -56.69347740346645 -7.9666103816658005 -4.473546178471567
850.0336612621331 -69.94276619358949 2.8453946025078856 -0.5016231982373982
850.7353836653001 -55.904833322624846 -11.73322194442902 -7.30641289533093
860.3347134993743 -12.316226264349716 -7.318295157421122 -6.493847954685121
860.3296316951341 -12.322259788129218 -7.344039013627063 -6.549564872146041
493.2596332992703 102.91443820624445 -5.400722117758922 -7.211465501870406
445.00578339947094 132.23320711791882 -42.606386094490446 -0.7984133021640738
443.5552214812897 131.70530730183637 -42.25298341078352 0.014175181654548785
-294.2808692139675 -56.00669977469812 -2.3124856957303996 2.9940306124522937
444.69052272283403 132.06536941951174 -42.56369990613249 -0.7423377924210379
-192.02025322875596 67.14320279569439 -25.819871903575365 -0.6995801537822194
-192.01938313173684 67.14474164697667 -25.81823515895509 -0.699847274894478
-192.01902051410326 67.14538297159739 -25.817553036734704 -0.6999585990888136
-192.75107222598658 66.71614663702768 -25.621083593225652 -0.2932565042063957
-434.652543401816 79.61213195448909 -7.41144204441078 -6.040834937101779
-434.65230079281577 79.6125610321365 -7.4109856711509075 -6.040909418448887
-3.009496144556727 -8.445535000242359 12.010758998238831 4.701220004153327
-575.0479566453909 -19.3427910818996 5.653314512298823 2.032888071258955
-570.2424982808326 -42.242257124040485 8.005615706628628 -2.4051242701659037
558.5246787182979 -81.77335238581396 -3.9208414178024538 6.623505086538151
-570.2424743485892 -42.24221479751931 8.005660725721548 -2.405131617405348
-772.6008497420745 -11.499071668245172 12.77461746102006 -2.4050342124114525
-772.3205205365144 -11.3160955463966 12.827308023467552 -2.4886332631016788
-762.1050989951447 8.680459352088224 22.670978692149447 -3.8846358235838068
-762.1050528679223 8.680540932576044 22.67106546234436 -3.88464998471514
-762.1051836738326 8.680309589575925 22.67081940256995 -3.8846098270991227
-568.1324433338624 24.658991524529142 14.834511348742119 7.139270701538391
-568.351044279002 24.498461410409945 14.891046708607227 7.337168555757286
-565.9322066012676 40.40287373543203 3.5194182959261915 -0.17607756229012317
-565.5234455029365 40.65294956721957 3.3084210134332888 -0.5065602930522073
320.3532834417698 -54.10469049104314 4.511418553946735 4.959535553088578
-565.521527120359 40.65445891532588 3.3182359428875547 -0.48411497004839243
21.870391087153234 139.741325858871 4.283490368955796 8.55338189297352
17.98243808024093 171.9759478897245 -28.747398126038554 -5.368315352219957
18.448069749820768 172.106815647211 -28.982043845535163 -5.811078912845036
18.446793339099983 172.1045581910766 -28.98444490756118 -5.8106870532901755
-447.76649084634374 91.16671605385135 -17.672318944295185 -3.740589785469234
-161.56741985356882 59.289361390389445 -33.444447918086134 0.14745386202749042
28.95931640255669 -3.203450829003016 -26.47561006536862 -0.769304790836069
28.959254669573742 -3.2035600098163193 -26.47572619170585 -0.7692858386871029
28.960725556943277 -3.202407374349371 -26.467361253327613 -0.7483489362546907
318.85415515636305 -36.67332063267365 -10.224711027366691 -2.1170808848306066
42.92182285157921 -3.3924217401209784 -15.62798708882508 -1.3969311970813536
42.92184959845668 -3.392374435653122 -15.627936775090756 -1.3969394084259597
42.197452666333135 -3.7167725019051217 -15.424484446899994 -1.0103217678127252
42.84594517871537 -3.3235548185041153 -15.605381431461598 -1.3639416752759224
42.21485297969586 -38.771486515894466 -14.154535783378533 -2.92985076143447
130.6283404157756 40.92285325551196 -28.144061103684443 -3.5957809211892564
130.28563477459446 40.676272112673985 -28.0187676194087 -3.33611967494331
154.0011493561159 25.673734492223385 -9.785197128262586 -6.998048369690207
451.1002687799268 -50.94290310288096 -9.70125767335918 -6.129598509246277
451.10061813692397 -50.94228523100045 -9.700600495813706 -6.1297057623972515
318.99744352635105 -36.50256825268288 -10.282274804579872 -2.234931316568047
458.9876287680079 -15.960031838422907 -6.213096071404771 -5.566517187715432
458.7628239682703 -16.062360669413984 -6.057052704250575 -5.341291243678468
458.38014840527836 -16.256922672163792 -5.783318714612217 -4.98547887733832
230.94399678779445 -47.33814537239003 11.529507006706538 -14.776808525565833
225.4205047159432 -54.61233386758972 20.000933709370777 -9.852648371187861
225.42014964979919 -54.61296183665841 20.000265792349147 -9.852539365339238
225.42013613101955 -54.612985745938026 20.000240362081005 -9.852535215047148
-460.83314050760634 -42.426516454758065 9.648055194211015 -5.243989538340106
-460.8342722369381 -42.42794610960809 9.64057351991711 -5.260049087386889
194.75308762864847 6.065664318557863 -3.0953172761782826 3.840543824273349
318.9964765084722 -36.50270980762588 -10.290067552165596 -2.256010590748925
