214.30025297738433 15.970665916796419 8.853914151034001 -4.2323068886787905 12.45934116047269 -5.9639448463244635
223.13128683848777 41.905289319404204 38.225483518812 -3.383240823693916 21.44042877821733 -12.998701093002008
222.7488139492348 41.42057308494297 38.32281981126648 -3.465244864985946 21.349799296341278 -12.403212268321054
222.7486189767014 41.40350850766388 38.29115419589225 -3.4485059461975403 21.357518154437706 -12.425025244002603
231.81857599836937 84.66555609530073 15.572308519001398 -9.451087712793791 27.111170585921702 -14.917327230352246
478.8031145412827 13.495080154140163 19.21113145572305 -7.617043511503658 25.926385211925954 -19.995462007836235
177.52828395708733 31.009496650850764 50.23622944158696 -2.244386128380838 1.819750381434301 -11.243289486264931
-517.7540515145685 16.155239705983664 49.67527716757025 3.0302554891775113 -1.900349552053583 3.48659548020479
-525.6395342710384 16.562764726143513 31.488098803626222 2.0042556041650283 2.891899947577051 6.260955682133274
-525.8012854056019 16.278667798580464 31.53996262409899 1.9916701934576977 2.8656493765467452 6.478879073413557
-32.87469292474999 21.617379693376318 -27.630497319137426 4.602442815794949 -2.5221688227974477 5.232072913514037
-525.8075668644397 16.26749561870673 31.560892535508433 2.0093579380391473 2.8113876338904067 6.5406780352195515
-522.7482949548835 21.319698143695938 25.96826905027766 10.422234415591388 2.0902123027489647 5.053455866349353
-522.5213254990543 21.626872567276788 25.91109779450056 10.49083846268694 2.100660592017939 4.761181611938012
-292.105006477163 -75.11728929318777 128.43766569061032 22.60092471885869 10.492609216029933 28.3612018884616
-303.5402438272947 -81.9477295062964 137.7680469686699 11.397789138712808 14.292941030923057 31.99808407049445
-213.52634419613386 98.49511708607149 3.3050456401159956 6.289817244046118 -9.139996588088147 -1.0172107554644367
-219.45518417979162 80.81548751966855 -18.002973099770806 5.039119212827027 -13.392126387325755 1.681235971390758
-194.53625323167287 131.86866559421043 -44.51184934460312 1.2560200818736709 -19.451756054755894 -3.5139846646581554
315.4265592460054 10.60313520651811 -52.525675854483254 -0.15187500103954835 -18.179135139661554 -4.797834620151173
315.97641925676186 10.746976837988841 -52.48955098299582 -0.25640213993128735 -18.247383295148218 -4.877934044786713
-27.543427562397945 37.34654307596757 -9.50314799943605 5.278980073939729 2.4937592088536076 1.4495270531782205
315.7766575392991 10.819177660903753 -52.59431816929812 -0.11007558507512205 -18.214798129704587 -5.060225190768503
323.7880645902977 34.647587589187474 -24.221426222850305 1.3913105666074939 -11.942168864439624 -9.302837588106318
697.5519228159698 12.752361483190178 -56.91339116101976 -1.0495547213053358 8.87854350761911 -9.098024995190725
-66.68340110470662 8.171809995008644 -14.502304738159157 2.692226010104403 3.0789463100749206 1.8277771819868498
-66.68242335931365 8.165421138494045 -14.513185396057288 2.7031443127425616 3.0815106061897897 1.8183075705361502
-66.68930475167839 8.15456382737141 -14.484251120502702 2.7247763013016795 3.017688719051934 1.8913612835652889
-66.1672124470184 8.958293044550722 -14.561164569118132 2.7942869517173534 3.1211213553322494 1.2196838372958858
-311.56495141266 -19.081701332401735 22.280422072202924 -3.995508248528349 9.947163187958376 1.0362512438503142
-311.5746858077424 -19.096434591406705 22.320734519777837 -3.9656888944760995 9.868776852911898 1.1314191478250415
-311.2524227293296 -18.528677112443876 22.3441122103096 -4.040948224522867 10.082414646782805 0.6086251211527272
-27.559135194288356 37.31799510704286 -9.453322223987216 5.322315328816304 2.359695107964165 1.602154606153844
-434.76758218721443 -7.502170470745001 29.679926126909038 -2.754298641785735 -0.5191814815974547 5.8263871197148
-434.76698592868445 -7.504663771054405 29.673349163444637 -2.7496138286116167 -0.5177115398987745 5.821194484666112
-438.0484177959567 -17.198062783791173 18.449695239694424 -3.1931868078495436 -3.5364503175425615 8.073391967294597
336.93955139405483 -35.69710832952903 -12.214934415481656 -14.691270722685331 -1.4524511491798564 -2.0696965126421896
336.9881041046234 -35.48337517343268 -12.234979936206328 -14.66226502215973 -1.4147151051156432 -2.261984464694015
330.1334164925668 -55.742579501766485 -35.74857946484294 -15.620534280386062 -7.6324346986933875 2.3363405206089705
334.5993974628857 -87.99068437745568 5.062416345555009 -6.285516231598765 -16.018134133459025 -4.776605700660701
-21.493103146248504 -18.114769667979385 21.491596839368363 -9.375485701542088 -17.06783683034526 -6.623556387193319
-20.746747204478776 -17.243790769691206 21.480691524492492 -9.442228618538701 -17.214697990580508 -7.179174219193336
-36.022614616369424 -39.79286134644273 29.5929527195384 -2.951817227521368 -12.350198794205035 -0.07595996813035384
-35.37808306664333 14.238972422328576 -36.10186286987576 4.301959523488558 -4.920579904008078 7.05884666841836
-28.451809924821557 -33.83087981102909 22.128857757748865 6.114278689898426 -14.716817144258787 -2.38138085451473
150.69092805763273 -9.541319911300523 -19.58501450524446 10.718798723591938 0.25452445134008606 0.25244164978117567
145.90710331733595 -17.78619228301727 -10.400975612103712 -3.3050802249800024 1.5927174607971835 2.521919219077458
159.63017766439066 -20.598233119827377 23.130388015229542 -0.9131467418757531 -6.402960786312663 -3.6325100462430706
158.8891014538614 -21.13895726479771 23.183804077502273 -0.8621521759244851 -6.330252326982479 -3.15961095336125
158.70465013273832 -21.232746235487866 23.173000085514452 -0.8633698393115303 -6.3146440318299 -3.024835255000947
-253.44280619580528 -71.58201936087079 94.53308388876036 13.691168557841351 1.543965527516991 17.202018811912488
-259.42623819324024 -89.64666275021618 71.50081314348944 11.732026314422615 -0.8207656901462973 17.68513190237351
-258.5543696412859 -88.64293687493578 71.33269741637355 11.851158803899022 -1.0962470545451852 16.95567621061484
-258.5625232462253 -88.6594405431651 71.35523699974256 11.873792485145506 -1.1701730760950386 17.04196706746087
-35.26840061294726 14.346589982925458 -36.18129030029451 4.386010187052045 -4.924626202827546 6.865202666551894
-258.55845904305545 -88.6488676225564 71.37112427163524 11.879506908523716 -1.1746542720395585 17.047130445575625
-735.7974230143319 -43.67394242967017 60.24272458456578 10.092202008108632 -3.3975518797187334 17.63180544739617
-744.3353523184845 -54.07706035832714 64.49216035627603 10.94446298470151 -0.08526527930628891 22.261480171653844
-527.4916278131803 -75.78742335811896 46.72224819252276 9.127584453185415 -3.881183078695776 19.012683715984984
-523.8892082966912 -64.90274127603652 60.6491012851513 10.335100655596868 -2.5331189835270154 18.81364332044538
-624.4864662903583 -20.592571832202776 40.14791416006045 7.7380059060652595 -8.629776910732934 9.49884532794762
-624.4793909491751 -20.57871228839404 40.125417093302346 7.717183087376267 -8.562017012931863 9.420648991211852
-624.7563687559756 -20.83670019122765 40.17586192078103 7.690782079309208 -8.49413677240707 9.6056225819497
-623.9176042194869 -20.01104879351876 39.98205086915697 7.822298737657855 -8.698513006187856 8.94626226028658
-626.8539397775123 -22.441553003231956 42.98614810655192 4.169463935779065 -7.749204290485418 9.879679883309684
-305.49132273084024 -2.1862495631147913 -27.39950409037996 10.03762849516006 -11.801982829776922 9.17414805584305
-619.914942999184 -11.795039304371134 38.87948635469444 1.2512688298978079 -9.90674530332814 6.600128377718482
-622.399599972204 9.074332739848249 14.054551315449825 -4.6546145037052655 -5.727666354813495 12.478847625546818
-443.2007011391108 -32.62431001247913 10.141749139554356 -2.2432595420815105 -6.3854142084225165 10.570090908878582
-445.16566572181557 -38.44098319822363 3.348899326486954 -2.5396363377015185 -8.113073539718824 11.827763765593943
-441.8182177755488 -28.527344810337205 14.950674725756006 -2.0209811667747157 -5.208109900123358 9.73123415334418
-317.63118255360024 -40.75333685715934 8.144427769170365 -2.8293679941224035 2.0634161230793495 6.695010138462094
-317.63024658594304 -40.75639134301393 8.136300828198 -2.8222587753758037 2.0652813060146813 6.688547847880772
577.7758938142067 -82.81376544755256 -32.84172323779353 -13.949414657613705 9.751012097745496 -4.8393847511820125
578.1734799864619 -82.11467709511258 -32.77627140449034 -14.013178057767403 9.933666278088571 -5.391465522842955
593.3884606528583 -43.045721344642814 -21.916158704530126 -9.290010124950996 14.747890739680395 -13.207688623224064
-305.4950318221824 -2.1930407221933703 -27.387225208194565 10.048251903036746 -11.835236835955467 9.212111335378754
593.3887128413082 -43.05438432072325 -21.932703556048804 -9.279985569338757 14.751871198811008 -13.219395396373233
593.987225722849 -42.01353435371235 -21.910891101584898 -9.31957152424843 15.134966239460926 -14.177682364892146
599.1942324130752 -32.24458549873464 -31.971392447504357 5.141256231802039 14.633993555893921 -17.278293312159388
-306.9210772863069 -15.471801367943506 8.571466224402375 6.723076669526659 4.506772034803638 0.4690935678325444
-307.2713883443888 -15.952718192175213 8.588105706506568 6.694594196822202 4.347351204343805 0.9784903130863482
-310.8776381745331 -30.985964142950042 15.177650857073065 7.133620997676663 1.5714847968672818 2.990539551286827
-315.062415210241 -43.22751127431773 1.509040009717386 6.831311762627819 -2.9212639468026227 6.591008332668301
-438.20492677181255 -8.704466872817271 -0.5001775831164763 8.733988723853553 -2.542218876612559 8.476361533916467
-437.86322859234576 -8.299457135092632 -0.5709761488643738 8.82400628934252 -2.5279951125944504 8.079612544048828
-444.05712276053566 -15.439046778202654 -5.154332846275351 8.789730751016998 -0.20177512425999555 9.001869460569521
-81.01701516660904 -27.963554677868075 -42.79378406379868 9.136063279291498 -4.931320446413904 9.669615970754545
-444.0629781283852 -15.448790758665645 -5.13528249248478 8.805387286621565 -0.24239221613497908 9.05175728143564
-441.69592312669965 -8.628977943359423 2.0887557895347366 8.776975910113405 2.716294643529207 6.513552048328161
-620.6950753580729 15.693311653256249 10.634482865690899 10.74120997600848 -3.879608157019214 10.476961260022643
-180.19324268880922 19.422893868650945 -1.9296598969024585 -14.832483879648706 -2.192608885332197 4.05588079857659
-188.35705822177934 -5.603084166806079 8.477264885114158 -8.652854186469591 -2.6953468357485755 5.6692922961417
-188.30717631075586 -5.376960166072257 8.45332267244303 -8.622228939895034 -2.674511511852624 5.479112246603754
-188.35922418685252 -5.520574901545329 8.499757999541178 -8.668356677803763 -2.702155116094534 5.669195598837288
-188.35911164122157 -5.513112951961212 8.515809741100167 -8.674856325749724 -2.706023597980071 5.679782657183103
-466.1870559155318 -0.24313123629963168 39.16289611737926 -1.4065239439994177 -8.855925827692284 6.189679498792227
-471.1920187519934 -15.249294511628523 20.61968411836612 -2.7137347392122355 -11.743887209790648 7.663778219743286
-80.56345170036137 -27.410886990892966 -42.90239691925633 9.237441379527294 -4.964737459815112 9.229308532768156
23.37089340377492 -26.282812694748827 1.62325693262473 -10.059489303677273 -15.826179025037987 0.6286434005685098
23.378144423466825 -26.268633172769274 1.6000401882642636 -10.080850693054254 -15.756566620820337 0.5486211925529442
543.7481580897868 -120.36619889968811 -24.447636666465712 -7.98807235214982 -17.367713560127385 -0.3300256839184674
540.3520355856099 -97.53951597364312 -55.46640066667869 -14.523840402049723 -12.461714787320219 5.581051190009201
544.8616853766872 -84.1392818510944 -39.57508539184252 -13.713986765429148 -8.835453812462935 3.082620701150609
544.8193439087762 -84.32198458805331 -39.53264080719563 -13.700917827093416 -8.83417241605284 3.141753844207225
551.3391036277976 -73.09011985335623 -51.5644504764361 1.544724888932257 -10.938056458538943 0.8309984550735252
-369.6448455085524 -16.611455532290577 34.1525418793469 5.772631411233014 0.3883697255494394 3.1704903075022672
-374.52382304349976 -31.045332815247473 17.33366482411892 5.0556326049604765 -3.9474219985825973 6.342366986574797
-374.57443840097534 -31.21672385492391 17.379014136262583 4.994622886758894 -3.966163599614532 6.5190140124314935
-80.56605175105075 -27.404843900583057 -42.89426930844687 9.219663497798603 -4.966452963960867 9.240337948500498
-313.8053122956512 -31.667049772293016 10.026466396964295 -4.342041063423877 1.8906662552638347 5.990539333666771
-374.57355108659436 -31.210009693072685 17.390107007672622 4.991621655092054 -3.9690115529752736 6.525627595596077
-497.65622445584506 -0.7735972118871285 18.376690411811676 5.460704126081116 -3.8663641701119227 7.598817758395305
-497.663726487699 -0.7862480564883501 18.407420102398685 5.484711045322503 -3.939989289723087 7.683189907594098
-489.8009653818264 20.247719464766607 7.372417107574316 3.401777511686198 -3.7381991305394924 5.724454307507978
233.43445622225437 39.19445616738914 -34.369490680042674 -1.5013420836746334 -1.8559487750818455 -6.767571832356291
240.15094306479332 58.90220705562428 -12.13782617250925 -0.9041741339961277 5.107108203100348 -12.275837920884912
213.1400053759557 50.51221792916196 -39.111032642606126 2.2394515660105414 17.416151302193065 -2.673246025693661
-192.39240275347018 99.19240193824588 -9.215314540889613 4.490704758685975 -1.9331875283121227 0.12418820372034128
-192.31426873389597 99.42154081568015 -9.350942173072852 4.652753798194645 -1.9238446423751616 -0.20178011359639125
-203.0043378641857 82.0396445456422 9.443575668953631 -18.811933055109726 1.4325974076334156 3.481355707337174
-307.6550895646536 34.82060858626676 -45.963839873887366 12.929603887716203 -3.754712538922127 13.111599822487165
-203.18901455552574 81.55189720556278 9.585079431079288 -18.82047513397714 1.4219746479668682 3.792225820185718
-436.14158895068636 25.485944746121554 23.122977776170007 11.14443495008608 -18.482110694819106 -6.132698487592583
-436.1478645705498 25.47403891608524 23.145436004391097 11.163983424190935 -18.545391857768703 -6.060011435976075
-446.0762421702605 19.82022277735886 31.386308674379844 -0.29111322877309265 -16.299393189766686 -3.5480090268335256
-451.9603972868166 67.3375678881023 -16.161520949584734 -6.279523583523875 -7.517509541132759 9.17652266076937
-185.6166684085583 -1.1508584370827082 -17.74245891178105 -4.497942960531774 -7.651371462304007 6.5484854651857205
-193.5289259043983 -24.26900051053743 -6.348494171104279 -1.1692190440417225 -7.150863436425149 7.716716620088668
-187.29243215992412 -5.766501618541513 15.460344405589604 -0.11952287839697505 -1.9562832647228219 4.060170819194762
496.53687105724083 -10.4781578728374 -6.975642588327821 -5.7358028688637095 0.486494216419433 -5.377368933338795
877.1660062958466 -49.875636308063115 -30.779957262291987 -9.43292595753192 20.06800821821257 -15.719565823452175
-306.9635872454137 35.46288806259737 -46.1139330331285 13.110839565558777 -3.8392052077890755 12.460686221081497
876.3468558965918 -50.90402602076066 -30.76264276009008 -9.434129020841064 19.85302723856893 -14.668642943816923
875.6935469070304 -51.902890515574704 -30.73405769619182 -9.390416179954295 19.67493471970681 -13.843976890766049
875.6912054125538 -51.89312268160078 -30.714340240878013 -9.411337575571178 19.670404984024085 -13.82681232336853
876.4567530826332 -50.942920334735796 -30.746049890983357 -9.391055432166572 19.876030814490576 -14.842285347682546
869.2137728938557 -72.0007706666043 -53.74495672732658 -9.650775859538198 11.482692170359497 -7.904211787394933
149.62219812340936 -20.418848073485524 27.180093046382268 7.207217743135841 15.115821523327034 -13.206725257099208
1058.061254863231 -34.89873529634771 12.557271815263276 6.47543150079597 28.94000219580815 -34.155529059478866
1057.4967186818108 -35.63447127161881 12.698973192712712 6.440289345977468 28.67430315717463 -33.31101607167816
1056.9829457856724 -36.352993802660734 12.839237605889604 6.407457292753602 28.458888914350823 -32.5698169763126
746.9687767730729 -20.557039664876736 43.55326686529577 11.910066159234042 2.6400852153679697 -18.58343522902262
-301.7641596961965 50.607554416364316 -29.45083181033314 13.361503616775844 2.025742923277082 7.666855860943417
765.2039496294816 11.879874693163385 26.74319561507564 10.144133173415348 2.3189577741617113 -26.999732014369876
754.4541968714125 2.158941400924333 38.71500152248403 -6.878837460234772 4.33088025261865 -23.192996421361503
754.5444613995253 1.9743158883269882 38.747478477196026 -6.965215430263262 4.289460958664761 -22.983331419387174
754.5453410689416 1.994946312440386 38.78632374065959 -6.9810423048121795 4.280055905696688 -22.95722787883829
733.4298155410095 0.8195449959000607 -5.099394889884935 -9.05891654571535 16.43214740642541 -15.370133370049999
723.5028374807171 -28.329954745069696 -38.09383931387237 -10.003402756961608 6.310542843244456 -7.431012833079894
276.3910433384812 87.68195757770333 -37.16854148742772 -12.325685904726331 8.232596477856543 -0.47829955137211155
267.40449750231164 61.277622632067335 -67.1400024214067 -13.227481771715816 -0.8015859033190226 6.555174848623821
267.39008457400286 61.25283973213302 -67.08838693687964 -13.185580028766054 -0.9285791719184235 6.699973958823113
171.55983928901097 8.822252144801029 21.1822908452675 -15.314904966605626 -5.997026622466599 -8.652615645114766
305.7506584968472 83.47860218553535 -81.8276029478394 16.7325746231723 7.123204529587446 0.633772803126506
171.56251095162006 8.84035000456552 21.21709846153326 -15.320591991265099 -6.005602950245795 -8.632318965683865
172.0391643986453 9.2000007134788 21.236507570671215 -15.393517758943448 -6.009314040749302 -8.935143621764116
180.46693405183544 34.25473299766239 51.00378974644939 -13.852967090299591 0.6975026884955815 -13.53597420570525
159.96363651514395 37.12247783625673 7.804131076449906 -17.312235781140703 13.451999971796242 -3.5101969898760457
152.0956610389402 1.1528737277105068 24.755275806703676 -9.681352749788614 10.244553628654181 -2.872320666229391
151.8744612423078 0.7210554144713325 24.797235499584538 -9.653808186373542 10.21904414543193 -2.585593091548249
151.6026063273087 0.31607399272088005 24.838865490211912 -9.694557002022478 10.177191371845932 -2.141042148824849
156.5343831252133 11.545029330226813 13.287214914120353 5.011942554530382 8.759673598403747 -4.1378043262996
461.0750844658299 -58.234983919785634 8.475263060026045 3.2603512203110134 7.128302461233988 -7.880037644433943
-375.98065126002143 -28.467000578764676 28.79479397769807 5.7826241636955595 0.7539264875950257 5.168221401505512
306.276478651991 83.92973218937173 -81.96511401411131 16.891916815110452 7.112294736153129 0.06619093735224424
-502.0235836625116 -18.96617570804055 39.3261412657085 7.406863816645155 -4.431622310897989 8.245668961752726
-506.5710175329318 -32.545540882386916 22.853947118819377 6.389232912105061 -7.529878046174886 10.128239539925403
-506.5644720063655 -32.53286718025284 22.833607067267277 6.370530271146462 -7.469457677759027 10.059113944223007
51.579083504361726 0.8336490338833955 -12.608999271227605 0.9970645515472069 9.632537606433562 -4.410087116244944
46.77823033070646 -10.75799190047915 -0.9814435675005448 -12.921156191886913 10.441483320170036 -2.1187001651133457
46.778567902891574 -10.764842008663493 -0.9969202866909602 -12.91304284495439 10.445184766159043 -2.129174435707567
886.6552044952172 -18.808725189868298 -34.404417075670395 -27.058336146480073 21.15560760120084 -15.69294435818587
878.8448155068473 -41.47736135762605 -58.96114572230278 -27.2284590074554 11.810732658524856 -7.85993418794075
569.7313607941533 49.665734944200786 -63.158153065723134 -34.59754707505968 13.761339787550957 -0.39155465446101756
581.7684476182254 84.66651211571042 -24.922021279255024 -34.162444025089194 27.702730630313674 -11.91842345522343
294.46003847195874 22.408978552130048 -48.55415487535349 13.7076476121033 3.8150248700432483 -1.241956480105704
72.57314134229392 118.39243097070732 23.07873270282883 -28.60552848802773 -4.508075679381584 -12.768159941350952
72.55116347424332 118.35409001385621 23.166565576830468 -28.53511683133811 -4.727666057260417 -12.516298397912996
72.79880640073863 118.2393343375056 23.266940603536465 -28.68078276853419 -4.789024996358798 -12.276746492584438
72.24186999640379 118.01483720081494 23.1975528797368 -28.554893325512555 -4.742650332872222 -12.134891188826028
72.24096383488563 117.6999417915492 23.288828886297107 -28.557206845222108 -4.7494378996949465 -11.976483267354617
46.83605837201413 131.08249769124419 -21.442553109222192 -30.742547058276873 11.1069457939149 4.7529000430630495
35.17895719118935 79.82608724472006 1.7580489652442068 -20.285548059506688 8.944615766249097 3.6873659015233
293.55089445074356 39.42744522849114 -24.572577370458525 -21.757762995702883 13.095696214580228 1.307156479440935
293.85167556622145 39.765322620431945 -24.61062628050294 -21.71256116090948 13.130011662420852 0.8820703765333333
301.3996079556083 59.736805066237025 -44.790456880480136 4.116086705186245 10.83278753806715 -2.37981347025085
310.6115680754563 29.336319341317946 -25.83374395496799 13.589815541149246 -3.9488534035717064 -5.096782530012944
-219.3314782470847 115.03380638766302 -11.057399196414922 7.025474540311554 -3.1241443938175584 3.1456944911900195
-211.79840277897313 137.40979709115774 15.44298727654699 8.360370050405333 2.9773638249145673 -1.0746684186353461
-612.293596461711 82.9662713596775 28.911522324269185 8.33818087313378 -0.46176149960737645 6.641791127961476
-599.9932908369856 117.34926908447963 11.154059302827497 6.605466563323173 -1.5539176724371104 4.579860746659498
-605.7317706210489 100.36840844143414 -8.6536778270781 5.750277030802424 -6.621076132418585 8.271148610036311
-298.05685571455143 24.055220042302835 -10.992493253343525 4.42426447900217 -6.841816122806673 5.829801600635304
-298.0099450392259 24.005242010619614 -10.959651478296564 4.380393835259514 -6.849884950854256 5.878205798345359
-298.004223859837 24.015440737299688 -10.979731165552497 4.36359985315287 -6.79783764560194 5.818765772811575
-291.5905689369093 -1.6351057116668917 21.718959950074584 5.110276077368454 -13.331142995693703 -0.6970878077652822
-291.5898113763668 -1.6261656489283307 21.734138847748078 5.105195923445457 -13.334965410314123 -0.6872799369245661
318.30032117545045 52.14010218679991 1.0095270247870558 14.864440249989775 2.508376834196824 -9.666706367751782
-291.0329157838485 -1.0954997871962533 21.686859737175922 5.161887007515659 -13.432493156903831 -1.0967685350495624
309.72844535146334 40.88522169920527 14.121819476208566 -4.897289831856452 4.739283339071895 -6.09257547957512
-186.73211669591356 -0.26905394458376625 -6.141032269190147 -12.13977817263499 -4.72292571804581 6.2014047471362375
-319.0245847724865 -38.30341891858568 3.1299794561440537 -3.684370960095989 3.75572057196166 7.020908512362454
39.52236528008568 -56.889429402121735 -9.207036060430923 -8.215702008443548 -5.214735527450136 3.6835442159515903
39.58060644191343 -56.73740032074086 -9.235137599642524 -8.186673022876636 -5.1869003109787375 3.514005661963527
39.548556414040235 -56.87736481899159 -9.21763449927833 -8.20346058362717 -5.206310269606422 3.6356302302522363
46.80616433317899 -35.44357194291736 15.579908881944235 -7.232136257747527 1.492051616377747 -1.3678934978615405
46.79304222114515 -35.46544718425915 15.633934672630328 -7.190276749267391 1.3644526464599924 -1.221799908836875
46.63006539815865 -35.842657247965334 15.674874527067255 -7.178150628775116 1.292935621594765 -0.923525578970371
51.56664506276001 -27.945973387224203 7.396109378928746 2.970451081647065 0.14202375299306658 -2.8616102586302334
46.97316236468412 -41.49811421169204 -8.216757802617458 2.39107682944307 -4.191271122533998 0.4123913008711432
-144.40853733225524 -44.76929219832394 15.236722472488884 5.24179328846157 -12.471535709742696 2.047946827322138
568.0100291035262 -75.48280883858615 -7.348345809233603 3.19972407608537 -17.03892652559691 -8.731075586011709
-318.621032607992 -37.73732349640735 3.2288432408289762 -3.7398999381949904 3.891863128157963 6.491802342108927
568.0110340773631 -75.47187743460942 -7.329672603063045 3.1939999668470147 -17.04360185178265 -8.719202571391172
551.9963399208156 -100.39277891854695 4.0068402782454955 4.9747879181936305 -12.957512260338188 -2.6393772704097342
548.1217409744002 -82.73044509220288 -33.23286646023753 2.771980175085861 -8.454556730709612 0.08920771567209407
875.5647543991975 -97.20907841184281 -39.95988857084644 -7.71026948239543 -4.740147821660827 -7.041139541237289
881.9922362522955 -88.96867124889326 -49.462504475890434 6.454246962584493 -6.224986009459677 -9.687732831023945
895.7620331217375 -54.25275831551083 -66.74027866227152 5.37156485360445 -5.163079727045819 -14.28777140554484
895.7616329712221 -54.27645924081726 -66.77698623742218 5.3935606772723315 -5.153753874023459 -14.31445332287503
526.5464391334244 54.114007361637775 -74.23597671026359 10.009368631083237 -6.887105951448953 -11.57774534689918
496.90437757058857 51.465338852845505 -98.67290558058501 14.413442684611207 6.142935156380623 0.3080600946511751
495.6828944199814 50.23384746141976 -98.47261480223852 14.146144772806107 6.161671084966763 1.5336194653732882
-319.7711121563531 -50.15782746824067 8.161659426924048 -1.7010733215269058 1.4835524231298272 6.195209232769521
496.6164577194955 51.10256532785937 -98.67984843872186 14.398514792514556 6.165061565153245 0.5338199312037513
-187.24468016258172 31.181932301857696 -39.56217910470328 11.961067718407884 1.4508571445692944 7.606884137852184
-187.2392517842653 31.190661749101974 -39.58262381179538 11.945213435990482 1.4945726764227278 7.55500718600812
-181.32197811458485 48.365956907448485 -20.922696106962846 12.10943828179445 8.449407606375336 1.7779789056069857
-182.01913964451785 47.49265880778084 -20.79567637035288 11.979085784807351 8.39123061195582 2.537993469683437
-445.16867538462367 75.15329689997102 -3.653204798203424 13.441917625127111 -4.7666066034981505 3.9495143544279956
-439.2455841413038 92.67109778268755 16.734707101624636 14.299087678655422 0.5329327591086287 0.057493574269284586
-18.605511433483898 -34.63055684989497 -27.490753636674707 -11.566340306555277 -9.921298575650725 10.004606906850352
-615.8209492096144 -16.664787043615785 10.8117856296724 -1.6307215996775988 -7.770874030935957 14.110543677283129
-614.3922008970262 -28.534681421079775 24.874953607899972 1.3861750994193127 -9.991718927417006 10.926856364217777
573.4941626729477 -101.61663769944204 -32.791006042645115 -11.707043750340638 8.58755433260251 -5.82606198236946
-612.266388425723 -22.162784880389527 32.73889722062179 1.9357278472370423 -8.749180245189772 10.28150659259367
-820.4130313151406 15.479899438230238 43.14893400788232 1.1050126166479877 -8.103627940847085 10.616902919670691
-820.1533641016215 15.754631209498486 43.14622391492574 1.1096864599010807 -8.15784788135746 10.377323987303042
-811.5221927031901 30.281745114018264 37.200443722701046 -2.9870628873272245 -10.884060678206286 7.1438325542937315
-807.1568644677558 43.34173451236758 53.179478880406194 -1.9354857243668593 -8.119499364693697 5.573066776045413
-807.1621554654523 43.3316635843255 53.197902583503456 -1.9192967772464602 -8.171852503536321 5.633143996585628
-596.630432168906 42.05542972808593 25.794387244740193 -8.353401467667961 -0.31032410125852006 7.561085400089437
-596.832385965401 41.647587212054766 25.825551605002016 -8.374911644745604 -0.3631360481249548 7.954355667852233
-590.6094924546935 51.402803229299984 15.395214188570595 4.203579178941548 -1.99990523267171 5.832152313298583
-590.2211981938013 52.15249583034453 15.277362905111177 4.330059262733939 -1.9728920041695792 5.177534782672811
321.5739234250944 -72.09989355953323 -22.705037180103997 -10.118594448120426 -2.8107733983622643 3.174897818196155
-590.221094673728 52.16136312314009 15.292411398721145 4.321621682421792 -1.9766322758258825 5.18818817072225
42.30003448570777 106.29427255144424 -38.250701773938076 -10.708608926054554 3.8975305119413926 5.6286243985190065
52.6648398067349 123.29893831840658 -57.335653743309635 18.137473994353826 0.9786095645552492 1.000089716516418
53.08316927080839 123.77275588105215 -57.50887417884597 18.339490851019498 0.9409972032891303 0.45310252415987307
53.072771849665386 123.75448376781578 -57.473329880496934 18.369093766694423 0.8505791201545777 0.5561242688436712
-453.37089168449893 74.77308336575044 -14.83826796990036 14.343415102893818 -1.7378323223903809 7.620266740386687
-147.33566884242057 31.707550420927447 -28.37336347127436 11.536493470767136 11.039461818970913 2.733664243519458
39.40844181514718 -22.910444938176305 -23.389919965504337 7.8808203153153356 9.423271790469354 -1.6362305255984033
33.04339424442914 -41.18536271192672 -42.53147765666026 8.064894045690044 1.3117991558958562 5.416255658354112
33.0420072832747 -41.181775999137805 -42.526785340957716 8.05477129367689 1.3108437838768143 5.4225708421338545
326.05201397529953 -62.55199085273618 -32.5283313755114 2.4334683835230377 -4.166199684404977 1.4032723611784195
42.77031736776021 -31.8944393339438 -36.21886763019359 7.464426921175492 -2.129429687575664 3.343450611076354
46.662050885323026 -20.571690628413155 -23.82567708895711 7.616636096212735 2.3563248650165844 -0.35850906505564084
46.02037290181698 -21.356988281390993 -23.647458457321424 7.510661450234293 2.2678941680517024 0.43216355487699504
46.628406056608746 -20.565551032801853 -23.84968506681764 7.6100868873845755 2.35507127066776 -0.3210878817699729
40.70733332639722 -46.203665401867575 -8.979564405989755 7.536000912736804 -0.005058493779077772 0.8797752857609241
154.33558341821052 17.873328340817427 -27.6631148930175 12.002319106444814 7.333179829149427 -3.2332192539482323
153.99954573123176 17.482452899673046 -27.51716132058044 11.903086056214374 7.32906665308257 -2.8699882399580305
169.80142224960463 24.40402325867545 -6.364494690086121 11.555837507158998 -0.1712571172069069 -6.700500511228973
469.55693264988804 -51.348676338730264 -7.181145549082072 7.845155366603285 -0.08756577003595067 -8.735460780928246
480.4552040412744 -19.113780380516317 30.351041859915906 9.43175218566709 9.635575712715593 -15.862059504721946
326.2026169697301 -62.303521161235984 -32.60247135634117 2.4776538388320146 -4.164902161871288 1.221737849784354
491.919636017249 9.398722352801139 15.506111186430665 7.794441721839517 12.851750934164354 -22.32064489627137
491.6740726759571 8.961656900512324 15.59199790312417 7.718181294531316 12.73638843928701 -21.846099992840287
491.2489079172473 8.1410385290968 15.747192029080042 7.595585563442548 12.535160190877631 -21.003354203116405
238.98885262067532 -0.020250880457187065 53.33736294092864 12.18943316775693 -6.944930909290525 -13.49228625029044
230.58522095359788 -5.745680405328315 61.05235990349306 1.259945754945536 -5.180341131029615 -10.940531816144988
230.5710923851566 -5.772461170555151 61.10197450161502 1.3033138472736558 -5.320342720273972 -10.779864875215612
221.3636811652881 -33.30897523329572 27.464626262706982 -0.8845258936539044 -11.236220397206436 -7.367735575037703
-495.83635290997967 -16.00399623451169 38.289475580649615 3.7101856070110086 -8.428334942058711 5.424372436874313
-495.83700073051205 -16.011580391530348 38.275376456782816 3.714265138329183 -8.424913168876705 5.41530427716174
205.36006985963297 -10.299412396499026 -20.974534701830628 -5.134492555753745 3.484146930119903 1.0184410203436893
326.2044764027817 -62.30550820506928 -32.60620378438219 2.4876183029640515 -4.164230553667012 1.215956390251261
