141.7145510913195 4.645660479584033 0.8177136326693161
141.71496682595517 4.645303787462384 0.8170187727138286
141.75898967862506 4.658820794084097 0.9437463427956304
141.75442101298407 4.660973827008492 0.9171874224981312
135.99200850083847 28.139379089293232 1.6878419846585067
319.74010756421455 0.6049831331033417 1.886976441760227
110.65614399510143 -5.378278258221806 2.011405609447927
-347.2330867332542 -9.488559500284499 -0.8672335740931605
-351.50571467954376 -2.4471618468077154 -1.4092830801432645
-351.47594975185 -2.4831219788211634 -1.3847470929209873
-30.247470500144125 14.794357183653354 -2.157417921027903
-351.4766404983915 -2.4825293295465847 -1.3835925823156652
-354.6503456648821 -1.6750214900686864 -3.5637864598608378
-354.710656879105 -1.6711055649753574 -3.597239461293977
-161.55549061040387 -51.81293029442368 -3.423083691661283
-160.4434820399212 -52.22320150467806 -1.968917647532182
-175.9743741276638 28.498066011683076 -1.523501792923719
-175.97451167009456 28.4981840203699 -1.5232719041354643
-178.65687943895452 51.510626262196226 -0.7145392727889216
197.6751097760985 13.643241058680424 0.5380295653531623
198.1953077176944 13.661252600138413 0.6552977824195194
-30.24699678556435 14.793950721083712 -2.15820962769919
197.83510596650214 13.631222731926515 0.5268061116063206
197.8352781862985 13.631074970741368 0.5265182629812285
458.1590005254068 21.24370180022039 -0.31495147309639915
-47.1535266718521 7.30668480769521 -1.6873199740625566
-47.15551696475684 7.306716780698303 -1.7027952291401545
-47.15625418436308 7.307349303106394 -1.7015630436330285
-47.22303156933945 7.362852532753933 -1.7608593881038235
-197.16217794867876 -10.713627288209535 0.4272555953104249
-197.16361100883336 -10.712397633198176 0.42965057140623497
-197.1625952098674 -10.675723566504168 0.4073817938107879
-30.248701332244984 14.795413328473762 -2.1553609346114158
-283.58931044982415 -9.226388700313224 0.5779435242637501
-283.59020982248103 -9.225683497916721 0.5702954408735783
-283.59025718710734 -9.225642860936846 0.5703746081800103
237.94180308776237 -4.852445051838487 4.886621976868178
237.81886944713028 -4.841992343394192 4.827057125185496
237.81877977028486 -4.841915404013345 4.827207014671364
246.71886669206427 -35.195225914231976 3.0445674871784085
-10.315267801243058 -17.45393168599571 3.3143949896966407
-10.118761394532767 -17.401160808734275 3.3687748423732007
-11.964624031107038 -24.420463500291046 1.8590298776366103
-30.24885799331151 14.795547736912196 -2.1550990855488674
-13.683941680379093 -23.762575003935453 -0.12899949113100662
99.03106017474845 0.06131244894497424 -2.9529457036356233
104.33377394935863 -1.309061896960494 0.644331956279977
112.26434125894838 -15.391336973730368 1.4682391486209436
111.8906970356358 -15.398492836192545 1.3917152664339931
111.78781524500413 -15.366602715056025 1.374168794528444
-140.56508459631357 -46.636087572378024 -1.8333610947012455
-140.56508459631357 -46.636087572378024 -1.8333610947012455
-140.48250292848033 -46.617779331133775 -1.81780462673631
-140.48250292848033 -46.617779331133775 -1.81780462673631
-30.295822015840752 14.781878141643798 -2.2381578869362566
-140.4810861472682 -46.61918821164013 -1.8231110232783259
-472.8017018034815 -30.10901446119796 -2.784491881439207
-473.31000381766614 -31.95583021490284 -3.07579443587659
-324.61103265703144 -35.77125761113761 -2.330679065925129
-324.61103265703144 -35.77125761113761 -2.330679065925129
-409.55982693957816 -20.457491435674932 -2.0738568782472795
-409.5597434515894 -20.457563073583508 -2.073996406068864
-409.62527866418566 -20.467912637587055 -2.088206364577049
-409.48690345012295 -20.4518501360877 -2.072750695160796
-408.77234084127423 -20.750893557423275 -1.25984597070542
-208.59401148425883 4.391740376533521 -3.2665660850823404
-408.07389693866577 -17.285963284002825 -0.5794185835972976
-413.5775974971857 1.8309822964054188 0.5894142176524688
-283.25765527885017 -12.380535827872103 0.20648397456052292
-283.25777883917385 -12.380429808299969 0.20669047855287515
-283.2575838884499 -12.380597083618568 0.20636466115749807
-196.26236761114194 -14.143334832755814 0.1559866849829018
-196.26393446544824 -14.142093409295933 0.14430399709150366
412.5944485376323 -14.685346113086341 4.034480765231694
412.5999970477708 -14.636451144578574 4.02400139931814
410.03958959734626 -6.33665028125237 2.3126979217671115
-208.5943189041242 4.392004137727023 -3.266052264947102
410.03707767499316 -6.335591630341176 2.2967000866430394
409.9837698971792 -6.268943457576501 2.22239709321212
404.13077835003133 -4.732087151413196 -1.8755841655690009
-200.49576955923334 -9.165463928467267 -2.8107284683414333
-200.4562135678823 -9.165960683154633 -2.7608477371234805
-198.1286652590666 -16.303659855471864 -2.5213864362922047
-198.1289640612187 -16.30340347158235 -2.520887054005532
-290.61404779538634 -3.835283112141326 -3.3499289514770956
-290.6586083351537 -3.833920175164484 -3.400094555246273
-291.7444233457772 -4.8345920963837745 -3.7768304039772564
-49.46821666580538 1.885742533313292 -3.5274685317668517
-291.74544972803295 -4.833711396380628 -3.7751150810253113
-291.7453746471698 -4.833775812807711 -3.775240574471555
-419.28969912981125 0.8901059445944053 -3.9198014422465457
-121.09391472318656 12.265673270740809 4.251358918072782
-120.00071029140203 -1.074680356652189 2.5013002204930705
-120.12722593180361 -1.061247074158767 2.446502609743628
-120.04068083385513 -1.0578963966713832 2.5206834645973677
-120.03872959295438 -1.059570130180673 2.5322155525440286
-308.1196367708698 -11.860054649102025 0.6047357235886652
-308.11964281837214 -11.86004946060865 0.6047458317010426
-49.47911048527314 1.9243701933698951 -3.5592756974000723
23.21547362103534 -10.700855296388584 3.505158236930416
23.21562891994711 -10.700988540308513 3.504898671077457
395.3301385789894 -35.25201198251136 3.6520338441403997
388.6077930027672 -13.970467677550158 4.735429056270364
388.6079584079906 -13.970609591961018 4.735152597528613
388.65995902673683 -14.028067326972687 4.740276514791148
383.5271476333684 -11.85485759369137 0.09299728932373075
-240.1309548252517 -16.42554797015146 -1.7563595281400803
-240.1311738438925 -16.42536004362103 -1.755993486493339
-240.01296834460246 -16.424974635545627 -1.7037877568434654
-49.47659965711528 1.9254302527226475 -3.535787170542586
-196.0133754650342 -10.81852305667576 0.853485628138983
-240.01171569563562 -16.42548759522513 -1.6988076195462214
-330.91134131114876 -6.268760899520323 -2.078309990974733
-330.9118050841251 -6.268362953376172 -2.077534918701057
-332.5998467461224 4.387577609004156 -1.7456169626772584
139.92262394102232 22.373995931461497 0.2546388296078249
139.92271477934352 22.373917995692377 0.25448699829030097
128.32891096111123 29.849770752641245 -2.5643541147149627
-160.16539373537796 34.91628369432235 -1.8806333657051413
-160.3858103678026 34.897374506544644 -2.0286771718490075
-152.52933540408608 31.624388929118446 5.233016205486169
-219.2876251084674 24.34726115548724 -5.145725501612662
-152.40339441218862 31.512698414991615 5.30696677940027
-308.11819789952676 -9.131305887461332 -1.4510369859603394
-308.1182738970905 -9.131240683997236 -1.4509099736530935
-306.1581820435627 -9.330021307676253 0.37350734142441055
-319.7472016924039 29.85511878605421 0.427394763149602
-123.14696266898733 5.964531670330215 0.5511791281917248
-121.32770309391147 -5.830168753208225 -0.13331131966192
-121.32767752133496 -5.83019069335975 -0.1333540630166462
334.53541574903454 -0.6510906118516582 2.274991728621438
601.5469204341376 -6.6579285032089235 2.242847197428744
-219.2655540209541 24.338013128181444 -5.235729601942704
601.4795386710431 -6.6516134396551845 2.310178031378964
601.4634398483216 -6.711978840193463 2.3044874807497346
601.4676159944811 -6.713574394738032 2.3356680028700847
601.5215767575768 -6.724414186679872 2.2442961894345443
601.5215206712204 -6.724366067045685 2.2443899349078094
105.31063152470712 -17.671272566453098 -1.988337881616216
712.2659308506995 -20.386227136543162 -0.8166479864765077
712.329183304143 -20.39466459703031 -0.7668098667362022
712.3785652831984 -20.434022491993208 -0.7371484644174315
498.39710663739174 -24.960223198632608 0.04915460235992608
-219.26551708270148 24.337981436768068 -5.235791342477422
497.0857263021607 -11.865224840388242 0.3068763943414554
501.97983406818827 -12.82367052521033 4.2130019032322386
502.2600150043004 -12.806857159604835 4.297708117661269
502.26385669326385 -12.808471786164208 4.322205936794602
491.34271654982325 3.8390425436832882 2.8556705566658995
491.3418308864457 3.839802477330292 2.8571507486341834
161.89801450150654 45.76596948996767 2.358689439566541
161.89726509409104 45.7666125107339 2.359941909762861
161.89567822082432 45.76797414698908 2.3625939432707326
114.15588244879824 -2.5913794538178485 5.489195082994061
171.3056831985718 49.62919618472175 -6.229070432758714
114.15889701303294 -2.593825865349187 5.501278652071233
114.45478500715659 -2.582333868535263 5.5700893816944
114.45484524398147 -2.582385549280351 5.569988699456735
103.18952123218155 17.05559903717207 5.045934773314043
107.0132811296155 -2.7322331918262757 3.2637089433971633
107.04654547070483 -2.7902644208776595 3.268439882771367
107.09015800081474 -2.786480370278414 3.3577027470048733
101.68546832697066 -0.44966240843310673 -1.35109977450217
324.258013090688 -23.42318979381102 -0.1856833152661368
-240.43215218896916 -18.511015249614683 -1.9657780430855856
171.3203474607729 49.60779140304421 -6.350263124294969
-327.53489192168837 -18.620218304529487 -2.015730710954986
-327.53493659082557 -18.620179980170338 -2.015656049004158
-327.534600113118 -18.620468699033825 -2.016218381342683
34.3747744013136 4.229913865022339 -1.3466630555003924
39.82768493582233 1.7895215378193405 3.545226761407794
39.82542457799939 1.7913744418180892 3.53088618542311
603.1239192728057 12.051517800720486 8.382058826424364
603.1232075703729 12.052128468441584 8.383248278948228
374.2262268615414 49.34149627802299 9.9845944964681
374.22706221067267 49.34077951471814 9.983198392906253
183.47017809318476 18.550628457821762 -4.432243133807205
18.887163493450352 36.83593569969542 9.13155774633724
18.886201858441364 36.83676084183245 9.133164861935137
19.337087377576875 36.862324207470266 9.312272438637427
18.819790689108917 36.85335342657739 9.164977688080372
19.017635240855437 36.76081423774892 9.218049699175712
3.411775978775042 63.30308560726381 8.354613027007268
8.60296567642056 35.004424419717786 5.6979734747042485
191.9758407480205 28.92108761235724 5.736583243039903
191.99177381810242 28.902076898375878 5.637941286208331
182.11454344200834 33.151665800216435 -2.727748708971769
189.70752765185347 12.731454199757719 -3.0051291823896245
-183.07558691592993 40.65880627615616 -2.835960681185252
-183.075551788068 40.6587761381677 -2.8360193951080634
-431.89425806309555 18.9557294119666 -3.1999607514342543
-435.6236852893662 35.467167544379976 -3.136250702477164
-435.62371086278927 35.46718948479066 -3.1362079581446105
-208.1230660305232 10.08004728469129 -2.0621352626545804
-208.0032806701624 10.077491753248225 -2.0204577639971393
-208.00279909373413 10.077078568521243 -2.021262668637577
-198.06483027192974 -12.24932790092102 -0.7498631708906821
-198.06365762409942 -12.249433527721077 -0.7429254690581784
189.7075580957889 12.73142808016802 -3.005180067682745
-197.92577286992557 -12.253705926661912 -0.7030472643869867
196.59626596363782 11.11793801739828 1.8370222293495837
-120.77013118775417 5.705761252087774 3.2811906674497746
-197.53107702352366 -11.535778692321566 0.17130509107685765
44.85282637744246 -14.429936690969564 2.5455236243311727
44.77965022762867 -14.429874666720469 2.491426491355353
44.86026963076769 -14.437817156998848 2.527369828790517
44.86064443015067 -14.438138749476229 2.5267434337916352
44.859706492937235 -14.4373339408343 2.5283109445565723
44.93068959644616 -14.489837934264624 2.567438528523376
41.529639585262295 -13.031127821814414 -0.6655908733663491
41.529578011252696 -13.0310749937444 -0.6654879558735685
-86.15170862515127 -23.458071835292213 -0.627533405688359
393.16203060258687 -30.030892573407613 1.4513594841246886
-197.47381312433498 -11.542997770297788 0.15139058966018337
393.16353022716635 -30.031163693535106 1.4595298640846506
393.1608673853733 -38.69405313182078 0.9440451551282536
385.54636404463287 -20.237175687066358 0.05990895246619421
609.8251984460331 -21.410781773246224 3.23845666140087
604.9431004356895 -20.263248331268915 -0.2913007935954468
601.4702695823403 -4.121029529165467 -0.40098985570969115
601.4655730984551 -4.12159074439826 -0.43155089827568593
320.9668454175968 34.265146759497796 -2.3936685111322364
307.63126632656497 44.2868192801717 -5.6053184885508305
307.60595869869354 44.29441529316725 -5.463680747974148
-195.4830646136535 -18.278553623885557 -0.24292297867794188
307.6210522441979 44.26898054699042 -5.6481663743973645
-137.47629563137815 21.121852041824773 -4.887248907170118
-137.47551989789852 21.121186475187084 -4.888545464444569
-137.47519661992294 21.12090910904535 -4.889085792248947
-137.4581254595061 21.071956238599228 -4.827332782105823
-324.3016364650311 23.19265207683043 -4.234046785470059
-324.3014201740932 23.19246650590326 -4.234408291742126
-0.2001556716601184 -0.30376152892936714 3.1065880142049425
-402.66123656609824 -6.951301115900728 -0.31964237723944144
-399.3819545002411 -17.35480519309117 -0.8339658976763986
414.15618824139244 -22.958266542416215 3.260026813427639
-399.3819331644245 -17.354823498784 -0.8340015584122527
-548.2341796528597 -7.536196156735544 -0.8993388336959796
-548.1706428247866 -7.552494882999827 -0.8900836162919075
-547.4123742551868 -1.9384598526007113 0.13346123611228666
-547.4123331325314 -1.9384951349468795 0.1333925020365756
-547.4124497522006 -1.9383950770813558 0.13358741992863532
-404.33797994641077 10.983903065868807 1.929232892910333
-404.23498210287727 10.978734017871561 1.997360172242089
-408.4200132496446 12.825822337158463 -2.1047784355091785
-408.6801106941467 12.83807459048773 -2.1859803202956236
237.51213354187058 -14.850150507972133 3.2747600115055393
-408.6781890484198 12.837790558584114 -2.173622466974952
0.38329356155934474 52.2741675031096 1.5416104162430264
-10.449925860655373 55.027784739558896 -5.891872461665585
-10.567065338626671 55.014425142220475 -6.025901396188298
-10.568203319228163 55.015401510587566 -6.02399938125162
-328.38984898077354 27.569704627313925 -5.112748744531032
-108.75732679915949 17.701782168826263 -5.143814865488854
31.578977999475093 -2.947942902724678 -3.534428694839047
31.578922979481867 -2.9478956979672946 -3.5343367315432026
31.580492176449173 -2.9473227696902287 -3.5207756407734463
232.95780171028758 -12.908779940062574 -0.6952122722375913
33.795628366850686 -1.7467910014830665 -2.782561465670374
33.79565220523424 -1.746811453778476 -2.7826013103930936
33.871138189299195 -1.7607102098478078 -2.729095274073372
33.80975141012842 -1.7151283727834188 -2.779756991101627
38.32074981107664 -14.993197749483585 -2.2293488371894474
93.43159617729803 11.275197319826258 -4.114481619037421
93.44609497998555 11.237254813335811 -4.0460115726180055
99.4949263256287 5.975803783440751 -2.6160639664047176
322.7415579636523 -18.97485356876444 -1.0615512581161115
322.741869419406 -18.975120791645328 -1.0620718261048174
232.92132948507785 -12.86954129021261 -0.7312231717868518
319.89706976124165 -6.068265387131397 -1.144495669854376
320.04932670298825 -6.064931316270247 -1.0857274827099257
320.3595659261854 -6.069966231451061 -1.0014720751516513
152.7114871797265 -23.183824335434277 -0.15954486672734713
155.09716649951605 -23.561973312814548 1.904075030762364
155.096849940592 -23.56170171041978 1.9046041259064665
155.09683789185368 -23.56169137313 1.90462426480358
-325.01273979897434 -18.580266034994914 -0.9206242639056619
-325.01381481315497 -18.579810550706714 -0.926868917136344
141.71419325143344 4.645967499105995 0.8183117272580122
232.92017041800983 -12.869934484654761 -0.7444813961468852
