196.1875 0.985015869140625
194.84375 0.976409912109375
196.53125 0.9972686767578125
196.1875 0.87274169921875
205.25 9.860595703125
435.875 -0.90203857421875
137.6875 -0.7901611328125
-487.8125 -2.569427490234375
-485.84375 -0.821197509765625
-486.3125 -0.83709716796875
-21.0625 5.228240966796875
-485.71875 -0.822113037109375
-480.177734375 -0.5371608734130859
-480.890625 -0.5379695892333984
-261.171875 -21.23303985595703
-278.1875 -22.43389892578125
-211.28125 12.839065551757812
-210.875 12.840744018554688
-193.625 23.5206298828125
284.40625 7.3697509765625
286.265625 7.328376770019531
-24.25 5.22296142578125
283.79296875 7.343986511230469
284.890625 7.342071533203125
653.0 7.27783203125
-52.625 2.624847412109375
-52.90625 2.620758056640625
-53.5 2.63128662109375
-51.6875 2.64605712890625
-281.6875 -4.803314208984375
-283.859375 -4.8672027587890625
-284.5625 -4.862571716308594
-21.8203125 5.406120300292969
-402.328125 -3.2432098388671875
-403.4375 -3.114715576171875
-403.03125 -3.11431884765625
309.25 -1.870391845703125
310.375 -1.8634033203125
309.25 -1.863372802734375
297.875 -12.55926513671875
-41.125 -4.5894775390625
-41.375 -4.6007080078125
-47.0 -8.43359375
-22.0234375 5.408771514892578
-42.875 -7.82757568359375
147.21875 -0.6175689697265625
139.8125 -1.1281585693359375
131.5 -5.1544189453125
129.75 -5.1209716796875
136.375 -5.084716796875
-233.0 -18.7314453125
-233.0 -18.7314453125
-234.25 -18.7337646484375
-234.25 -18.7337646484375
-21.71875 5.398582458496094
-235.171875 -18.93944549560547
-673.33203125 -11.571823120117188
-668.390625 -12.85675048828125
-475.9375 -14.261566162109375
-475.9375 -14.261566162109375
-579.90625 -7.09197998046875
-580.15625 -7.070068359375
-580.28125 -7.06396484375
-581.375 -7.083740234375
-582.25 -7.30206298828125
-269.875 2.10107421875
-580.3125 -5.485809326171875
-572.53125 1.2793426513671875
-404.8125 -4.478477478027344
-403.90625 -4.4781646728515625
-406.40625 -4.484092712402344
-285.65625 -6.0086822509765625
-283.765625 -6.013671875
538.59375 -7.674530029296875
540.34375 -7.67095947265625
552.8125 -3.66851806640625
-273.375 2.10791015625
551.25 -3.66827392578125
551.25 -3.64801025390625
562.25 -3.12890625
-276.5 -3.7435302734375
-276.53125 -3.73760986328125
-282.65625 -6.4756011962890625
-282.59375 -6.471527099609375
-393.96875 -1.5995330810546875
-394.21875 -1.60321044921875
-395.162109375 -2.5917701721191406
-55.1875 -0.300994873046875
-396.0 -2.48565673828125
-396.21875 -2.48797607421875
-565.5625 0.6046676635742188
-168.1875 5.559600830078125
-174.0625 -0.138671875
-174.375 -0.132537841796875
-174.8125 -0.1302490234375
-174.703125 -0.48722076416015625
-440.140625 -3.6158065795898438
-439.875 -3.6159210205078125
-53.9375 -0.288726806640625
7.609375 -3.2212677001953125
9.4375 -2.91510009765625
498.5 -13.4150390625
507.5625 -6.07464599609375
509.4375 -6.0780029296875
507.9375 -6.09991455078125
518.125 -4.934326171875
-343.0625 -6.012176513671875
-342.0625 -6.007171630859375
-343.875 -6.013916015625
-53.8125 -0.277557373046875
-287.4375 -4.419486999511719
-341.0625 -6.0155792236328125
-457.28125 -1.8669624328613281
-459.0 -1.9028472900390625
-451.15625 2.736480712890625
215.1875 9.829071044921875
214.46875 9.827529907226562
216.3125 9.266571044921875
-183.03125 14.38671875
-182.0 14.401397705078125
-195.625 12.4677734375
-260.96875 8.335342407226562
-196.40625 12.412017822265625
-428.1640625 -0.7245559692382812
-427.203125 -0.7210159301757812
-432.25 -1.0335693359375
-417.40234375 12.748680114746094
-168.1875 2.956695556640625
-173.8125 -2.0408935546875
-175.0625 -2.042694091796875
451.0625 -0.50286865234375
816.5 -4.956298828125
-261.65625 8.324935913085938
816.5 -4.940673828125
815.0 -4.95654296875
815.125 -5.06268310546875
813.5 -5.0732421875
817.75 -5.07080078125
134.765625 -7.559272766113281
969.15625 -9.679244995117188
971.0 -9.680908203125
967.84375 -9.704391479492188
662.875 -9.34405517578125
-259.96875 8.327774047851562
674.5625 -2.990631103515625
665.625 -3.572235107421875
667.25 -3.5965576171875
667.09375 -3.60693359375
673.5625 0.30645751953125
677.28125 0.329864501953125
257.625 16.943603515625
259.40625 16.95623779296875
258.509765625 16.7697491645813
137.75 0.875
308.5 16.78729248046875
139.25 0.5931854248046875
137.75 0.556732177734375
138.6875 0.556060791015625
143.609375 5.421875
133.34375 -2.1108016967773438
135.28125 -2.1274948120117188
135.3125 -2.1298980712890625
143.1875 -0.937713623046875
426.125 -10.03839111328125
-341.5625 -7.190826416015625
303.75 16.7674560546875
-466.59375 -6.78350830078125
-464.5625 -6.78009033203125
-465.34375 -6.7610015869140625
55.3125 1.00506591796875
48.125 -0.1000518798828125
45.6494140625 -0.09394073486328125
823.853515625 2.7511844635009766
821.3125 2.75299072265625
536.71875 17.230987548828125
536.0625 17.222076416015625
290.125 5.4488525390625
34.34375 17.274932861328125
36.59375 17.343658447265625
32.0 17.29888916015625
33.96875 17.354522705078125
37.9375 17.307647705078125
44.125 23.73333740234375
26.5 12.70831298828125
276.25 9.249786376953125
273.625 9.224197387695312
289.6875 11.14959716796875
286.84375 4.9227142333984375
-206.125 16.50762939453125
-205.625 16.510498046875
-570.125 8.16015625
-558.0 15.1431884765625
-559.75 15.14129638671875
-272.71875 4.712615966796875
-271.84375 4.7077789306640625
-273.71875 4.697845458984375
-283.125 -2.75
-285.5625 -2.75360107421875
285.921875 4.9174041748046875
-285.0625 -2.77593994140625
274.8125 4.13671875
-172.4375 2.661712646484375
-289.6875 -5.334686279296875
39.4375 -5.53497314453125
39.9375 -5.532623291015625
39.8125 -5.538787841796875
40.59375 -5.54266357421875
41.5625 -5.4898681640625
39.875 -5.51385498046875
45.5 -4.67901611328125
45.375 -4.67633056640625
-141.8125 -8.033416748046875
508.5625 -10.48016357421875
-287.6875 -5.342132568359375
506.3125 -10.6217041015625
502.0 -14.9820556640625
511.5 -8.54443359375
811.0 -8.96484375
818.75 -8.38531494140625
830.1875 -1.36834716796875
831.5 -1.344970703125
493.625 14.538330078125
489.875 14.4078369140625
487.625 14.431549072265625
-285.65625 -7.603973388671875
493.125 14.40252685546875
-147.1875 6.91058349609375
-153.53125 6.888427734375
-152.689453125 6.886575698852539
-152.671875 6.878089904785156
-411.125 9.8614501953125
-416.125 9.85247802734375
-12.0625 -0.243865966796875
-563.46875 -2.3008499145507812
-566.625 -5.878448486328125
537.6875 -10.85980224609375
-567.4375 -5.87890625
-762.84375 -1.6773681640625
-762.28125 -1.69317626953125
-760.4921875 1.141326904296875
-760.3359375 1.1415786743164062
-759.609375 1.1447067260742188
-553.71875 5.2634429931640625
-554.03125 5.2613067626953125
-543.96875 6.341278076171875
-545.34375 6.3564453125
298.09375 -6.693756103515625
-553.625 6.166877746582031
45.8125 19.81756591796875
64.375 20.89453125
59.5 20.87347412109375
63.21875 20.887054443359375
-408.625 10.789596557617188
-116.375 4.99371337890625
54.0 -2.7279052734375
54.375 -2.72613525390625
49.65625 -3.5041046142578125
309.9375 -5.781425476074219
55.11328125 -2.018238067626953
50.859375 -1.8473739624023438
56.078125 -1.8254013061523438
55.4375 -1.829376220703125
46.822265625 -6.625796318054199
154.765625 3.055816650390625
154.296875 3.0474014282226562
154.953125 2.7805023193359375
427.25 -7.46923828125
432.53125 -7.4632568359375
311.15625 -5.766204833984375
441.28125 -1.8112945556640625
440.1875 -1.8087921142578125
447.40625 -1.8228607177734375
192.5625 -7.30474853515625
181.5 -7.67919921875
184.5625 -7.819244384765625
180.25 -7.822723388671875
-466.3125 -6.085968017578125
-464.5 -6.022430419921875
195.5 0.9876708984375
310.03125 -5.76763916015625
