204.38755624902527 18.913639363796126 23.897585800175325 0.8091836861306005 27.26075582079415 -15.77185228121082 27.86029070068002 13.102542484328653 23.060213911965945 1.6052490832231787
216.1762540221167 17.899399819997207 30.938052955143966 -0.13753762486506815 34.95040149388521 7.009196465328079 52.4938453157961 17.61044366626574 42.86123964597895 11.367220293817441
211.9833359600382 18.56410782698021 30.206824037169994 0.272648555145559 33.222004840734165 8.36845228216387 51.848094543618174 21.580412640136704 40.882276661504136 10.501994318866428
211.95343701475542 18.55240220509315 30.19708651069785 0.2603576341992482 33.19875938078671 8.263161658159936 51.86144170452159 21.550549403734298 40.900786805738086 10.577740031904664
241.14384550204142 65.58510095948867 71.97372804410499 8.05232908049153 49.771312751090015 47.65542504643267 57.63703328840849 64.49357540672789 -0.34101062778846264 5.491522300558452
445.19909549415286 -64.60505564512887 -37.55966380704265 -13.397254125639888 -25.794186604777625 16.969699354991178 47.594301377429424 45.29074205205988 5.959871499920434 10.481033169511479
257.2582747870825 -20.09005410699864 -15.655156350533307 -4.270688614210678 -30.156072099601186 77.86701811377232 16.290506071528966 -8.857491898021902 21.860769675567063 12.595662536263752
-522.2329585864394 29.08280919407708 0.20941670387704314 13.111877812213658 -71.33639391724962 45.73124022224565 29.032341723156495 4.289802885002896 33.828255807045295 16.525308906728284
-564.1077623720217 57.25324802507323 26.765018702211087 17.169734198994718 -40.46731290307002 9.44579117718239 34.8243070209465 15.22391886274421 33.50068673355969 11.542206754952904
-565.7376021564614 57.27826789037426 26.237002698103243 17.31527359413502 -41.19899021716768 9.592464074888602 34.33532541719039 16.332076491572607 32.92010467971336 11.17924680764379
-0.852743633548516 102.47058721626104 83.07015261375773 12.704748394242623 72.7081322006625 -53.71512753613548 -10.122101137388379 -27.26014860049358 11.352701397109806 -1.8321217660233622
-565.7461962462659 57.27433854249559 26.227912243924568 17.318982088002343 -41.1954660105181 9.598568105292612 34.3175365820765 16.315392187234288 32.938249802649906 11.173333481891788
-555.4038779918716 64.26158724468533 35.13628565609974 16.222359431544994 -28.742424896206092 -3.327517553477406 33.169650350045416 2.208548021699642 36.537780540176584 20.756207076041324
-552.9042433019465 63.82130218916785 35.547854422440416 15.95159796413387 -27.848980371121176 -3.9468751541861833 33.734494979444634 0.046450027255224624 37.716553968100634 21.40991065022854
-608.5094150214668 -1126.3398856852054 578.1499246839425 -33.82615933868675 -44.41115540284046 -1.9458949815433795 486.23836178636026 -240.73377419728328 -133.8931749227438 -136.3656565369055
-907.4907789025846 -2321.2882134546135 1375.3460193420574 226.34911442025555 195.95689994605397 17.19987171786996 -250.93011241282088 103.57395593319693 36.185217472404155 48.258121422781876
19.19348879539354 204.8086097594437 163.20607312509586 25.83290795982561 130.88806014525093 51.4782414385462 -44.89073425245274 -77.49054463181764 6.577404665732266 -3.4008514440678494
10.481116199923198 205.81330995611944 158.19246090991007 26.376375196046165 124.74117488479641 33.37150834426732 -63.21477842463223 -80.00097131821023 -9.771715056176019 -10.558727026061595
93.75551434232429 270.02308547325526 212.08457307215434 37.16872130638801 138.27135261231516 91.20530653701056 -68.80482194609989 -38.17716580202958 -58.53622832979996 -13.454444503089459
477.45999538034147 52.45808401690395 32.9507030914211 2.610926170516431 23.417487376356487 20.741422203840028 -74.25050123249254 -38.597061215009425 -56.196738039330555 -14.330009137850832
472.8541304760336 52.40794372764423 31.162736733414793 3.0061681206824353 20.640226493971227 21.293651063649378 -75.30751968445972 -34.437547693842426 -58.08281098540449 -15.046503327693559
7.006640976815648 101.7299635266338 87.71540720358865 12.11435414791974 77.9530579818701 -38.1936501032903 6.339851975982214 -24.462481075722582 25.005937059181637 4.664511737836032
477.35131910988423 52.29574670155652 32.648892368289665 2.6803296698600754 23.41370922577085 20.300253598244463 -74.66336245980656 -38.855059138090894 -56.025094753140735 -14.593676608508927
491.1932995889268 50.932082839214964 40.785911829625974 1.6779571686435257 32.75926144437336 47.94991326368541 -45.63598556673434 -34.12684715245519 -31.55807094775853 -3.1630446265220846
716.4458285431235 -3.4857620568520074 14.165956877292693 -8.039006547979731 39.83809794124675 -18.99555466223932 -4.602622443865815 30.162270913281894 -41.37566436870807 -4.6949254330198995
-90.82217965742096 29.210811763952233 14.929170029961274 7.374373766734217 -21.103827528541082 -5.9591478637637305 13.948097483949693 25.072201614904507 -6.507101845047299 5.365026850786683
-90.83500984919162 29.206542790734417 14.925945850524666 7.368991416274185 -21.113201579393625 -6.008107848483373 13.956140756331434 25.05887992249733 -6.495374184511334 5.401789516101831
-90.84419855624873 29.201207818807642 14.915071774611826 7.373922187493408 -21.106895212831287 -5.995335384274189 13.939326148888343 25.040219226138223 -6.465896826740415 5.3965904256259964
-87.74222854300733 29.215288841940787 16.219296344105672 7.003550421082374 -19.78281173837139 -5.78270041901921 15.841001391684262 23.72167782593479 -5.401465092349487 6.5437901791865265
-397.0541221089233 -14.538858127698157 -31.14121954844669 5.871201728843593 -81.69192072165092 -4.720591521394585 38.254396406266046 38.90465203666159 17.94368841793187 6.890218264956668
-397.066717785255 -14.545886498463958 -31.156025683688725 5.877922337913561 -81.68369192910586 -4.704447160936636 38.23285733975595 38.88184650041678 17.982841137769256 6.883269776935497
-395.5689395927161 -14.405789906692771 -30.33800317024807 5.676555866677765 -81.04134156106223 -4.439323927187631 39.412448035730414 38.590225795615645 18.2761176705199 7.469433957203129
6.984646546693998 101.72025434659353 87.6924913085132 12.123534001134109 77.9612821647893 -38.180159798392715 6.293448592926108 -24.50493201321891 25.04896286708878 4.648976977434551
-477.3763140272575 7.111105250557295 -19.505156764810724 10.541102816109683 -83.02445941133962 21.896049904060437 25.27956821417023 20.14914546651172 20.83343468593108 7.121367098809528
-477.38327960142647 7.109736181798263 -19.505873332249678 10.53813936938601 -83.02964294444004 21.869080726193264 25.284292584973542 20.143387992243888 20.837770793789037 7.141681446135707
-482.05946755967983 7.5183785736670625 -22.2937249537018 10.908908026841706 -86.09185004141767 12.790024166380663 15.502146881454168 18.377034361601844 12.925652200326756 3.269225438771559
337.60525683993234 -63.21891534789271 -60.661439665942325 -8.676628185033456 -59.66698434856868 11.98458600103162 -10.769883611844886 19.316971055514422 -19.944437538141084 -13.916504399036585
339.3919952628557 -63.10699878373208 -59.74458101268387 -8.871397246046731 -58.670750910787994 12.349413992240526 -9.596470933618267 18.44588083916252 -19.191155699843403 -13.308226462017863
327.40384446881313 -62.058696505605106 -66.89169180103094 -7.92065379914928 -66.52183107544107 -10.92360486201258 -34.67267923612703 13.91798970279734 -39.470377167633536 -23.233964704685885
394.8275119579193 -120.70930317060835 -122.52602942799282 -18.08726163812324 -123.71526489809654 30.168178496441513 -50.37446064044707 -28.92315063919045 -23.65300465485906 -7.481804449867184
138.0320899410361 13.2241305268768 -16.643524747657544 4.147582279911761 -67.0664677531764 97.01533011807517 -51.203572657384925 -29.71147267168735 -26.995224694831677 -9.14868027692014
136.9866250369852 13.05666073128469 -17.215527892685543 4.1997860144816475 -68.10860984639375 97.13693310432704 -51.09594195039862 -28.25326395079605 -27.431708393355 -8.904064019022279
78.0821705942908 -18.428139301028743 -43.10089603174395 -1.6024457949267028 -67.12931054422543 59.3316642843399 -52.101165196643635 -55.57222709103428 -0.8928401703765955 -11.366940147769082
-5.713088845500248 102.91708424381818 80.18781649776419 13.077034726829861 69.48684816360695 -63.26151086903947 -20.30339042821019 -29.0229826708518 2.984450455104674 -5.8481546733894385
127.09579259812182 -6.802576639599614 -29.278142728669064 -3.6376894917162317 -44.94579722000654 38.59159401833772 -61.721768738515294 -78.18277509466523 -1.821614607206295 -1.1839877437697994
141.05335848199823 25.730331925277664 21.912569799570452 -1.0792532328869178 35.90654212338379 -74.83896298875803 -5.451528279782486 -30.828611578316675 19.01660294758941 8.865888717762934
124.74711168284068 13.983425434117017 6.4051859772852495 1.43773522219972 11.004782246613724 -48.66340426542758 -3.6638852811549714 -2.7861201320404683 10.599457877966557 -8.777575735699754
214.65073938648965 -44.40694336555911 -50.242928471337166 -7.007160873024183 -54.43967065300736 29.410767922937268 -22.070679267580523 -29.23483401649155 6.911109547868811 0.0032016450408568486
218.05930365284695 -44.30160008936683 -49.00062170601316 -7.1907981761845035 -52.0553322199131 28.77600786665953 -22.059668412551183 -32.88333909796736 8.206746829844887 -0.1801513647495738
219.92829409877447 -44.161511220502064 -48.354910698551194 -7.252440157286173 -50.897291428146005 28.561721702748468 -22.08893621621733 -34.520640552915594 8.750339537047237 -0.32033516573540216
-790.2733104780602 -387.20251062671304 -748.2419460101227 343.56095497986666 316.42707847805724 46.423882708201894 -36.59313817649939 28.17288023389837 174.88651197716544 -147.4501572996555
-797.2406154843026 -384.85728875639984 -753.0234786297523 343.90815742889674 310.31079117828904 25.011026618640305 -57.0768574914506 25.798293270192335 155.21196981759047 -154.82765426978247
-718.0871702790812 -398.7279256783304 -760.0432508381324 368.15353173613653 411.909692747315 46.16159163380536 44.06182413043982 -20.21735092335154 -88.88638279666274 83.7691843352105
-717.8117441045767 -398.6297527802457 -760.0311694589838 368.1733931091049 412.0918043528432 46.14215398322787 43.883565657164866 -20.370404786755444 -88.88483348943237 83.72680519533968
-2.9641265705252855 102.09506045746697 80.125371936094 12.858476871600233 70.49703885181887 -64.49101303452176 -20.55068117115219 -32.519726788690605 4.798392822891216 -5.438424710773529
-719.4233181737237 -399.64663335628103 -761.5262112088486 369.10021787787434 413.0739581060415 46.6664606017885 44.833567738711174 -19.783691981903335 -90.17134443266389 84.61420498922841
-1010.5628749538137 -160.69138286154285 -372.71980401549007 199.799805822782 150.28957944774893 30.156473513149976 43.290634304215246 -1.1773999933636767 -22.203589237550798 52.503174764657395
-1093.4460235457636 -253.00498888079434 -261.92446751776333 -1395.8746966081696 362.840014761093 64.35152121843647 -12.264123857501424 13.892637751310906 9.818544727168328 2.417671982491775
-808.5756007764155 -227.14986300941663 -235.4547202028895 -968.7068916496245 192.49811230463604 24.59330054326395 -14.101469377259262 7.222675568308541 8.37415963417218 3.6259247965151946
-803.7540093406516 -229.75787808375793 -232.28796894922186 -975.4246214971274 200.43138445169143 40.06145496286743 0.809454913353505 8.63926892873466 22.557236049192877 7.581351118173992
-609.8734030307406 22.9345592965342 -17.654355791681784 12.454543186453586 -79.95833633935618 16.48619079530344 -6.5543314088406746 -33.73389937194971 30.998809558832303 9.188622910212816
-609.8629553637772 22.93886209034099 -17.643717495799 12.450579561855962 -79.96161428899323 16.483912469581764 -6.530176897128159 -33.71535703577509 30.98381975625798 9.195995898360795
-609.3308997409828 22.826055990827285 -17.75238507716153 12.581485537303372 -79.15517599467591 15.915660224131774 -7.260975775808231 -35.06544476692607 31.702583276675977 8.517622879557251
-609.1353244905451 22.985049573932734 -17.07015303255169 12.157313659018708 -80.18537678418622 16.786103776104998 -5.474748858321584 -33.42664428543051 30.510649910960705 10.182961107448481
-632.800478773121 17.57751754974863 -22.863824406624165 12.89632269356637 -91.8719384392816 26.72112732436731 0.09054214189251375 -21.690219292676307 30.294652253594734 6.076293442757612
-278.2482648785679 76.2327009581742 39.860066008565845 14.012207867532378 -2.774627399893688 -35.9195164769732 -29.028772589481026 -28.13330906372812 -6.723500420845728 1.6819545761392638
-595.9403466688763 38.85845368618093 -6.26155356579007 15.827580152972821 -90.38402869888155 46.45200945461422 -5.198512204173847 -12.12786048803671 15.45048650303054 5.662393473896622
-640.9679939443037 78.9760782735962 31.849084034613433 23.341828177378808 -51.470528570142264 18.81231095091959 7.272715785810538 18.35652372757685 7.171505521838331 -4.235428379666956
-495.38575726685417 1.938407683954208 -31.529557532028857 10.410439194330394 -92.36812461478947 -5.6736460942223195 1.8634705537286638 11.052869893809621 7.371377085206623 -1.1783186415912401
-498.2154448961633 2.214536329246981 -33.195013350045855 10.616880591410368 -94.27373889914037 -11.314391850108155 -4.070628041278749 10.078513917779418 2.3856402253211137 -3.5153504336936585
-492.62808338666895 1.6659130720605912 -29.908917371255484 10.211212880539021 -90.50493070562534 -0.1604488753894322 7.64751026986769 11.991700309828568 12.251545825008762 1.098311014368706
-407.3759318954931 -20.160619110400624 -41.86808896733198 5.744469505368272 -89.13766061945064 -25.353080136578292 19.69453313172216 28.855990712498 11.135976708643346 0.9415242478596324
-407.3838094215767 -20.162183180154855 -41.868554811811585 5.740982048721885 -89.14226731424586 -25.38764088926797 19.700110208989067 28.844717183477343 11.145029918347777 0.967591425028124
486.9565731161276 -118.58003885558543 -99.81109938215846 -19.012480141282992 -65.76781889422178 -64.37074411012611 -2.3739569565148533 40.25233669931695 -23.50568210178064 -18.519772426279257
489.2149824337532 -118.49312165561203 -98.79804694401741 -19.244734468875535 -64.7101299612689 -63.98442293406883 -0.9145465605995953 39.42805535739147 -22.651512489792875 -17.79018875014474
539.2615936620879 -119.38638636870647 -91.85689794071128 -21.50401579295939 -69.53361302027544 -13.21242558370422 16.67398915116088 41.29164932825932 -23.55403164576016 0.13248129357838342
-278.25362007804654 76.2302295380355 39.85440924707448 14.014484145402474 -2.7724457457541978 -35.91589846742306 -29.040352073406094 -28.144124333307516 -6.712624105097115 1.6781240856236685
539.2495646198436 -119.38768353447108 -91.85809275708016 -21.508455471413946 -69.54182813180678 -13.261921054950479 16.67957786838389 41.28002534335475 -23.546764573173043 0.16609716409520536
542.1196240670298 -119.09568803425731 -90.13766916877547 -21.94841566151732 -68.37330125435038 -12.339796995381963 19.46084188812557 41.10533135754097 -22.9813845195892 1.5663193746089643
556.1346884248082 -107.3050695854921 -74.86193534836782 -22.792988904182735 -53.38226112445193 -25.869868126520462 21.15937596333859 26.87292458744244 -22.335144088434795 15.884377546786926
-372.7947517662685 -14.52469854537005 -29.39397279450311 3.850727667311199 -82.94948842836126 -6.137202894788795 31.466776670811605 22.155011127407697 11.730298927844604 18.169666412446187
-374.64500381072355 -14.506505401352959 -30.245783046853443 4.132247032786584 -83.65789587789031 -6.234879547204525 30.059948279229307 22.800040498618493 11.204679949804888 17.35431463833055
-383.51834664251555 -26.394245525148566 -42.66203677564058 2.4858747078630916 -87.58925709004585 -20.407601213904965 23.56974962157165 8.4165830005037 22.890064825859703 16.761933768133098
-390.6699386997896 -25.887644200815224 -47.021045398523256 3.1354355426911322 -92.04396351733503 -33.638574307867614 8.737257234475504 5.385997050144897 11.710755635236465 10.850923228549167
-491.6076459155113 38.730724533915385 8.171111821995309 13.129977817155945 -51.83118918533463 -24.091722471938528 13.428432428943715 8.813224734939629 11.857685287103584 11.567917012617006
-489.3296899949181 38.405710268842775 8.694058729210118 12.8565212484173 -50.98626096964809 -24.600691735133175 14.227869010565627 7.057594812836029 12.90955952511964 12.319609436852556
-528.9242040123938 58.5989989993812 30.38685722972735 14.298866030122221 -19.264511977800417 -69.56818991406739 23.814914631685156 4.249035166209984 28.64931424807267 12.581148690071913
-137.43306383234201 40.272906049294946 18.74952392554769 7.628309860046627 -3.7134257635428733 -80.18039721334944 -11.8522059861294 1.0100793549764924 -9.066685691011957 0.39722483185015467
-528.9319372225327 58.595196664695095 30.378190411253016 14.302661728901297 -19.2604611086023 -69.56086301823096 23.80163952276304 4.236589450689232 28.669677009023438 12.576746751265627
-525.5349990577878 58.3992633217094 32.487869931159054 13.959948416483513 -17.23534898704518 -63.526501250315874 30.77285294410926 5.7620659751810654 33.6098268105563 15.368287738094237
-644.608116388997 92.42686349156496 53.630591079914446 20.645440759363712 -12.597596887643114 -26.66454713978527 16.899861274037892 -13.77722663835132 33.06799818168048 15.177769149123401
-170.70009293966794 43.19451707175047 15.809776247621421 13.541977780058525 -40.87246734082116 45.05066264070765 4.9351176312654195 40.18843249372802 -19.4057657994913 -11.42209031745354
-194.4341448759852 20.923329764360673 -3.6120536436042987 9.603441050856956 -46.905412079775786 17.893854929741458 1.201291712231515 16.33936686226119 0.7545515896910383 -8.34993730038747
-192.25546618146467 20.993872244734444 -2.6874045889058156 9.412330112653216 -45.64781123229318 17.911944931995947 1.9828885407572308 14.728060935159403 1.6176869679174246 -7.937902547411316
-194.2225638314686 21.0367152277031 -3.3602715500807325 9.551932532098911 -46.84259254639859 18.20545894221943 1.5660217184868905 16.513823882187108 0.6869003309498957 -8.1559284694832
-194.2092281877915 21.03959727819714 -3.3579213963546364 9.557211686860262 -46.83243302269262 18.254039282880424 1.5600353021736322 16.52390834501553 0.6822768213902537 -8.189491032733953
-396.7158747812369 50.646764356097684 10.023114342861229 14.745653532549426 -50.05311578788104 56.75288851497694 -18.027833998024015 -33.58944364558436 19.367712118047116 -4.221275364993678
-404.71856780813715 51.66685671256586 5.487450304395948 15.190254872823077 -55.87205380560914 39.688295832111486 -34.878742000737894 -35.59616419338591 3.769487146652941 -10.76535953948151
-134.42530453759133 39.770655505061164 19.228399018932055 7.315873104425084 -2.745592495829297 -80.74475829624174 -11.14959141600767 -1.3959670599162224 -7.711507319772744 1.1913953357834923
193.28518162487242 33.94097952426585 -1.570242665473367 4.987461962145902 -18.10894585427356 57.08351816317503 -85.98068825234249 -70.95167210044845 -24.248016050254158 -31.57890275039784
193.29604879191876 33.94561573328377 -1.559083213600312 4.983250684220735 -18.112613368509965 57.0802900108248 -85.95572166419183 -70.93177974082553 -24.264682116314923 -31.571126068781215
602.9095151287476 -144.47419505820997 -144.17713981489246 -24.65101517116499 -103.72117771597014 -17.456604239164392 -92.11196024054989 -63.03246094324998 -34.83686491175082 -29.142570361307442
539.902825825846 -85.045673262563 -86.3014551936579 -14.738999407063806 -46.78775695772786 -67.73987085795578 -70.90094898896379 -22.71187718384853 -40.51491619464049 -38.74372705430478
546.5715362721902 -85.78223851065337 -82.43988949226619 -15.173913755265579 -42.14143834164471 -54.02914494114114 -56.882815965653336 -20.69026477269559 -28.202452829653435 -33.25677469576917
544.4910056855308 -85.8826886484448 -83.09017463528886 -15.112350027243249 -43.3639813573686 -53.88594676596064 -56.884249732207465 -18.858466441602637 -28.956167988890634 -33.14556189563947
576.9359472329452 -68.19928121577628 -62.896140872327855 -17.26388158139805 -12.751636221877511 -81.69588375129243 -64.27144138830862 -53.47203372888088 -21.957664704907753 -14.816417516959104
-419.85335961810483 -19.397790863017157 -37.634289156377996 4.370737770711761 -88.11224897228793 5.095119551243427 27.188630278130557 3.875147472251662 32.308886708184026 17.666500760454202
-427.74165175162113 -18.672237243861435 -42.31015414271917 4.97436008508081 -93.34376748712121 -10.394729131819698 10.673813668542836 1.01014282612408 18.7261080751604 11.14269339056105
-429.4822963291472 -18.59538007723162 -42.896960599845805 5.161229856806527 -94.21482152065371 -10.03920533732919 10.134067292622355 2.412053051353607 18.037167001194135 10.703626413224434
-134.40328480910185 39.784281170377426 19.238387420594346 7.3260329426502935 -2.7280247001144713 -80.67085287966516 -11.166562564027078 -1.3700893156240053 -7.738873010279562 1.1278784639278157
-391.61395646070633 -25.16195024585237 -46.83007573045284 5.14751730352558 -99.36209462436405 -3.984916833986306 19.481578181423437 32.124688435258484 5.134092148413153 2.435979023058719
-429.474536468219 -18.59303636779621 -42.89434087832433 5.16401678580131 -94.20861571083519 -10.013305368317898 10.132750680131352 2.4172640154376484 18.03642367328114 10.688117517798666
-526.8248096164051 37.16021031164822 3.510392118834832 14.01443497666714 -62.85249708831318 4.190789365941481 12.958629067602509 4.402214738981703 18.058936967625506 10.675086184475356
-526.8352408626967 37.15486697886559 3.498893007021044 14.019252098496093 -62.8471547387407 4.200650103727879 12.936397742552005 4.379884648581218 18.084311475737785 10.667925799556901
-509.0706246654648 54.39889598418945 18.873011570297887 17.310533315246857 -59.27517438066289 24.00107599254114 15.983433573440715 24.286636527914105 -0.16788604466793386 8.869655108730802
283.58294262910664 30.54211947345482 21.672033382313174 4.126622391914276 -6.033633026399772 34.40668965376081 -9.807310229100542 31.136175387545645 -46.131514029307375 -2.7156450608911884
291.64589364914303 29.988973540291386 26.600618546746976 3.3817649231094986 -1.045699338234844 49.220786147396055 6.894084170907052 34.60437444256289 -33.67059159870519 3.9469894040422244
180.89310654263187 113.07236840053336 107.53770828057013 13.800091529654942 95.29596050700134 -48.667030798352286 27.590226841242128 47.67938503169253 -15.149227574032503 -1.4981624876645925
-70.02828986154117 181.53114980617477 147.5793276244277 26.409330756613798 94.67766458691422 40.433835435568284 -5.219907032223144 -8.089236250701616 -6.863250374970097 2.180332925893824
-65.97669784214251 181.04558088400464 148.4326937257764 26.081286316586265 96.81819008891179 38.816535192411834 -4.8999055930707796 -12.46396186314281 -4.697781421762172 2.818679011170828
-109.30761390440519 156.09768029474543 119.94365170728949 27.948948041924147 61.01323250839541 71.66458938479032 3.687953102992989 27.280380179464338 -9.902006367862363 -21.83032920211522
-327.3784701846535 161.6512099573203 124.57648286173232 25.796129654884414 77.50412687411261 -71.16476407808813 0.35340614255755687 3.959095653806999 -3.055995603199074 3.000231589074139
-112.69667100276473 155.7350156505127 118.45263779031201 28.191759333239276 59.150060727134935 71.74948333660831 2.831858164153372 29.528218196870938 -10.74467703923203 -22.293401562406476
-261.6224143247421 92.37289987706147 48.29865368186969 16.68512892349128 -34.294652984892814 72.24646067742995 -35.2124284470183 -39.683298499016686 -14.434394281766748 14.498764428876717
-261.6305003841888 92.3684196165901 48.289464609051265 16.689036043788935 -34.289885804855686 72.25538874199383 -35.23018647105658 -39.701794371230335 -14.412951715033156 14.493238251517406
-296.58250392589093 86.19702374755084 38.43996863983635 18.465466760702615 -49.28293929396472 91.92533650858704 -32.483180588255316 -26.229444320141596 -13.426965290408006 3.7268507945833425
-384.7888744029993 164.35021763976937 113.76113999292903 31.78924809811532 29.433822499371765 43.80933050231548 -9.002402079215294 21.407883504740962 -24.272844891098686 -11.03175174635833
-175.34365075533782 41.57814400812619 11.930735733883491 11.688036617523906 -37.056082795501936 6.359112818173108 -15.503517159461321 11.64176698422838 -20.67790598840513 -8.189450990774526
-201.03574275684 15.693425023273436 -10.10069301405362 7.105405418735091 -44.42508655507955 -18.02658587038596 -16.063796957680726 -9.570992335321868 0.23567925361314548 -5.681707182623034
-191.01875967113654 14.661937034621966 -4.245481111813488 6.407220179449549 -37.58080813878141 2.202773336695647 4.960733037050831 -6.29305159251537 18.239258914707992 2.5804509728585243
549.4515285207891 -27.733886605644987 -17.791795025470005 -9.650929193382849 12.376463591340139 -5.392352660765896 -19.58156318890049 -22.113151099384 -0.1317297691162473 -9.335885230211469
810.2661888697385 -92.65191861286694 -54.76662594058654 -22.718203872512337 11.653655574213676 -82.56136867746453 13.016414156150372 28.083866015933022 -5.633642361223471 -9.399880948313077
-322.8185396767225 160.45858208445458 124.85198642604732 25.285427837549967 78.82468378380149 -72.6323126805572 1.052681187425139 -0.5050060218077099 -0.5239407406381366 4.292838893012221
805.4030871942126 -92.00120670193537 -55.90607854557264 -22.150996074323388 9.941877605964432 -81.8656613035898 11.231205640896064 31.479685236408777 -7.657037555528167 -10.838949105134562
801.3303313420386 -91.76238451262053 -57.096931056512716 -21.749248820325533 8.340967859506563 -81.65490367986075 9.75705893162237 33.976341973432504 -9.113561226470116 -11.82188095484381
801.3550461747388 -91.75189749322425 -57.09041775698749 -21.737805732852742 8.357109178950948 -81.55770715385346 9.741102454366478 34.01294345856983 -9.142923631596476 -11.89765202127903
806.7984709281167 -92.62637372129295 -56.117394135988 -22.270410907049868 10.412626629553454 -82.64788752683891 11.10642325407517 29.56612398415496 -6.527175694915047 -10.650883391836446
796.615808099408 -91.8894569543212 -62.31011146502071 -21.35716667677412 4.037935005480797 -101.57152236081551 -10.032029109641229 25.28459553455829 -22.570869383407448 -19.07367887234438
91.10579117071842 -80.06424446963432 -63.89300278088199 -13.093620836546839 -66.52720607265357 -16.428999410312326 40.60533859627854 6.533815411237661 31.291916403760336 26.015777527541186
1019.6591132575959 -185.61085577959682 -117.20433114040733 -42.15233088671463 -35.867532964698746 -36.445307237772276 39.82611274436445 -0.7350394264245386 21.62269938100212 29.722992361702598
1015.9842091572275 -185.28168312100723 -118.34539737145765 -41.59255605156586 -36.9346909732558 -35.647546556847864 37.99248709169141 1.1107771855169972 20.856928196054792 28.302984572052853
1012.5820219797836 -185.11644746757173 -119.48784410633877 -41.11636141316994 -37.98862337798589 -35.04430233164119 36.36964314688535 2.6580764704845468 20.30627333743741 27.14094999798223
821.6223399560455 -144.9713007102792 -101.88423052955625 -32.51875937190526 -39.060244570612156 20.82474724952572 1.3049698082845724 -53.70435395141683 35.759746375543 24.470007047609936
-313.6625062280067 159.8517587189655 130.46751921299247 24.423523302960838 84.44509699471385 -55.92517353650503 19.986427755916747 3.4752236333161 13.453684604128853 11.85065020203827
865.7255017136533 -113.52266111401322 -72.97575534777386 -27.391046884343105 -36.02620465865326 53.702762744541 8.930920299407484 -19.43221627447458 4.5809244416016375 26.900134601147332
833.1771590987432 -124.22164818875618 -87.68124743680441 -25.722196146451882 -55.072363449694016 75.33008016665094 10.48065892785446 -1.513852381644629 3.530795855793393 11.496753848337933
829.7106205691566 -124.51973599812308 -89.417486054207 -25.34535990513739 -56.96000625312106 75.34642644426654 8.859651861444423 0.31035062424354276 2.8736893638900196 10.719043210602836
829.7418241840069 -124.51357351528601 -89.41154406911839 -25.33295246043028 -56.93506882006536 75.46044454121302 8.848780641995942 0.3313151391373934 2.868767966737264 10.6442733929215
737.8161562620694 -59.38038042647193 -29.584163377358887 -15.98135403897261 10.644965310333944 -0.9405660367868178 16.776652314645844 24.432973271899574 -3.9007302773751755 -2.3237238641053994
723.7759478311212 -58.23109908136892 -38.01562475209849 -14.815092416195123 1.5978097267644764 -27.76562465890915 -12.519765382061518 18.89075904988697 -27.056426324874828 -13.950362234532179
355.75514490595606 158.91281292739092 144.06009729416752 20.55874586219012 127.28761411975012 21.924327207339225 3.9557280767673926 40.72864612243475 -29.097975780469017 -19.80523357455814
340.4741033307105 160.1679707968308 134.88631935342787 21.82530093205952 117.43333485136831 -7.298497969852094 -27.934870036274738 34.71275249370301 -54.33477944841637 -32.45843641172712
340.4542300672407 160.15804917468196 134.8644894828985 21.83456173316079 117.4433259935567 -7.2796534556313315 -27.974579246760698 34.67310514775065 -54.28538917552018 -32.47133529327483
252.2427980587382 -20.86225662509652 -28.167872572183636 -1.457940778724349 -55.777313037440855 82.139084242857 -8.203602039596353 9.750016370175171 -14.804244409604559 -6.026930723116118
345.0452842605301 214.24914953282666 206.7298721805758 20.37624267877365 215.75297214464024 -102.27226411279436 5.461261342124035 -5.832692390330658 -8.107686954028633 6.114446819004592
252.26375376760444 -20.860610738887445 -28.16463039405143 -1.4505834753555504 -55.75942734092334 82.21295256502816 -8.206103229760323 9.760290196292393 -14.798348101644045 -6.070028945412996
250.50520157634648 -21.171773052186943 -29.2892962604956 -1.2356381240592662 -56.79099221811594 81.7906430001367 -9.283904418278656 10.621626444637466 -15.1356726303291 -6.6175368987502505
260.9592708246739 -22.160087096034847 -23.113258621184798 -2.0170162476872977 -49.808013609507924 102.48055823357393 12.627655292539885 14.321240883814978 3.083229870004032 2.026262951389365
163.8925908539263 48.585900372931796 43.18722713908391 8.889161992168473 25.69830775797424 24.77754544033851 27.177970122498447 48.97002082656246 -2.083363216029291 -14.802408909428099
130.48471870572612 0.9048285672836889 2.2719260917705 1.0318747575731464 5.479388771077428 -10.92871477952526 25.71154368897884 14.250408467526471 30.96071753655526 -8.0379205707738
127.70005448524716 0.918565528799779 1.4379331959780104 1.2111744984688078 4.10211244488967 -10.702756790802603 25.32287965242448 16.479409243165787 29.976091185980415 -8.26827394986682
123.69874347803183 1.3975776998690963 0.6456104493185049 1.493575686891983 2.1318077791514085 -9.829976940574543 25.075242115227457 20.51593121516721 28.074362511928204 -8.567336466844077
143.68536994923062 20.48211645532371 22.350040424264638 -0.367328943355921 32.00822368141485 -36.32760618879948 20.850858818601225 -11.088690363832987 35.80352823150872 10.276161293328231
402.5853721510588 -115.96512917041531 -93.1987812556924 -21.551418855163543 -52.706932367847344 -54.96634162841843 7.520822449843442 -14.39292535192462 25.949335939467442 9.164272017564851
-449.5694099036855 -18.85472833766372 -38.56239574839861 4.471512691803858 -82.611824050622 -20.68543964730375 24.64749991289225 1.522086157778013 35.872538940077455 14.809613647237981
349.83388222957456 212.7582528995412 206.69216893014575 19.87228345792009 217.05184544373168 -104.0839617638274 5.927122444755322 -10.950456367691368 -5.0713720773662825 7.436170147048774
-540.0620108843809 -2.7834142399087494 -30.145349214530654 8.035363073021506 -82.62953964604976 0.833511501315545 16.9933431733523 -14.597998488271893 40.259411424469924 15.177063063957718
-547.054648713255 -1.9258701944121652 -34.13249735172431 8.442527869095054 -87.65431181414124 -13.929573725414437 2.274987751427139 -16.454789816064242 26.82772563850296 9.447527716051516
-547.0451002820151 -1.9219954296872355 -34.12285717758102 8.438916148828753 -87.65715625144635 -13.931957848428274 2.2965787925412764 -16.437707731432624 26.813817347164225 9.454413192709227
5.7168284220571755 -13.1946102706756 -17.47384415701684 0.08783317359469307 -46.3378165456884 -6.456162373697629 18.788276040065362 35.532886467064344 -15.616356081137047 6.186107645116677
-8.09614937724152 -27.987774244548298 -34.5020413152303 0.16664416989716271 -62.689292140873775 6.206181363009147 19.511223631656012 49.97233383541374 -14.952280232876152 -7.081831447733731
-8.10619014506916 -27.987746285368434 -34.501776308243784 0.1629062259130495 -62.69554876531833 6.1627494031745504 19.516132946935063 49.9626214228259 -14.947084615372031 -7.052745576395444
854.3058110632169 -98.8166921388465 -68.21895368660368 -20.058119116018858 -29.48143745390838 1.2076074477203176 4.677436659743566 71.64630392647796 -55.44230232118268 -25.391212812470656
844.6753939936157 -98.28580726044741 -74.21147012412185 -19.08034969906337 -35.18797774687122 -15.821497347281426 -15.15134232196137 67.1750763793685 -69.37647776741248 -33.337764093820354
587.7614957509197 64.34368320750336 61.36721801798242 8.606835597083089 55.298255441525875 32.04213830994279 -1.6486810740144235 101.54445235485998 -82.5942264154082 -44.92076066090303
608.36868333254 63.10046606866664 74.10714673737228 6.583758407359676 67.71013846636879 69.02654386533207 40.85884904143968 110.80386337131517 -52.0221228196527 -27.923710160995356
299.27326372982736 116.75395398552627 122.12476061252862 3.770566802441727 169.98169045601324 -153.7762432323073 4.70406844656702 -62.526373952162686 45.66188154719227 12.124562184478972
290.2326367766278 144.7901028583286 117.13093056009855 22.676821569313663 55.696791524123434 173.43674138392547 -7.5092352979337615 26.608782089537765 -32.549265728449974 -19.28269575568246
290.20218161506887 144.77332032996503 117.09646605922102 22.691541292350436 55.71451171248732 173.47086435180807 -7.574783552525043 26.539267628837315 -32.46811030558785 -19.303856443534254
285.49656926932846 144.3160568902297 114.6145372461053 23.14337222306402 52.78943006325273 172.9148778356497 -9.676339451889412 29.647687897368442 -33.911483343196814 -20.23017614337495
289.36437025751945 144.84031720685257 116.85391318456121 22.738424272271146 55.16876972012894 173.67172662435155 -7.692237051554245 27.292087025260937 -32.8230120598799 -19.27099199125822
285.71953721765414 144.23397628071916 114.8823793023193 23.030948468809633 53.17563475923237 172.7397181289591 -9.35013260453208 28.84281389119785 -33.46777905262814 -19.913398577430453
150.42571305544863 243.8881238529242 210.9113125697507 38.33659790068376 163.8518208849427 68.2154368036707 18.878004008604158 77.48983338206034 -31.876008173575688 -40.91618333663317
101.97790541119628 177.6867683016826 154.6436406440807 26.91476290515172 136.46347842157138 13.97190467362077 17.49681826716144 29.219155015624754 12.873421025964863 -31.168903821958175
297.3555668461137 129.8002308701294 123.73567210671852 17.336700689959855 134.67704274346107 -49.84519962208838 23.7642567105474 47.29224476405738 6.090262903277016 -35.58201084870097
300.75063415127477 129.1145746275277 124.1419715313541 17.04769169007384 136.0525768813202 -50.66223019408125 24.17865307892809 43.83389478183517 8.063183626785575 -34.961746410754046
328.46201295928154 160.16383718828428 161.04657899338318 13.671511250433005 184.43457005323705 -96.6549022644087 18.981180220612668 -14.521509497455435 25.42319518873433 0.5595938348244964
424.5920473936948 60.40346419401769 60.64264623302419 -0.936552579632534 86.02368857957899 -35.31463191773702 -28.98398440492924 -66.91429498780997 9.505270530293808 8.937465018418703
-31.163902383353186 246.24592552782596 211.35148097631526 30.89871125478836 190.21252460706515 1.5966835966976514 -19.336703285089882 -75.2375450797037 29.650968422791202 -0.9016088142215468
-19.961971251623886 245.0444447191672 217.8632229092956 30.14700157513868 197.9540803515766 24.450786185587965 4.191083802717607 -71.72355169399744 50.09918240586443 8.3283752369226
-532.6668595343274 178.32893582923478 137.1475296487419 30.285978640524164 73.76576191701272 20.108656644866628 19.224321231645796 -36.05929194950063 48.3778062192912 13.179007252892642
-486.931979577814 224.11556918431774 177.03454608981667 37.406502840696284 89.17512307369208 55.52685742906789 18.944433331857702 -7.2583674500811615 17.335125469105648 11.550052308100316
-496.7429636710279 224.9876559172886 171.19645876317858 38.17610821920177 82.72356412376413 36.41659445237127 -1.5792122775985176 -10.921924532580062 0.6501900935085461 3.428721084131107
-256.8110165552953 85.96299976381826 54.405866116115035 16.3391126240125 2.488059702352229 2.3053003922905964 -8.720202275328147 -11.911499797342332 -1.1388481169024343 2.9356742817378447
-258.2820658382208 86.08953176304676 54.006671640732854 16.480562058058986 1.743192340914863 2.693543785273325 -9.033353026072238 -10.49537229338354 -1.8924405469163952 2.5839027668571988
-258.2741937512492 86.09349465724038 54.0153116403679 16.476931394525504 1.7392472827958914 2.6862233023819093 -9.017016091191145 -10.479064833624202 -1.9115646215741045 2.58920259474774
-192.32572935597588 32.14512772144214 1.5739290994416695 8.059064357375355 -54.07865158252778 46.92249748091944 -24.861380934140055 -34.3864734080235 0.329154197101579 7.720484840068216
-192.30808476637125 32.15158111798941 1.579933565764554 8.066193760551718 -54.06382730440148 46.97882809586554 -24.868105930959914 -34.37824288320427 0.3266750339741692 7.68314519288199
435.4705737575071 59.296239732852364 67.01019291705077 -1.7029706967073648 93.4340484258565 -13.420685793373723 -6.16467093071197 -63.30614214399698 28.96006269425983 17.915551964894565
-193.52012434139996 32.01229510953943 1.1307400237993768 8.101214225309963 -54.913189395761755 47.25071902093445 -24.77212452278005 -33.19954000269544 -0.0699772608194059 7.786768542493671
399.65592859679276 45.56859213085838 48.184412395890504 1.686427551991623 61.60926265258425 21.859663045808738 -1.1694089514748378 -25.5543374131825 19.278455343809267 -4.617826439283562
-184.44440852988623 34.33791709257325 5.179019908746902 12.028386255051844 -45.718860974046535 21.518503298797185 -7.77285982418844 25.357420100603502 -18.809390166243748 -13.899716706855317
-417.18132697087066 -5.608243882341355 -28.153064700851484 7.847583728399688 -76.0254158429902 -34.17224927007968 23.465494468115466 37.69363773614632 8.376442326027195 -1.680486466734234
-3.7521201129703665 -67.39035563018871 -78.51904897891153 -5.128812554979622 -98.85064866202264 -13.457466844691005 -14.236079927016297 13.08409591635092 -15.1038707245537 -9.18483792299734
-2.497047394877076 -67.34140594757686 -77.95138252865328 -5.256228105013691 -98.14391711342188 -13.514492547629127 -13.686594890807497 12.256920869287535 -14.670582670371559 -8.879615237838337
-3.495909297638863 -67.43377631481587 -78.48340093673151 -5.1371247828022595 -98.67860141196905 -13.591003102339531 -14.258220514852347 12.770491362159362 -14.939332232294912 -9.204232546097254
8.416385767359442 -68.465313964786 -71.37374896868299 -6.088099624153659 -90.89595530650546 9.485042960519424 10.65591693788992 17.301211151406868 5.143511424380977 0.6597921064326847
8.39879486957288 -68.4749312094458 -71.39370716667233 -6.079467491735907 -90.88562727342465 9.505291339213507 10.61979938071713 17.262789603664757 5.191891627322674 0.6481923967628331
6.644501016145296 -68.71843613633999 -72.35406637826537 -5.890192011879069 -91.7512765062347 9.19726027037827 9.526410559167072 17.788133231049596 4.859595855573399 0.10000685775055806
23.73560397607763 -58.181264285232594 -60.13154758294245 -6.416564446718661 -78.2042613239867 -2.382300777371887 7.640752785160062 4.711766616218537 5.507665807464689 10.296343518960315
17.399614404418767 -57.65499955722498 -63.930217055866734 -5.894919352953813 -82.30156690521356 -14.521735339226915 -5.579765487790329 2.232086617563938 -4.990326984288822 5.04909935813596
-101.99330063936696 -37.007786164896075 -56.33352054198542 -2.825911654361383 -85.28124117713317 10.48349870998367 -28.018615119166725 -38.27222713237462 5.7976474086046 5.021107516888342
697.8272935738922 -113.85009193830163 -104.60519407567824 -25.039482249747014 -67.12425813906894 8.408856295419062 -74.54714344850765 -75.41177699908378 -20.867748944944367 -5.2681243229443515
-415.3289719351454 -5.733354355250735 -27.493802629581836 7.626795956668264 -75.28063303244393 -33.98604403617953 24.64406607635925 36.838556833330806 9.223404516423532 -1.0134961292640823
697.8499360124983 -113.8402127584537 -104.59641417849198 -25.0305161286586 -67.10585937635258 8.479096382536856 -74.55652492963071 -75.40192591859801 -20.871363572411855 -5.314922954065323
620.7046401274796 -159.3209971589027 -144.03729603502043 -29.591325731833184 -76.57770803784904 -29.885538086036533 -66.95957812989134 -90.66754524310561 6.886321834871822 -6.692182368276584
552.32310545738 -99.09581723501341 -85.36652488702195 -21.850838129033697 -22.517782681587622 -89.60030479185902 -49.47459111394473 -63.95590520729044 3.2759290457692933 -8.499401312879696
864.9716033420013 -169.90673641746855 -141.27080165426042 -32.0660991868845 -78.85097873794568 -47.80550346306974 -46.92237253373768 -14.698239082128243 -33.97083068328705 -15.44159161053794
887.5065414662389 -159.36194107987126 -127.6187456148871 -33.7565609088547 -59.73701760745826 -68.16224851761943 -49.30263148720106 -35.4890594330715 -29.821280194533475 -0.8727167921082136
917.8608339887377 -130.38575080829295 -100.27567615502359 -28.55232257715679 -53.42835356230704 -34.50504726148623 -39.874287293808 -1.442740695401083 -58.30581143791884 -0.7547584001870656
917.828335390047 -130.39456306331743 -100.2849163956713 -28.56453133876172 -53.454696343950374 -34.62193364244205 -39.86147497877002 -1.4667934103078812 -58.291278954718685 -0.6758307912378362
637.2244988612338 54.186343462319165 54.497721922471555 0.8790594481748042 49.29108360070087 16.426502141648182 -32.63382048414675 10.754806556155991 -69.20053477405366 0.39577737945076263
510.7322146259701 145.02519604599055 143.76559889118835 11.638623820890809 157.4752756130728 -92.34947848602366 -9.608943167405245 16.570344162681092 -42.74222686082904 -1.5661936801869072
504.2269756317264 146.20709024930918 142.605855298266 12.418062315686734 155.29275846455323 -90.67844528653978 -11.617529774666794 21.897216232544352 -45.95089045565391 -3.6878175452634787
-419.41638516605934 -22.147336341928817 -42.79256909397174 5.014641765739437 -84.13539025128449 -45.86768998971704 20.384490941120678 22.700283371196573 19.616027004010125 0.8566425550172212
510.59613564095525 144.78489436793203 143.28208689901498 11.755412669818563 157.53207042220592 -93.01722548670287 -10.411275580864983 15.770851529425261 -42.26316462351177 -1.916529982383298
-214.33199539940267 118.17320561871895 92.3988480427352 19.25102529732328 49.512555959389964 -50.37215035938669 10.462905601947542 16.437349984963422 -7.039601998009775 7.032064121946294
-214.3249543621342 118.17715669965727 92.40717635780831 19.247234637641107 49.507880796017176 -50.38120402060875 10.474838986086047 16.449837677666512 -7.061679108238618 7.035862383410138
-203.7904109581037 117.57836970805667 98.95663043005294 18.179668438883574 55.771989446405875 -31.70009283654815 32.09937411686404 21.207207009227957 8.213272613350508 15.695260704080594
-207.68328281170076 118.01683076662503 97.9357591808189 18.660673015540723 54.48325877997439 -31.246808419797798 30.43267383781996 23.654247490007474 6.66797893819929 14.335874414548188
-366.15871255191803 160.28030400613122 121.01076911344578 26.401766845556978 53.28962521987501 20.435261514909495 4.496595916057397 -14.420502396190237 9.378823015410276 14.598516640990546
-357.6212207643655 159.49828938130446 126.07332752031986 25.746041404510617 58.94633825877841 37.173069116398295 22.362100593008766 -11.303609565085853 24.046394110967494 21.66137179353026
-1.8774870169176514 29.1779539979098 1.8975353687182308 7.885773484222101 -14.38801169662388 -29.35417852607481 -40.8731809652011 -12.07684181027002 -17.59782840425147 -29.056212560876542
-651.8008394879544 53.71681324657077 8.985762563687452 19.190108861484536 -63.452363715299406 -7.879358096895329 0.45049820484225545 2.6801279286478135 14.098956767427488 -4.300628642218164
-621.3255941228101 24.822714618220576 -19.35480764947899 14.335526661034502 -91.52202250653195 15.898463578071302 -10.576297795972454 -16.920399263580784 15.867119434309084 0.09333883728526957
462.89142162666985 -122.55034517902212 -101.65912794668745 -20.46516070727388 -55.75406476880605 -105.3308423123186 -1.0051954931042557 27.963469074843147 -6.563687931758113 -18.74167016665077
-618.2409934456696 24.430476467714666 -17.605859167037373 14.163619014610816 -89.28086514539132 22.471580512199672 -4.081166553323141 -16.14398206768325 21.873514171020656 2.6158326670421332
-781.9213403965093 95.78901031562239 39.491635007686114 26.008107359959805 -54.91042051819526 52.21292625474533 -1.6391381161732081 -19.52234808534557 26.17445071037793 1.6265492960954604
-782.8174687049095 95.6648682874111 39.271563311163305 25.924437771769576 -55.738161086242904 52.393876334966116 -1.1129583852513643 -18.38297986862619 25.7843146763497 2.1942375856929
-745.2813884576893 118.18503983246852 56.88259524417622 29.57630440266425 -53.61207848608445 74.99562426852283 -5.4049013264804335 -4.9867048015497035 8.554342813349152 1.016034448447865
-738.15863518757 117.38126330191575 60.99467880469915 29.12179344247937 -48.61878858092807 89.7213267768248 9.573226522494403 -2.881923611022403 21.81448506007011 6.872224734012379
-738.1660314801236 117.37762170255112 60.98667579185695 29.125019164102927 -48.61534386733249 89.72657734541589 9.55664678654383 -2.8972157628015296 21.830026962482034 6.867009944627308
-603.9859162879808 89.2547240677992 46.45824552153217 24.855377686972478 -44.778471542092404 54.955106308561525 27.35248882907883 39.77440400568928 6.5988285353753895 0.546720227848504
-605.878757770286 89.11149678584849 45.545402513328796 25.023247388778913 -45.89020473812443 54.8881924610894 26.549523975391697 40.91545465862806 6.0605875345591125 0.21120932966708644
-587.8286869542443 101.35165164544107 59.40465125597074 24.846180036718344 -31.345138231840025 42.81617407452374 24.23912210438187 27.837058340335563 5.423555382798461 11.336493770298068
-584.7272891034497 101.51998901067631 60.89365628442652 24.473702580598403 -29.814615932258175 42.77961936309765 25.84146529065131 26.18681612086525 6.150189500453868 12.312503894649755
275.9574690902338 -73.26989388928685 -71.84757713277905 -10.317792604108734 -52.900195975539035 -54.99718324831927 -21.060429825940982 2.1341860122302854 -8.09417557277527 -19.882831385366043
-584.7150250341484 101.52256785872385 60.896319761960584 24.4783268549901 -29.805073707038026 42.825370613122544 25.836656618959832 26.196307998409317 6.145198133423835 12.281828186956577
145.0181769013608 236.54628925771166 204.69862362806373 32.766128884590394 175.17705846514764 5.063262226989314 -3.6136836885722636 21.565378186758508 -17.970539992778207 -24.403008742221974
179.89703116122564 260.1599211437449 234.57763037552263 29.14223019168302 217.5457025861125 -39.305931954851864 -8.529550056584023 -27.407254377439436 -5.37727072562632 7.875425161155195
185.90658032966263 258.7245277480577 234.94213189255652 28.63091971300686 219.85947820045646 -41.620262493297865 -8.28817023892667 -34.01349356718662 -1.7481078089508737 8.993338225416196
185.89225427830686 258.71756676311065 234.92656169040416 28.6374553121265 219.86629076382437 -41.607712988027515 -8.317027516189011 -34.04166974065857 -1.7140360765206568 8.983956970461286
-409.1543242165373 186.5328090557385 147.38553291751057 29.380250882732014 86.91308816445154 -19.52644285964857 11.719454440324922 -13.450162777408728 17.289875129837355 13.572356293062693
-215.9168086423284 129.00849617941415 112.58618719041729 18.501593487732247 82.4011196457339 -84.70482446048128 38.59602099372903 23.002777811006986 18.775030180334703 13.305009807443644
-48.465203861265145 15.760911432225665 13.196667462481958 1.4307442752920683 3.0438364972381633 -83.98769020614347 25.223680168990942 14.721994522296994 13.097481094170377 12.071374532768523
-59.543689138935235 16.288105388864068 6.212516046543547 2.6362459881948985 -3.3292934680141353 -103.07643194057444 2.685928458346696 9.596624003597675 -2.110671698354689 3.0151459737647057
-59.53153141811452 16.295962447227758 6.218362209808715 2.641937490814373 -3.319340639260784 -103.03545440244737 2.6769100332071627 9.613599115641296 -2.1277257463447703 2.9789816766172774
295.38718057828373 -58.38124095437245 -54.45619179209584 -11.989974284507797 -28.852344284613917 -76.9770680290069 -24.857810128706674 -25.272354600099955 -1.2915494156375744 -3.8367444028800146
-6.834718889267216 -17.281272811937455 -28.296302914587063 -0.4629499980098896 -49.78697810845983 -44.87064508848248 -9.114741581520834 12.02237877619055 -21.243884947706402 2.9911592094580355
-1.8777750773419368 -17.571477560791088 -25.22178707010705 -0.9598679547429796 -46.822931332165936 -36.04430201358257 1.0626101147892157 14.241617355865557 -14.002804660977063 7.066683871451548
-4.804359129998289 -17.42825325983768 -26.23115025975582 -0.5656604399319293 -47.91559286868883 -35.343237674288 -0.13529435432797737 16.06308208929461 -14.688194043555466 6.096234898534617
-1.8809631236392548 -17.482977127825308 -25.16190258260457 -0.9474490665344275 -46.83991254673062 -35.921011585066175 1.0823528085308174 14.448292859890813 -14.155058658674896 7.022220071091858
-18.914320271449625 -45.7473858493107 -50.21613513243609 -6.024995025246006 -56.03607490731346 -58.158014367386045 -1.339178588018218 -9.616054566240328 10.225456965287119 8.884507644222344
139.33175719135306 73.58098471153495 74.57582924079978 3.8826726621731753 87.46213541712777 -95.10472139015737 14.832111721453462 -26.641798996591277 29.207552036366632 14.68785672487831
136.6004249625334 74.24613803531224 74.40762830926724 4.2080068568032205 86.84479564543253 -94.36045381797672 14.437007485509277 -24.12082965244788 27.945028070723524 13.838428442974832
229.3822015303935 24.234256493660762 22.698046260968646 -0.723186468695057 18.02754194769932 -5.848353809999963 -5.872778200800501 -26.504717392654044 4.375500772734193 13.94030075057621
461.3372188585643 -113.1613245297669 -93.18486625423793 -21.84961282151591 -63.048198114019534 -35.78729101832057 -12.268814727155956 -24.76999825733621 2.1332714693531303 11.25472225813872
478.7793160341861 -114.71553141717511 -82.80889678554367 -23.216028575276233 -51.57148251694895 -1.8040559451907083 24.21437163948651 -18.264918003182153 31.80958790068442 25.69192569964793
297.4859960398956 -58.638932976502375 -54.07907317293964 -12.16508738472835 -28.0329299807545 -77.33281550941074 -24.54754756218473 -27.11294384782949 -0.3130881818300031 -3.4196919022838617
503.886885509097 -90.47936744486688 -59.148753287822316 -19.715845734859496 -47.38656134079077 23.890358288342288 34.04733759352365 12.56989455945254 4.425376881426598 26.878132609433987
501.25670599092086 -90.5461800137364 -60.36030780151501 -19.32375225390933 -48.421256018410446 24.277721386572082 32.51184630576202 13.640691893829535 4.157134337568427 25.93122287234117
497.46455991219943 -90.76971887174896 -62.295090047834734 -18.727415527867805 -49.9019586107274 24.591544768750804 29.99640323026145 14.828361401046086 3.9519911465093913 24.394485578576443
355.35797967778916 -63.16943664024658 -52.51604529028453 -14.19182077872871 -53.974274806742216 62.062458061259875 -1.881458191781252 -43.40893241444408 24.505763095739784 25.532683235116096
323.3379780149309 -69.84785498107038 -62.4910588144963 -12.343844626590124 -69.36251470851157 80.56589013882147 0.8523006684785884 -29.019416991235964 24.152828420332465 14.987469817601676
323.31880372794353 -69.8574112840581 -62.51191872470926 -12.335371596784205 -69.35333661655224 80.580500559113 0.8095202404371536 -29.059563362592314 24.194507069865377 14.974032084054945
310.70263774477445 -68.45582039353229 -69.81024947377081 -11.517519366224017 -78.15947805166817 54.60949497631826 -25.70667340221074 -32.863114885518925 0.8526936725780464 4.591746459077909
-495.51077710641607 4.899926050551302 -26.8681298572471 9.488462436265177 -95.33809689208228 34.10247865657717 8.033751988286877 -7.713008608961971 23.324217808597513 12.52335086893079
-495.52518337279867 4.895559730280974 -26.87203680657309 9.482538232626432 -95.34996347625295 34.05492758560149 8.038890779580138 -7.720374834741507 23.324991573104462 12.554602730667748
189.92707990113752 20.15926713554001 15.26187406158111 1.9695480303873403 17.82633802023284 -43.728767149905 -2.3613297923989327 7.581067386770122 -1.2425904019948342 -10.366897050683768
297.47132833213095 -58.64857103793205 -54.08604232706726 -12.17181780316622 -28.045391718792054 -77.37951074849926 -24.5351414977406 -27.126996062407994 -0.29681003036655496 -3.3777949751911933
