209.34257237937786 10.227205051363775 13.211367529678302 -0.6698953731172546
220.3484988696489 66.17135516143202 27.06001433627002 -4.009736826211066
220.93652720394203 66.94230516833308 26.215698388391473 -3.660677802329263
220.93686468395538 66.96124966787342 26.227318273666906 -3.674610961009353
212.58935257278054 48.7415871366682 52.62518283765726 3.2024183944773674
477.6417541862064 39.1033097332003 7.133681848896166 -0.7090835154686814
180.3412691823797 91.55270324728487 4.281035936861768 0.40315173262965476
-496.25983090498926 68.48702410325008 -0.2919418679533513 -0.7813231532915128
-509.20005992551 34.245728405783716 7.944763498973365 -0.840887038059646
-508.88691464201776 34.71383199329784 7.509618546432749 -0.7094794537053746
-51.93703638322162 -37.077564057953 24.526303107158824 -3.1079388980990275
-508.89181962539897 34.71256500422905 7.526933474522082 -0.6967795569487214
-513.6936688525477 33.2638228821377 13.500609799162923 -6.857404356038074
-514.2592531964096 32.6717298685257 14.144303740368864 -7.187785547706225
-209.88109597694708 156.0728442801512 -31.19749562673697 -17.986963322976212
-209.43281606563866 156.89786911341415 -33.46137660437114 -15.929606585584738
-245.89511987300241 41.38700998275018 52.05820580614356 1.031045086587293
-252.84549980783672 5.814766155069868 43.05540705339088 3.018647025183141
-256.0184673198902 -8.776055264488065 65.44106892770039 10.146559530616216
283.9806766822687 -49.149457468997376 -1.8381097561070023 6.392939187434595
285.84630088786236 -47.65938388576893 -3.2600378106790044 7.227492518463604
-45.986448150973175 -6.819862163798366 32.0260600650498 -4.908119099085391
284.55594623237977 -48.64141570105544 -2.278799111497852 6.614157061830403
292.85037022965747 -6.148704988681643 8.509460215126142 4.263273476868728
662.2409095684592 -70.31860069064894 15.33892360582902 0.574082849309248
-71.79982665564904 -24.022622429423823 7.257386294830797 -0.44186950607300646
-71.7985649229989 -24.006448011142467 7.2647465630470744 -0.4497294248103862
-71.80398055514527 -24.008048708374563 7.28358737873729 -0.4357807288379669
-72.55261261315177 -25.036493701365035 8.238539085811988 -0.8269382067845936
-288.1827521008523 8.270111581400792 -14.294195366873893 1.9344430848201277
-288.19115080038335 8.264360534362329 -14.26788695863943 1.9544561139302465
-288.4338372313268 7.755102208336141 -13.872116680908862 1.8864235135153562
-45.9983284799164 -6.822640006133639 32.068374942855876 -4.877241391065964
-411.482099078649 26.324799864269327 -11.326831688027093 3.1173197917013056
-411.48144251305786 26.332267773222295 -11.322790347244153 3.1140159738851363
-415.2734706679499 6.944416446500575 -16.21312529842116 4.208380440413056
342.31398965620207 -31.5325120676778 -27.561330924582307 10.382558920006645
341.7289267806008 -32.32595710891495 -26.976141517645395 10.17576261094427
335.03398414234425 -66.55622917656359 -35.611486129082955 12.107449187815435
356.6125904003986 -4.526018722260644 -65.67129585103984 2.2041201457603052
-12.475717910474183 31.478790048262795 -31.937790301336268 5.463789075885737
-12.024157915975422 31.689268572732093 -32.07315150872463 5.639880626349405
-13.5670771190228 34.66457841454656 -36.72808205812722 1.485383386529059
-53.89443217543461 -46.98774293647651 22.101373315442917 -2.4957105201628806
-14.812925376651302 33.52594423183507 -33.31756219558832 -1.6429055072081193
140.13644994256802 -22.764685425821458 5.210404643381167 -9.50191322993109
148.47133821952352 -20.328394429251038 -5.022270281485565 0.9542303986651322
172.33172215631558 40.185043216742336 -22.628453801123204 1.0003838581043292
171.07031520679593 39.12868651825301 -21.629510487341996 0.5121186679823282
170.59465791201723 38.586961396177145 -21.140390819127713 0.3364882493959994
-188.59081489655588 109.21046662582727 -39.72893610694193 -11.933274872295788
-195.8080134710225 72.04501291455558 -49.31723097592326 -9.983622935487942
-195.59926165808457 72.14260183092513 -49.39993952729316 -9.904476577741615
-195.6045761958577 72.15054032047995 -49.37278099690492 -9.88614467258417
-54.26235060030378 -47.337783804856194 22.560362513139967 -2.746632889844665
-195.600476198864 72.17589332744257 -49.3638254485803 -9.886875825860823
-684.2307035951843 58.79861914599132 -27.114372559663245 -5.926336932415763
-684.6936081140866 59.623820124728766 -28.447752034995595 -6.9141407424174535
-471.852074718823 35.0435427697904 -42.215820996969164 -5.858276065276692
-467.3839860073363 58.05603959049538 -36.27630779624915 -7.063626514286648
-593.2961428948414 44.050299457839486 -19.777767440208727 -2.6976100003234245
-593.2913525471052 44.04416251081573 -19.801395493002225 -2.7136166022145742
-593.4806037310743 43.947053058266576 -19.697977990092053 -2.79174617781832
-593.091069335765 44.151976763067616 -19.90838201756486 -2.6434840755515205
-592.5435807440757 44.63143094199848 -21.361446579844525 -1.3366595785896458
-311.5368155856438 -36.02587686516507 2.89603179055494 -2.6899023118620446
-591.9726416414987 43.052963383143165 -18.879821526802587 0.6157845366734531
-604.7842805685004 8.033884144686324 1.1281457344218375 6.660598118509527
-417.2797404122692 -4.670709443080857 -22.88114926073168 3.6730814589368648
-419.5549575017459 -16.286972214801374 -25.798375426781277 4.337803650542572
-416.1877902556044 0.9015343554360795 -21.48355397664848 3.352807188231019
-292.34376018112647 -16.703196658836706 -24.88760398777934 2.343663074067269
-292.34276722427285 -16.689957132228475 -24.880100206306974 2.3382682304438585
588.1753965434231 -78.80125922593234 -44.89528074062635 6.642334500054445
587.8620083162693 -79.47335352017376 -44.38330120864102 6.561034638944255
593.4390393211318 -46.2118423780131 -27.861491814095427 4.059166030709747
-311.53951094379806 -36.02577648873508 2.9062525102416368 -2.6825282375053434
593.4394728164065 -46.2004291710196 -27.854923057825676 4.05111811224375
592.809059364189 -47.24117244663337 -27.00821677032996 3.7790258750582364
584.6335539424725 -49.866722844109304 -16.558353042681528 -7.077743172424773
-294.1136885247287 -2.222688941212399 -10.711636357298534 -4.521770605792305
-293.7089591392117 -1.750730027415789 -11.180990930293309 -4.258842430113176
-290.9036105822281 3.9158338619625614 -19.25196420964642 -5.4920180867512665
-294.83624342227455 -16.101553967109627 -24.230565664065594 -4.312797810041702
-428.349628067767 -10.591741924800836 -1.2946022111633333 -4.713720141241243
-428.88535630110323 -11.177263673949414 -0.6479821985188102 -5.0633388480849195
-436.0893697292502 -25.73789523610388 1.716361628774124 -7.908490096636978
-87.30271561278605 -69.33494365054452 -0.7188172051718817 -6.5641530933895575
-436.0941292361721 -25.743160642235377 1.7295573807070346 -7.898151984719057
-433.56429449856466 -13.007531748442752 4.779066363421659 -8.72596071594106
-614.1181998846815 8.570642417680157 14.070064290389624 -6.074187873461604
-177.46832351629806 -7.056334937099017 2.7049746501286047 13.822028671349722
-175.73262520061004 1.2693181647717597 -8.687140882830464 7.651850023508363
-176.3735900766066 0.399651964562211 -8.009107347606824 7.4263088680439076
-175.9513623133795 0.935635931367623 -8.459509997881213 7.602169408296271
-175.9513834693987 0.9298184210862702 -8.46400271498828 7.607432525316148
-444.024953980689 47.28590331494032 -11.594869524296085 2.4025090709145704
-449.72767956145503 18.001283113102513 -19.084584704000857 3.9844617626389374
-87.8054979946021 -69.97736032780642 -0.011698675055161131 -6.876300102101399
32.36115472511434 -0.27875812149054763 -28.564361392658075 7.951301630608319
32.366040374856674 -0.2841073880117201 -28.587625355498798 7.935419798700762
566.2739761728157 -51.63858506331224 -77.77867790645026 4.441698518114549
548.6702656405904 -98.94779618824757 -53.74150886574066 10.357771112493188
553.8119418139227 -72.72705340731545 -47.18135465239675 8.840237426979945
554.2000618103297 -72.09472952517511 -47.688209759454395 8.941588803041629
547.0084103836798 -75.33561985288816 -36.220601345603455 -1.0917846708014824
-345.5809437984799 37.76658844028235 -14.6274292801393 -3.8639616305552167
-350.72631070843295 11.485903746400453 -21.236506789111054 -2.3661380643069956
-350.1717555726921 12.005834439069952 -21.776215014971967 -2.0890376233711025
-87.80867425463197 -70.01217393789548 -0.026066208910679248 -6.8638744498833075
-289.26574230289685 -8.541933665366598 -22.877570151890712 4.522830099694118
-350.1710370420945 12.007281466176586 -21.776346985884487 -2.086107236339071
-480.7481274330649 20.459175825438894 -3.7455836162784415 -1.2804510603128805
-480.7538231210662 20.462796587174743 -3.7206847559310683 -1.2632545352455709
-482.42530300975415 13.898500832336346 6.406465326450185 2.1754780467609427
208.0103249724946 -17.624343296604206 17.67785032495243 6.316754132685297
217.2750898383433 29.805139475090375 29.688932496406 3.6727167918743815
180.97509938985075 -41.17768730878543 53.110057749986474 -5.959068814240413
-226.06399627195995 21.709446679906883 59.63765571350099 1.004920376678294
-227.09142158996696 20.819702720632623 60.647390205936105 0.43300884168554976
-216.75511891681688 25.61414591167194 43.733889875296946 15.43783738499713
-333.89074429910374 -60.754602530232226 43.2040159352378 -8.469213617443994
-215.9346035787163 26.886466768417886 42.67194908182274 15.691118470299168
-441.0413975080233 52.396179362716865 -6.511898148194202 -0.26737522231975563
-441.04579089537447 52.4015222581949 -6.490539249885154 -0.252821847261093
-440.0000205124705 53.345477530299185 -9.32002348635154 3.077667396428573
-467.4121820269944 -9.485683505690254 37.64974907686057 10.256107836004789
-184.5634899536752 -26.372467369897265 -2.4892693009283136 6.5863760619369085
-181.92789775841328 -18.182771842125295 -14.260909349638567 2.571713896521498
-175.3518929148264 15.389513621505579 -5.831817416115763 0.6492394714090689
489.6541324698953 -4.631707272486245 -6.476415912812296 2.392597811472741
868.8596759680561 -56.898862472075905 -18.387952646116066 -1.7184338544400433
-334.50254732512957 -61.504459866220564 44.12381475824829 -8.967166946179862
869.3450208242039 -55.953642389301564 -19.284896395097082 -1.4136478251337783
869.9048197659839 -54.924164157512074 -20.180887804105083 -1.1913227535123556
869.9020242740575 -54.96107300270355 -20.19960574168443 -1.1757339536006115
869.3547089123143 -55.964120618694025 -19.233413208222792 -1.5083491331228274
861.1714092211384 -97.39425003594889 -29.350674851664053 1.056185372180619
160.43972442407897 38.77790945903091 -11.566254814065363 -11.025462403658421
1049.306828035006 34.34895245878057 -16.03381157495838 -17.065238646624522
1050.127482688945 35.25177558002589 -17.051913702417878 -16.576453411250675
1050.8461752534847 36.0984758896912 -17.982373085759242 -16.183342617633812
748.1253341672493 87.4363574224764 -20.985646488253828 -11.085868156923718
-329.9043223213315 -38.16080124654425 49.879435018891904 -10.377019690500166
747.2554759368513 79.76407108628099 -8.564045394405044 -7.060207517309349
751.9589839692585 81.93697693190043 -16.18521359068342 1.3888423516189778
752.929455084319 82.7891278325126 -16.940472656102994 1.771301344462747
752.9296657305113 82.78111039937767 -16.945755856740554 1.7833764288957323
721.2091674860263 -1.4836989954684057 1.1663531850596636 1.748717062445266
709.7580810908768 -59.81439715487732 -13.374662846407654 5.161100350709228
234.9445070947823 -35.523160808211045 58.91323843781813 10.562679304554171
226.43466782879636 -78.86408279715062 48.11343222655426 13.10174126843906
226.42359152184113 -78.86807483040155 48.15135679070652 13.129906790233411
173.49934140408203 38.03794678067031 -12.807522872722826 10.105022353879855
232.0667501254709 -93.88223205272396 86.37567147984213 -15.984500790998819
173.50165078776433 38.04678131979905 -12.8065576408389 10.111469965018093
174.36053229841067 38.808897877386535 -13.365505659086486 10.390898167484002
185.4384816745666 95.65053601023975 1.1340977252460789 7.294731498765881
154.75785776104058 12.11801740470776 22.39037553065183 10.724356640579275
161.41683653830978 28.524178195268355 0.7352727528321774 3.3252288237056535
161.84190740957413 29.265387847491233 0.1131189072359125 3.4386617895977722
162.36503921355379 30.081366423476375 -0.625820152823658 3.660857602173532
154.20852299604257 26.632055617454327 11.814987532336085 -7.003609231702736
474.86194991846696 6.126281948444748 -32.31025038956317 -7.538620505164756
-348.999490536679 25.773813455384815 -18.587585030628713 -4.752209272155166
231.6050395876398 -94.39711835534688 87.09133406941358 -16.401118371666218
-472.768008734508 43.7904519249147 -16.25311774893581 -3.780728825454296
-477.9000949280347 17.543790683342575 -22.88005875570567 -2.3033292919841704
-477.89549021159087 17.540580974540084 -22.90040901536954 -2.3173796960774773
50.86656884240392 -9.91388546083051 4.234655465084556 -1.2707885206974154
58.14823743985272 -6.646841439703659 -7.3582931087646335 8.76600800320825
58.14861093321486 -6.637026619086269 -7.351734583872256 8.759384039858123
878.8216388832767 -41.34260767313831 -9.00961119190497 15.909505425867993
868.5898325295856 -93.53453217489098 -22.07680011601503 18.922639846664556
538.4810632609615 -82.84155571615254 34.61720527930349 28.12809645827889
549.4673261438662 -26.82049426879081 48.63044127750614 24.883952480108622
252.90619466839846 -62.502365073776566 40.10135614888471 -15.7095817371112
42.01840652461765 64.23716125028896 43.1186812260859 21.917729810289753
42.00231203084801 64.24872723538306 43.18972986602934 21.96710436369205
43.46206595688013 65.68895247394471 42.109774549708014 22.501085525769863
41.84080205154899 64.10387310786555 43.27911481954679 21.94900661834
42.72485463078153 65.33905441435591 42.399086751705305 22.19416051964503
5.640453100964954 -20.009312933451397 80.74993289549042 25.121963278279978
14.541313271562988 3.0340446581102247 50.85119708299237 14.437678870157669
271.23701977938464 -50.61674419461953 35.32367147012763 13.432887070850063
271.03012176306345 -50.985436510376154 35.73223815606554 13.283051555330474
254.04153297215248 -57.62406466369409 60.32826344818591 -7.819649660790494
276.6049127959273 -13.730469049516138 25.07020989563161 -9.259568913637972
-264.31376603609385 12.052620659505756 76.7263673193866 -2.6953355459369757
-255.7531665720601 55.744459450250496 87.68598402976966 -5.204360730915024
-622.5962723396085 51.61521365648072 50.665622549519796 -3.908935654404562
-628.2605075628976 38.571599412482136 69.6255961124952 -0.4196832144464193
-634.0639881674413 8.901118450309125 62.14222971391123 1.2558618494347629
-306.4412623561884 -11.188918776202174 15.896371503640365 -0.11280800319105844
-305.84544836935163 -10.609609188677338 15.315056513451335 0.18721051494327212
-305.8411338338294 -10.609598587843509 15.298903640868053 0.17547832150621467
-283.7802738163249 36.51169712524002 -14.796058980159502 0.020405327756361502
-283.77989692891646 36.51115309841138 -14.796639643116375 0.024223782685043438
285.7744311227859 33.09603505869345 36.837303226148116 -11.93384163459024
-283.32092789078246 36.872530578870496 -15.122090517785473 0.2164651453421922
295.754248361524 36.18785430271537 24.17730141527174 1.4343550017324525
-179.48067418327577 -14.308200798379533 -4.494240316736634 10.98478501740362
-296.32033803465856 -26.968664275389578 -21.14974251100317 2.7510881337737496
58.95576280422462 -28.91561952401089 -36.99715816167817 6.326121788145005
58.611834157179864 -29.35200129606862 -36.63793404394848 6.188612026572779
58.984871047945326 -28.86739723825766 -37.02145170072608 6.321493444358542
66.48551539742171 9.465354447533056 -27.36389729345306 4.149192895211587
66.47528156915347 9.469028233035534 -27.322000663011305 4.17876907298637
66.91279104598384 10.159501459733688 -27.854096425248084 4.300762464227326
62.866665558119756 8.076642777186992 -20.836258095934767 -1.8775904515681345
57.34917132868047 -20.14008660776797 -27.959157615592193 -0.28859523775930085
-124.8008057203282 14.218139925737473 -36.13309779136884 -1.214603435362875
573.905944460866 -6.583996764166076 -56.97854987075376 -0.7138070328180621
-296.4098827150667 -27.30074689201678 -20.884686468085704 2.690902541804282
573.9065073223793 -6.583953504149743 -56.97902489547254 -0.7092894445642701
573.906280823376 -1.441842691121395 -64.81055261889605 -3.9213217837218632
552.415486136551 -56.512490460033185 -43.1568594556302 -3.459954593538755
880.3476339129621 -65.2949054871357 -57.29461081129544 3.2923344579703935
873.9125829232919 -67.48103590577291 -48.71990039886848 -5.80857742978289
870.3865047172113 -78.3000382087402 -32.28666430197092 -1.9328385806905932
870.386946682173 -78.28170888675032 -32.27843056764838 -1.9494986456765737
467.88011498393826 -57.8863522582608 32.39976223765715 -0.15728832408816595
428.7761625654381 -118.67888417539146 66.44464712392234 -13.362983430074959
429.89389652150476 -117.26558784494227 64.81844966897215 -12.488404739407859
-292.6930758074194 -19.736581412737284 -29.680179382160606 0.6050696470336575
429.0040904464145 -118.31711697301043 66.14041890402399 -13.237233687195983
-211.74191812866448 -52.82173219839969 37.73828347340336 -8.728659428362555
-211.73747387117004 -52.818066071509804 37.725006493184495 -8.738967745601553
-206.5729172651598 -26.570535024383265 44.220160606018936 -10.307907576480218
-205.8339340298832 -25.61782210727207 43.193921774471654 -9.83754765206534
-468.8001148969878 15.100149578905036 44.82290427972554 -4.325684231288761
-461.92369203748535 50.23585533616735 53.6685288968482 -6.321169507862119
-11.588057170600546 -53.69605360057986 -18.745732316843345 10.104155529216257
-592.224494081212 -4.137354319139445 -11.805325994276442 4.069178745052797
-584.0359694254144 16.83995019916376 -24.163168272341014 1.2697812093158023
587.4747793769648 -84.89450778793044 -54.49543909267134 3.1759373332112446
-581.4735615398752 29.995763643664908 -20.800457947098113 0.5576783437390727
-795.053776299242 50.52803504887194 -1.1134779158541275 1.9454707236150117
-794.8150909762186 50.80685269738061 -1.3292796477014643 2.0150917289266195
-794.2730026974705 48.086862168655365 2.819276304813503 5.0387603064331845
-789.3371836629176 73.43731424892674 9.306518715125533 3.6717206080190725
-789.3408670611782 73.44121060693202 9.323909308098868 3.6836331341646216
-584.9040131708598 34.19297351989884 16.024519387181094 9.42258641563486
-584.4218665587289 34.82543872079214 15.527882340358953 9.608756322973681
-588.8801655826426 32.33579697281413 23.82419673998398 2.3074828121062128
-590.0635046522683 31.163899191151593 24.938238368222997 1.7271845017207743
335.21172597033063 -56.78375835003821 -40.135546597581985 5.95119222982404
-590.0636781108531 31.156940314730843 24.9346334903695 1.7335550108441717
-2.663756753887019 -34.87350870616743 74.80161048406971 10.01228761164016
-19.133085867917988 -39.7644721326658 95.23883761045516 -11.13049530816234
-20.16289910862972 -40.748723429837604 96.42579739647138 -11.80222365042304
-20.17083393227465 -40.7514413237443 96.45312133360581 -11.781982639400372
-481.24687275569096 -6.282326808203175 55.925904931080936 -7.855508799942192
-171.9664015935585 -46.123788629444824 43.28615560255926 -13.872974398951245
32.78370605307693 -50.03314352193769 2.2046012476468015 -11.456616945640949
27.465293911775998 -76.8782125684535 -4.284421206306623 -9.751160714133995
27.463555485228454 -76.89896285952078 -4.293116651703689 -9.743565825595189
328.1222698507265 -59.756549322347546 -29.46216309975972 -3.295158077969541
39.95507096455425 -54.422949811094355 -10.528959264506435 -4.5130796788172525
44.956637195392425 -28.911446582447077 -4.143082832662403 -5.98708398873816
45.844278803313216 -27.92165505024892 -5.229878254725902 -5.430282114415965
45.02100494237864 -28.894885949281132 -4.177053272076127 -5.917386031261486
51.03468157164154 -18.379707808315274 -20.715589390143684 -7.468355976229905
127.69487690375021 -32.40691701954402 31.1733413702497 -14.19862969221955
128.01374571704412 -32.04547196721993 30.673529723699446 -13.970868511280615
150.79869432171367 16.196823411911403 17.45179637015371 -7.953363566537611
471.96670930176975 -3.501637487833505 -28.74913492864074 -7.876930987647517
483.6850906656305 56.38602273303081 -13.662180441398867 -11.271484484914614
327.7623071244834 -60.223140826683284 -28.97984606239951 -3.4807418080467
480.70069025761046 47.8405389700343 -0.24126906368772671 -8.161277909808888
481.455030436858 48.50118826151098 -0.9383060135521112 -7.767035974716492
482.86323036636406 49.704181421502355 -2.208077546065333 -7.059420855296923
243.2384606951828 98.70950448735026 -17.50882953906501 -6.588569569984501
245.02078845776822 99.83152799374881 -21.118701374503555 -2.478201031121907
245.01077925136696 99.8420483841183 -21.071519352020587 -2.4458597571353087
233.64469808534514 41.44170823535291 -36.03355460539597 0.690742795425642
-469.608116452715 43.43152660199792 -20.449237137443365 -0.6375276217938246
-469.6084637799439 43.43158898561761 -20.448671953404126 -0.640707705842416
200.44094627226482 -35.01126660378587 2.018557870003237 2.0353753287137746
327.76445886556803 -60.20218423856092 -28.97091991653794 -3.4872218224049902
