191.63134966505814 0.005141133289323446 2.961156250974134 4.680572317973571
191.63178888331106 0.0063122563246267305 2.9600295733713122 4.681307613226661
191.32183822480644 -0.589455983964355 3.1803084081764896 4.9684018353138715
191.32300299557372 -0.5914468580253373 3.188356020296196 4.951404584846352
202.23333267053223 30.848384627914033 6.838791370766379 10.973882570286111
427.0861348350829 -13.78208611685177 4.24675979560797 4.878288141692111
147.76332540128877 0.3923396587414745 -10.204047591239435 -3.7810080850617123
-481.92604668729956 -7.560329225258167 -5.875500371699005 0.42971225406080493
-484.61398349688767 -3.463580189459157 0.1359345334642601 4.721857221999625
-484.7612943887084 -3.7659773778530767 0.2349183658649021 4.815318602814725
-22.14580880868565 26.326732139616432 6.185024675346467 -0.9634424698173889
-484.7620241228462 -3.7679231268391047 0.23679027149735243 4.814096954984832
-479.8498361064191 1.6453248232342015 4.3715328679110765 -1.503450762915274
-479.6590930600887 2.014158403234235 4.264024026559555 -1.7061298929531028
-297.7361893585549 -137.4253539110288 28.47186914357955 9.66768453966147
-312.6130267534182 -150.35668117479707 25.811003165824843 24.51477194900557
-195.18002152049618 69.62372078164557 -4.561486488341172 -7.805084620711139
-195.18016683218693 69.6233333253689 -4.561113736463787 -7.80532788700705
-170.16471974111113 116.10540855118221 -7.928001597899187 -10.495715934183902
297.796861225605 40.67157797360772 -6.669934469587156 -11.968565560437195
298.35946687858166 40.503807291925476 -6.931192474384261 -11.798448619326805
-22.145308685455678 26.32806565908357 6.18374176429846 -0.9626052148022866
298.1475860877061 40.86662041785474 -6.855708957386013 -12.062179477531638
298.14776803556066 40.86710556008732 -6.856175687926068 -12.061874878639609
645.5803338952735 23.05575048003111 12.200405675162251 -0.882388001702447
-57.29796717318802 7.628251044315247 6.701462144237099 1.32674023624808
-57.29693016550058 7.627883577173337 6.70475034025499 1.318014486540281
-57.297708996618994 7.625806916955268 6.706748188889757 1.3167106454718107
-56.8754734081002 8.378535896735745 6.455644217213553 1.007112848904172
-288.6541146484598 -26.365248445814196 0.782732023521053 7.496596748026197
-288.6556271859678 -26.369281448886742 0.7866119701941783 7.494064614181185
-288.44315213302724 -25.978531004806822 0.6133111317092678 7.412353485757128
-22.147107767277415 26.32326861933788 6.188356751703983 -0.9656170515087655
-401.7992994997046 -16.009972091532624 -4.532432576449498 5.451855830108344
-401.7985651026973 -16.00924830774488 -4.530978152527867 5.4478291068066955
-401.7986151544521 -16.0093817647621 -4.53084976035716 5.447745315148701
308.0181884669635 -16.50576542029068 -7.514746368539679 6.255058037107851
308.0239999939329 -16.19759516657119 -7.551686043151938 6.15193408934282
308.02390522939976 -16.197847844877554 -7.551442954271532 6.151775443988338
304.6699993128812 -42.8450041096466 -18.704631419104246 -8.27680325671685
-24.55646031805543 -1.2113614088905438 -25.739271799945165 -6.671994726184023
-23.84808798901731 -0.2870150087459114 -26.337049672165843 -6.826695940966145
-37.465267680697906 -24.520531254074516 -16.505246485106376 -4.467595608168515
-22.147273315912177 26.322827203705863 6.18878141511099 -0.9658941965373148
-28.352752708961162 -16.039446922741067 -13.046412077321097 -13.454975993381833
143.82596259806726 1.0495372412250248 8.515633509519938 -7.046805842319489
135.7653283415771 -7.885062663502919 1.7340778875463347 3.4078940736105885
140.4278592926152 -16.538288751743128 -9.588544635789795 -4.811360013374134
139.70467470394343 -16.964975321406875 -9.131116199203335 -4.727244215756027
139.5336549102723 -17.033465620749332 -9.015388926778067 -4.6976926002082715
-249.7215495525785 -95.79785534817314 7.147110344793691 3.383945530481333
-249.7215495525785 -95.79785534817314 7.147110344793691 3.383945530481333
-248.56220171289115 -94.00458912864961 6.2517258572272905 2.782446559667367
-248.56220171289115 -94.00458912864961 6.2517258572272905 2.782446559667367
-22.05200918851938 26.53966272800684 6.138124948874275 -1.122428501475576
-248.55989541376667 -93.9999780636456 6.248708392896406 2.782551563090057
-680.0876570936915 -54.756488091122385 2.350877632776429 3.7114920794258204
-691.1551702756941 -73.41918595546514 10.107961797364009 9.263237463502028
-488.6744924973288 -74.21848723188074 6.317278650870327 5.298045531309237
-488.6744924973288 -74.21848723188074 6.317278650870327 5.298045531309237
-574.1311122645466 -22.36816571282972 -5.538211157593722 -2.906769221282114
-574.1310241463495 -22.367930756036746 -5.538437197546581 -2.9066217029108015
-574.427704779649 -22.6998744855532 -5.353543527722141 -2.788730337890992
-573.5134867185327 -21.571034973402842 -5.934168899047991 -3.2326437519285665
-577.1559167536999 -24.953657555232528 -7.322208064862625 0.37672740655791803
-268.8506122661986 16.303523941013996 3.55947612292725 -6.364796349816352
-570.667224040514 -13.174145559948512 -11.906226066705944 -0.6980499884536185
-568.504491307758 3.8143161828941508 -4.928270131450351 8.320446125286036
-403.76230131642853 -20.748652622893047 -4.092888855965695 4.645649576580587
-403.76243176563355 -20.749000450275634 -4.092554228984359 4.645431191900622
-403.762225945777 -20.748451655962636 -4.093082195997614 4.645775754394258
-289.5621026639025 -30.13552335382754 0.10726597593976372 6.094358774032719
-289.5612866537699 -30.1348356493227 0.1092253539293091 6.088638607444059
532.4928454683183 -44.75667318942783 1.7654038600449047 7.536844621691986
532.7868496846776 -44.218900224472826 1.520982695592086 7.432533115835485
542.307890866835 -27.900300553807508 4.21173918234421 3.8810788063525474
-268.85093703820615 16.302657975239814 3.560309224336684 -6.3653400505746776
542.3086157255891 -27.901006600004887 4.21599460392312 3.8717916565944064
542.6960527024827 -27.14480620932474 3.953367780302638 3.6263521828758813
550.5707198758247 -17.571612779491023 11.823552356792074 -6.973701864618626
-280.5223494500275 -16.542305444375025 5.138299602319647 -1.1666346357197246
-280.73560598441867 -16.916402795888697 5.245580006831346 -0.9555107114364148
-284.4851544962316 -26.67876049557942 3.0117987283393166 -1.868556966704176
-284.4854699576595 -26.6796016361802 3.0126079468021563 -1.869085079869895
-396.21585674306493 -4.752934842453876 5.335537600868077 -1.089930001651711
-395.940452968629 -4.294523797890451 5.190290046533507 -1.3475991625666635
-399.9823252607601 -8.037552620561398 7.097071783750457 0.02539872688486261
-60.69145991309037 0.5109977688414635 10.563032885718375 -2.7377642797719997
-399.9834085665065 -8.04044112770841 7.09985066923491 0.023585168456990935
-399.98332922595057 -8.040229575605935 7.09964714577602 0.02371799250877965
-564.3859854361425 7.791343050306969 4.180874310521547 -1.4250269194021095
-165.50637848054657 13.473721390812601 -7.40511342651913 11.27759904239208
-173.3206172461358 -4.974682296296949 -6.02181051940971 7.44589854834126
-173.299029559973 -4.632996121574361 -6.077170350728264 7.33787569025584
-173.33008486926622 -4.8819720536326665 -6.031487178319205 7.444837261181624
-173.3307788188287 -4.881889286581632 -6.0350385804813484 7.4520587589112015
-431.45339764405713 -7.403212453388221 -11.926153036718116 1.042962682122227
-431.45340403502786 -7.403229494147794 -11.926136642674791 1.0429519829948974
-60.25851566527433 1.090478157665712 10.339575227936468 -3.017640787524589
21.987939118817792 -1.9967170764925593 -18.84559232578732 -1.355368417566122
21.988103182926626 -1.996279619127816 -18.846013181155183 -1.355093757862686
502.8197322094439 -52.6965902405029 -14.03476257228852 -5.867195645107088
505.7805836799395 -31.22255115907993 -6.773509030812125 3.742092588507244
505.78075842822955 -31.22208521362683 -6.7739572931119945 3.742385134608678
505.73263930707793 -31.435850468972774 -6.733777080289472 3.764979135611399
515.7711149586617 -18.78397176517256 1.0705796938365357 -7.784136011115084
-342.70257641080724 -24.180330991326358 -0.7472524014344293 -1.1178293644364525
-342.70280764051506 -24.18094753800583 -0.7466592533272067 -1.1182164654949316
-342.7239757499272 -24.446260254222864 -0.7222389659724611 -0.9731092435544646
-60.260437952701146 1.0905841387021038 10.336293885083462 -3.005144590691211
-287.0612844229024 -25.81797005248959 -0.8569293091656349 6.947176994071588
-342.723901061986 -24.444717067591323 -0.7250311904017965 -0.9687343621140727
-455.3171990584955 -5.691807082746604 -0.18380995533256017 -0.003702571334895488
-455.3176885521942 -5.693112260026769 -0.18255431080295037 -0.004522031053839082
-447.40922837335086 10.53660580831298 0.6077397048321731 1.044145936120245
216.79696202921215 36.58620972597388 2.7624325617292063 -2.5521407208770284
216.79705802139247 36.586465677645045 2.7621863237161306 -2.551980020331142
201.8781182535988 35.460486108550334 17.870145298754878 5.564101336953826
-174.24718578690613 67.68285820314156 2.8886470515748086 -2.003422839704526
-174.21360598220812 68.14884121809148 2.861268203536028 -2.3088849139101386
-189.87378051304344 48.59107432914169 -9.38359408397058 15.493681868482021
-266.23454115007746 40.13030173035666 15.020177605452684 -1.2777339955281657
-190.05467148564344 47.976230159980936 -9.22583251877026 15.627535758773162
-401.7958995439769 26.31175238220532 -16.58603766131053 -20.228580206183867
-401.7959798235721 26.311538326215047 -16.58583172899165 -20.228714602282647
-412.8775376277159 18.002672391121777 -20.79725378609581 -9.379073701630643
-408.78458304928694 53.18312542330851 -2.734927239045708 7.460833474750434
-164.79714260644806 10.662635636018123 -2.684097854993797 3.403126159122433
-173.06862055047688 -8.124939072820938 -2.329810245734353 1.6623956959451118
-173.06859352566937 -8.124867014363382 -2.3298795694959953 1.6624409382194463
452.6292899456543 -3.199446252096143 -2.8518305295686854 -0.32288685651660326
802.9574028088537 -29.906744698745023 7.261524807427496 3.507962310443207
-265.6112391535245 40.91981070400525 14.69334707389905 -1.738100903074373
802.3018896397406 -30.868417173993592 7.727818408063308 3.874075362395834
801.7522210601581 -31.752192113799723 8.117586241824581 4.127507790316176
801.7501645827778 -31.752603068232215 8.111891453684464 4.143880623024193
802.3681537060198 -30.845879381229025 7.6690002632366685 3.776612493206564
802.3680944349327 -30.846037420492014 7.669152304729067 3.776513267455694
129.42543715109036 -31.679320337891532 5.105037994269751 -5.470911623563749
956.7860077690689 -42.45686849032862 9.539698758564144 -12.211807768068947
956.368101922132 -43.149948257901855 9.765673964951585 -11.843184295114813
955.9434880136045 -43.80570570974975 9.991491863777346 -11.529646540691191
669.5846156210126 -31.12781439046523 -3.1350826439116357 -18.398098697371548
-265.6112001176929 40.91991478837834 14.693246939645189 -1.7380355531728142
686.3367708879045 -3.1669487138466743 -4.658691530954232 -21.773539805893012
673.0982540381953 -14.752199852275027 -12.516327775169598 -7.603651375321511
673.2101568136172 -15.146739031331657 -12.515724915823727 -7.40181581914989
673.2083462836448 -15.14514526964887 -12.525243817701543 -7.383834556238365
665.3021513764342 -6.852546803762088 2.821520047376126 3.2892311858469316
665.3012163345963 -6.855039982287405 2.823918607248541 3.2876658346996663
256.68234504794856 64.215999715263 5.508583398443508 11.86652737064666
256.68155385869176 64.21389010264525 5.510612949123288 11.865202842744333
256.6798789777901 64.20942423003757 5.514909337511415 11.86239893037506
147.91184826373413 3.3987661656105748 -18.453201977076827 1.9247323322466678
298.3916123336941 78.54185670253389 25.520046976407592 -5.990347689492993
147.91159253981596 3.4012047924283255 -18.460642929809612 1.9361048547887405
148.35803458075299 3.556835871894942 -18.7549793856441 1.9560616565353817
148.35809823504562 3.5570055984537783 -18.755142670886173 1.9561682202099782
140.72115680048415 12.826331137521775 -2.2684165394321445 14.776542837083221
131.6367232575454 -14.13824726774933 -2.7697653214863456 8.423058343775333
131.42778495499334 -14.608692709962522 -2.588198411272682 8.507107544316034
131.1896051420004 -15.134434551649488 -2.3653886201112195 8.692522874639387
139.6964655941288 -3.143187811736638 5.586821942085756 -1.7099981514197502
418.3837485942599 -44.18192872076956 2.9821893248946916 -4.841264907420934
-346.61583509080805 -29.84746341500809 0.7176180863662709 -0.10041615711975727
298.8546502509396 79.11251882162253 25.285629872075983 -6.372711162366269
-463.06955007616824 -24.985239214592056 -2.2996229034214473 -1.3282159834196856
-463.0695972796344 -24.985365076990043 -2.299501817645185 -1.3282950067597663
-463.06924214089764 -24.984418141387042 -2.3004128161186106 -1.3277004702204656
48.676535357744925 -1.7209441497639846 7.85402408009318 1.8731508941934034
40.99943254264195 -13.270209025261702 -0.45133645794796456 11.363059742969984
41.000162359284666 -13.27010789622516 -0.4477873593712669 11.355277922773272
809.4105497827298 -11.774847754201637 0.2849898358153635 15.831841475838006
809.4097984015987 -11.776851223162186 0.2869172710990906 15.830583590609047
527.4885851902525 44.58295691735517 1.5604099836482372 27.411042900555664
527.4894671143933 44.585308463083116 1.5581476817810607 27.41251932655721
281.4571198489919 31.084272591004694 15.438779418285169 -8.083663655656128
53.16652481965257 72.39389349807011 -26.322272509749038 10.245223330908328
53.16550985315594 72.3911872090636 -26.319668927369378 10.24352417908752
53.426065947905045 71.87349281887485 -26.392514419538905 10.503701913027829
52.877331563870214 72.0352268955256 -26.083732050733133 10.35693945881639
52.86366880909739 71.55571548061155 -26.017236834943883 10.465043671636158
42.28580237313414 84.4396384636063 -3.4500758662214768 27.888364077570706
28.87440475020729 45.60202617300609 -3.750227853797583 18.95308229898267
270.21048935041046 28.195408150459443 0.7403972361253421 19.29115264268212
270.46775774576867 28.621178587850892 0.5227196102532347 19.117397347075244
284.35576168419976 49.424640899829086 14.712314118561459 1.1956977913035454
289.78390442870375 31.568912869453868 6.489193981386646 -13.821283800256708
-197.00484718450545 80.66951648282141 4.0667352606061495 -2.789735229597247
-197.00481006197154 80.66961546450605 4.0666400351715435 -2.7896730836333377
-562.8490535668004 42.196570039812414 1.8212027488895735 0.18236917744407366
-549.4145057723348 71.36046365258129 2.4820395100390646 0.21587334231117694
-549.4145327971682 71.36039159409012 2.4821088338314095 0.2158281000180189
-267.92576887166996 23.9926404410781 1.1417193551802345 -1.909871754198803
-267.8557491579227 23.853969574738574 1.1047449068537203 -1.8263439167328546
-267.8552403991941 23.85532611916019 1.1034398448118115 -1.8254922038192756
-269.4913409672809 2.373413017469829 -11.308161292761671 -10.263728111458033
-269.4919578388044 2.374929657191057 -11.3122777045547 -10.256772215690262
289.78393660118786 31.568998653535743 6.4891114529060845 -13.821229940281
-268.95695227592734 2.9416047767338602 -11.650755133040619 -10.4503412776612
276.9805298036228 18.80541577797817 -2.7334153442848805 1.6889797679308076
-169.19362029344109 5.193390151574372 -6.904182515344219 9.174448567619757
-289.8129018715577 -27.721595874617485 1.5705756627932903 7.501657607511446
38.61030864628807 -29.10196054395419 -5.5633401740592205 3.9656396896999104
38.64048286567613 -28.876546041893793 -5.607467346344001 3.8795517203188505
38.635378580802545 -29.082870628077195 -5.58124807728442 3.9456713113577075
38.63577427665707 -29.081815551849726 -5.582263112301854 3.9463337447858806
38.6347843207374 -29.08445515269009 -5.5797236868874895 3.944676462975277
38.506732483990966 -29.483177361523484 -5.45742651824177 4.036437800468674
45.40727605689705 -20.905860350417374 0.004997998839928602 -3.635017651364573
45.407210989645996 -20.90603384447251 0.005164908597361351 -3.6351265804808
-132.52318267310272 -24.314252686619803 -8.423225533264729 -8.700077846604529
520.2049747118424 -30.181755744628163 -13.007407131528284 -17.59375147104335
-289.532424141185 -27.318574233146553 1.3356022585473888 7.392827721392678
520.2043017932878 -30.179847958669825 -13.01235776076092 -17.58545165520859
504.70998595091305 -55.82493877853232 -7.677440498879032 -13.057554717073176
509.02585869124914 -33.7233897676453 0.6241029239930452 -7.850960620691752
805.8753605066178 -42.47378859619875 -3.217463321025135 -4.11472940008962
815.141631560979 -33.255310476832605 3.556833538412998 -15.155319462947721
828.6509718806923 -6.646335326005369 5.749383262380566 -15.472661638290713
828.6524266920976 -6.650770108331602 5.759786691784149 -15.49398877321164
492.6353636244855 64.51444358616824 9.746022907599535 -15.260402514314842
475.9395956869852 64.30303310455811 26.610467555264545 -5.538990517638254
474.91237709225317 62.95610594082367 27.14157778542592 -4.77544687007301
-291.24707296710363 -35.20710594620348 -0.1549343028313272 4.662396251541092
475.69867603824486 63.96983787858025 26.74508446286066 -5.416028535461686
-159.22696186526593 32.17670347244537 15.428269423049676 -1.3934440687567275
-159.22614234702894 32.178888619995114 15.426167204295519 -1.3920721133793788
-159.22580080836957 32.17979929207242 15.425291093245267 -1.391500343532673
-159.8391848822458 31.353558513364955 15.737110846471479 -0.9795519228045592
-403.4509950994957 51.394993038682486 5.530032783851273 -6.76300577519493
-403.4507665933637 51.39560232300223 5.529446622550873 -6.762623233090735
-9.494487796625336 -3.9369811794666703 -6.365741618311557 7.3783079893293
-560.554953286251 -9.72498964435779 -3.956347385233797 6.009370291252662
-561.9980164854776 -20.19919634308834 -7.514876006888681 1.3110808198148316
529.1212728416718 -54.901213783152464 1.237084546492275 4.684359909905924
-561.9979939444054 -20.199136240026508 -7.5149338289708165 1.3111185558057528
-754.3271298779433 0.09814308118089138 -9.443270058582732 3.1055153620480884
-754.0616373756435 0.44519809011592015 -9.676759404000649 3.0164075235650545
-746.1516139729368 15.162830169408117 -14.617396522618522 2.512341016229226
-746.1515705271325 15.162946012577457 -14.617507969415525 2.5124137488893763
-746.1516937292545 15.16261750870963 -14.617191932632428 2.5122074961945673
-549.8924379221678 15.849511232387028 -5.842879052317193 11.05165186374874
-550.0278259883169 15.354400616613352 -5.686118631513812 11.206348769733264
-541.469522126944 25.973296363817617 1.2500958971177396 1.9083661528917624
-541.2164954969062 26.896545203018118 1.0429619936069026 1.4852642708964754
298.7347376736396 -34.334670127968195 -3.2308747063930863 4.866180154379226
-541.2171276800669 26.897755606829758 1.0388934631385238 1.4934809531974698
45.03004737626189 79.82341906012854 5.030202447093628 12.684785604670365
61.816085726059256 98.30558075271152 19.127326372136636 -8.910126705074326
62.185618414124804 98.99303847808618 18.931651685837586 -9.352341301309199
62.1844162032561 98.9898329215319 18.934735587963754 -9.354353925132957
-407.33551780980804 53.18870050659392 10.742060073030782 -3.7564393411978987
-125.98545569550569 23.28564447338044 17.711047043041997 0.22960813750411727
42.58891840436181 -11.262092610547187 12.309528955233102 -1.8997152091775897
42.58886025992104 -11.262247645736402 12.30967810666014 -1.8998125488022923
42.58788027255589 -11.261988025147733 12.3078551587347 -1.8925871764172089
306.1879465824542 -24.06276688871425 3.4694339586247964 -4.202896356700175
48.854875041018786 -6.475492405504317 9.062190897754245 -3.872871766324443
48.854900233097624 -6.475425233840115 9.062126275330936 -3.872829592254978
48.354865852514465 -7.312607733542787 9.332309252887246 -3.4393285709984207
48.87432691941222 -6.513329154714401 9.057165746469687 -3.8293594442672747
41.28941989351392 -25.96015129643215 5.12712133291772 -4.953552330677977
148.28813542522872 17.902626507120956 13.281856360635429 -6.0822590417749405
147.95947395207065 17.466816075964438 13.429643374398035 -5.849242786404856
156.06274716922832 18.122205562191052 4.969571085584256 -11.188179402876607
429.71432929573695 -29.459525142981665 2.5546615510338153 -11.402952006483693
429.7146583445954 -29.458647773485307 2.553817478694189 -11.40240114580946
306.33803742468064 -23.779591537298842 3.3938346403534636 -4.317083385352793
440.60388628691 -7.904381703918302 4.245114078867557 -11.783268075383258
440.4569444180913 -8.390755555315787 4.34317500757848 -11.506178300783484
440.22066926498394 -9.308874300356893 4.514533847767484 -11.00811743560542
205.24118839819417 -13.549976929441344 -11.103126473876154 -19.760455821541427
195.36348267083167 -21.211497444797764 -15.473714478743045 -9.847109821038996
195.3631482446887 -21.212389152191673 -15.47285661264451 -9.847669683798673
195.36313551176107 -21.212423103028758 -15.47282395027866 -9.847691000005257
-458.126141632059 -18.362710606142407 -8.509888551216187 -2.603629203414352
-458.12551557959836 -18.363486885110703 -8.506447494800696 -2.6095890697013076
191.63097161201975 0.004133099991440237 2.9621260282778348 4.679939419402996
306.3394619049284 -23.778703555739767 3.3953937184478598 -4.3238078394394535
