219.64686536246097 22.476355183425415 2.166328712550484 14.178065140089847 3.461026748941287
231.3550022142369 73.06503546867717 -3.4002738119034266 24.472969751142205 8.640685298337816
231.21585381480315 72.9369874201362 -3.6061795450557996 24.446623031079227 8.517583805914558
231.2138077790211 72.9127500823548 -3.592316636132796 24.450470621441433 8.5295126796268
237.73050037531905 87.20322183554477 21.3761364770954 29.35027336133812 7.351848162564743
487.10615729663994 33.67791910667713 1.1060998839126794 29.61033409973498 10.111611902754037
175.9196628198853 76.85163246148318 -14.378139554811844 7.020661888487108 4.613453361123928
-517.7308283273412 54.01473647514049 -20.88601063456804 -3.168796122263527 -1.0315366849318546
-522.8006703756575 35.67075175970681 -11.758467871004493 -0.04634769784910192 -1.7924855485598403
-522.8598467915011 35.59056668485758 -11.865884012113527 -0.05951167950094491 -1.827532986167834
-34.26343658312544 -7.768115364010988 17.27643509942272 -5.179067836114646 -0.8221418993569404
-522.8666042361034 35.591861993761604 -11.903139488502877 -0.13270539630013783 -1.8602307342526119
-520.8908395462244 36.22138665784908 -8.409895959350091 -2.9544606726808382 1.8963105982864472
-520.81696095828 36.29475745867003 -8.311265890618909 -2.955999890627022 1.9545189710444222
-256.3400845067276 71.69653807728862 -88.5322854443708 -0.8551729727806171 1.3964429693394085
-259.8859445268025 71.03985825764433 -93.41130226131611 3.0614160284680643 -2.191532268144271
-226.08251732424412 85.87804249108333 23.62260680677321 -8.210767319218462 1.5466166903461436
-234.05826369830527 50.335680525642 28.863319969219138 -12.78740987960561 -0.8899531703430931
-221.72783998610694 68.85142973024719 58.19163017797496 -15.878707172572614 -0.47287106912254834
298.2874595957288 -34.47459135350091 29.146658768105382 -13.751598549641834 -0.31149688992037045
298.72050660628554 -34.11077211881432 29.486206780695788 -13.813203649300588 -0.19494688809028712
-27.282359516836614 22.626886529597925 13.649200034077603 0.4461173352505227 2.038038362787587
298.51786295245444 -34.30476245697743 29.384008949810614 -13.786556660902935 -0.20462579922458304
308.90785223523653 11.789783377994446 22.83463527223599 -7.356145671852391 3.1802372933973224
697.6011481853607 -35.11159086852961 34.43298311490012 9.181095381097883 5.527432292436515
-65.99183887850707 -8.595818325047281 9.702237183001127 0.1653555752542996 0.6458486829740216
-65.9918188758763 -8.602932104305784 9.707018078025445 0.1650495346854785 0.6517665094623633
-65.99917011359457 -8.598127723171153 9.66277688721329 0.0826459857023584 0.6160190561251038
-65.79374082080228 -8.342071141546203 9.956998137880607 0.11520627314569024 0.7451663854196772
-305.56827890736105 -2.4081655974563474 -14.28496255386035 8.180281089469949 -1.2214005282314877
-305.5786495258472 -2.4008584882859227 -14.34618894158353 8.07412654618385 -1.2648690534696
-305.4344625603777 -2.1710546726108593 -14.12120390426196 8.19526501751311 -1.1815249642924162
-27.299209671755307 22.628684835050233 13.557808857627432 0.2644275701466168 1.9563485833025185
-432.9829228922221 13.939809558489758 -16.997490333994865 -1.6738122903109316 -4.2098524830308905
-432.9827941900992 13.936424177756905 -16.99435226673605 -1.6737313820963995 -4.20723589887877
-437.313753806647 -5.025884910478244 -14.603325456263082 -4.928247308575014 -5.876984293846115
336.75381186108064 -41.22961031076716 -1.8127691978201148 3.5017595162162487 -5.077441856534796
336.7256587500623 -41.2508778626398 -1.7978616539859353 3.5020351126514613 -5.063854939304047
328.02553138011433 -79.37921719793823 3.055874314946195 -2.9465255095955065 -8.3764768409269
330.0425372342028 -66.30913687829694 -27.384942647120425 -8.835322734434277 -2.701487916483009
-32.91789553559946 1.3220838939866197 -16.011837379416733 -8.284366774213472 -3.2626808582440407
-32.54789478518309 1.798509787702647 -15.568191838548703 -8.320060944966784 -3.169599807199477
-38.81330193064049 -6.828741978917555 -27.13591315051312 -7.783648385719799 -3.275342875831748
-37.347600445874434 -21.159492732194877 18.830787837294043 -7.743000378113859 -2.119911152492557
-35.69005875923702 -6.056441174729579 -22.259875782768546 -11.524505222925525 0.44468403376278
152.6258413104486 -22.044724361631964 5.562107353901136 -2.3312797262204046 4.612238112502507
149.41716799021364 -23.025127843719897 -0.09963744247288556 2.439048956333287 -1.5058750939371923
158.1803923336175 8.323638152906714 -17.067406995039608 -2.5608095060095715 0.39489379285865833
157.72439528579554 7.899839902405011 -17.556379974977045 -2.5507891956590605 0.23010156107417282
157.5978712924376 7.790994663245712 -17.676968756196544 -2.546507294039492 0.17582952919905998
-231.74940745277672 34.02403370976329 -70.7294686888762 -4.158227092885902 -0.9275423502614901
-240.07935988282557 -4.045584418015312 -63.956903965862004 -6.712360209490495 -2.452503788803669
-239.805934602028 -3.7476125691113493 -63.61920238287121 -6.794077171398568 -2.3619639246795483
-239.8149351459193 -3.747940494477111 -63.66816942862913 -6.897454571768193 -2.410504382167049
-37.31919450636761 -21.17146111058743 18.89169093954796 -7.748125593740414 -2.066644712923435
-239.81070547514034 -3.7272837281054585 -63.67498062123775 -6.905238971271786 -2.4129017418929326
-725.5960124743349 13.725278383384516 -45.53443116913979 -10.131746553690524 -4.5447142371513625
-728.2062300756936 10.771115568138296 -49.96528397243543 -9.223079371196114 -5.056098760565259
-514.2855264485672 -21.950602038896196 -47.194792329207225 -10.730027091199059 -5.097862674510961
-509.209769855037 1.2709932461689855 -51.355553545746986 -9.23331419864006 -4.19653869039715
-624.5317118573206 13.696593971656037 -28.495524534184963 -11.644156443456584 -3.2873509274522754
-624.5239797544778 13.695125115109589 -28.451313419290432 -11.55204659789843 -3.244336259860408
-624.6439973996107 13.585489078253001 -28.58007923809848 -11.521263337272538 -3.286454676438359
-624.2852104332032 13.90474830258402 -28.168010274571184 -11.616022447155878 -3.1419375113462844
-625.54359286637 13.603518578465932 -30.110566857309134 -10.1108959202703 -4.658155570653277
-311.3163396294198 -29.14249926999008 9.569360888161548 -16.271463109204554 -2.267581515363386
-622.6648070898123 17.544511642584443 -24.530750506614496 -10.336556426615058 -4.672059223172342
-623.5711481078512 11.388592850947452 -6.359357699410399 -7.60920165936451 -8.620159985721672
-442.3632563012406 -24.57081205287919 -15.654681602206136 -8.182098528567643 -6.935198169760914
-444.9652328760438 -35.999028989225245 -14.17024625887208 -10.057177208861999 -7.902622088921887
-440.66532287493897 -17.098511809546586 -16.64386061089805 -6.994766205633936 -6.320837893461941
-313.0949523784734 -33.219736595435464 -15.247291035510463 -0.24156088108081403 -4.2960523988419625
-313.0948326536948 -33.22415935880136 -15.243221316158989 -0.24154279064653839 -4.292227921468146
585.1916541671044 -97.62615920672923 -3.0925609178590774 12.8751685518324 -1.9079291118862578
585.3727903703198 -97.3231344572293 -2.8346613039592814 12.978518538553262 -1.8257785665465867
598.4005750084772 -53.942598928626765 4.585023022864746 16.908433018492886 3.9164335206711427
-311.3203493220554 -29.14186092207572 9.546927014382348 -16.317586429929413 -2.2888357007918745
598.3996726523145 -53.95506487533885 4.5925049410998895 16.91011093046449 3.9232919301792992
598.6469243373331 -53.586596918975935 4.977920911058214 17.070571397865073 4.087563056004166
602.035676946102 -52.09212317188693 11.64714092505657 12.569769084151403 11.004330657953354
-304.6728212640879 -10.457141340772166 -7.873370394919774 -0.39424252469561855 2.163901963361438
-304.80979056360593 -10.608340395756908 -8.044448272219956 -0.44958232043144275 2.0584238382671107
-307.3883716373438 -16.435251972005226 -16.295072449361776 -2.193328079822979 1.3303758350738166
-312.6261262594571 -38.917737631898454 -13.990271572384959 -7.057478458545661 -1.0856758017684793
-437.11842752140234 -12.83361296264069 -4.271594422059394 -8.034043824227128 -1.1120515192478302
-436.98745621579707 -12.716588282487365 -4.116165824261988 -8.038688412321411 -1.0208208498030773
-440.67393719358637 -23.864544093753523 -4.162374022006124 -6.637182549293167 -1.36076147645677
-79.54374410375587 -63.35944193861521 10.0057397960173 -10.77650904139737 -1.6424936533876588
-440.68009737720445 -23.86343062350716 -4.194328135868505 -6.6922944565594475 -1.382899852035937
-437.6854048064382 -11.374621845223349 -5.061659071026352 -3.3163924322016753 0.21497910390802066
-620.8579637369351 16.162977587383565 -4.114653077296649 -9.953354756718735 -1.5555054631386775
-183.4373107227234 8.768565719708006 7.769539229543359 0.7058247863006376 -8.057376462577468
-188.2633733673158 -1.3823420894344358 -5.989257290961011 -1.4409497815338979 -6.402528486715324
-188.28905246141397 -1.3930371736090916 -5.973216519608496 -1.440987383343732 -6.390529903529829
-188.28242354922673 -1.3732184690419151 -6.00908137749447 -1.445602954877724 -6.42175178701564
-188.28150277740485 -1.361740290769728 -6.016315574498375 -1.44782934568108 -6.426845970525517
-468.28285901532035 29.541129508832956 -21.337105974131592 -7.855848308832979 -5.017112886755033
-475.03400129153755 -0.9036708558444742 -16.411590306204797 -10.893960553659428 -6.6987166458096645
-79.34539656682168 -63.17001830992237 10.23843706019599 -10.802205684657471 -1.5372282074416392
15.864210829917509 -22.291345088648256 -9.090062699677098 -9.251098166437734 -6.71350992192221
15.87205069470519 -22.292935997351048 -9.04518276188958 -9.157788360152148 -6.670007914197487
541.785548279117 -117.33664320938938 -21.99519211282202 -10.668603594594318 -5.482890061815491
539.8082828684459 -128.60677002103378 -0.5538538676326996 -7.548026410992856 -9.72425385457468
545.798563739229 -102.14843864732461 -4.170816517719015 -3.5693499671806435 -7.649430769080297
545.7974841795831 -102.17856983501557 -4.213119422524588 -3.571942257635791 -7.639571213908023
549.6423173503637 -100.59381514838884 3.796897671250566 -9.367829779328884 -1.077418237982927
-366.68277511380995 13.64710491745393 -22.010598039480307 -2.267801734948323 0.571220715062939
-373.00354968707995 -14.08902525524313 -18.437593248086976 -6.875766178746855 -1.8015252487891125
-372.98749553724974 -14.085687088017258 -18.45716739556233 -6.871892935661427 -1.8207990527572449
-79.34670406615139 -63.16703089973994 10.235000461222107 -10.799071504779421 -1.5448565466888406
-310.2487347796812 -23.766387006621866 -13.14025638191022 0.22232063409486386 -4.624391768537309
-372.98621432949597 -14.075703185735659 -18.461732361228247 -6.874225501424699 -1.8241703930654543
-497.8750944381854 11.048608233326851 -10.86862486780139 -7.350761681878543 -2.071138352112706
-497.88330468913074 11.053923287495653 -10.919753033950565 -7.453291812203487 -2.118062690523827
-493.46923430180937 18.666187330971084 1.7190922378447226 -6.7426676652667155 -1.8666412946020097
224.44285087078308 6.154534172267823 30.83206619034762 -0.1270811972098313 2.943244141931229
233.59700842572244 45.838870084605276 26.3078006301688 7.645963137608793 6.873421024092057
219.54449069899968 8.638124488366529 33.76889097583015 13.135355119839014 4.670675605194014
-200.74698854511553 74.6544063381672 30.94390451716954 -3.1520265877738356 1.6930306779195319
-200.77444835022183 74.6069511005757 30.99633288078484 -3.1586294601599 1.7559086666897388
-206.82087291141983 72.13413600953969 18.2898846182649 5.794518912139278 -8.571661105902507
-308.0997974101753 -15.84124572605355 27.174543837318218 -12.377216949843069 -1.673777091192023
-206.85034452817595 72.06618055364348 18.139447548108812 5.782399859300516 -8.590452659206663
-456.33439864432063 39.9954577754695 -6.267372454776698 -15.738985856048393 2.808500522712658
-456.34129189886016 39.99789396783034 -6.308246622994735 -15.823535059070664 2.76909604318305
-460.16522408325847 39.447551008756285 -11.18500686142059 -11.565481169821819 -1.6150036756695936
-460.252137032581 35.23327627380013 25.31845861221536 -7.943025076471889 -7.713492782374082
-189.80604761053354 -20.36186620322212 7.671985401924399 -7.609977743142976 -5.922500213495084
-194.28924922953863 -28.814145653691686 -5.309391243845933 -8.060021339839013 -5.128696222111639
-186.16857325879704 6.9904210896872705 -10.127712407998422 -2.524795730759362 -2.2527665331754156
497.30659088460425 -9.134525178914267 1.3830671305493827 4.697509871818238 0.6964069325032518
886.7247564047634 -62.90609012576785 6.834784923359961 24.18371350615228 6.900369220508733
-307.8138499534019 -15.634715261033959 27.468824278955786 -12.431354371665263 -1.5025691774688745
886.3708367980738 -63.314551780799924 6.392265224792194 24.07211043553107 6.693232811805261
886.0740145329343 -63.71519400814045 5.98486148765343 23.969223703425943 6.551879732896218
886.0736955590282 -63.70362456527764 5.97552623103448 23.97004808278717 6.541141081801471
886.4000845321135 -63.340520924150276 6.389739251699741 24.071798802261437 6.7448122347071084
877.0722366697901 -102.87211977157742 9.85231001158968 14.486411738496766 2.0765730723900035
156.57540362771596 10.469917523109894 -15.637013308637691 14.528605383191943 10.982794711526026
1068.546552362651 -3.3353644535389813 -7.799101038341863 33.11984506048469 22.75567567314239
1068.3376227710776 -3.5315408275913036 -8.082224867292881 33.03032017417615 22.59111967238385
1068.1330269090784 -3.732785922078782 -8.381826175193684 32.93549173784047 22.439164367425953
748.7676635069542 39.17983909095416 -25.819915949715142 7.074695102916298 13.598512430290535
-301.3999900330595 11.68461418299956 24.91363310345973 -6.091276418215158 1.6076161035661052
757.4413547756992 50.40047432129832 -5.912228172610574 7.557042686771512 16.42752029856808
752.263921379527 49.200229914224124 -13.662359108609989 13.705043986485327 8.726416172069102
752.4222816300745 49.31721558770091 -13.53597503876499 13.739924354197012 8.765640838898026
752.4245619605134 49.34588872263878 -13.552403516430596 13.735057504739245 8.753221302432772
738.9987413529844 3.080880229470745 7.581731344437923 21.75534429213556 6.75237867923677
726.0079978384186 -53.10269389620023 13.827247621022298 10.438823962564227 1.0501262182960678
274.3800879251129 39.64109335724939 43.681059092622874 10.214600012150305 -2.592338947434306
263.0722211362824 -9.312287893490197 49.1842374689878 0.481934288591184 -7.500889307248161
263.05680824595515 -9.307592767859722 49.097475211582555 0.314248142145937 -7.575104399008728
164.80652322433292 26.740529636431276 -5.499850930306453 2.463280620252027 -2.8797449429087547
305.2542295943307 -1.31087002235078 59.785309649200705 -1.2466246078353265 7.130377993503704
164.81008702661046 26.769350184935064 -5.514643914026535 2.4557292056246376 -2.8882606505655652
165.1627211077399 27.17070395195998 -5.123866368596619 2.5072830043481695 -2.772051115565832
176.80557692446766 78.86492280321261 -12.516194813360782 9.629840438920377 0.9859154710816165
164.22272742566773 36.99411341166888 9.145176468105342 17.70847948607163 -2.7499931052308555
158.8349743071127 24.185099695441163 -10.13334713810502 14.009199238682783 -0.1755725915602887
158.74949608509013 24.04532383849282 -10.28825664695717 13.98109119810307 -0.20596913699868594
158.6543293431603 23.93916922897613 -10.444322025361839 13.956627007431132 -0.28626880628909546
162.00148996273015 25.572374745958232 -2.705830971946485 8.793676525889628 6.1145395042462205
468.8753251247482 -34.00733041042944 -18.281515140149775 9.358753517209378 6.844965627414515
-371.25299717477515 -1.4147449601007192 -22.837698427504986 -1.9997503081523942 0.08421944809700473
305.4601086543091 -1.1964507882514688 60.01153260093351 -1.2667373733222858 7.285550162003773
-499.2679838852491 15.869646735741489 -26.927416140179048 -7.651202702002067 -1.8370372836231303
-505.35025064644543 -11.301443815369373 -22.84066319569607 -10.987281268342356 -3.6252589920155995
-505.3431823839815 -11.302493940791326 -22.800922062491786 -10.904863367609178 -3.586999064199601
54.56934851670204 -9.803855851971651 8.647735160334914 7.473811168565623 3.501298282891046
51.42866229840261 -11.612503301306702 0.5592842541868877 12.201398514408577 -2.962836038743994
51.42791190924099 -11.623459591045748 0.5666135952364164 12.203212695971812 -2.9570638821275
893.3007328314723 -40.157659645903294 19.206943802212486 29.2441905825209 -0.47742198263202273
882.9470158719233 -84.10181114320102 23.116706157229917 18.635175500118102 -5.670645384668031
571.1158611223756 -15.74912976274069 49.240816660139025 19.93627691937264 -11.642134789776671
585.9218236570466 47.261673836382265 43.41620266468918 34.704027900559666 -4.401283330727085
295.9962337201899 -21.557516988446267 27.794301341874736 -0.44453987680976875 6.69501788354173
56.94958789538247 116.12172471990927 25.990196515656656 8.915664864025588 -5.654337707780404
56.925487730141164 116.1344555835391 25.84263568599927 8.614226780354596 -5.793835643817174
57.215581833021204 116.46915498824866 26.048084926358964 8.627167128826501 -5.766687529088611
56.74253526168882 115.93486861717999 25.600976686350432 8.596607646404582 -5.882128660182484
56.86367414032849 116.03832565352711 25.643717756941115 8.598090920987348 -5.8397659739688885
44.599970274559716 83.79870479979807 48.117004626356504 16.459858598461974 -11.982011618628691
36.69003289996875 64.50963757886231 21.49152300393483 13.175142255519852 -7.483918656249908
297.94050455384144 7.572994801421411 24.420254537963558 16.867652986372562 -6.663829895624913
298.05470171957126 7.673022530166321 24.58494615484868 16.892495874082734 -6.573434789043673
303.58054204008715 10.569892657616222 37.80604996552628 7.86669482369793 4.4634451745604435
305.14502905529156 7.851456373175057 19.15150481047794 -5.424253547556549 6.952304169909446
-227.33666716299842 84.88637259614151 34.09422098999792 -5.3760194674650394 0.8147157729132662
-217.34485178308756 129.01023389739754 28.072459974861644 1.2772139861557295 4.282497022696599
-614.9594388594135 89.87727653519411 5.885923298616065 -4.576973262143891 -0.10111247910663648
-608.113576038587 101.94237120219107 24.94070085487988 -5.242879422856992 -0.07400811555070239
-615.4807399754532 69.58706318535116 29.142523023118972 -10.548906449484981 -2.810003662275748
-303.2013562379277 6.827152056589434 10.134727769582772 -9.35832566321235 -2.232258029835301
-303.14324779263274 6.873290967886294 10.16317953873543 -9.360876038892533 -2.227129361163685
-303.1370316896117 6.871736185942983 10.198559492875921 -9.289015417535342 -2.194219800492322
-301.20290705819906 16.72598332989479 -12.579830636843356 -11.581510283429077 -0.2157429855216608
-301.2018416196298 16.737411802976126 -12.585568907017208 -11.58351299963291 -0.22010902361587162
315.4121125909152 53.10084111567031 13.085628018655983 1.6193354620786529 10.609382499991666
-300.89851867839246 17.03481098510495 -12.269323507783433 -11.650376803834572 -0.10684740907642185
310.4360123751758 51.809028178105315 4.9909810004296205 8.579062675075711 1.992063767471663
-189.02998762161397 -10.32432995256454 2.9300277671849697 -2.6018523579681334 -8.3569405166107
-313.86596126978833 -36.4088724401918 -11.973993958172086 0.9235333172051468 -4.7824516493540195
40.29507339863617 -57.29534422889829 -10.923501885352495 -3.282702294402941 -5.797570498157255
40.29439400490498 -57.29299585843815 -10.892251111535153 -3.2799983910902775 -5.774673239914593
40.31111580678692 -57.28798123656855 -10.900401075482756 -3.278419734222029 -5.781573949789426
49.63165059564686 -16.502869430245077 -16.01638738255291 3.7733833305291142 -2.167828917273977
49.617278418469596 -16.49411385755328 -16.104761477348173 3.597503267693243 -2.247849661942787
49.58016701181881 -16.56946160788899 -16.211708020321296 3.569845955807417 -2.2753734822089697
52.33776248348646 -15.31631734165453 -10.360775503434423 -0.0743007259789004 2.461423331130078
46.230977015747875 -41.993661245032115 -7.069318534911633 -4.7970580379936925 0.04751361092014758
-148.49870341966238 -23.992753977860918 -21.51624628667585 -11.672387938037975 -1.3037917267912171
560.0897072834646 -60.77315028978951 -17.59782266793511 -10.548477141101154 2.2780316094819586
-313.684167705006 -36.13563002965953 -11.758742930411973 1.017637571557595 -4.692117844744594
560.0910991068918 -60.75892608152557 -17.604896383079055 -10.551151912582066 2.272760242231571
553.1014133600996 -69.95198985464873 -31.337746993875243 -8.929027455885286 1.0555380387960531
549.6136740752212 -91.86747079255466 -7.724748303335075 -6.800168830684929 0.09761372045045351
876.835566677149 -108.16890519976006 -5.330456587855415 0.8764454903459384 -0.12345065501141463
880.5056117981728 -107.14082845106184 0.6955016201755359 -4.017297130461745 6.230736455414452
888.1321147380083 -94.27686238420668 20.97959957534101 -3.0078908682154872 8.081000367528151
888.1297552825145 -94.30662955804279 20.99445638164576 -3.0042506650063614 8.096339517785466
510.26266454936496 -12.823666732774191 53.652869040576775 -6.9801257825893686 8.663083569126467
497.29207032616137 -41.10957651402958 59.885492979332916 -1.8436822071860735 6.182167621278353
496.77240989353146 -41.534955461380214 59.34210344994156 -1.8026226282184716 5.872434270999284
-315.1627680447719 -41.0161006546842 -17.78162418910636 -0.7570966804674806 -3.7015508204446648
497.15657229587777 -41.276769490788816 59.76053522416873 -1.8309289545137308 6.139033548884491
-186.2585844121219 -12.294925497910342 24.898768448388736 -6.441859026269468 1.0128094367623968
-186.25280779187824 -12.297337523927139 24.931107628455806 -6.383784681554152 1.037133205951821
-179.00511403125168 18.40052191175017 22.25656088343759 1.060832928762006 4.653168201245224
-179.3128576394432 18.09602315855191 21.888577332361862 1.0526383401798936 4.475003914678425
-453.13973284242456 56.238998310163616 20.322041541360083 -9.820930402881345 2.521511558268424
-445.29998302576223 90.62794381100261 15.907568312288234 -4.0763718459194624 5.477807008125281
-20.397455009372663 -56.95925170111634 2.0948656361132967 -7.982892857243436 -10.477959275831878
-615.8893872417617 -12.890705605042658 -12.649508039521912 -10.670573495517157 -8.577243003585785
-615.297292750698 -9.231251476570886 -22.62896791575065 -11.977742089265996 -6.4265559247384445
581.0557833843576 -113.21004180174894 -8.169366662567526 11.844060773315702 -0.7265749093364557
-612.3854800363613 3.8922808096618704 -24.743006261250763 -10.64894162537332 -5.692681974722053
-822.7509324460184 41.90522394488153 -19.557421099888167 -10.043849861707535 -6.163983017989527
-822.6156348409587 42.06184949423706 -19.40081567953337 -10.061097082022053 -6.12057367206326
-818.8169426577491 47.63606887151013 -11.589521317552931 -10.393002468318576 -6.5257465936329195
-812.979351253133 73.87932664398151 -15.736420742099694 -7.57293971404486 -4.98305631296742
-812.9851101207075 73.88117250534846 -15.770266454984498 -7.642944541616018 -5.015647295868743
-598.319597772603 49.848447233730724 -0.8918190886467454 -0.5337641014353767 -6.9536987720977725
-598.3719675020495 49.761742733342 -1.0101148969981895 -0.5515678755495574 -7.006483401491075
-594.9697733851285 51.26920696487621 6.316510927486751 -5.390106994019437 -1.1734210722428182
-594.8928665010578 51.40970670185302 6.498555789446863 -5.392908999494952 -1.0855047303569232
325.0633217077967 -80.12839501464327 -8.5698178678396 0.12023845291792526 -5.496465956925601
-594.8919562290497 51.421458508759564 6.492212092270638 -5.394475287180031 -1.0914564606010781
38.73256626232244 52.08370750809034 47.03618011268884 4.442252135249331 -5.43861120265467
45.41567872958828 54.103877957936604 58.77430060317871 -5.597254832460685 7.192927216354317
45.55121076843283 54.17638316551601 58.968231373220206 -5.624375810426832 7.326958829448432
45.54007458611433 54.17882305613524 58.90656048651331 -5.74490072871559 7.273288831985973
-457.2284830379723 44.978430030142356 24.386383605883978 -8.79024209065212 1.6933626067006324
-141.4282084382441 -2.577260358696141 21.02460501516596 2.9804826357074954 4.084410408528935
45.706290639773364 -42.155616997779234 5.511794638129254 4.3729725365653875 4.4190115255196645
38.00816318860184 -74.0767256010597 7.532328690340209 -4.512603644928116 0.26313155916646175
38.00754980742851 -74.07460344312224 7.530288127086201 -4.511020393736748 0.25869503747273603
327.9872381781348 -78.70858959675748 -2.0088053315852243 -4.3634914349715235 -0.05502093027234936
43.383610763004825 -58.89608520264283 8.000717736820734 -6.3113276014905235 0.9232245330114718
48.530859695312785 -36.95565600639167 5.933200732552427 -1.2349976846310766 3.4194203139806065
48.26950106473024 -37.1901516072573 5.605761376468153 -1.254195943426801 3.2468020880794994
48.52268714968089 -36.95657890873818 5.947131228223682 -1.2337451556457686 3.409421780807754
44.35603783289767 -44.99110887563915 -8.991631898583002 -2.2358825750236497 2.737192585651703
157.37532022759783 -7.6809144228298925 17.6181597741653 3.298599433517183 7.23822539891557
157.23324314791012 -7.78904638643734 17.421834749754314 3.3095469751475237 7.1427413431454045
166.22121976636925 20.727392731860203 9.594638627626198 -1.3365100328546462 7.5458114201404385
470.92152615682704 -40.758415288297925 -9.863651375800984 0.7123310631888407 7.062519292173403
485.08896015738304 21.40306272378979 -17.863833231582618 11.053134426934122 12.385984800740431
328.04098607250796 -78.6493143974056 -1.9065521195701813 -4.3629019184547 -0.017628169544110273
491.2854979931847 31.018465403073588 -0.3156890210425261 14.052543778970726 14.875853772145957
491.23859794120807 30.94578528648113 -0.4190655526907284 14.03924457265535 14.808050957344442
491.1743213909638 30.81677665155415 -0.5964699133607347 14.012648310087666 14.702568031996735
232.17231899983352 58.21497417489835 -26.72734859280709 -3.1131488215099092 9.049813098703796
228.5721387925261 57.59847147817737 -31.491251000705613 0.9371864879275127 4.499051055662655
228.55667699680612 57.60361469798591 -31.58236145898996 0.7488421300543268 4.411382296630201
215.90394486082403 0.7419634521876244 -22.621326842639377 -5.410491693732876 1.0458041589944052
-497.7386873059581 15.959901975424087 -25.00760428029176 -9.384372915075087 -2.8153612867697517
-497.739611499764 15.949683780892443 -25.002048527474198 -9.382392432535541 -2.8116221018276017
208.26579158905383 -26.745441394110532 7.641716466590525 4.28390873215703 -1.5211636506401511
328.0421792741825 -78.6489324622721 -1.9048862325375047 -4.365305515712446 -0.013810388946984262
