169.55216173334583 18.502344474056194 -5.154619536792141 11.76164366484946 -2.990420291407416
169.55248370280245 18.501994214672017 -5.155111546614671 11.761979774581222 -2.9906228580773853
170.6149462408645 18.11114876560943 -4.107359875809956 11.831800219655442 -2.7226478175612283
170.61020535978378 18.10745941826856 -4.150869256099547 11.815394276749549 -2.7337000959367366
202.66479300582748 81.97328210751894 17.57287464548395 12.877267367718096 5.42944108143096
411.70298877455224 -14.994700734968676 6.766068501108796 8.284551180713008 3.398945105970952
172.620258002185 -29.911055633627374 16.20602595056886 -11.378159887455373 -0.4888351343686688
-459.3133805403406 -31.058875132825037 5.181668718495845 -4.656275196850598 -0.07742268948018705
-481.16630350710176 -1.370414478091373 -3.1789619945440455 5.584145712256755 -0.8409866101840567
-480.93306830253874 -1.599951509986051 -2.966973707361111 5.603713636659969 -0.7963523765010742
-41.05478786696509 68.58215100290317 -18.303737746608583 2.679232011578414 -3.505738554240524
-480.9336032340926 -1.5993695763544067 -2.966156264029898 5.603155212237289 -0.796015825059123
-480.26917079565993 9.57480603813785 -15.486276847424614 -2.5427858330615454 0.26260393229864076
-481.1760124736084 9.808363651460702 -16.1373528645733 -2.6199292625399266 0.05570770585970086
-355.8348013580635 -200.07638727462938 -41.69080079186524 21.805138732319154 8.295740268457322
-393.6882524760957 -229.43360439407724 -8.56966456062447 53.529627384279024 21.835391251292513
-163.76525199719447 110.56118379978942 -0.3691638928500476 -19.289514779902714 -3.233479240319209
-163.76535851793557 110.56129968003789 -0.36900111563137106 -19.289625978769532 -3.2334122229475604
-87.57842640315266 183.0590647020473 24.64019747114058 -33.883939363848896 2.312878339282732
337.37794146975443 42.50526313404188 10.808651801585208 -26.434773853280934 0.9457624343004309
340.72587909047974 42.18625997043043 12.940774106024557 -25.992272635273412 1.474211429151129
-41.054421249201354 68.5817521722013 -18.304297984094532 2.6796147304043623 -3.5059692114477676
338.2444362810199 42.36441609889454 11.279436785400884 -26.318944725841444 1.0555071750953968
338.24456965791745 42.36427100275827 11.279232968564282 -26.318805491361555 1.0554232612111574
632.4684497313232 61.855764100526905 0.10001904621560431 -1.3010013218969034 7.769663473758014
-57.01773778199287 24.230780607779465 -2.2770640059522576 0.04564304816373673 4.795394021739918
-57.02014104646162 24.2289388900748 -2.3007426850994377 0.03825125187132679 4.789390203356454
-57.0207119678694 24.229559975825058 -2.299870244705832 0.03765525701153278 4.7897493977607315
-57.58339905999693 24.64176242386622 -2.7895507424915555 -0.0688239691752994 4.704909567157654
-295.0369595278815 -38.63145064763943 1.094438301705684 12.378485081504232 -0.23256429001372825
-295.0380683013977 -38.630244451144186 1.0961326473273285 12.377327613103194 -0.23186670491969197
-295.16234961129743 -38.392529557045265 0.9360613699135228 12.391922348048258 -0.2680526223819163
-41.05574007435723 68.58318687844212 -18.30228265319263 2.6782379851115468 -3.5051394729887555
-390.62447134111545 -37.3757803472739 8.272833367775226 4.442275207661497 -0.184734312191301
-390.6252908076176 -37.37468948855072 8.262234976594398 4.4393202001965335 -0.18784367098334664
-390.6253274980975 -37.37464957423984 8.26229104431123 4.439281898363366 -0.18782058722837036
309.996364035412 -42.54260456042775 22.36727067472284 6.81295431525228 -0.709630958529741
309.13150698183546 -42.1508948677867 21.65901660819364 6.71311564506424 -0.8015366739579861
309.131437514803 -42.15081929698808 21.6591227628102 6.713043127221985 -0.8014929689235999
328.60412153427984 -124.34047557972235 20.362266655503547 -14.54325303455621 -3.9624724859376994
36.18075226462193 -54.42281473795679 39.61244016529724 -19.075009262744732 -4.752866796251986
37.699959625019744 -54.141111720575694 40.73921532106825 -18.94932828582687 -4.54854494080178
-17.52850035227811 -86.69848040847296 14.846060689904679 -9.187638382693919 -3.3166906992309895
-41.0558614285785 68.58331889637859 -18.30209720649862 2.678111298849941 -3.5050631215278596
-0.48856671981367095 -70.81847367169644 -2.521438692085662 -23.647011967455196 -5.238806819440824
113.55943180988884 19.539372836657652 -29.394205206513746 -3.16702992434224 -3.2430882284606226
114.38497080460297 0.12470006428222932 -7.859259333340217 10.213047779283448 -4.339868094761628
151.19990649887788 -60.837011885680646 6.9184745939540315 -8.950588398779884 -1.8641714776875946
148.75358237665725 -60.55551492412472 5.322231412427248 -9.182464181203253 -2.1989097347848996
148.2061972059267 -60.36399151941817 4.975258164109804 -9.25647466313855 -2.2620671277272044
-281.71505714884415 -169.9874783173088 -19.2926846583253 10.917469861099223 3.619644454147131
-281.71505714884415 -169.9874783173088 -19.2926846583253 10.917469861099223 3.619644454147131
-280.6398563166754 -169.61695837044343 -18.88425018234467 10.773038732437426 3.6636809632144027
-280.6398563166754 -169.61695837044343 -18.88425018234467 10.773038732437426 3.6636809632144027
-41.83860909758731 68.75262346522018 -18.988108492829234 2.61445498460707 -3.709540801211098
-280.63928088222934 -169.61834901378379 -18.891165351296035 10.773067558622337 3.662184283545387
-685.9431499515141 -100.91252181250542 -12.366926979677787 6.419338531409733 1.9980870489092002
-735.5948596014902 -133.0483117756834 -9.65927848750377 31.860595843300878 15.101000374083261
-525.3641879277083 -140.3968108932852 -11.116924640574993 21.706377152221567 10.16991215644992
-525.3641879277083 -140.3968108932852 -11.116924640574993 21.706377152221567 10.16991215644992
-559.5663424838741 -60.670344857655266 -6.747258300904007 -6.825271429641237 -1.859526669098579
-559.5662778883532 -60.67041512889704 -6.747357010999986 -6.825203997226302 -1.8595673093849738
-560.1294288441552 -60.76986734770911 -7.021800306516181 -6.828100671367012 -1.9354775011923715
-559.0256649784457 -60.59019594308056 -6.513174694544343 -6.823947502622612 -1.7928851553911165
-564.521220743004 -66.42263920165826 -0.09175166687248226 -1.6085536141642875 -1.1937406206653143
-265.03407925928195 29.022518924575536 -16.027636606939474 -10.744197065374431 -0.3255889666071644
-541.2864423313781 -51.72266159796385 10.627329470803451 -5.8447458320736825 -1.7688393933314732
-550.0605831732694 4.344907889619792 12.105439494984939 7.0772427525976465 -0.9069099449972148
-396.9172472365156 -45.278573645966105 3.950752465137157 4.54881091534056 -0.9125715291688086
-396.91734286281775 -45.27846961740635 3.9508985941992294 4.548711089349201 -0.9125113659012175
-396.9171919857652 -45.27863375135407 3.9506680350156236 4.548868592577888 -0.9126062901666933
-297.98544216627477 -47.55926472308095 -2.3268276827504977 11.359364264160119 -1.362654335000146
-297.9867503249739 -47.559649741307965 -2.3447988712749073 11.353480653183517 -1.3679319485076444
495.27351840109145 -62.91260487709232 1.1530908275705203 20.64135182927591 -3.0698536707395636
495.09788831404927 -62.58496428666697 0.9449182649439689 20.679583970873445 -3.127015221792083
526.5928659832404 -47.67785215353632 9.2027613391828 6.312053367270053 5.451898563500162
-265.03431733530374 29.02277791654939 -16.027272800764102 -10.74444559231263 -0.32543918540241157
526.5905428806368 -47.67688300526054 9.179515794230367 6.305183902426533 5.445389300058059
526.1923178076513 -47.22228256357643 8.774170537648155 6.2210933239602575 5.40474199817245
531.3027280790521 -28.787824256061782 -9.77168401745873 -6.875808663511349 10.146200516851358
-279.9721454860126 -30.497259430771685 -7.807186293762538 -2.4050995932286683 5.240095145300484
-279.40011425531577 -30.6929740549565 -7.323167044067675 -2.2907054465113776 5.340814322994002
-291.9222665920618 -49.326677516103715 -13.911230999442427 -1.4651583463806157 1.1052291615136731
-291.9224978422475 -49.32642594699364 -13.910877619963909 -1.4653997525473406 1.1053746525188004
-398.40159004423606 -1.501892771919421 -13.694556435847726 -1.6100436100500504 2.0079573648683433
-399.3368249650466 -1.2404456842372893 -14.435040989391606 -1.7148031802289465 1.787344421825651
-422.34138760703814 9.632441060053019 -24.772762352458066 7.457961727608016 -2.6538763246221344
-86.39699859660647 26.16482832657146 -24.684994446739577 2.0392764759346154 0.2385500740781456
-422.34218172976307 9.633304958794398 -24.771548832889522 7.457132728765863 -2.6533767021417862
-422.3421235691798 9.633241687896744 -24.771637709653522 7.457193443616025 -2.6534132937781254
-566.9481370166451 23.358011205298293 -18.555892164564074 -1.5473788887816295 -1.5201454571228261
-135.57307279166426 16.680124920310796 35.34252048986313 7.468400730327916 1.9756660134534174
-163.98146139264415 -14.714421461164516 15.471691931069872 7.730964042256607 -1.4504965501462703
-164.94736686511305 -14.278042487477517 14.69744634778516 7.652844705698689 -1.566479421241489
-164.23427385484595 -14.548633072094969 15.323903243686061 7.72111025146458 -1.4622697031375083
-164.23257823528056 -14.550301882979559 15.340733181066186 7.7264306581438875 -1.457375485451017
-408.84554588610695 -40.95850622304492 11.946153797709556 -3.1027110844841896 -2.2417475325279455
-408.84555057095633 -40.95850112655843 11.946160956751598 -3.1027159750808035 -2.241744585061774
-86.7750066949547 26.45120980671055 -25.043997010292802 2.0058298998542368 0.1277532960721182
46.08876174843553 -46.79303881230005 23.805393974350785 -6.548266271068923 -3.958900819458238
46.08888201610881 -46.79316964736285 23.805210190076487 -6.548140721538187 -3.958976485696544
495.2946798586403 -138.24679208579025 8.102761223968082 -6.364038243804958 -3.6065721088036935
483.0651069217098 -64.440503658308 6.551669990754018 10.443731175690251 -5.35864059688563
483.0652350210097 -64.44064301312723 6.551474238757063 10.443864900793946 -5.358721190377219
483.3657134596039 -64.78258634766645 6.76728092955147 10.439844230518696 -5.319408491791695
488.62850370668536 -40.8583818444391 -17.31474013423022 -6.0493922547136805 -3.5901403453988627
-340.2412601704041 -53.2466501658703 -7.6337272215027365 -2.794357296944432 0.22301586209985003
-340.2414296741618 -53.246465768571255 -7.633468198362594 -2.794534244921771 0.22312250535239841
-339.25034386280953 -53.46512227133105 -6.92164162005689 -2.6780201606289027 0.39854340012299605
-86.77115091038304 26.460103024003075 -25.005001419194052 2.0200714551302226 0.13710562352886496
-284.3234582786576 -46.96345689261557 6.967529012169879 8.114265647080293 1.2198837962718758
-339.2489709098187 -53.46496245408056 -6.913344926821371 -2.67489299764884 0.40047779936737316
-443.57779291065526 -15.840788502739256 -4.191891885268232 -3.2329892395953013 0.8825895872114672
-443.5781517366983 -15.840398148254069 -4.191343553868094 -3.233363824485737 0.8828153426925731
-415.8564001173843 11.832482680819849 9.15903234611509 -5.792071212806658 5.638996157369227
259.53421884388086 55.87166003158123 24.160753283224004 -13.649751989108168 10.944002489004912
259.53428921079023 55.87158348184141 24.160645753642463 -13.649678531862051 10.943958217778853
168.4888789567364 121.64059739135827 -15.165852877704722 15.856266156629179 3.622581854202901
-147.57593321880682 126.80140893251311 3.7270178502690454 -10.851021767618285 2.3472583771717614
-149.55868922153132 127.15560201989209 2.2279452891360463 -11.093581746634626 1.967985381678165
-162.96562582954323 91.44831898751423 37.45331474833974 14.52057682241586 -2.2415607171328524
-288.1809544693685 115.82491255214495 -27.307293989200435 3.7523373996548055 0.7522676192336735
-162.31300266093993 90.78968762589335 38.00129981992694 14.596695037291113 -2.165137101284327
-314.65964540343424 8.465373136994007 2.558350227336411 -42.98782153491361 -6.38789419343759
-314.6597042526389 8.46543715701258 2.558440156138989 -42.98788296838582 -6.387857168682489
-338.18816355893125 -9.896580908465967 24.74958598283922 -25.98962834933943 -4.655023626780521
-370.6914457987733 96.57790109971494 23.095833036755536 -0.22708571791208318 2.8810873703108237
-147.2788498501069 12.34563370809432 11.957299859276237 -0.8981776951299384 1.6982433820662226
-172.79681822739676 -19.975472815596934 -1.3949584279489824 1.348983024740798 -1.647574898960049
-172.79679841686453 -19.975494366799335 -1.3949887009647792 1.3490037053067165 -1.647587362727053
439.5033487590825 -11.821360778131494 1.5701445333201511 0.8712664545739032 -2.9686387869637456
747.2433946386238 -22.246170403814848 -13.83855408118121 19.57696731853756 -4.150773855623176
-289.4898526513615 116.19841564556086 -28.501823625088168 3.6598982908246414 0.3358398962565616
748.0296020285124 -22.665407788017845 -12.909726665530405 19.56064109196974 -3.8653702115752595
748.3760371893183 -23.12767585861831 -12.557422801313752 19.51244848053541 -3.760412759947274
748.3804402927702 -23.1212742571248 -12.506214663314799 19.531277612726047 -3.7470559015897047
747.6429483613945 -22.751671200955936 -13.38267489020825 19.520966938611096 -4.000905425792164
747.6429049125434 -22.751623934427553 -13.382608494867412 19.520921581572807 -4.000878089965449
106.34989353338686 -57.57016442515378 -19.049493333354153 -3.38227495440711 1.155963833446668
904.7478352841539 -74.47914425964464 -27.854029862380997 -7.014197961297703 1.7039465253446597
906.0638280052718 -74.86926553619129 -26.84210606510334 -6.874693989380522 2.007368423020788
906.7361283314972 -75.22180222776174 -26.32391485023585 -6.787979953507734 2.1436225304302026
659.713921930628 -90.05684462415623 -17.31624710907418 -23.984965169641367 -2.273118739031613
-289.4898240359964 116.19838451598451 -28.501867352781606 3.6599281630112004 0.33582189294820636
714.9048850295619 -46.692509977410076 -1.5382075559702186 -34.53208452468304 2.6860137533825634
697.2804420422668 -68.44691388674181 23.9574606913379 -16.06064026758711 0.6313867585290605
698.852726337616 -68.67276957103549 25.085333011215834 -15.795808271000187 0.8348192330155597
698.8573403578614 -68.67741857016253 25.122478608503506 -15.784287686840724 0.8438135888525393
642.6091928465648 -2.067106269495861 4.258790860581751 7.750307340360426 0.14515631722376265
642.6085074104899 -2.066360607204496 4.259838293436626 7.749591801496853 0.14558755918217225
258.87461633859823 149.9128828888366 18.255705048557655 13.837268635394096 1.4613793202618113
258.8740363542311 149.91351383385006 18.256591337890423 13.836663179439753 1.4617442173016486
258.87280857442687 149.9148494931837 18.258467540111706 13.835381478256934 1.4625166752273118
190.04413126311238 -32.97229803192876 42.663709014138234 -6.0916074463184 -0.6504912976278294
245.0149726445788 215.13510391934255 -43.60798653317251 4.722807300282776 0.337043288741981
190.04694764424693 -32.977938323373856 42.682253829514444 -6.08475748902277 -0.6455309000331421
191.48520900250972 -33.26448014924244 43.75605895966694 -5.839545640944921 -0.5090042159364891
191.4852556642284 -33.26453091092059 43.755987654630324 -5.839496929960889 -0.5090335730808953
135.89477614992919 42.64049148593273 22.380845889471367 21.810284171631977 -2.3557342584985634
112.38266198301159 -13.079291901764863 3.585964989699862 18.136320124813654 -5.965097940552826
112.7307679955385 -13.497704310160122 3.8785322722948385 18.099384820829616 -5.893197568701931
113.4843843611566 -13.8730080212314 4.625676560409547 18.105878922364703 -5.718480452733851
115.21235436645783 10.644479950442442 -18.55014308957173 3.151285966697876 -3.332007179648615
383.3184433409629 -79.29403456542572 -19.904344538845667 0.844323791989696 -2.978885813774028
-353.96428785510267 -55.750364585405016 -12.87351655438658 1.4549666344746435 -1.3224480199839843
243.89987607171375 215.38072575993593 -44.68320971269672 4.6126994655555285 -0.02990472615160833
-459.98401497338875 -57.237923175536025 -9.521826717861453 -2.594717705539049 -1.2607247183919965
-459.9840495758597 -57.237885532698975 -9.521773840888239 -2.594753827662572 -1.2607029483045022
-459.9837892395716 -57.238168743573915 -9.522171667534076 -2.5944820579802093 -1.260866738935182
48.68432027718027 4.64350431843342 2.23555531636848 0.715012625823276 7.966893671061014
41.11280391557715 -17.05503846689648 19.816777327061466 14.14533743509373 2.3173328387745284
41.111090704427056 -17.052408752736316 19.797067938847782 14.139993150967694 2.3111214829102558
796.0164971583984 -6.949551518930999 36.890238961619225 22.189582260288308 3.6292092658308563
796.0159463554174 -6.9489523193292335 36.89108065809172 22.189007267318505 3.629555803423547
537.83652135639 115.62205641824323 60.20793000668515 32.42068101897349 5.972919395772116
537.8371678541916 115.62135311555045 60.20694207641133 32.421355909466975 5.972512651829667
220.20604848471123 106.8846777313299 -48.88774462567308 5.7751656008214995 -9.05561272118368
136.4573895090233 89.8113160624442 80.3427526132306 -4.019368532043102 0.12647423637655966
136.45664548221816 89.81212546273123 80.34388957934512 -4.020145234316647 0.12694234090322207
138.90352830251587 89.24832662835011 82.26806042479485 -3.6194544832968525 0.3762726987502207
136.24201378364478 89.91268762221864 80.25174135034823 -4.052614984936544 0.12771885474541797
137.0040647527959 89.38148115825706 80.81607936690489 -3.874669404850012 0.17923758892227948
58.28059551110047 196.1303921293695 49.91098824902615 35.35365922994437 -3.030278593719042
22.004564746406707 117.73529623252988 21.670678394834823 30.999433821211007 -8.420430745629755
237.8497786139749 104.20100579336186 10.442039963486858 40.722023956315745 -10.627904261733736
237.40541876767884 104.3787767557992 9.829307915141053 40.70842877757016 -10.803413669016773
234.17203932051714 148.0351228089242 -31.111932523266457 15.88701573358774 -6.272434407965298
274.3627856476254 58.75780524170717 -26.932864732015457 -17.838137331513266 -2.517342978936238
-194.51597478714737 162.70114535889007 -14.274227883961137 -6.516392261280827 -5.080476779161333
-194.51594757480566 162.70111575528398 -14.274269468361359 -6.5163638540689695 -5.080493899810281
-553.2083761608005 84.73799161860597 -10.90163711978465 -3.0835745214174644 -2.9147004212565646
-519.0354048457764 135.10607953846116 0.9762535571753284 -8.935871609812645 1.5032309867100613
-519.03542465476 135.10610108556128 0.9762838288508413 -8.935892292122114 1.5032434491032907
-256.0644317815563 40.599644163451664 -4.2637069631376825 -7.284633081784271 0.6878228810235342
-255.05760194746637 40.38119544074321 -3.5571106192751802 -7.169474350382201 0.8650218334274489
-255.0572290029483 40.380789726283645 -3.557680526530496 -7.16908502652145 0.8647871955854833
-226.15595299375386 -29.931352108547106 3.8459223716337934 -22.787872688910838 -3.0237406954892867
-226.15378653171504 -29.93186226664702 3.85862029797691 -22.78392486697453 -3.021551827080032
274.3628092317932 58.757779585302835 -26.932900771619675 -17.838112711586703 -2.5173578168784267
-225.38505128991858 -29.915818942249523 4.313757536794538 -22.67727343903579 -2.8954317876248203
270.26976435478514 33.62396619749954 3.2027311056254097 2.210166199437563 -3.615894733788898
-150.90087122066004 2.3632653263511663 24.404047033108448 7.456398003765516 0.07009380386650749
-302.4313483976344 -34.49009418759153 -3.545767501417489 15.612036169309803 -1.9574879920395654
39.255211489234185 -65.83889734850261 11.149080026082213 4.318107595797869 -0.4299227591540382
38.72127001751102 -65.61653059589324 10.687441035437194 4.2492916268811225 -0.4924811039748057
39.272296527213875 -65.87280710748145 11.134694973058544 4.315635958805727 -0.4375682806772547
39.2725865935419 -65.87312266064578 11.134251715089631 4.3159387641849865 -0.4377507758435944
39.27186090184774 -65.87233320566263 11.13536066342486 4.315181201714376 -0.43729420676021885
39.61935666626672 -66.20421411362213 11.421079663254979 4.371766435629799 -0.40946933008106107
47.52501291783696 -50.55715703054368 -3.119648463510593 -6.655740344184926 2.1001992892011456
47.524965220180086 -50.55710514190288 -3.119575575425746 -6.6557901366014285 2.100229298104022
-116.32670295598342 -75.6344741754877 -4.208327363682347 -15.008375188047133 -2.668549162785272
533.620174375907 -104.58632725285837 -3.118753236947171 -26.391031603095218 -4.670241742480696
-302.57637153743053 -34.361696077653264 -3.8285177507638473 15.649587598977735 -2.0599163578959105
533.6227017067769 -104.58660600445387 -3.104169708459937 -26.386339634003495 -4.667627064763219
486.7799939172742 -139.99646518678455 -13.507603034717286 -14.025894111150988 -4.028409491383653
474.000308176425 -68.42815037995562 -21.332065670722105 -3.5770955646669282 -4.902122051609231
782.660773168241 -94.775196631171 0.5304321088201056 -2.4630858416898334 -1.050268018806938
788.4970938001035 -76.88424909110368 -20.27035457934896 -16.7885057297465 0.6745904962712965
832.9128448492465 -32.11942846912603 -2.9357953210582366 -22.689121107551756 8.991442371876424
832.9062831521844 -32.12116321920481 -2.9830316562225856 -22.703496851340347 8.980691865902916
533.750112443856 106.49937715583457 7.792358696812814 -30.149553901030377 14.222610741956293
428.56950810375724 181.57179921243443 -34.10618153886992 2.4887400590656927 6.583175971115926
430.71570789185535 180.88925340155626 -32.1677431793109 2.6953097692164243 7.193753889047103
-304.99518528987767 -55.923420235420686 -8.146773317127442 12.142274923600363 -3.375362481709621
428.8970926093568 181.3869621770267 -33.882917747339455 2.481042313061645 6.666488783109373
-179.16055206628724 95.94949945983055 -22.666826070224367 2.3148691763125613 4.133489200185453
-179.159951318696 95.94884592720271 -22.66774408881414 2.3154963072432104 4.133111240681923
-179.15970095358966 95.94857356361902 -22.668126678491554 2.315757667762169 4.132953723837343
-178.5601577277265 95.54610778533477 -22.086880697962258 2.395214232720707 4.295056257459411
-381.66751360145935 96.25208817888382 -11.06248707057738 -15.61457340225957 2.355281976360252
-381.6673460960415 96.25190595457448 -11.062743042125232 -15.614398540113708 2.3551765903327824
-13.867430745054685 -8.263529798590714 9.820361187833615 11.650495925345822 -4.731118818157522
-552.5572248796052 -20.235112198508762 1.9888363216468197 6.858052687647491 -2.198564537710933
-546.6188184610281 -56.338176125207944 2.748047602701095 -1.3577122625349307 -1.3367347763790995
481.2566484713707 -79.64014586543402 -10.45085806427798 22.2189403701631 -7.0847147371874035
-546.6188019373141 -56.33819410079154 2.7480223523592775 -1.3576950131443215 -1.336745172247739
-726.3546916715952 -19.758987725485984 8.982480602979422 -1.4366604046542886 -1.4864410381811508
-726.0056512173884 -19.845616179341214 9.215616265384526 -1.4013379524535394 -1.4507989495656801
-697.5920266436507 -0.4636834507394825 23.448467176548416 -5.657167503100505 -1.4714581418318766
-697.5919947957342 -0.4637180970245127 23.448418508917865 -5.657134256548511 -1.4714781789148526
-697.5920851086793 -0.4636198484274574 23.448556518908998 -5.657228535954852 -1.4714213584759102
-516.0152049550996 24.459071948142117 27.08722210300731 6.716096643359956 1.7738694223590052
-515.3693487522927 24.132131990331658 27.626364566226666 6.821355197731228 1.8226048104270829
-503.1959969805529 43.64451725523481 10.823159264933889 -6.4586297298731585 5.830652096449305
-504.80196995777476 44.12504779441587 9.661164234771064 -6.777188411121866 5.6261505540183325
273.9716475232075 -59.76688301830498 0.32836152994614054 13.417696380667111 -4.918217444378732
-504.79964114307495 44.124663103109896 9.679668156469123 -6.7716583100685295 5.630666192338675
44.4897541194789 185.76893236101375 11.486245304329504 17.052276437712717 -2.427791690967145
46.55256561347137 223.84638312249402 -31.28621479612216 -10.75080593519472 1.1216891041037296
44.689941055215684 224.22888580248792 -32.7227861289115 -10.936527503087829 0.6678027451512625
44.6890597742662 224.22984451746237 -32.72143941986246 -10.937447487672484 0.6683572016353159
-409.68537176973024 121.65522886044032 -21.969939094588735 -5.736224705266654 0.5346102273831452
-170.1059964104071 101.64651546476877 -35.131293443311044 13.73047436819532 -1.0314432744380773
-0.18282852333007654 16.062590319126677 -30.742631234103378 9.337392531397176 -1.1709614862705093
-0.18287114608524363 16.062636686955386 -30.74256610111432 9.337348036758456 -1.1709346702361452
-0.18058105648435435 16.069018840477842 -30.718612476760164 9.347152129214049 -1.1652187635715887
275.4195213352741 -39.420838970731154 -19.45236628970297 0.5558777266637059 -3.0254172030943147
38.36199774343314 -3.8140995602935464 -12.867625191433326 -4.359858222891171 5.679817794946796
38.36201621062414 -3.8141196501152135 -12.867653411648472 -4.359838944667494 5.679806176343977
39.61702251246442 -4.248914620804012 -11.895141914778613 -4.171040186454486 5.917776938810564
38.97415946433062 -3.8672831655144213 -12.416455280958063 -4.297819019900261 5.813597606709193
18.228269776146423 -42.527305660533436 -21.37358794013448 -2.156407268598361 -0.7213420853631887
101.85977671730625 70.14454565696468 -38.04573728856227 3.544906552842492 -4.214301965117673
102.19990981292301 69.8939856661878 -37.639201874264764 3.5914206918039793 -4.0778510159749075
154.6499881606114 27.21222446672663 -16.748362888948645 -17.158864506007404 1.2729878044100227
410.6214778468554 -67.82411986154553 -18.65704571448456 -13.216489813333643 0.2091516212024942
410.62171905598814 -67.82438226466068 -18.657414312668493 -13.216238010895907 0.20899986482162447
275.1356347650574 -39.17956482896917 -19.71304697886661 0.5251673635283916 -3.0943080831290866
446.116398545457 -31.9490151347456 -4.866588751600338 -18.075543541698526 6.909796741946628
447.14676191476786 -32.14114991513118 -4.141912891486485 -17.867937866685338 7.081874185905022
449.1126685351241 -32.55763042676542 -2.797749119452945 -17.470486933814353 7.393739462233739
239.93720488398714 -67.97862983346025 -6.047574221245446 -32.54336395042939 -3.8320449358225672
223.82646741743335 -83.27267026248968 12.850952881662307 -18.374904009361416 -3.017542939484273
223.82622226664714 -83.27240357132497 12.851327503049474 -18.375159926490475 -3.01738870315667
223.82621293260084 -83.27239341721499 12.851341766503905 -18.375169670619314 -3.0173828305905355
-433.7104030650027 -57.73954400932198 3.504326613554901 -8.154780099724128 -1.341696539090845
-433.71198788679425 -57.73808183944789 3.4933864620498625 -8.158373552824889 -1.3439221175719673
169.55188460180202 18.502645956043402 -5.154196044227789 11.76135436256668 -2.990245934531371
275.1337661502299 -39.183630179193145 -19.73416496094797 0.5177964433101391 -3.099329676782534
