113.30535012519267 5.061631518922917 -3.242318475096172
113.30598713897379 5.058794937108499 -3.2397468165685526
114.01721040145874 4.663207034967008 -2.7123462316664133
114.00940546320356 4.655505711269251 -2.7208636402931745
103.7535269312353 20.613510052526568 -1.3031309535154678
260.5435174818697 1.1518243436422027 -2.8843816295324998
93.4862089538716 -5.104652702696415 1.864272583808853
-278.20730867920844 -7.701785762273115 2.8460147202493555
-284.79358698470224 -1.3777006582807285 0.7665343077963573
-284.41823116828397 -1.6265978691265297 1.0287751945640249
-31.9333701648433 11.801846332625754 -1.7480334158204032
-284.419290850505 -1.6218792093051557 1.0244963197420938
-289.14604592036955 -1.5937305627867477 1.5045980911822063
-289.81179777472323 -1.2834528306596926 1.1623583830155444
-117.77708275184534 -35.73516794802138 -3.6165489200573746
-116.38936259518256 -35.69054352446236 -3.591530168144721
-150.0060638768429 18.048740951359136 4.502987318228113
-150.00627462740962 18.049679410519275 4.50213650662649
-157.999523485698 32.72014996721271 8.066931065222764
158.03169732415677 7.228569875687504 3.246782433212916
160.5614060183082 6.107931500005747 4.6149187110585865
-31.932638756988016 11.798589709659058 -1.745076804743111
158.84833314162796 6.836091539233217 3.671713687667072
158.84859702686623 6.834916474616599 3.6727790069052233
365.6503192811105 14.568857173073674 -1.902206169149665
-40.57013898723318 4.6217468036735525 0.38977905339715974
-40.57353270783358 4.613659445652987 0.388152445739116
-40.57466368525627 4.618695575990925 0.3835856889553884
-41.593678179036786 5.190741482546804 -0.2275978434050297
-155.81145876080927 -6.732280299817396 -0.83931681631244
-155.81367992437794 -6.7223908608555725 -0.8483014249893386
-156.09406156184448 -6.480659893203452 -1.1036003162287324
-31.93528071098968 11.810352663058808 -1.755763511381511
-226.13990212688634 -6.6532319275497525 1.539017337043389
-226.1415752188402 -6.657099659149678 1.5383213598202437
-226.14164740556328 -6.6567782027994316 1.5380302054274133
197.61753154504382 -3.014637627036083 -0.7516964646769517
196.83285695334646 -2.5008740352707415 -1.3713618599442703
196.83272027893972 -2.500265414058729 -1.3719131100110042
211.6750005580757 -25.4498897310001 -0.035607859402762454
-1.6753857802299248 -13.49155779533711 3.167857861446323
-1.1054799486071445 -13.732729668337056 3.5601051478771115
-0.9228518057272477 -18.13400690101677 1.5557621506690973
-31.935519471313967 11.811415892645632 -1.7567265155772371
-3.3057867742040785 -18.130256162160258 1.5641458998727669
77.89031216205316 0.02308688921994828 -1.2617458593751207
85.72139337480924 -0.03747365848773587 -2.0890796487666528
99.10728899192864 -12.928848432446356 2.096737103282176
97.4861961580939 -12.10974941672606 1.0928891224244137
96.81228271125502 -11.719593615944712 0.6580003616565625
-101.1760647063991 -32.59628953563518 -2.0036184122691627
-101.1760647063991 -32.59628953563518 -2.0036184122691627
-100.9364685080375 -32.68645789942181 -1.8625212895354755
-100.9364685080375 -32.68645789942181 -1.8625212895354755
-32.361816736794324 11.990835806025775 -2.0146281907531582
-100.93447735012906 -32.699309443514586 -1.8525897533721571
-375.4176518539212 -21.499114109831055 0.9875835597573106
-375.2799451391884 -22.661971914196922 0.4882091462938436
-253.376504784052 -25.328247910048567 -0.18753774934042156
-253.376504784052 -25.328247910048567 -0.18753774934042156
-326.13381669007225 -15.3822398104751 2.371064240138084
-326.13368728834763 -15.382815954675204 2.3715876702521848
-326.3612591762316 -15.299531050080954 2.252382930015682
-325.8832328493787 -15.48046139368207 2.493776947793763
-324.97917463303855 -15.498793045570855 2.4729274543044397
-171.71321512079024 1.953954614770835 2.0485232921808842
-325.11640997939315 -13.346151341619098 3.4371663882983756
-334.20111514810276 0.9405376575426678 2.8066225746636637
-224.93704769110707 -8.989238182194702 1.4185973608734443
-224.93723846725624 -8.988388743786114 1.4178261757679465
-224.93693746488253 -8.98972896885589 1.4190429345120004
-154.44941765787817 -9.100728193722029 -0.9744763739257092
-154.4521603462731 -9.106112421787056 -0.9755979588117689
340.99650567468973 -7.913306053335585 -5.778952784084418
340.6661926158785 -7.612804964404152 -6.081573010222499
336.19162032866774 -4.10254117981969 -3.022613297356382
-171.7136867378931 1.9560546777243775 2.0466189597041238
336.18736280531016 -4.10828523728707 -3.026625402171967
335.2642973503781 -3.513591396117901 -3.6790952174398956
326.3476326542203 -3.40812158939882 -2.791804818579406
-161.77659685658358 -6.853520189475809 0.5179760236346087
-161.1773710114462 -7.123360832018253 0.8299420951296872
-157.30306560742176 -11.75954436678445 0.1787025454251001
-157.30352695568746 -11.757490195235846 0.17683761150824373
-236.50842998482602 -3.0572556802348787 1.0122497479121382
-237.17822284764216 -2.747329792436429 0.661464297033689
-239.25548144900984 -2.305296359646141 -0.9008085970216078
-44.20046298866946 1.9243731669380248 -1.362344335302704
-239.25707228431926 -2.298213374433463 -0.907243527082656
-239.25695785612115 -2.298722937266724 -0.9067819979851708
-343.4426295227989 0.7463359413071387 1.2702175948829448
-97.47074811259469 7.6538407547170175 3.481340322114737
-94.11751860553883 -1.034165408827302 1.4733674119067695
-94.94080573172381 -0.48144610087552575 0.8168763713971072
-94.40233122573113 -0.8153858885648112 1.2531203805061417
-94.39892872474245 -0.8126649725711029 1.2572710221918728
-244.94600781212606 -9.307616166537706 3.0660817818866137
-244.94601700165836 -9.30757524375506 3.0660447359661918
-44.7472468981519 2.2225221838092697 -1.6588932659825708
25.023855913520354 -8.646679545978545 2.5582366517611375
25.024094158822297 -8.647740428686957 2.5591986588970697
333.36040435046993 -25.33189979801008 -1.3083870900768808
321.8559657156168 -8.458484986080705 -3.3268352098241785
321.8562191592231 -8.459613554756459 -3.325812044028549
322.3137154332077 -8.821363393317966 -2.9581346759787563
314.4260991817554 -8.327238099079274 -2.5537737974277723
-190.30510695499044 -12.098538421409772 0.9463179849066345
-190.30544511792698 -12.097032737446241 0.9449510099348049
-189.59492232248326 -12.431166761680362 1.3464625272698183
-44.74294136214701 2.238560581267933 -1.660175248776223
-153.84591704495796 -7.907771815134979 0.8468187038402673
-189.59286689177168 -12.43176198738424 1.350431795509043
-266.1383333779581 -5.559126526287161 2.4612102948455847
-266.1390522006063 -5.555926062887995 2.4583026565800985
-269.83107568798584 1.0585337012571365 4.169326802824315
110.238674954068 12.415986194782784 4.510896754818412
110.23881339793336 12.415369687227825 4.51145514750687
91.59733433526449 23.46056055807883 -4.15296669963937
-140.32725237777004 23.410217206263802 3.21156682602937
-141.63944283225428 23.988253734436128 2.4606865504770976
-129.3308756992644 23.277460140891282 1.9109845022304044
-190.58033579209507 18.267912174357445 -0.6364856421224125
-128.2193595502812 22.46218219374161 2.8038588526996646
-246.89227284704856 -8.722181995307789 4.87887578075023
-246.89238942534004 -8.721662876852589 4.878405049021369
-244.51334092513932 -8.45885697646241 4.886202396534158
-266.7808617500369 20.405537913641638 3.6474333852652503
-100.6233374380763 3.806198925332502 1.481323603004308
-96.25842287324734 -4.067947297158955 0.24403902475130645
-96.25838401398731 -4.0681203450831775 0.24419567872976844
272.8365774796179 0.08574533268508944 -2.1448450770388554
489.11529289473043 -1.3635886391220593 -8.051013024032887
-191.28900413869613 18.60483824130892 -1.0395251196880582
489.66308390079524 -1.7529007921327429 -7.586467631464204
490.2345519110454 -2.209441559946592 -7.143555744853375
490.2417248046319 -2.194212099236318 -7.140542459532043
489.60878844391857 -1.7665632480261224 -7.6688692853677
489.60870321688935 -1.76618371550355 -7.669212862475385
88.12312008128673 -12.106435313975307 -2.1027924983684025
580.1390843673247 -13.311446333680298 -6.0564920853409365
581.1475920433857 -13.795397279612073 -5.531632726558204
582.0287799608416 -14.247379248016594 -5.072554059807213
412.34328416242636 -19.152927986188494 -1.1959990089316737
-191.28894800847158 18.604588282250766 -1.0392988407506467
407.8468929579557 -11.081598825394565 1.2564096951899146
414.292879777913 -10.833907221629435 0.8907328874691336
415.6975813390807 -11.538137650524396 1.7862573751019646
415.70458665274083 -11.531063386708977 1.795857626279807
399.2735897332941 3.562684774003829 -3.5549158428446583
399.2722222760963 3.5687734316960036 -3.560443591639747
120.22824607774966 33.10572330104388 -0.7010780841758528
120.22708899870564 33.11087524230044 -0.7057554102077273
120.224629434143 33.12182613001758 -0.7157043507388234
96.77611337363543 -2.9412175523827706 3.19839966156154
114.4523042371223 37.87359298837489 -4.284002638839602
96.78153603769131 -2.9436173797310285 3.2092797070623744
98.00476683225604 -3.631432171692469 4.08363484946029
98.00485863680805 -3.631840988642923 4.084005129420384
81.95595602938324 14.026168293612658 -1.9699697840548342
89.42336452788724 0.017646584592859837 -2.826870585425946
89.8855710266466 -0.36871067518304956 -2.4362756451313845
90.48667725813135 -0.7873340529545279 -1.9025061415665627
82.20628952647596 -0.1980438594213877 -1.3956132240279695
269.74719665207755 -16.247876856319248 -3.19385701335933
-190.0768148576076 -13.27339782315232 0.31694992643535924
113.9015920803408 38.09419651023976 -4.5988983968821024
-259.99616759613474 -13.989440476591769 1.7007325343545867
-259.99623567481655 -13.989137313851614 1.7004579491448872
-259.99571415304507 -13.991459321020194 1.702567505189585
26.3357796375576 2.5417535050150626 -0.2505942749545884
34.85635173764326 1.8876124987294798 -0.7299562467947595
34.852472042940136 1.8830251448026254 -0.7336296917951585
491.35467099073696 10.004321074566578 -3.7745540814766967
491.3535721296782 10.009213796505351 -3.7789960684397155
296.52927966421106 36.51650483906147 -1.5178243841978496
296.53056943999854 36.51076206887114 -1.5126106581554737
135.4738770988001 15.739225593041686 -4.587396845652162
11.202675795134795 23.87739685235275 7.63627255691273
11.201185316716863 23.88403301286882 7.630243569543551
13.255425201768768 22.70582411503836 9.167705963390848
10.965236698054461 24.036953719618555 7.490900192060702
12.380204481695984 23.081171434481053 8.575615191176697
-10.111716845817151 47.4686596290862 -0.38227470171775546
0.20260594225730152 27.62033155634588 -1.9364739496697303
148.80409027907143 25.73625413497941 -6.541406252874597
148.55444002391894 25.88562863826851 -6.788414852486534
131.83287796448144 27.159915696472975 -5.7697773385145545
146.21964592051336 8.920672416005617 -0.8883730102289122
-164.6021799766481 29.944298145107304 0.18158696554056908
-164.60212659807263 29.944060438144263 0.18180215307390113
-358.721606511951 13.846868756994503 1.640184037114273
-367.08156218525045 25.26467180464929 2.672987230434866
-367.08160104554435 25.264844852753235 2.672830576018604
-174.17720779541577 7.3696676222625355 0.7666357521747476
-173.4126125518933 7.0018943773438105 1.1955373271790046
-173.4118737594552 6.998604609289029 1.1985204851887208
-157.18356284147006 -9.974615920689555 2.838874069836284
-157.181277231358 -9.97278286045686 2.842406468144418
146.2196921819385 8.92046640478892 -0.8881865157112381
-156.43994334848554 -10.282954930885488 3.244417524416549
156.55894890355918 8.977789182464749 -1.8306451772588916
-96.93988257969109 4.113135703584383 1.5787838669971088
-156.54077968495184 -6.621060461524485 -1.8365111433239019
42.521948803859104 -10.028564920578582 -0.28255500812485945
42.0504685912384 -9.73204092737555 -0.6601633207610562
42.56416321092032 -10.069538754668613 -0.25615856876992277
42.56474189830807 -10.072115383338048 -0.2538193084189926
42.56328814732847 -10.065642748086512 -0.25969973245870237
43.18941343075599 -10.515938044310085 0.24133274779929662
38.159726656549346 -10.222987248300948 0.4685921586327145
38.1596328138783 -10.222569355359521 0.4682136582745971
-62.36069459424734 -17.742255227789936 1.4112086245718016
329.3327265796542 -22.704479513166007 -0.19982353880928327
-156.6365016089043 -6.514200138966761 -1.9697297057736751
329.3354994333598 -22.70298985979428 -0.19515006105978516
331.50804189959115 -28.11117446106487 -1.9459777689040156
318.1540142134078 -13.882569722494488 -3.3412351361773434
502.730624500696 -14.850956472233616 -3.638592705700777
495.7329010865925 -14.909419278511153 -3.0228335911420405
488.4471123950446 -4.671419118205901 -0.8162428356854523
488.438935512823 -4.683629085941569 -0.8251915860977093
249.02646866236438 21.17730875633999 3.2573573060351535
227.91250864026944 33.446530799314054 -4.411889807115966
229.29201431305154 32.77534796428804 -3.6397891629555685
-153.37365784816666 -11.598450176021409 -1.6377235107624595
228.1575847902852 33.27391942077463 -4.279850882813484
-123.06577968741523 15.844784140367768 -1.0368077872643786
-123.06458962524611 15.839484915322323 -1.0320024572715667
-123.06409427995271 15.83727917352466 -1.030002720097167
-122.20864579231971 15.389235760472307 -0.5690518803152693
-271.48685415493424 14.633123118432898 3.9014711872023655
-271.4865227434947 14.631647369169363 3.902809107145571
2.034904611176839 0.8603418964344105 -0.7804687285030835
-323.9329608765513 -4.719288450313526 1.523644067219784
-318.3165460304761 -12.955030073716722 2.504565815905954
343.1535106710099 -12.897981562285564 -7.103203887548819
-318.3165133384348 -12.955175649355951 2.504697795465331
-441.6702918482866 -6.274148531978648 4.036368219520324
-441.3348455499529 -6.489652541689758 4.284120477708719
-441.88176874435436 -2.941198228752121 5.66159136538502
-441.8817057339494 -2.9414788116002617 5.661845744102952
-441.88188464085005 -2.9406821564512486 5.661123336958965
-327.9058007716937 6.534536948080252 4.620353288721944
-327.19014911676675 6.070663741694553 5.196670069547443
-333.01551661659414 6.407305509957167 5.469633454120363
-334.8123034114702 7.280752208444915 4.457555646827526
198.5043174878233 -8.678829260610575 -3.6081058000408035
-334.80896708071214 7.285186489048632 4.461339226906109
-14.177847211240474 38.703585620609886 -0.9865553434852572
-30.4336321127506 38.80375020003034 0.6597115841752486
-31.662386954397878 39.32510498848944 0.017315641180496444
-31.66413274373537 39.33287881539946 0.010266344663386606
-278.9588102006858 19.48015977522582 1.5372625466597984
-100.59164152619621 14.95910776761985 -3.247838212303485
21.24880658119311 -0.1880686855472783 -3.5750108076788183
21.248722974564988 -0.18769636891332225 -3.57534785248934
21.251389493709024 -0.17874462858031345 -3.57587013384353
191.1373204230508 -8.16292257855043 -3.197626367305311
25.874350936878624 -1.628037960561314 -0.5143203388923072
25.874387161114214 -1.6281992741505555 -0.514174307513202
27.107867333167274 -2.2264298784970045 0.12935661283396654
25.97074633263421 -1.6541068818608213 -0.46621502494059563
33.52687658124495 -10.460943492592783 -1.4315287162388908
65.80549598335327 10.00772510727574 -3.611810002691354
66.13453202218686 9.853160714308796 -3.439897531890405
76.27304792791188 3.57634158961462 0.15608323535463464
265.6396826824555 -13.635352091009675 -2.1191408856760807
265.640159913199 -13.637477169947399 -2.117214278928429
190.7301197253015 -7.93276076955636 -3.4373589372340163
259.4231979589088 -5.2898517132441425 -0.5299571930985105
260.54836343295204 -5.760306153144999 0.02714987826134818
262.65544656339597 -6.650646879064316 1.0500195772185545
131.8760120442836 -18.41605557712926 1.7238267811514087
134.78231915118562 -18.210080422840917 1.6296505685166822
134.78183351635028 -18.20791793896683 1.6276896307778033
134.7818152072427 -18.20783640508853 1.6276158211092253
-257.5595055906403 -14.253377598365503 2.727686346378638
-257.5615594415474 -14.254590097820465 2.724295352323491
113.30480182211224 5.064073079647277 -3.244532005921127
190.72796988338072 -7.942654321202406 -3.4356642216851565
