FVE	99.99828771005393
xiVar	nothing
obsGrid	[0.5,1.0,1.5,2.0,2.5,3.0,3.5,4.0]
selectK	2
xiEst	[52.954277232809204 -0.543568458884863
114.61244731111108 0.5778411953571414
115.63449892149688 0.1483713556172681
115.66672327890548 0.20025102858764043
106.76714459765998 2.272586065664573
138.6303826884187 -2.267049812859817
130.33995217305966 0.1538681653558207
-32.91944259730148 3.8207196401314576
-69.26420011383989 3.985962644868632
-68.67105150496502 3.8476227208952807
-43.1461154807731 1.3171695912106456
-68.65276791120604 3.97025090903791
-68.87236605329868 4.126390943190517
-69.61437946963059 4.297413942622333
103.2434539123754 2.006617718996271
103.30701855102737 1.9609880613466082
6.419070990254337 4.578409594644842
-32.46415775925204 3.7448988822691343
-38.90969661840561 4.746552383347169
12.445798112748603 -2.782396198932484
13.939211988624967 -3.0630553435328367
-10.308454610102176 1.848186544381039
12.840747256146978 -2.7874140004313537
59.02314891305993 -1.7854386802272728
71.53070493869772 -4.4186186496926645
-35.55311198217554 0.3438572581623349
-35.530617500293516 0.3768580058004085
-35.51058089933385 0.512151113696599
-36.67074654120663 0.760680570294511
-55.91465178830192 0.8949357790752295
-55.889550411261155 1.0809175610149833
-56.54880388405479 1.2440138870582906
-10.261987261157364 2.1447316849589386
-60.98811153775344 2.3394313239265188
-60.977492854997486 2.355485652010783
-82.18772551667494 1.879154792718758
31.80338633206229 -3.7292615320380254
30.95698915196585 -3.5573546621671364
-6.056638306519459 -4.354855257242375
52.37679338243704 -5.728064710023876
21.747723249594458 -1.165872543265472
21.98301784415211 -1.2248283855393391
22.860892531596832 -1.3838101659490905
-53.3212457925692 1.3901076883297794
22.752420005104252 -1.3049742467706453
6.292663394849637 -1.6110845021314812
6.676751736178257 -1.8765024134608952
70.23674031407569 -2.2119920997300273
69.24091936937529 -1.9808321433560234
68.70566717714537 -1.8697015003237532
59.12962798235711 0.6406847697591012
18.32460283089543 -0.38735253663110125
18.443421472448836 -0.41607329408064775
18.48341443685711 -0.2127956103531159
-53.87261024916334 1.6505996007943722
18.51198507058748 -0.17503801046745027
-88.83342614457722 3.6562665573159805
-88.60323047764581 3.617426788472507
-72.87252067991902 1.2255585457099194
-47.58092597950957 1.8987774823346948
-82.38168652110178 3.123496635063873
-82.41652637343444 2.948799216668885
-82.52887962435409 2.979717859025321
-82.32200405060811 2.9367898025077324
-82.2756245251099 2.9038921335104497
-97.2010522003956 1.474831015569709
-82.81020339132344 3.0031847694626137
-115.03388695275322 3.9482621217217506
-95.8267154966944 1.1911893965408957
-108.50971562093383 0.9472734810615009
-89.96005818971338 1.281209889555818
-84.5665199385176 0.14211534232657286
-84.54616809642913 0.17333565421620634
27.086501171200403 -7.140899810676204
26.09466421705556 -6.961799230396054
69.0274224187142 -6.064437998886481
-97.1892053139974 1.5481237070260256
69.04507783215197 -6.037188954821627
67.95983791381532 -5.76395457841225
67.58493484092293 -5.487927847433447
-64.29695126132951 0.9998216360956889
-63.78763918983794 0.8541856190126857
-61.15751831493896 0.32417927010068226
-82.64458546011966 -0.029956007425150588
-98.0684570402169 2.1938969030831643
-98.78655276252785 2.370555506781418
-117.48794740159336 2.5762788902385267
-87.00591812282113 -0.32578676551176855
-117.47875934577728 2.662944000846565
-103.74472785249932 2.835803999353839
-114.2156064271471 4.765792209072526
-40.846756418105564 1.3849615434778313
-36.957944138471326 0.740634210707535
-37.91053751154733 0.9295179111344449
-37.249109386311574 0.7312753071085067
-37.25886685681075 0.7143983178902955
-46.399238076369365 2.812230259397209
-78.40101280736681 2.0288808222584542
-87.95782840487561 -0.14054307989966475
0.11753689632332265 -1.610246042259669
0.08521357077920846 -1.781080010598171
45.18724486636793 -8.458708602021446
-1.1026786212478177 -7.386973005189852
27.411558152756303 -6.841538007675684
28.231836960684067 -6.955142798349734
27.751504300837677 -6.629345814934508
-37.06752636287634 1.3650034868989653
-65.58507245374882 0.826982021770414
-65.05753195211403 0.6768050526261682
-88.0067473268046 -0.21057728815770638
-73.3125863080843 0.1996481030025965
-65.0570791211446 0.6758674335368919
-78.3126761054907 2.5809561009431086
-78.28002121013407 2.758243952548252
-80.9916140576993 3.310007443471818
34.195609249314046 -0.8675562316031113
86.61925265167926 0.3955801243887649
9.154951220412416 1.4882913362130248
-6.635665226049542 4.908424108769108
-7.700106617913178 5.268200838254902
-7.067341760696165 4.8157521968590125
-117.57858170641593 4.018016306100627
-5.635998360843889 4.508872249117928
-38.21531282351415 2.7828499256592885
-38.18493843085815 2.941613777279608
-38.113204228700525 2.8891114881637554
-92.65454265489076 5.266610252435491
-62.84614050479529 0.942551226832725
-58.885520185218574 0.278307246593398
-22.57541159893798 1.0248338858650823
93.1602055770426 -3.283657604174895
110.80354827234555 -7.128815541792157
-118.76475998684286 4.352106291544548
112.29156700686991 -7.526478332962711
113.79800296689255 -7.76602577222242
113.74368283440657 -7.84838180993437
112.19096028094951 -7.376751497903296
67.13977444210893 -8.11895849809499
67.56422274306978 -1.8151731686527732
243.39292948250315 -8.01700269188644
244.36321729749056 -8.325717229235565
245.26053903051167 -8.601218741406882
235.40654654420266 -5.615687622366266
-94.00057239283467 4.770300800548746
232.77226162613678 -4.9218830628543415
232.99627761651152 -5.094001914483805
233.78460214956868 -5.329717593356122
233.771633369563 -5.351373047321388
145.2790417877673 -5.123531781156515
81.5921471239462 -6.275067645390111
28.470065042816014 1.313549037047772
-18.04309454232473 0.5400439255489324
-18.00170630583476 0.8113077370497681
71.85031812457999 -1.0731048067805222
-25.881729078839804 2.958787254574264
71.85734693426004 -1.0669443489266666
72.51866761071759 -1.2029477212894584
135.14654379608908 0.36090938258650596
48.01994517137327 0.974787946547174
57.36593595185102 -0.7707123099543054
58.3771600869714 -0.9536012479108198
59.531297720441785 -1.3194739157712014
59.020028226121894 -0.9574084670660863
92.42136039099228 -5.755375031946343
-51.8787384862377 0.86609804408773
-26.786497820473077 3.3772213074286146
-57.66164447916937 2.307969666423059
-86.18875987742203 1.712459249169477
-86.21610864772491 1.5664225724607288
4.066737231927193 -0.4462305871527519
4.483024650618698 -0.7558319063692693
4.49874921073137 -0.7307066463508143
138.2838069267883 -6.209558490537852
80.65508472920105 -7.400659264903714
39.81245238374127 -1.6582355641683773
100.27784888106824 -0.5463174177840209
-6.482324480850664 0.15428580230040412
86.59036843806027 2.7681092622128904
86.68788464503163 3.2900164418900655
88.15316953035529 2.947452664762487
86.69226649069739 3.2347712663711654
87.8868430272369 3.0218482857835554
1.2079017370155638 5.339907216618604
14.520969784598504 3.3498706785638883
5.312767940975686 1.0499527957598147
4.533035939773655 1.4282459693435272
3.4081932690177723 2.2071658796175595
49.80097543052018 -0.40189514956154504
-23.475531689743008 6.9510094094121735
24.106521043278242 7.940175787132803
-64.00762231958134 7.7591339197631655
-70.82710435051175 8.861879290843596
-102.93584669339452 8.153315894003558
-68.59482185951241 3.0973698406436707
-67.92768983917479 2.9657203117424213
-67.94637869061219 2.848106013722017
-24.138436898042173 1.3415030386635873
-24.140296585695644 1.3380819860159172
101.13588321952335 0.70292452270035
-23.81107785452807 1.2619419665696023
101.57774029004854 0.3824686539204478
-50.878678499204696 0.8386670079217495
-95.44510293922731 0.35662271440481064
-25.624034609226346 -2.7792866483478957
-26.113411475770103 -2.641868903300162
-25.623500002538506 -2.7467303577304536
16.00010199345311 -1.9314418010445613
16.053669254469238 -1.6277018274818746
16.73496210368274 -1.7975081144270773
16.46963441765963 -1.6029589292515811
-14.485990565508063 -2.296967027723977
-19.94443639741982 -1.0579089400134318
97.54516424802682 -6.754895644874722
-96.12045800408463 0.5070208564837735
97.54377318033644 -6.758048107069374
99.63880626157132 -7.126191960634348
44.013761343051854 -6.772543023606037
100.72173688558415 -9.421430391144815
100.42631386205673 -9.205827495093112
95.92293434179255 -8.321229066199091
95.95002916252683 -8.280701473341159
52.921916974309276 -1.9885969088131201
-12.466828722265072 0.3101050973579096
-10.503066195356707 -0.20294398310620831
-91.08979149627868 -0.2838680514991534
-12.036558210788623 0.38927729464699756
-85.69346987213737 3.2285948244067306
-85.70495982275327 3.1341338399630203
-57.72690045782367 3.6078024467912506
-56.42775528807526 3.3052804034366012
-67.211570714343 5.373126476480557
-28.78826063839534 6.169440990219445
-61.549614041295314 -1.1854100339702072
-128.86422570248791 3.1510805429352367
-108.70147264901605 2.4692967051775874
13.999254371404465 -8.055307222457152
-94.27208970356575 2.8097443516866356
-112.32973271267002 5.489140093732333
-112.04636269306492 5.44432280170666
-113.06848372594044 5.606281933348537
-85.32900199819281 6.25942411407471
-85.30483128410592 6.387895023791884
-80.08882496514583 5.063385962913204
-79.42851300307473 4.897877635496592
-79.72333961271644 5.10556504629322
-80.79162801075246 5.325098232828941
-1.310175544744612 -5.123092609320588
-80.80180909311251 5.3092876333105306
-16.698267066662254 4.195539816263706
-17.455294671769828 4.712020340617254
-18.85324512570571 5.154890351993725
-18.824938812594233 5.348928221415257
-89.76649823324904 6.2043853803067535
-73.81329605183214 3.3023274571169523
-46.324723055020655 -0.64113414999653
-74.5477684883687 -1.03171186828623
-74.57858952103669 -1.0758698895170635
-1.7985120986893166 -4.790599533415678
-46.73859575603341 -1.5606857433654966
-18.558989623422036 -0.9414379569411464
-17.56253998069454 -1.169699789372705
-18.573616675565777 -0.9271518596676933
-13.532787791544958 -2.0282459453935853
-1.9573888974712919 0.725415048440248
-1.361471904002225 0.46972527741339665
53.41837210718109 0.03023029658987575
86.61620075930978 -4.839684535664951
151.77732656805478 -3.4922036830100325
-2.460374361554234 -4.630450390250934
148.5990236620947 -2.6434524502529086
149.2346765764907 -2.841504291118099
150.24610272721415 -3.131764228217012
144.7487865016695 -1.4158931874053522
144.84762833071434 -1.4918972462426723
144.91321331117433 -1.1427861441406009
80.75818692155866 -2.7777482696097273
-57.71032521764002 2.3549114296434333
-57.709364392673 2.357275268879306
4.432355393125856 -1.3418513639188507
-2.431408803853866 -4.5889131583196825]
phi	[0.6353002917416853 0.8360831233187509
0.6099157449290542 0.5556841028271474
0.5783924710232186 0.2993165326797447
0.5468167453174347 0.044579220925159216
0.5152736605155984 -0.20999734243258114
0.4837639726969055 -0.46447635670262805
0.45228741479627216 -0.7188627670705037
0.4208437196025922 -0.9731589202154964]
workGrid	[0.5,1.0,1.5,2.0,2.5,3.0,3.5,4.0]
criterionValue	99.99828771005393
cumFVE	[99.84197494024755,99.99828771005393]
lambda	[7604.610034450688,11.90579071070785]
smoothedCov	[2686.212218658775 2576.9100762164658 2442.130567381246 2307.147036696233 2172.3023565787435 2037.5991229169501 1903.0361699757098 1768.6123547751913
2576.9100762164658 2472.9150102304743 2344.02911467202 2214.9353556664555 2085.9745705948885 1957.149597488406 1828.4593330529383 1699.9026834091292
2442.130567381246 2344.02911467202 2222.298563159329 2100.3680042351225 1978.5632081681624 1856.8869925107142 1735.3383213419843 1613.916162063824
2307.147036696233 2214.9353556664555 2100.3680042351225 1985.6090199344637 1870.9686010164617 1756.449518538659 1642.0508025418417 1527.7714816869448
2172.3023565787435 2085.9745705948885 1978.5632081681624 1870.9686010164617 1763.4853775257627 1656.1162610133542 1548.860347290647 1441.7167261693137
2037.5991229169501 1957.149597488406 1856.8869925107142 1756.449518538659 1656.1162610133542 1555.8898960130903 1455.7695850385794 1355.7544789489848
1903.0361699757098 1828.4593330529383 1735.3383213419843 1642.0508025418417 1548.860347290647 1455.7695850385794 1362.777742902549 1269.8840326873856
1768.6123547751913 1699.9026834091292 1613.916162063824 1527.7714816869448 1441.7167261693137 1355.7544789489848 1269.8840326873856 1184.1046600341733]
inputData	Dict{Symbol,Any}(:Lt=>Any[[0.5,1.0,1.5,2.0,2.5,3.0,3.5,4.0],[0.5,1.0,1.5,2.0,2.5,3.0,3.5,4.0],[0.5,1.0,1.5,2.0,2.5,3.0,3.5,4.0],[0.5,1.0,1.5,2.0,2.5,3.0,3.5,4.0],[0.5,1.0,1.5,2.0,2.5,3.0,3.5,4.0],[0.5,1.0,1.5,2.0,2.5,3.0,3.5,4.0],[0.5,1.0,1.5,2.0,2.5,3.0,3.5,4.0],[0.5,1.0,1.5,2.0,2.5,3.0,3.5,4.0],[0.5,1.0,1.5,2.0,2.5,3.0,3.5,4.0],[0.5,1.0,1.5,2.0,2.5,3.0,3.5,4.0],[0.5,1.0,1.5,2.0,2.5,3.0,3.5,4.0],[0.5,1.0,1.5,2.0,2.5,3.0,3.5,4.0],[0.5,1.0,1.5,2.0,2.5,3.0,3.5,4.0],[0.5,1.0,1.5,2.0,2.5,3.0,3.5,4.0],[0.5,1.0,1.5,2.0,2.5,3.0,3.5,4.0],[0.5,1.0,1.5,2.0,2.5,3.0,3.5,4.0],[0.5,1.0,1.5,2.0,2.5,3.0,3.5,4.0],[0.5,1.0,1.5,2.0,2.5,3.0,3.5,4.0],[0.5,1.0,1.5,2.0,2.5,3.0,3.5,4.0],[0.5,1.0,1.5,2.0,2.5,3.0,3.5,4.0],[0.5,1.0,1.5,2.0,2.5,3.0,3.5,4.0],[0.5,1.0,1.5,2.0,2.5,3.0,3.5,4.0],[0.5,1.0,1.5,2.0,2.5,3.0,3.5,4.0],[0.5,1.0,1.5,2.0,2.5,3.0,3.5,4.0],[0.5,1.0,1.5,2.0,2.5,3.0,3.5,4.0],[0.5,1.0,1.5,2.0,2.5,3.0,3.5,4.0],[0.5,1.0,1.5,2.0,2.5,3.0,3.5,4.0],[0.5,1.0,1.5,2.0,2.5,3.0,3.5,4.0],[0.5,1.0,1.5,2.0,2.5,3.0,3.5,4.0],[0.5,1.0,1.5,2.0,2.5,3.0,3.5,4.0],[0.5,1.0,1.5,2.0,2.5,3.0,3.5,4.0],[0.5,1.0,1.5,2.0,2.5,3.0,3.5,4.0],[0.5,1.0,1.5,2.0,2.5,3.0,3.5,4.0],[0.5,1.0,1.5,2.0,2.5,3.0,3.5,4.0],[0.5,1.0,1.5,2.0,2.5,3.0,3.5,4.0],[0.5,1.0,1.5,2.0,2.5,3.0,3.5,4.0],[0.5,1.0,1.5,2.0,2.5,3.0,3.5,4.0],[0.5,1.0,1.5,2.0,2.5,3.0,3.5,4.0],[0.5,1.0,1.5,2.0,2.5,3.0,3.5,4.0],[0.5,1.0,1.5,2.0,2.5,3.0,3.5,4.0],[0.5,1.0,1.5,2.0,2.5,3.0,3.5,4.0],[0.5,1.0,1.5,2.0,2.5,3.0,3.5,4.0],[0.5,1.0,1.5,2.0,2.5,3.0,3.5,4.0],[0.5,1.0,1.5,2.0,2.5,3.0,3.5,4.0],[0.5,1.0,1.5,2.0,2.5,3.0,3.5,4.0],[0.5,1.0,1.5,2.0,2.5,3.0,3.5,4.0],[0.5,1.0,1.5,2.0,2.5,3.0,3.5,4.0],[0.5,1.0,1.5,2.0,2.5,3.0,3.5,4.0],[0.5,1.0,1.5,2.0,2.5,3.0,3.5,4.0],[0.5,1.0,1.5,2.0,2.5,3.0,3.5,4.0],[0.5,1.0,1.5,2.0,2.5,3.0,3.5,4.0],[0.5,1.0,1.5,2.0,2.5,3.0,3.5,4.0],[0.5,1.0,1.5,2.0,2.5,3.0,3.5,4.0],[0.5,1.0,1.5,2.0,2.5,3.0,3.5,4.0],[0.5,1.0,1.5,2.0,2.5,3.0,3.5,4.0],[0.5,1.0,1.5,2.0,2.5,3.0,3.5,4.0],[0.5,1.0,1.5,2.0,2.5,3.0,3.5,4.0],[0.5,1.0,1.5,2.0,2.5,3.0,3.5,4.0],[0.5,1.0,1.5,2.0,2.5,3.0,3.5,4.0],[0.5,1.0,1.5,2.0,2.5,3.0,3.5,4.0],[0.5,1.0,1.5,2.0,2.5,3.0,3.5,4.0],[0.5,1.0,1.5,2.0,2.5,3.0,3.5,4.0],[0.5,1.0,1.5,2.0,2.5,3.0,3.5,4.0],[0.5,1.0,1.5,2.0,2.5,3.0,3.5,4.0],[0.5,1.0,1.5,2.0,2.5,3.0,3.5,4.0],[0.5,1.0,1.5,2.0,2.5,3.0,3.5,4.0],[0.5,1.0,1.5,2.0,2.5,3.0,3.5,4.0],[0.5,1.0,1.5,2.0,2.5,3.0,3.5,4.0],[0.5,1.0,1.5,2.0,2.5,3.0,3.5,4.0],[0.5,1.0,1.5,2.0,2.5,3.0,3.5,4.0],[0.5,1.0,1.5,2.0,2.5,3.0,3.5,4.0],[0.5,1.0,1.5,2.0,2.5,3.0,3.5,4.0],[0.5,1.0,1.5,2.0,2.5,3.0,3.5,4.0],[0.5,1.0,1.5,2.0,2.5,3.0,3.5,4.0],[0.5,1.0,1.5,2.0,2.5,3.0,3.5,4.0],[0.5,1.0,1.5,2.0,2.5,3.0,3.5,4.0],[0.5,1.0,1.5,2.0,2.5,3.0,3.5,4.0],[0.5,1.0,1.5,2.0,2.5,3.0,3.5,4.0],[0.5,1.0,1.5,2.0,2.5,3.0,3.5,4.0],[0.5,1.0,1.5,2.0,2.5,3.0,3.5,4.0],[0.5,1.0,1.5,2.0,2.5,3.0,3.5,4.0],[0.5,1.0,1.5,2.0,2.5,3.0,3.5,4.0],[0.5,1.0,1.5,2.0,2.5,3.0,3.5,4.0],[0.5,1.0,1.5,2.0,2.5,3.0,3.5,4.0],[0.5,1.0,1.5,2.0,2.5,3.0,3.5,4.0],[0.5,1.0,1.5,2.0,2.5,3.0,3.5,4.0],[0.5,1.0,1.5,2.0,2.5,3.0,3.5,4.0],[0.5,1.0,1.5,2.0,2.5,3.0,3.5,4.0],[0.5,1.0,1.5,2.0,2.5,3.0,3.5,4.0],[0.5,1.0,1.5,2.0,2.5,3.0,3.5,4.0],[0.5,1.0,1.5,2.0,2.5,3.0,3.5,4.0],[0.5,1.0,1.5,2.0,2.5,3.0,3.5,4.0],[0.5,1.0,1.5,2.0,2.5,3.0,3.5,4.0],[0.5,1.0,1.5,2.0,2.5,3.0,3.5,4.0],[0.5,1.0,1.5,2.0,2.5,3.0,3.5,4.0],[0.5,1.0,1.5,2.0,2.5,3.0,3.5,4.0],[0.5,1.0,1.5,2.0,2.5,3.0,3.5,4.0],[0.5,1.0,1.5,2.0,2.5,3.0,3.5,4.0],[0.5,1.0,1.5,2.0,2.5,3.0,3.5,4.0],[0.5,1.0,1.5,2.0,2.5,3.0,3.5,4.0],[0.5,1.0,1.5,2.0,2.5,3.0,3.5,4.0],[0.5,1.0,1.5,2.0,2.5,3.0,3.5,4.0],[0.5,1.0,1.5,2.0,2.5,3.0,3.5,4.0],[0.5,1.0,1.5,2.0,2.5,3.0,3.5,4.0],[0.5,1.0,1.5,2.0,2.5,3.0,3.5,4.0],[0.5,1.0,1.5,2.0,2.5,3.0,3.5,4.0],[0.5,1.0,1.5,2.0,2.5,3.0,3.5,4.0],[0.5,1.0,1.5,2.0,2.5,3.0,3.5,4.0],[0.5,1.0,1.5,2.0,2.5,3.0,3.5,4.0],[0.5,1.0,1.5,2.0,2.5,3.0,3.5,4.0],[0.5,1.0,1.5,2.0,2.5,3.0,3.5,4.0],[0.5,1.0,1.5,2.0,2.5,3.0,3.5,4.0],[0.5,1.0,1.5,2.0,2.5,3.0,3.5,4.0],[0.5,1.0,1.5,2.0,2.5,3.0,3.5,4.0],[0.5,1.0,1.5,2.0,2.5,3.0,3.5,4.0],[0.5,1.0,1.5,2.0,2.5,3.0,3.5,4.0],[0.5,1.0,1.5,2.0,2.5,3.0,3.5,4.0],[0.5,1.0,1.5,2.0,2.5,3.0,3.5,4.0],[0.5,1.0,1.5,2.0,2.5,3.0,3.5,4.0],[0.5,1.0,1.5,2.0,2.5,3.0,3.5,4.0],[0.5,1.0,1.5,2.0,2.5,3.0,3.5,4.0],[0.5,1.0,1.5,2.0,2.5,3.0,3.5,4.0],[0.5,1.0,1.5,2.0,2.5,3.0,3.5,4.0],[0.5,1.0,1.5,2.0,2.5,3.0,3.5,4.0],[0.5,1.0,1.5,2.0,2.5,3.0,3.5,4.0],[0.5,1.0,1.5,2.0,2.5,3.0,3.5,4.0],[0.5,1.0,1.5,2.0,2.5,3.0,3.5,4.0],[0.5,1.0,1.5,2.0,2.5,3.0,3.5,4.0],[0.5,1.0,1.5,2.0,2.5,3.0,3.5,4.0],[0.5,1.0,1.5,2.0,2.5,3.0,3.5,4.0],[0.5,1.0,1.5,2.0,2.5,3.0,3.5,4.0],[0.5,1.0,1.5,2.0,2.5,3.0,3.5,4.0],[0.5,1.0,1.5,2.0,2.5,3.0,3.5,4.0],[0.5,1.0,1.5,2.0,2.5,3.0,3.5,4.0],[0.5,1.0,1.5,2.0,2.5,3.0,3.5,4.0],[0.5,1.0,1.5,2.0,2.5,3.0,3.5,4.0],[0.5,1.0,1.5,2.0,2.5,3.0,3.5,4.0],[0.5,1.0,1.5,2.0,2.5,3.0,3.5,4.0],[0.5,1.0,1.5,2.0,2.5,3.0,3.5,4.0],[0.5,1.0,1.5,2.0,2.5,3.0,3.5,4.0],[0.5,1.0,1.5,2.0,2.5,3.0,3.5,4.0],[0.5,1.0,1.5,2.0,2.5,3.0,3.5,4.0],[0.5,1.0,1.5,2.0,2.5,3.0,3.5,4.0],[0.5,1.0,1.5,2.0,2.5,3.0,3.5,4.0],[0.5,1.0,1.5,2.0,2.5,3.0,3.5,4.0],[0.5,1.0,1.5,2.0,2.5,3.0,3.5,4.0],[0.5,1.0,1.5,2.0,2.5,3.0,3.5,4.0],[0.5,1.0,1.5,2.0,2.5,3.0,3.5,4.0],[0.5,1.0,1.5,2.0,2.5,3.0,3.5,4.0],[0.5,1.0,1.5,2.0,2.5,3.0,3.5,4.0],[0.5,1.0,1.5,2.0,2.5,3.0,3.5,4.0],[0.5,1.0,1.5,2.0,2.5,3.0,3.5,4.0],[0.5,1.0,1.5,2.0,2.5,3.0,3.5,4.0],[0.5,1.0,1.5,2.0,2.5,3.0,3.5,4.0],[0.5,1.0,1.5,2.0,2.5,3.0,3.5,4.0],[0.5,1.0,1.5,2.0,2.5,3.0,3.5,4.0],[0.5,1.0,1.5,2.0,2.5,3.0,3.5,4.0],[0.5,1.0,1.5,2.0,2.5,3.0,3.5,4.0],[0.5,1.0,1.5,2.0,2.5,3.0,3.5,4.0],[0.5,1.0,1.5,2.0,2.5,3.0,3.5,4.0],[0.5,1.0,1.5,2.0,2.5,3.0,3.5,4.0],[0.5,1.0,1.5,2.0,2.5,3.0,3.5,4.0],[0.5,1.0,1.5,2.0,2.5,3.0,3.5,4.0],[0.5,1.0,1.5,2.0,2.5,3.0,3.5,4.0],[0.5,1.0,1.5,2.0,2.5,3.0,3.5,4.0],[0.5,1.0,1.5,2.0,2.5,3.0,3.5,4.0],[0.5,1.0,1.5,2.0,2.5,3.0,3.5,4.0],[0.5,1.0,1.5,2.0,2.5,3.0,3.5,4.0],[0.5,1.0,1.5,2.0,2.5,3.0,3.5,4.0],[0.5,1.0,1.5,2.0,2.5,3.0,3.5,4.0],[0.5,1.0,1.5,2.0,2.5,3.0,3.5,4.0],[0.5,1.0,1.5,2.0,2.5,3.0,3.5,4.0],[0.5,1.0,1.5,2.0,2.5,3.0,3.5,4.0],[0.5,1.0,1.5,2.0,2.5,3.0,3.5,4.0],[0.5,1.0,1.5,2.0,2.5,3.0,3.5,4.0],[0.5,1.0,1.5,2.0,2.5,3.0,3.5,4.0],[0.5,1.0,1.5,2.0,2.5,3.0,3.5,4.0],[0.5,1.0,1.5,2.0,2.5,3.0,3.5,4.0],[0.5,1.0,1.5,2.0,2.5,3.0,3.5,4.0],[0.5,1.0,1.5,2.0,2.5,3.0,3.5,4.0],[0.5,1.0,1.5,2.0,2.5,3.0,3.5,4.0],[0.5,1.0,1.5,2.0,2.5,3.0,3.5,4.0],[0.5,1.0,1.5,2.0,2.5,3.0,3.5,4.0],[0.5,1.0,1.5,2.0,2.5,3.0,3.5,4.0],[0.5,1.0,1.5,2.0,2.5,3.0,3.5,4.0],[0.5,1.0,1.5,2.0,2.5,3.0,3.5,4.0],[0.5,1.0,1.5,2.0,2.5,3.0,3.5,4.0],[0.5,1.0,1.5,2.0,2.5,3.0,3.5,4.0],[0.5,1.0,1.5,2.0,2.5,3.0,3.5,4.0],[0.5,1.0,1.5,2.0,2.5,3.0,3.5,4.0],[0.5,1.0,1.5,2.0,2.5,3.0,3.5,4.0],[0.5,1.0,1.5,2.0,2.5,3.0,3.5,4.0],[0.5,1.0,1.5,2.0,2.5,3.0,3.5,4.0],[0.5,1.0,1.5,2.0,2.5,3.0,3.5,4.0],[0.5,1.0,1.5,2.0,2.5,3.0,3.5,4.0],[0.5,1.0,1.5,2.0,2.5,3.0,3.5,4.0],[0.5,1.0,1.5,2.0,2.5,3.0,3.5,4.0],[0.5,1.0,1.5,2.0,2.5,3.0,3.5,4.0],[0.5,1.0,1.5,2.0,2.5,3.0,3.5,4.0],[0.5,1.0,1.5,2.0,2.5,3.0,3.5,4.0],[0.5,1.0,1.5,2.0,2.5,3.0,3.5,4.0],[0.5,1.0,1.5,2.0,2.5,3.0,3.5,4.0],[0.5,1.0,1.5,2.0,2.5,3.0,3.5,4.0],[0.5,1.0,1.5,2.0,2.5,3.0,3.5,4.0],[0.5,1.0,1.5,2.0,2.5,3.0,3.5,4.0],[0.5,1.0,1.5,2.0,2.5,3.0,3.5,4.0],[0.5,1.0,1.5,2.0,2.5,3.0,3.5,4.0],[0.5,1.0,1.5,2.0,2.5,3.0,3.5,4.0],[0.5,1.0,1.5,2.0,2.5,3.0,3.5,4.0],[0.5,1.0,1.5,2.0,2.5,3.0,3.5,4.0],[0.5,1.0,1.5,2.0,2.5,3.0,3.5,4.0],[0.5,1.0,1.5,2.0,2.5,3.0,3.5,4.0],[0.5,1.0,1.5,2.0,2.5,3.0,3.5,4.0],[0.5,1.0,1.5,2.0,2.5,3.0,3.5,4.0],[0.5,1.0,1.5,2.0,2.5,3.0,3.5,4.0],[0.5,1.0,1.5,2.0,2.5,3.0,3.5,4.0],[0.5,1.0,1.5,2.0,2.5,3.0,3.5,4.0],[0.5,1.0,1.5,2.0,2.5,3.0,3.5,4.0],[0.5,1.0,1.5,2.0,2.5,3.0,3.5,4.0],[0.5,1.0,1.5,2.0,2.5,3.0,3.5,4.0],[0.5,1.0,1.5,2.0,2.5,3.0,3.5,4.0],[0.5,1.0,1.5,2.0,2.5,3.0,3.5,4.0],[0.5,1.0,1.5,2.0,2.5,3.0,3.5,4.0],[0.5,1.0,1.5,2.0,2.5,3.0,3.5,4.0],[0.5,1.0,1.5,2.0,2.5,3.0,3.5,4.0],[0.5,1.0,1.5,2.0,2.5,3.0,3.5,4.0],[0.5,1.0,1.5,2.0,2.5,3.0,3.5,4.0],[0.5,1.0,1.5,2.0,2.5,3.0,3.5,4.0],[0.5,1.0,1.5,2.0,2.5,3.0,3.5,4.0],[0.5,1.0,1.5,2.0,2.5,3.0,3.5,4.0],[0.5,1.0,1.5,2.0,2.5,3.0,3.5,4.0],[0.5,1.0,1.5,2.0,2.5,3.0,3.5,4.0],[0.5,1.0,1.5,2.0,2.5,3.0,3.5,4.0],[0.5,1.0,1.5,2.0,2.5,3.0,3.5,4.0],[0.5,1.0,1.5,2.0,2.5,3.0,3.5,4.0],[0.5,1.0,1.5,2.0,2.5,3.0,3.5,4.0],[0.5,1.0,1.5,2.0,2.5,3.0,3.5,4.0],[0.5,1.0,1.5,2.0,2.5,3.0,3.5,4.0],[0.5,1.0,1.5,2.0,2.5,3.0,3.5,4.0],[0.5,1.0,1.5,2.0,2.5,3.0,3.5,4.0],[0.5,1.0,1.5,2.0,2.5,3.0,3.5,4.0],[0.5,1.0,1.5,2.0,2.5,3.0,3.5,4.0],[0.5,1.0,1.5,2.0,2.5,3.0,3.5,4.0],[0.5,1.0,1.5,2.0,2.5,3.0,3.5,4.0],[0.5,1.0,1.5,2.0,2.5,3.0,3.5,4.0],[0.5,1.0,1.5,2.0,2.5,3.0,3.5,4.0],[0.5,1.0,1.5,2.0,2.5,3.0,3.5,4.0],[0.5,1.0,1.5,2.0,2.5,3.0,3.5,4.0],[0.5,1.0,1.5,2.0,2.5,3.0,3.5,4.0],[0.5,1.0,1.5,2.0,2.5,3.0,3.5,4.0],[0.5,1.0,1.5,2.0,2.5,3.0,3.5,4.0],[0.5,1.0,1.5,2.0,2.5,3.0,3.5,4.0],[0.5,1.0,1.5,2.0,2.5,3.0,3.5,4.0],[0.5,1.0,1.5,2.0,2.5,3.0,3.5,4.0],[0.5,1.0,1.5,2.0,2.5,3.0,3.5,4.0],[0.5,1.0,1.5,2.0,2.5,3.0,3.5,4.0],[0.5,1.0,1.5,2.0,2.5,3.0,3.5,4.0],[0.5,1.0,1.5,2.0,2.5,3.0,3.5,4.0],[0.5,1.0,1.5,2.0,2.5,3.0,3.5,4.0],[0.5,1.0,1.5,2.0,2.5,3.0,3.5,4.0],[0.5,1.0,1.5,2.0,2.5,3.0,3.5,4.0],[0.5,1.0,1.5,2.0,2.5,3.0,3.5,4.0],[0.5,1.0,1.5,2.0,2.5,3.0,3.5,4.0],[0.5,1.0,1.5,2.0,2.5,3.0,3.5,4.0],[0.5,1.0,1.5,2.0,2.5,3.0,3.5,4.0],[0.5,1.0,1.5,2.0,2.5,3.0,3.5,4.0],[0.5,1.0,1.5,2.0,2.5,3.0,3.5,4.0],[0.5,1.0,1.5,2.0,2.5,3.0,3.5,4.0],[0.5,1.0,1.5,2.0,2.5,3.0,3.5,4.0],[0.5,1.0,1.5,2.0,2.5,3.0,3.5,4.0],[0.5,1.0,1.5,2.0,2.5,3.0,3.5,4.0],[0.5,1.0,1.5,2.0,2.5,3.0,3.5,4.0],[0.5,1.0,1.5,2.0,2.5,3.0,3.5,4.0],[0.5,1.0,1.5,2.0,2.5,3.0,3.5,4.0],[0.5,1.0,1.5,2.0,2.5,3.0,3.5,4.0],[0.5,1.0,1.5,2.0,2.5,3.0,3.5,4.0],[0.5,1.0,1.5,2.0,2.5,3.0,3.5,4.0],[0.5,1.0,1.5,2.0,2.5,3.0,3.5,4.0],[0.5,1.0,1.5,2.0,2.5,3.0,3.5,4.0],[0.5,1.0,1.5,2.0,2.5,3.0,3.5,4.0]],:Ly=>Any[[158.2085764941112,151.59188288044317,143.87631548210499,136.15508682617275,128.44163155561202,120.73617244013644,113.0386705306084,105.34907552694891],[199.90814600705596,190.94351852413126,180.49778906907096,170.05149379028097,159.621451543559,149.20782657979942,138.8105068288553,128.42936961407406],[199.7350811693879,191.45300939929177,181.0908249273092,170.6703836525142,160.261990246075,149.86953280280258,139.4931387281881,129.13269862848009],[199.98586362036173,191.4434186462003,181.0864555791655,170.6671631008158,160.25889180802443,149.86647371102896,139.49011318348974,129.1297059325783],[196.1436320970247,186.9916228175178,176.43756282696617,165.86082520559142,155.2992770497625,144.75518128600328,134.2285924106714,123.71941552482872],[213.53381973607463,204.31953535097256,193.68265828689113,183.0319853580445,172.39800589576043,161.78231204739868,151.18490489592276,140.6056782823111],[209.8702567611518,200.56759715139094,189.63245441960595,178.67993341738415,167.73511629592443,156.79890704335497,145.8712690702394,134.95210868566917],[104.93512837091686,100.28379857391697,94.81622720990569,89.33996670873805,83.86755814798101,78.39945352169082,72.93563453512633,67.47605434283868],[81.14848452032166,77.54247600713354,73.47449066377548,69.39362658110969,65.31577974949734,61.2420187864291,57.17238853439686,53.10686479738265],[81.32411530648515,77.86637553356027,73.80077660477102,69.7235022935674,65.64991576272159,61.58043720547438,57.515049303381005,53.45372266700956],[95.6439338946741,92.51085595965165,88.11437904079439,83.64865123956255,79.1798781815146,74.7121033059394,70.24557203568294,65.78029583620962],[81.81814222753688,77.83558261505885,73.76427522349961,69.68699166460503,65.6134509670125,61.54401843411134,57.478676195982985,53.41739485488168],[81.7991527359705,77.78780452411272,73.68653198710902,69.5784209743825,65.4731928351934,61.37122367303796,57.272507550007134,53.17702724054466],[81.54275120526297,77.39685773297589,73.28270182696266,69.1678438480289,65.05611336362767,60.94769476365264,56.842577454702436,52.74074458200132],[193.42563637175132,184.65246071549126,174.3086848996192,163.95153506510403,153.59324755309888,143.23389339373358,132.87349617085872,122.5120802334251],[193.4306976274598,184.6660317678774,174.33106375833663,163.98295977305236,153.63396077035367,143.28412656014837,132.9334688390807,122.58200035751436],[130.94176082078178,125.57660954014537,118.34838764097762,111.07616092655716,103.80520242088676,96.53661637176286,89.27040562697668,82.00654684049802],[104.54490443431617,100.69309657892389,95.21186613174112,89.6862153077183,84.16014219868072,78.63477956034433,73.11014712103895,67.58623777530939],[101.27094789196553,97.18913194299768,91.70727874354799,86.190493561947,80.67354432212389,75.15730103114286,69.64177858843051,64.12697132050322],[129.2389852612154,124.95299476918595,119.40984975011837,113.83930771450453,108.26930167226504,102.7004942383275,97.1328907401142,91.56648097433481],[129.83904608486148,125.76872525815503,120.23529559531747,114.66465648876749,109.09424092287564,103.52499965724617,97.956945014207,92.39006660705162],[117.67130384121333,113.46193038508568,107.6263171940104,101.71841355258832,95.80972213165512,89.9042929021145,84.00235198138938,78.10389456184771],[129.64439675943788,125.1594519116953,119.60250264156258,114.03137732827923,108.46125067720631,102.89233184937413,97.32461356976883,91.75808524103712],[160.9761355889068,154.72715335090842,147.09361238596395,139.44364480887785,131.79557287840473,124.14963070410349,116.50580309775567,108.86407120678219],[167.02544631968482,161.05579049020963,153.6057805404089,146.13732482884032,138.67298875771712,131.21310309476584,123.75765854637591,116.30663993574431],[100.2152677918088,96.63347429414617,92.16346832433166,87.68239489734519,83.20379325464889,78.72786185687028,74.25459512783245,69.78398396145126],[100.37103373594366,96.63178507691643,92.16215267002546,87.68115271430304,83.20256421904557,78.72664414644444,74.25338860045784,69.78278851227404],[100.9154147975632,96.59801424569784,92.12185689390435,87.64082259683761,83.16226812603779,78.68638266045264,74.21316155057563,69.74259571674475],[100.53389971021357,95.96351876466078,91.47738765968228,86.99357799801774,82.5123267934035,78.0337459760766,73.55783632854708,69.08459030012405],[86.96270856812748,84.25962693869198,80.42593790855031,76.57635876014616,72.73301764122323,68.89630602714377,65.06620816311437,61.24269937265865],[87.69646843566892,84.22001930904193,80.36900128536263,76.51920962674404,72.67598259104328,68.83939050273572,65.00941161970215,61.186021137922395],[87.50776873473968,83.86876599726878,80.0079266602119,76.15165238889196,72.30196925947303,68.45893545881643,64.62253541726777,60.792747662050445],[118.84686463634091,113.40251895029519,107.53895703228127,101.63058155137345,95.72195608598237,89.81660375178589,83.91473954613028,78.01635833045755],[85.44343517242473,81.72642967379764,77.76058630422409,73.79679538727999,69.8367120452787,65.88034726199515,61.92766808358839,57.97863864020084],[85.51744086496933,81.72638448752744,77.75976031451557,73.79597799565889,69.83590582795021,65.87955175005695,61.92688311001977,57.977864063773225],[71.04638008662621,68.15388529149682,65.14449234228803,62.13602818394621,59.12916676010417,56.123939961667475,53.120337782873364,50.11834693672058],[142.09276018541073,136.30777058266267,130.2889846845055,124.2720563678669,118.25833352019743,112.24787992332972,106.24067556574421,100.23669387343983],[141.78117346772225,135.85059899867036,129.81937674516664,123.80091264084831,117.78638769106198,111.77519125743466,105.76726193700716,99.76257182717131],[116.56325643954479,112.18743772895296,107.81372484238565,103.45150361850936,99.09164692094377,94.73356779435997,90.37722114443858,86.02259475302299],[153.91461572679657,148.08607717842304,141.76780639737217,135.45003492952193,129.1339009710653,122.81929033790327,116.50616816271943,110.19450602699662],[137.3403535004094,131.55743533081323,125.2568096243712,118.95679652089426,112.65822959530716,106.36095631489343,100.06494205245659,93.77016124994972],[137.39503046684035,131.6825755919392,125.39030701748779,119.09150941169753,112.79357656491946,106.4968686507885,100.20138659151861,93.90710760977711],[137.80143853847488,132.15016640772032,125.86665346531052,119.57063913585904,113.27492661464254,106.98029482654778,100.68677424279932,94.3943456765647],[89.65356973896179,85.97567702705882,81.9948747122236,77.96838459919911,73.94001645262384,69.91326958943212,65.88836730058463,61.86531551673456],[137.79368345861405,132.1279781377704,125.8287496032382,119.5167751652327,113.20490468700294,106.89392387089578,100.58387291345252,94.27474280745597],[125.99516697442802,121.8228954378215,116.20474123449868,110.55741569899928,104.91331570391004,99.2730222987717,93.63652265096383,88.00379421768501],[126.03166597151564,121.91037788961842,116.3439800694063,110.74922630291597,105.15852179035186,99.57243460256439,93.99093792529405,88.41399499629375],[167.948273244436,161.54474328068352,153.57064811526683,145.57869560878385,137.59118931865234,129.6084027857828,121.63028063628505,113.65676310400715],[167.55731163988412,161.03374991489426,153.04164009024962,145.0355068524162,137.03415883240817,129.03779200835362,121.04634786925666,113.05976478362842],[167.3095820903133,160.75612051571784,152.76133504121276,144.74825048311078,136.73975538072932,128.73635883415466,120.73801579851828,112.74466433245537],[163.02136358970606,156.21394871187186,147.94826591282492,139.6690250941806,131.38893907289548,123.10808523948374,114.82647611514906,106.54412548720383],[135.23680687796403,130.00349179196428,123.60781533984571,117.20209055270651,110.7959551050008,104.38944357308151,97.98256139959938,91.57531591381816],[135.26670134652403,130.06775258209342,123.67471178836179,117.26949109731409,110.86375161851281,104.45761516884302,98.0510907466981,91.64418615206405],[136.09526919594924,130.02191854674038,123.61909381391138,117.21376962736531,110.80802399369678,104.40188243924518,97.99535300572529,91.58844348153522],[89.94724648770011,85.67960792559703,81.63435931574277,77.60320362826171,73.57456844645804,69.54783887458808,65.52297130564622,61.49995541762512],[136.272938585662,130.02374009015313,123.61895985125692,117.21361810098716,110.807873937442,104.40173400983325,97.99520618673627,91.58829825548546],[68.13646930541253,65.01187004493988,61.80947992559118,58.60680905047811,55.40393696871175,52.200867004910364,48.997603093363196,45.79414912773893],[68.25367617679456,65.13437441040625,61.9329624394732,58.73106401938919,55.52892489312143,52.32655484604177,49.12395870030251,45.921141034712306],[76.71832493336952,73.59690426296623,70.39855929262896,67.1997449834181,64.00065805927518,60.80130715041953,57.60169738756095,54.40183370320067],[94.0869739149057,89.82875752021863,85.46988737956072,81.11039123053976,76.75049722671184,72.39021619147323,68.0295553737309,63.668521789045585],[71.8129414429105,68.79483133479769,65.46500473181797,62.13246918140558,58.80051775739969,55.46920236759921,52.13851589289726,48.80845008775613],[71.11228239162648,68.82614548517566,65.51278227649051,62.18054709365356,58.84859007926012,55.51726364155517,52.18656614651081,48.856489455683835],[71.09059691805096,68.7663395618581,65.45007986303752,62.1166701716795,58.78360749068606,55.451198934190714,52.11944162272017,48.788327144043535],[71.18012836272045,68.87445865096232,65.5605619545698,62.22914628635773,58.898033536808285,55.56753503862919,52.2376483947468,48.90836564374455],[71.18415298674238,68.88461147757872,65.57701468031999,62.252087509605715,58.92764771470517,55.60399911831824,52.28113187342497,48.959030712484534],[60.38685641279947,58.60237608437413,56.28475945327391,53.936750689775884,51.58784120275258,49.23920817729825,46.89088813579568,44.54288090258151],[70.9233519944263,68.60428208051886,65.29238082044587,61.963553831313135,58.6353488007569,55.30806454159698,51.98168903729427,48.65620488586705],[50.4592621763167,48.922412391917334,46.634839503433184,44.333689679488174,42.03350353559509,39.734524493588495,37.43674629852416,35.14015811114507],[60.953067794261216,59.34480220648031,57.018713064898414,54.68045794883469,52.34367041493584,50.00857490235025,47.6751585949502,45.343404316286986],[52.416536762803084,51.22882060516522,49.4690692218007,47.698569569480895,45.92839885961099,44.15874874709951,42.389619144128496,40.62100642309985],[64.87324762470097,63.08624181415091,60.50586245187575,57.911368772936065,55.31785413523034,52.72557639094132,50.1345288520249,47.544699941411224],[67.51907199330273,65.80254862450944,63.3032459598868,60.79101710007569,58.2811175427898,55.77381250381802,53.2691031944233,50.76698544263809],[67.66351854695073,65.80176784670323,63.30148963263363,60.78930927884278,58.279433395236175,55.77215068964105,53.2674633924783,50.76536736080279],[135.32703709911112,131.6035356925043,126.60297926502345,121.57861855759263,116.55886679044369,111.5443013792742,106.53492678494457,101.53073472160614],[134.8898131449318,131.0618942269004,126.06338432009142,121.03749504273127,116.01580640984834,110.99926413984575,105.98789394313151,100.98169107852263],[163.68484185382965,158.625198759651,151.67661650284947,144.69988185777578,137.72969481911818,130.76666706076747,123.81078312552569,116.86201510052729],[60.68261913358508,58.584695613823314,56.26343550156291,53.915391884200325,51.566491356370406,49.21786791855547,46.86955741422278,44.52155965387391],[163.8105740514547,158.62458255104477,151.67505458117947,144.6983377550238,137.72816767424234,130.7651564950367,123.80928895412914,116.86053714568494],[163.52574746192514,158.049832352304,151.0726048721155,144.08655193319694,137.10820986035085,130.13712924141782,123.17323110475861,116.21648583843773],[163.4983685576778,157.97428656146104,150.943708194255,143.90240510529406,136.8672632000551,129.83787012014287,122.81415814046412,115.79610747672197],[81.74918427707001,78.98714328149096,75.47185409726505,71.9512025526971,68.43363160005333,64.91893506008302,61.407079070238936,57.89805373836775],[81.8351984255765,79.25346089341312,75.75860508154005,72.24367079853712,68.73079018380271,65.2207028701617,61.71343527767057,58.2089807684569],[83.04634670018041,80.61606739780146,77.15720607422304,73.66775941169695,70.17953509322493,66.69394369027614,63.21105199742694,59.730853349392575],[68.63837146183664,66.90176720298287,64.38457038640288,61.84067547651081,59.297264216125924,56.75564886415927,54.21589675727856,51.67800499245827],[60.201233495740034,58.54063017880139,56.05560250755312,53.53676200177904,51.01771725210679,48.50024358370683,45.98443892321069,43.47030367567103],[60.02224911372722,58.156771349351715,55.65092797234084,53.12836206441523,50.606774463437645,48.086841534853384,45.568592002432695,43.05202243998671],[47.97083012798001,46.49873993054445,44.68776020739392,42.86046856594149,41.033250458221616,39.206987332837,37.38173044364486,35.55748355476763],[65.74406548671966,63.9126352596614,61.676241399390044,59.39998300367997,57.122797718628405,54.84633641838451,52.570653252661685,50.29575056322175],[48.309513949228275,46.47920450075289,44.66010230215221,42.83267370221715,41.005478668133335,39.1792420906701,37.35401177299397,35.52979137532138],[57.57106223922423,55.18765790907409,52.78390945724318,50.373314519078015,47.96426393661819,45.55745959198842,43.15294323154379,40.75071327845509],[52.20191354835222,49.75498826364171,47.26095424715588,44.76132318713321,42.262420033912896,39.764762337529646,37.26837819588571,34.773263679728544],[98.12694439407609,93.7536843490471,89.26273191157958,84.76745655972897,80.27467293946772,75.78465742554822,71.29740001963202,66.81287977479411],[100.05239511191162,95.84828303536648,91.36868306330459,86.87694917434743,82.38734999518965,77.90043360846069,73.41619364882173,68.93460391175374],[99.6902148010164,95.33090823303887,90.84194706681646,86.34886837302219,81.85825595835885,77.37036328910702,72.88517507672441,68.40266603099616],[99.7139014167163,95.69219972188331,91.23215711355725,86.74122857547275,82.25140403923429,77.76422550010378,73.27972932899651,68.79789123532018],[99.6315234529932,95.6967856735956,91.23381557566167,86.74258000233618,82.25272364420546,77.76552707587426,73.28101364570362,68.79915854078901],[95.50797516261913,91.13385271861479,86.49111365240987,81.83686654681892,77.18287330070227,72.52963726659411,67.87716234052374,63.225433520991125],[73.58576786104781,70.63462296032324,67.44389957721818,64.24127552614326,61.03841008082983,57.8358095538167,54.63348580162415,51.431431953068774],[65.44055303562514,63.358844830830506,61.144533591781524,58.87254942390011,56.59628893601693,54.32045014992014,52.045356321508656,49.771029164871905],[122.64294643453879,117.7243716005519,112.40649929537142,107.06879254357708,101.73068346803399,96.39301592274589,91.05580966863289,85.71905325362432],[121.94784835252774,117.7635782707934,112.45391480896811,107.11627659477374,101.77815216382676,96.4404685290435,91.10324643725157,85.76647445193953],[146.42948862177064,142.11672900297205,136.7679312389609,131.3977146552518,126.02770709287968,120.65857250243755,115.29031636516945,109.92292138711461],[116.36463249173364,113.78878851741857,109.98167983619047,106.12421563082287,102.26490992604992,98.40567588776396,94.5465848449853,90.68764017855598],[135.67630824019267,131.99792463495407,126.92487393199465,121.8031343445522,116.68173926401744,111.56254334981249,106.4455903425635,101.33085746548828],[136.1190178404007,132.45932609577562,127.36431693996346,122.240682148198,117.1187172574636,111.99900082269954,106.88151887155313,101.76624568678979],[136.07202390917325,132.34724797870462,127.18724859158105,121.99855094474722,116.81141790769381,111.6264346211686,106.44359543428853,101.26288324928521],[99.66430155229827,96.38855782880954,91.70106028731729,86.97881746892541,82.25913982070804,77.54353085761895,72.83204275166531,68.12464893940317],[80.49198609422784,78.14492922790004,74.72604584337614,71.27695393565804,67.8292728521217,64.38442987715483,60.942485544310685,57.50342281039432],[80.61497186819383,78.41122893151035,75.01550530384037,71.57519232473567,68.13509195980149,64.69767179310409,61.26306282402067,57.831252345417056],[65.10866407566374,63.36134249317095,61.14742015370487,58.874622487638945,56.59827353135115,54.32241396077469,52.04730416925735,49.772961472590296],[74.8440418684223,72.94191774277579,69.98067578375876,66.99530605778544,64.01264727397779,61.03333412687425,58.05736606880307,55.0847271017454],[80.60761702306024,78.41433347302109,75.0162417516874,71.57563374686413,68.13550745688138,64.69808204124782,61.26346921209844,57.83165499242572],[73.29795319028992,71.23844467508404,67.87006476772393,64.4477343413342,61.02491717140382,57.60459076311228,54.18691668280716,50.77188538174231],[74.00698851422473,71.20485046250084,67.82015735440908,64.39759882926485,60.974825658323745,57.55454632281872,54.1369189641202,50.721934007626324],[72.80433602091165,69.794423629644,66.36823024055234,62.92176293859068,59.476562414191946,56.034172631185356,52.59467792230366,49.15806551732733],[145.60867204809801,139.58884725949338,132.73646048117791,125.84352587720988,118.95312482840134,112.06834526238315,105.18935584461533,98.31613103466286],[181.51050962469822,173.17114685979885,163.9272091557282,154.65599776354105,145.3936718626118,136.1427675300187,126.90337724582848,117.67542702465413],[130.63092469052958,125.34489548105653,118.87471357323021,112.3192141571546,105.76603980922525,99.22142871680312,92.68575981318412,86.1590304163297],[123.16964584527177,117.39355151507029,110.65334948065829,103.85504285235912,97.05727790942944,90.264181318091,83.47598743710543,76.69267716716122],[123.21351271425935,116.83069326465296,110.02205837694477,103.21410112409833,96.41101692049973,89.61293636198457,82.81983406770972,76.03167513453887],[123.26334865618351,116.96470338087028,110.24592646389343,103.5291798348972,96.81833622199326,90.11348594121893,83.4145790294236,76.72155634592616],[48.84877504705957,47.32265146458613,45.181997782223036,42.9613037932553,40.735161074570804,38.509013472291294,36.28321375684073,34.05778787813485],[123.72666800258638,117.75053410525372,111.0417936706086,104.32822210574639,97.62046247645233,90.91863790081774,84.22269068229235,77.53255927003623],[100.40716996427896,96.40072650330805,91.40348267134073,86.39371238820895,81.38471670823328,76.37673829963686,71.36977254493317,66.36380847353993],[101.05355943822367,96.36442183145367,91.35958787845068,86.34975396953917,81.34076866927363,76.33280121297368,71.32584630196556,66.31989296076253],[101.058705464819,96.37904376558967,91.38445059577428,86.38513354654114,81.38691811373768,76.3899654617155,71.39426210461026,66.3997889514586],[67.08007377429158,63.50973312277445,60.056620499063115,56.596678646385094,53.13774496315255,49.68038300976488,46.2246092928046,42.77041571686887],[83.25681314011815,79.68033710593072,76.17282169049707,72.66127491663461,69.15145293277685,65.64376164704451,62.13820491817194,58.63476847515639],[85.21625149689278,81.80686663225208,78.31423526034764,74.80877245088237,71.30456912372233,67.80238804076144,64.3022434586608,60.804118575726115],[109.97776199903576,104.98333059182615,99.8781870159331,94.76169696957353,89.64795635718842,84.5377166080596,79.4309781270098,74.32771006611574],[183.29626999497575,174.97221765319844,166.46364502659813,157.93616161597515,149.4132605953264,140.89619434677482,132.3849635450234,123.87951677686583],[191.7591806112598,183.81169218320906,175.6015328064517,167.36393922359005,159.13544700069423,150.91798273960242,142.7115792917889,134.51619048019288],[48.760274476098765,46.67091294515201,44.48192684988683,42.25989972966657,40.035638700454236,37.81155171966545,35.587800034873716,33.36439833967687],[192.07764375970578,184.60039448320134,176.43360798281574,168.2096648198623,159.99340955197758,151.7880636061947,143.59370668459098,135.41029111467392],[192.92672002262478,185.4091046982227,177.2180094566551,169.00344370323805,160.79889882179117,152.60530398345017,144.42262782411848,136.25081538623732],[192.5312567045356,185.4197298216607,177.22228301057777,169.0071568045389,160.80255534784922,152.60892044158453,144.42620503594446,136.2543537858985],[192.42808953328435,184.5692474772499,176.33455503683524,168.1054978078755,159.88747914633157,151.6805143391867,143.48455340033476,135.29954433355311],[161.82344518301443,155.92253359671471,149.64736827575356,143.37180341576297,137.10156189950098,130.8366982596805,124.57719938609404,118.32305048650537],[166.25618003038934,160.18328956771109,152.18792907991335,144.16856560685727,136.15910224908174,128.1600819634131,120.17146425009312,112.19319853174429],[277.0936333977854,266.9721492781818,253.6465484662007,240.28094267800188,226.93183708175954,213.6001366056505,200.2857737501489,186.98866421957143],[277.3975958718971,267.4224923461357,254.13760248231756,240.80650789969621,227.4914386924141,214.1935415693696,200.91275638141215,187.64899723772035],[277.7143943349123,267.8392930471379,254.58691227834993,241.2878701792235,228.00471035278895,214.73850982257994,201.48920244894956,188.25670046703829],[273.3579020354263,263.4686323074716,249.83282964348163,236.13533577437516,222.44450653862944,208.7615369613606,195.08638266652903,181.4189767282049],[65.5695966117961,62.42506047488261,59.16039160360977,55.8630392594318,52.564252343899,49.26647227301527,45.96985982285477,42.67442669333914],[272.2267097144914,262.21146607815103,248.49991626897244,234.72882097226375,220.9652590618885,207.21039543055812,193.46418232811655,179.7265499140966],[272.2429650163809,262.25460142664053,248.57311895970653,234.83494004739276,221.10708333816794,207.390657105619,193.68555722659588,179.99165774341935],[272.46742419352563,262.63899919329776,248.9853202389843,235.26836433223653,221.5612222197826,207.86518065440652,194.18014096685658,180.50597859439927],[272.3659574903485,262.64173121646184,248.98710604438432,235.2700241299864,221.56286045948173,207.86680103058674,194.181743759489,180.50756399616486],[214.3205302745617,207.1774177307853,196.95654263246976,186.68396780781688,176.42144528026134,166.17002744569334,155.92965976633667,145.7002674202226],[171.47589382091587,166.47634213161635,159.07970680735852,151.63638313203944,144.19684121435574,136.76198981818945,129.3318215264313,121.90631219983736],[142.35658044225892,137.64798520464362,130.36467247353121,123.02731699361864,115.69248518788748,108.36120627316544,101.03348670204886,93.70931454743429],[111.15808737154774,107.95727978866316,102.7143966996181,97.42550845061699,92.13738055699122,86.85087217027154,81.56600004280106,76.28276601194194],[112.23192859981845,107.90257550792246,102.6339186827275,97.34460411283942,92.0565437418073,86.77011167753854,81.48531550472585,76.20215688522937],[170.72136330362258,162.99973280244097,154.71043146103753,146.42534933004936,138.14619422202836,129.87286319122398,121.6052738577734,113.34334523821495],[109.2826610214101,104.04176745783752,98.60065267259168,93.10506543234743,87.60708723981216,82.1107871216816,76.61643303808522,71.12404448891199],[170.75310830256615,163.001063054933,154.7115936410906,146.42650181805845,138.14733174632724,129.87398566024115,121.60638146025067,113.34443817076176],[171.04008736215934,163.34686913696814,155.0656191701744,146.7864846586242,138.51306533568243,130.24533635445462,121.98321856098129,113.72663155294079],[213.89933143961755,203.5140871915446,192.36592814832701,181.22557592923172,170.09702664651115,158.9801601844826,147.87480925523786,136.78080630261414],[156.60424695825543,149.26893482451044,141.37392828970047,133.4843757091009,125.6061011263426,117.73916127108947,109.88347696556738,102.0389630119281],[161.1887767545728,154.15531431166994,146.34080464406753,138.5225733970244,130.714459664854,122.91676931366607,115.12941079833018,107.35227873957066],[161.7061900025525,154.68722652009765,146.87322789612358,139.06337273463055,131.26387532131076,123.47468126951232,115.69568431876408,107.92677705702252],[161.73549898020042,155.32091245504273,147.5358427885445,139.73755007948603,131.94914041820846,124.17085208646057,116.40258114612473,108.64421847204989],[161.68887361395565,155.20818662608878,147.35470927449703,139.48551374423442,131.62372884701193,123.76964290126135,115.92320322512802,108.08435237388488],[180.11190760744066,173.2784760106285,165.3696852013743,157.45276754137322,149.54380917911266,141.6429846754417,133.75023590697145,125.86550146518604],[90.05595380412345,86.63923800537765,82.6848426006706,78.72638377067867,74.77190458955158,70.82149233771634,66.87511795348327,62.9327507325907],[109.75004232455773,103.54831826531174,98.01049318471028,92.50870451041733,87.01089287875843,81.51514921064816,76.0213610945402,70.52952506059844],[87.47496166609756,83.83259387839959,79.73988971894522,75.64346632913696,71.54895800751433,67.45642174685977,63.36583774163688,59.27718527470127],[68.05431238972996,65.60734114566299,62.785985491965114,59.96040815143637,57.13603685822273,54.31293598366581,51.49109300606219,48.67049444729443],[67.47023691196475,65.63456504819841,62.82681512016873,60.00147103664784,57.17708152555818,54.35395806220052,51.53209264784071,48.71147188602919],[125.43511319514845,121.13364487533309,115.28300934262998,109.41197937814036,103.5490623498385,97.69474981230057,91.8490129193021,86.01181248792673],[125.46603548390394,121.21746586541136,115.42439517916127,109.61402677797122,103.8147855998596,98.02712924735724,92.25099503705142,86.48630872565309],[125.58094495235365,121.2169171195034,115.42266091424942,109.61230750300739,103.8130891588794,98.025455283488,92.24934324806982,86.48467881809779],[209.30157492183102,202.02819519830206,192.37110152353156,182.6871791715737,173.02181526476454,163.37575880579647,153.74890541344917,144.14113136349144],[170.43009899094645,165.09566218293304,158.04418527647505,150.96732139710426,143.89845726969284,136.83821263212909,129.78656925621186,122.7434942719508],[148.11808912194826,142.83199459085304,135.90111354910778,128.94369788530906,121.99269496761119,115.04875012081311,108.1118661494282,101.18203059945354],[188.76831684813803,181.4940848411638,171.87843451189312,162.22816558481856,152.58880541062763,142.9611990863464,133.34532175523836,123.74112859459446],[120.10578953937268,114.51138501383815,109.0096622537617,103.50548734550749,98.00308375746485,92.50278988331826,87.00462147980117,81.50857395926697],[182.16526064959305,174.9115531513502,164.972165609213,154.98735385907355,145.00684100407344,135.0314931239253,125.06125967469933,115.09607274498612],[184.2516747968571,174.81477307240507,164.82602428193465,154.8403897690319,144.85998201019734,134.88475482209222,124.9146407831874,114.94957167816973],[184.6448310304745,175.61005132022524,165.65119093403644,155.66992975665295,145.69269398237606,135.7204937178403,125.75329998473278,115.7910453695814],[184.0616901727859,174.82342514726042,164.84827797339005,154.8633128662424,144.883010538243,134.90786519467727,124.9378294697401,114.9728358319863],[184.60204054133504,175.4729595770366,165.49698208762038,155.51415941013192,145.53628141169514,135.5634967180408,125.59574030247558,115.63294351023744],[128.9868134154005,122.50046514450304,115.32953247103421,108.13971531151785,100.95187872655175,93.76648811288676,86.58355966573065,79.40309997082213],[135.95703512679827,129.74726088294727,122.55736737977979,115.34147651507368,108.12781485747757,100.91696413907505,93.70892119444379,86.50367167433552],[128.7752453235454,122.38302508405764,116.21372900480421,110.02442399846595,103.83519361225892,97.64786137929552,91.46256345719937,85.27932366779437],[129.26985309184613,121.94414325740156,115.69362970787988,109.50110965644392,103.31382272137036,97.12871611291082,90.94562388781574,84.76455296926835],[129.17144469643856,121.69330075749643,115.28458689077202,108.934097325398,102.58957028190333,96.24797029037273,89.90911297423919,83.57298550538513],[156.950748641498,149.47374497345828,141.90605875454597,134.33888490248668,126.77485809815889,119.21414611434047,111.6567398892936,104.10261918047982],[115.03389009031652,107.6661644268495,101.08363863626164,94.54140804081248,88.00256894704765,81.46500861651758,74.92859406475097,68.39331140046771],[147.48051311168572,138.04802447291559,129.3479595876029,120.68995403585507,112.03789593061049,103.3896895459529,94.74518259609557,86.10434018274395],[88.48830786574058,82.82881468375085,77.60877575255965,72.41397242151017,67.2227375583625,62.03381372756752,56.84710955776163,51.66260411039349],[84.99155690574744,79.16750672126481,73.93043373368037,68.72771723442489,63.52923588702409,58.33320491920485,53.13950298371176,47.948110254818104],[63.05607908749722,58.64468324940191,54.845690876610135,51.07987728277008,47.3172011934732,43.55589632866371,39.79584991091581,36.037049842055204],[81.52714170548947,77.25617156901991,73.41565137817447,69.60032594543806,65.78810629071461,61.977683580987666,58.1689688282523,54.36194749361361],[81.78431749549227,77.61726863855125,73.78447506156961,69.970183028888,66.1585695328316,62.34872002041851,58.54056962027508,54.734104943430125],[81.30955349268493,77.64608069443334,73.81888131728942,70.00461785136534,66.1929789670922,62.383103893645796,58.574928140950576,54.76843829541765],[108.76164309297708,104.32548247823952,99.15714002015467,93.98647879840271,88.81753507658794,83.65012753606615,78.4842239695932,73.31980585668032],[108.74703210999046,104.32524215542786,99.1574999172665,93.98687246707242,88.81792745361861,83.6505164520081,78.48460932070438,73.32018766733651],[192.00266555589647,182.27074188523005,172.40802083586436,162.54922795677953,152.6968413924168,142.85099469446521,133.01165478923917,123.17877800350209],[108.8543934373646,104.49975386679178,99.33835726279594,94.170279382035,89.00361269753154,83.83842263880642,78.67469273021538,73.51240576058333],[192.03718514442278,182.3627561965682,172.56199783072978,162.76707151862942,152.98024681836668,143.20161587056043,133.4311138394657,123.668665678739],[90.27712729046993,87.36690325263756,83.36455637518098,79.33779261404696,75.31374582264183,71.29332501291026,67.27654191267513,63.26336561946627],[60.301999504098944,59.15416175261159,57.02653723630391,54.86922437661253,52.71291169373489,50.558432453266896,48.405817729680486,46.255077997258645],[104.04524299401726,101.08684395279798,97.02768883136893,92.94723763605039,88.87040434655206,84.797908533415,80.7297409262099,76.6658607532745],[103.96634574805722,100.82802678557194,96.74986995803614,92.66505241448858,88.58490321608573,84.50920412422232,80.43788602966829,76.37090520122902],[104.15470847308285,101.08654475103201,97.01657930748246,92.93523942565461,88.8582170117524,84.78557950290804,80.71727523910576,76.65326077894045],[132.1614210611355,127.73393214130678,121.80324292462447,115.85455899780169,109.91269104139886,103.97784888113006,98.04995601039269,92.12894098525346],[133.37260741357824,127.67593429774578,121.71651326822142,115.7673987624928,109.82564508211006,103.89092614426642,97.96315537748758,92.04226114767992],[133.59203404796617,128.0284338524523,122.08464638150431,116.1447046656622,110.21167089506807,104.28552420319777,98.36619412811912,92.45360884551324],[133.5709912262215,127.97343631850914,121.99339756415854,116.01539031021109,110.0425122361851,104.07477642018087,98.11214688982604,92.15458660444014],[112.44869253986423,108.1678411849778,103.58290893226818,98.99772863914022,94.41524530223865,89.83549274621456,85.25845384448814,80.68411036087527],[109.82850201358929,105.47270419229862,100.78274879129924,96.0915284312644,91.40120094679301,86.71178090563626,82.02325778904012,77.3356207357852],[183.04750336463192,175.78784032033843,167.97124798547583,160.15254738543348,152.33533491132076,144.51963484272792,136.70542964840143,128.89270122631018],[60.11773039187654,58.77983733488773,56.644573037254375,54.48726990675675,52.33115511931172,50.1768417624173,48.02435700954703,45.87371302262306],[183.03311947601975,175.78858977593038,167.97174430205473,160.15302703304368,152.33580985495993,144.52010541634672,136.70589589810356,128.89316319194788],[184.07974307172194,176.89783857814635,169.0924302774157,161.28378011298744,153.4763924066151,145.6703023719793,137.86549447532855,130.06195253745918],[147.3545378627257,142.27795284918446,136.55105976857342,130.8173218061505,125.0849866974267,119.35416945380668,113.62485915852399,107.8970427214526],[182.97866639341925,176.20335733573623,168.9797954569105,161.72054698071355,154.46379358011495,147.2123557061625,139.96637546922364,132.7258176785351],[182.9566161699156,176.14266956871205,168.87727527248848,161.5749876512782,154.27406413564677,146.97733746338128,139.68496788906754,132.39693961838748],[180.87045783605956,173.7960774922413,166.4726127703342,159.13316532182625,151.79686454024468,144.46515494751978,137.13810894818903,129.81570723787118],[181.05839856960623,173.79573515621834,166.4704585824609,159.13128383576256,151.79502437383863,144.46333133256388,137.1362999863147,129.81391269756338],[157.71749968495894,150.49045595031757,143.2320825843542,135.95109508487124,128.67177496766303,121.39651237001354,114.12545827205548,106.8586019774708],[116.41121450181959,110.7813277138144,105.52763143427632,100.22696319291411,94.92381856857516,89.62294591004668,84.32468633903916,79.02906328940786],[116.75011447227448,111.83870827023274,106.66128242488608,101.3666640069635,96.06428356514127,90.76384971549702,85.4660318844867,80.17087305546957],[62.72931391407249,61.49222975116233,59.36124274430107,57.20481029908258,55.049684128551604,52.89656709434549,50.74547598627389,48.59641017245693],[117.10259518129993,111.02699675068918,105.70817835586584,100.40223472591045,95.09877641792227,89.79793295448533,84.49972815330008,79.20416504652978],[70.26155710709504,66.61619805050299,63.42490701354326,60.24134083555564,57.059265850757505,53.87875977269307,50.699836891987076,47.5224990280061],[69.8841582881071,66.64106894240201,63.454252634918475,60.27070600280287,57.08860504884184,53.90807256847126,50.72912336542454,47.55175927020272],[88.77305494405,84.47181042067942,80.06143258878103,75.65374626598731,71.24859055049409,66.8461038730514,62.44629765334042,58.04916990034161],[89.10546659191017,85.18829506321048,80.7939114441654,76.38878656320276,71.98597525249764,67.58584479908262,63.188401106619615,58.79364051972845],[83.66050460502055,79.6345130630054,75.12740501846483,70.61181075649084,66.09744830459701,61.58455910411308,57.0731415388431,52.56318779385863],[109.72172364840377,104.20893985605832,97.98176326685282,91.74640304889755,85.51450733438,79.2863155848677,73.06181091446149,66.84097019233661],[81.89046444766458,79.38401441922491,76.35352347977832,73.30414096519084,70.25373884166137,67.2029414442884,64.15177703193496,61.10025353684864],[40.945232223563536,39.692007209675694,38.17676173987057,36.65207048258995,35.126869420826836,33.60147072214109,32.07588851596417,30.55012676842084],[53.71141316871999,51.947693254310806,49.8115280541204,47.66983927116303,45.52830124439348,43.387035788667696,41.246040348046854,39.105308869487146],[125.45862783038697,122.98445950229458,118.72248548859618,114.40962059816952,110.09936825710615,105.79313418869162,101.49095197254913,97.19282034491394],[63.52501319779343,61.20204867839028,58.40938695983193,55.610907570614415,52.813125308878114,50.01615794597143,47.21999385175966,44.42461804448851],[53.74534101869396,51.45065740795792,48.67217859476675,45.88681053114613,43.101931271394115,40.317694809687595,37.53409295774975,34.751113006561795],[53.88804815219957,51.605407055521994,48.82545841385301,46.040022667128966,43.25515413316783,40.47091379688551,37.68728977984636,34.9042694828534],[53.36546220541804,51.05310423712469,48.27235281497671,45.48685200769617,42.70199462657193,39.91783005445833,37.134345456656966,34.35152741359046],[72.22516459196913,68.84368411906281,64.80199786305968,60.75431168544189,56.70788474613557,52.662774627009135,48.61895846598503,44.57641274807143],[72.7478606074511,68.814078307413,64.76625822334512,60.71852882658091,56.672119260479256,52.62702682171762,48.583228060292974,44.54069946265124],[75.11862891645914,71.31459706614507,67.40033672202227,63.48753981477853,59.57871587957899,55.673877283340765,51.77298751346203,47.876008873642036],[75.27134982381175,71.671706550733,67.77166643829855,63.86243528355574,59.95679573510755,56.05508368133695,52.1572694767748,48.26331448817241],[75.24581074096169,71.6066684690347,67.66626550936955,63.715858148898775,59.7682068696973,55.82366233486019,51.88221177988633,47.943833798915435],[74.80395477874265,71.04168516663205,67.08894357656919,63.13112565949446,59.1762703199889,55.22459638366162,51.276088752606476,47.330726666031964],[117.76596533171211,115.08538429331901,110.66725165362537,106.2026731760867,101.73870654364548,97.2765132398168,92.81611093741094,88.35748986685338],[74.72863849041067,71.04364632391197,67.08987007800171,63.13196878129316,59.17710345208505,55.22542180806468,51.2769065917477,47.33153699066679],[115.34889820446854,110.83319489934541,104.63727983212137,98.37170765887114,92.10595917554646,85.84227363895128,79.58070900448112,73.32126318720634],[115.27822927736933,110.65891175272641,104.35891770277027,97.98958665506981,91.62032144327308,85.25335094387596,78.88872849667814,72.52644810865695],[115.3497946816184,109.87460366752933,103.52106867897372,97.14966271844875,90.78019634540445,84.41307503193838,78.0483001413337,71.68586499340896],[116.13000946294004,109.82595521977748,103.46309500080481,97.09163181068548,90.72220449315253,84.35512306447832,77.99038786011049,71.62799218684316],[69.67800567554781,65.8955731320067,62.07785700052164,58.254979086426864,54.433322695898426,50.61307383869142,46.79423271614303,42.97679531236025],[77.8209824653112,74.21597658691209,70.5203147049002,66.8176356948954,63.1173658831143,59.419773172911945,55.72486506561505,52.032643131186475],[92.81109456683417,89.14278796894257,85.38843312291411,81.62996165218605,77.87441312614808,74.1219836483063,70.37267574589234,66.62648747905662],[73.72373982185509,71.23770509198971,68.68819962988988,66.13338992474252,63.580169088117366,61.02873363770744,58.47908953198508,55.931238397815754],[73.51554263868519,71.23895669271693,68.68960738647506,66.13472838986307,63.58149515669353,61.03004910232454,58.48039451409751,55.93253298167184],[117.71943843561803,114.97240913195515,110.48757515561591,105.9563677713543,101.42580293049642,96.89703943779108,92.37009537240478,87.8449619454378],[91.68276192916028,88.37718695012562,84.86689044828711,81.35501323456937,77.84592663006404,74.33970729811094,70.83634771162367,67.335838611041],[110.95469158894133,106.38500602750746,101.60988964907185,96.83676348433733,92.06951907395224,87.30820826967663,82.55280698472382,77.80328947230427],[111.35133478731635,106.89799691885887,102.13927363365119,97.37962814006845,92.62572948684465,87.8776843174081,83.13546843466534,78.3990549853786],[110.99642007246707,106.37031638203115,101.5981173112547,96.82509933603473,92.05760236024508,87.29601416827754,82.54033539948966,77.79054195044252],[113.26957474723093,108.9274434077717,104.2442465073139,99.54462802305265,94.84907284847533,90.15888014106883,85.47410310540043,80.79471625882964],[123.40327564208988,117.75704911627847,111.88255200495357,106.03633285143309,100.19739261676705,94.36401769824151,88.53607867285655,82.7135473741921],[123.17177605824104,118.09083072126853,112.2543712122734,106.41375545365335,100.57847474431178,94.74862407947634,88.92418330267712,83.10513047716773],[158.95080428574494,152.22752337550043,144.34371422859218,136.4543384722897,128.5716907302489,120.69585898000999,112.82680017888558,104.96446974273525],[176.95394272240512,170.19360921848653,162.26862720210988,154.33867492821872,146.41578024494672,138.50002236061022,130.59135556227585,122.68973272884301],[221.12158063041196,211.87262827734966,201.03214772996841,190.18537747813284,179.34850086699444,168.52161873305766,157.70466655568134,146.89757800312174],[117.61081361303081,114.58461562201646,110.10955551893451,105.57961660753865,101.04859104451316,96.51922950043671,91.99168333170854,87.46595321739619],[219.7445848820039,210.36838370605062,199.43297656658814,188.49276892004377,177.56325799764633,166.64453380316542,155.73653396215332,144.83919439962412],[219.91431654221032,210.67570862253544,199.76355125854053,188.84203333041293,177.93095184361266,167.030504550107,156.14063080142841,145.2612659714723],[220.27857186460696,211.1585870745792,200.27982255016727,189.38815191028567,178.50658709445946,167.635406478225,156.77455033381534,145.9239532647727],[218.03015779925624,208.70654999881134,197.61033979520093,186.49795556934072,175.38904774998136,164.28382093305882,153.1822415997716,142.08427323149292],[218.03701631928053,208.7254759954312,197.64268573410402,186.54490812599724,175.45177304173905,164.3634559812405,153.2798940760229,142.20102179153992],[219.45750524960562,208.6448395977466,197.54552200612477,186.4476324108768,175.3545435682198,164.2662735769684,153.1827581221459,142.10393166201374],[175.43248223551942,167.51510107277358,159.3457472425667,151.17462234462664,143.0057459668688,134.83918457360124,126.6749079191986,118.51288396510702],[87.71624113936414,83.75755053629439,79.67287362125538,75.58731117230181,71.50287298342741,67.41959228679576,63.337453959595585,59.256441982550406],[87.72736674979164,83.75668429515295,79.67244655007588,75.58692421915538,71.50249156881088,67.41921504938517,63.33708081611806,59.25607288761684],[125.47920970631105,120.6768138303976,115.08005990430948,109.47786398140734,103.88067276065891,98.2886988004374,92.70192311760152,87.1203158930378],[117.80742429056413,114.58307663766504,110.10801301683486,105.57836153524288,101.04736976347782,96.51802090460073,91.9904859349026,87.46476683170765]])
sigma2	nothing
fittedCov	[3077.8111669616405 2952.0406610968585 2797.2177683596033 2642.1661032672537 2487.2737532866754 2332.5435259588517 2177.974075702717 2023.564089463547
2952.040661096858 2832.638659923535 2684.718255917846 2536.5608278524714 2388.5558755290117 2240.7065966529644 2093.0117223584084 1945.4699968852824
2797.217768359603 2684.718255917846 2545.1402343161735 2405.333461688204 2265.670816491179 2126.1555032913807 1986.7863330166076 1847.562121457116
2642.166103267254 2536.560827852472 2405.3334616882044 2273.8862746811246 2142.574881845465 2011.4024636762665 1880.3679092694176 1749.470105948819
2487.2737532866754 2388.5558755290117 2265.670816491179 2142.5748818454645 2019.6064257892833 1896.768603378054 1774.0603816626267 1651.4807193777783
2332.5435259588517 2240.7065966529644 2126.1555032913807 2011.4024636762663 1896.7686033780542 1782.2570526225643 1667.8668563249876 1553.5970445141572
2177.974075702717 2093.0117223584084 1986.7863330166076 1880.3679092694174 1774.0603816626267 1667.8668563249876 1561.7864559543696 1455.8182817581885
2023.5640894635467 1945.4699968852824 1847.562121457116 1749.4701059488189 1651.4807193777783 1553.5970445141572 1455.8182817581885 1358.143603381309]
bwMu	nothing
mu	[123.64055843530062,118.67556110974829,112.91629726216884,107.1409253980011,101.36889778628132,95.60090175993736,89.83694320849955,84.0769961022967]
bwCov	nothing
optns	Dict{Symbol,Any}(:diagnosticsPlot=>false,:methodMuCovEst=>"cross-sectional",:yname=>"Ly",:lean=>false,:outPercent=>[0.0,1.0],:methodXi=>"IN",:fitEigenValues=>false,:maxK=>6.0,:kFoldMuCov=>10,:kernel=>"epan",:dataType=>"Dense",:userCov=>nothing,:useBinnedData=>"AUTO",:rotationCut=>[0.25,0.75],:nRegGrid=>8,:methodBwCov=>"Default",:userBwMu=>0.17500000000000002,:userMu=>nothing,:methodBwMu=>"Default",:verbose=>true,:userSigma2=>nothing,:methodSelectK=>"FVE",:numBins=>nothing,:FVEthreshold=>0.9999,:userBwCov=>10.0,:error=>false,:shrink=>false,:rho=>"no",:useBinnedCov=>true)
