14.6875 -116.46875 101.28125 -110.875 -27.3720703125 -3.125 17.5 -27.15625 -23.875 -45.15625
 -61.0625 -734.2421875 484.046875 -664.546875 11.2783203125 -100.140625 -187.5439453125 216.5546875 -68.5 -91.71875
 20.75 -43.375 91.1875 15.5 18.0546875 2.25 -51.2265625 17.1875 44.0 -16.25
 -71.75 -23.78125 33.625 31.8125 24.2578125 33.3125 -24.71875 -28.046875 4.75 11.4375
 12.5 114.125 -411.5 -224.0 -191.109375 -202.5 281.15625 205.375 -499.0 -206.0
 54.625 -20.3125 77.125 -62.0 4.400390625 -14.25 15.1328125 -16.625 -20.0 -88.375
 -756.0 1528.0 3336.0 -552.0 184.0 3124.0 6796.0 2743.75 -4792.0 -4.0
 -829.125 730.71875 -557.1875 99.5625 -289.484375 23.5 -10.65625 112.84375 32.375 -57.109375
 -417.5 1114.5 -551.65625 123.125 142.41015625 119.4375 -81.68359375 -274.5625 -15.0 -26.53125
 -118.625 585.43359375 -764.265625 29.28125 434.7294921875 130.84375 225.9111328125 -144.6171875 42.59375 66.51953125
 -14.5 -3.9375 -34.125 -35.0 -51.640625 36.25 79.09375 76.625 -85.5 -2.5
 -1279.2890625 808.578125 -465.22265625 2205.3515625 1891.73828125 -1885.0625 1805.30029296875 -3211.21484375 -1186.6875 788.125
 -34.0625 537.28125 -141.8203125 22.0625 -112.0517578125 -5.203125 -33.3232421875 84.671875 1.8125 -8.29296875
 1023.625 899.765625 -18.84375 -40.375 602.6328125 -628.625 171.59765625 67.21875 -246.5 43.828125
 -24.5 44.125 61.5 -35.25 -58.078125 -20.5 4.90625 -72.5 14.5 -40.5
 6.15234375 88.958984375 -13.23828125 58.357421875 -27.708740234375 3.86328125 0.12353515625 -39.775390625 0.69921875 12.91015625
 3.5 -30.5625 -2.5 111.0 -44.0234375 -57.0 83.45703125 20.75 17.0 -5.625
 -1006.25 508.34375 -178.3125 171.375 -649.7890625 68.5 -370.75 708.3125 223.75 -221.0
 -1324.0 1636.1875 -831.4375 91.125 -415.7421875 293.75 -47.640625 200.5625 229.75 -351.6875
 151.75 -23.1875 102.25 46.0 49.81640625 50.0 -58.671875 3.125 -23.25 -15.34375
 -4955.125 2896.625 -1068.0 444.25 -1352.8203125 -404.0 -371.25 22.15625 283.5 4.25
 111.5 -125.96875 89.28125 4.4375 -64.68359375 -67.75 51.4140625 5.84375 26.875 15.28125
 2786.875 -4614.25 2495.6875 -395.125 920.28125 -168.0 -129.4921875 -587.3125 -336.75 109.5625
 3960.0 -4032.0 2752.0 -288.0 282.875 -132.0 -73.375 -1584.0 1624.0 666.0
 97.953125 5.984375 77.46875 -9.84375 26.7890625 30.625 -35.97265625 -29.90625 34.5625 29.609375
 700.5625 1137.5 48.125 329.9375 40.6953125 -514.25 -264.28125 959.53125 88.5 -216.875
 -33.0 -47.5 76.75 55.0 138.0625 61.0 -193.84375 16.0 108.0 -53.75
 -99.78125 -177.1640625 84.53125 -66.0 -6.9765625 -35.21875 11.2578125 -38.65625 2.9375 25.7890625
 444.3125 1159.5 -433.6875 261.0 -23.640625 26.0625 -6.328125 37.71875 37.5 8.015625
 127.421875 13.55078125 72.0703125 -56.703125 19.73046875 -10.78125 -34.11328125 -20.12109375 -23.0234375 -60.67578125
 -1388.0 -345.5 -283.5 158.0 707.4375 92.0 -836.75 54.0 352.0 978.5
 430.6015625 -72.828125 296.34375 -102.84375 -156.69921875 -110.84375 -177.4765625 487.140625 28.125 -116.375
 1340.5 -4645.75 1848.0 -427.25 -94.01171875 167.5 -8.375 258.0 -43.0 46.125
 197.75 203.875 378.40625 64.5 -87.0 191.75 98.9375 -7.53125 -166.109375 166.3125
 99.0 16.625 92.125 -60.875 58.73828125 -2.75 -0.0859375 -11.75 20.25 9.34375
 2509.125 -3108.0 1753.625 -431.5 1030.6484375 -136.0 -67.6875 -420.75 -340.5 27.4375
 163.0 166.625 -153.75 -127.25 -167.15625 -28.0 32.03125 75.75 -85.0 -94.75
 636.0 -2212.0 -1936.0 806.0 8.25 40.0 -2120.0 -1620.0 116.0 3173.0
 986.72265625 619.15625 1011.6015625 17.296875 -242.27099609375 905.421875 -236.0703125 473.453125 128.875 431.328125
 -448.25 540.5 -285.125 -17.25 -203.7578125 -80.0 78.25 -6.4375 -25.0 -126.1875
 -439.0 -190.5 212.5 -192.5 157.640625 -78.0 239.9375 20.0 4.0 -26.0
 59.25 -128.4375 -21.375 -83.75 107.23828125 -108.25 4.4609375 73.96875 -30.125 -2.53125
 -140.5 -105.75 32.75 0.0 65.609375 -16.0 -3.484375 36.75 99.0 -26.75
 87.40625 -26.828125 41.515625 -25.84375 26.625 -14.59375 -20.91015625 -13.1875 17.0625 17.625
 -211.9375 1520.32421875 -185.236328125 255.80078125 34.8154296875 -471.2421875 -269.37158203125 608.3828125 56.78125 -166.59375
 -80.0 -103.0 46.25 62.5 82.4375 3.0 -126.08984375 74.375 -4.0 -49.25
 -80.046875 86.16796875 95.421875 92.34375 -96.736572265625 -168.890625 79.0556640625 63.28515625 43.703125 -27.671875
 271.46875 2736.6875 -786.125 44.4375 514.775390625 -415.71875 126.80078125 -252.765625 -127.3125 49.9375
 -113.5 -511.75 36.5 -105.0 -375.9375 138.0 -71.53125 212.75 83.0 -2.75
 -215.125 1550.65625 -673.8125 726.375 57.154296875 -328.625 42.53125 -26.40625 -64.875 170.28125
 146.0 169.75 41.6875 -56.875 38.67578125 37.75 -67.765625 4.875 29.5 -66.625
 118.0625 -99.583984375 -272.33984375 -697.13671875 78.39669799804688 145.22265625 19.712646484375 127.994140625 -14.87890625 24.09375
 107.4375 -5.6875 45.5625 33.6875 48.884765625 -97.8125 -17.69921875 -49.5 85.625 43.671875
 -721.0 -30.5 106.5 -591.0 183.625 -506.0 817.625 -588.0 140.0 -87.0
 778.578125 1161.1484375 -819.734375 110.34375 33.484375 666.953125 42.7392578125 174.7578125 290.75 -266.30078125
 -281.4375 -1246.484375 560.15625 -144.625 251.044921875 -760.1875 128.0546875 -380.140625 -410.0 390.0
 202.0 13.875 -0.75 -158.0 -126.9765625 -186.0 77.203125 4.125 -76.0 -81.25
 63.125 -5.5625 -83.65625 -68.25 182.7578125 76.0625 -8.703125 30.78125 21.875 -20.203125
 105.25 -6.5625 35.625 -20.875 66.73828125 41.125 -27.96484375 33.25 -28.75 -20.53125
 129.375 -3.765625 12.3125 -43.25 21.318359375 -48.125 83.26171875 9.15625 2.875 -5.484375
 617.0 -1892.125 884.5 -118.0 144.2890625 -375.0 55.3359375 -264.125 -154.5 0.625
 39.5 21.15625 63.375 -102.625 16.2734375 11.25 -17.55712890625 -37.53125 -20.8125 -71.71875
 -1461.75 802.25 -760.875 -135.0 -876.921875 91.25 477.21875 -260.625 732.0 1359.4375
 -100.625 131.0 -119.1875 -205.75 12.12109375 -109.875 71.2109375 85.4375 -101.5 -52.75
 744.125 933.09375 -366.03125 -16.4375 -285.3515625 514.0 -66.140625 347.46875 186.875 -162.53125
 165.5625 -17.03125 -32.84375 -57.1875 108.79296875 7.25 -83.9345703125 116.6875 52.5 93.15625
 -230.703125 -831.23828125 2.7890625 981.21875 -81.8017578125 -96.265625 201.8515625 -253.390625 55.0625 74.681640625
 5154.0 -2762.0 2447.0 -102.0 980.375 702.0 1490.625 -1198.0 112.0 -1288.0
 -50.5 -234.75 385.5 91.5 332.5625 385.5 -408.0625 -243.25 209.0 -253.0
 654.421875 -67.19140625 242.953125 117.4453125 128.580078125 -227.90625 -65.4560546875 294.5078125 -63.28125 -21.73828125
 40.359375 132.453125 56.28125 45.390625 17.9189453125 -162.25 -15.498046875 109.96875 -1.09375 -16.859375
 -251.0 388.5 -1160.5 -38.0 34.75 -411.0 330.5625 246.0 428.0 363.5
 1734.6171875 2557.103515625 3863.232421875 171.078125 -590.302001953125 1580.390625 344.6005859375 1117.623046875 -473.703125 2699.322265625
 116.5625 -97.875 73.390625 -56.15625 72.9228515625 -6.71875 -35.0087890625 21.546875 -1.0625 -22.5703125
 177.25 134.96875 424.375 82.9375 -130.30859375 74.0625 11.97265625 -271.15625 -52.875 -169.59375
 -67.75 213.328125 -109.1484375 29.203125 29.8828125 -3.78125 52.84375 -24.9765625 25.5 -33.1953125
 -235.89453125 187.66015625 189.953125 328.94140625 -255.29541015625 -337.591796875 176.3114013671875 199.9677734375 -50.541015625 -100.10009765625
 193.75 -110.25 1.75 -113.25 67.5859375 -44.5 -5.4140625 51.875 36.5 50.875
 996.0 298.75 -374.75 -313.5 -401.3125 -81.0 726.15625 45.75 -173.0 40.75
 -133.4375 44.140625 -34.7734375 262.640625 -123.5615234375 -196.1875 -112.998046875 71.8046875 -2.1875 21.1484375
 -326.359375 -729.609375 212.2734375 -266.140625 -967.24609375 688.625 -149.08203125 140.46875 226.4375 -43.0234375
 41.0 22.75 77.5 -89.5 -72.984375 -66.0 49.53515625 -64.25 -41.0 -100.125
 458.125 -647.78125 308.84375 -83.5625 151.44140625 -83.5 53.8828125 -7.5 -103.25 76.6875
 -623.625 1241.125 -572.75 100.625 -213.7109375 -14.75 73.5625 196.21875 54.0 9.875
 124.75 -8.6875 -6.5 -41.25 167.05859375 46.625 -90.96875 46.25 53.5 19.5
 539.0625 -3167.21875 860.1875 57.375 149.421875 273.8125 6.76953125 202.125 -42.5 25.296875
 -409.9375 1732.453125 -385.71875 -9.1875 30.80859375 -319.875 -40.796875 -123.40625 0.25 7.453125
 -127.75 -168.46875 -83.5625 -190.625 -232.234375 -99.5 355.05078125 60.40625 -161.25 126.953125
 34.8125 36.75 31.28125 -13.6875 -24.9453125 -40.25 -3.640625 -8.15625 16.0 12.25
 556.75 -1678.0625 729.5 -72.5 41.890625 -111.75 58.546875 43.125 37.75 -89.1875
 74.4375 -30.34375 73.375 -60.3125 46.58203125 37.25 -58.01171875 -14.875 20.75 -24.03125
 331.875 -30.28125 -41.53125 -82.8125 -103.31640625 -44.375 233.2578125 67.53125 -14.625 -33.46875
 278.59375 -245.8203125 158.28125 -39.0 182.86328125 -129.0 46.8544921875 -47.609375 -37.15625 16.4296875
 57.1875 34.03125 62.34375 -15.625 13.01953125 -10.0 -2.068359375 -16.03125 -3.125 -6.59375
 -3707.5 -3609.84375 113.4375 -1260.625 388.87890625 539.625 682.421875 -4010.1875 -988.875 1348.1875
 -56.25 666.75 -596.75 655.75 539.484375 -55.0 260.125 93.125 -16.5 -18.375
 -126.5 64.625 132.0 -87.5 -93.046875 -24.0 0.0703125 -89.375 -23.5 -101.5
 -4350.375 5935.203125 -2972.953125 446.03125 -1227.970703125 99.96875 142.994140625 789.5625 535.28125 -259.4296875
 110.0 -83.0 -59.625 -42.5 14.703125 -115.5 96.16015625 105.125 -95.0 -107.25
 124.0 -10.9375 69.5 -83.75 -76.8671875 -40.0 -5.10546875 -28.625 -51.5 -96.5
 -272.5 -47.875 -216.09375 63.5625 47.66015625 172.625 69.0703125 -196.6875 28.0 -27.625
 8.9375 64.625 10.9375 56.625 -116.7734375 -50.375 37.640625 14.0625 -40.0 -62.8125
 45.6875 32.8828125 83.59375 -64.125 36.591796875 -15.03125 13.388671875 -4.5390625 11.8125 2.828125
 701.5 198.75 -1383.5 -1148.5 -1142.40625 -290.5 2021.5 369.0 -345.0 579.125
 60.40625 -8.28125 17.15625 8.5 51.794921875 0.375 -33.74609375 16.96875 35.25 23.546875
 240.25 7.25 115.25 -102.25 -42.09375 -18.5 47.06640625 -34.0 -65.0 -82.25
 97.0 20.0 3.125 -151.25 8.125 -69.5 -32.84375 18.625 17.0 49.25
 5216.0 7338.4375 10183.875 2334.0 -1455.82421875 3976.25 874.125 2279.28125 -857.0 6326.90625
 395.0 188.5 51.25 190.5 33.46875 48.0 -35.703125 21.5 0.0 -3.75
 81.0 45.875 54.875 -18.5 -13.5390625 -49.0 13.177734375 -15.0 -10.0 0.6875
 118.9375 52.71875 124.75 84.0625 -85.68359375 52.25 133.703125 -64.96875 20.875 99.96875
 245.96875 -364.5625 107.375 43.0 -6.98828125 -38.0625 30.6953125 1.375 17.75 26.71875
 94.0625 115.9375 4.9375 88.5625 2.6875 3.125 -26.765625 -3.46875 -1.5 3.1875
 -2791.0 2273.25 -1330.0 249.5 -589.9765625 -169.5 10.40625 46.625 255.5 -489.9375
 -7.6875 -299.3125 357.125 18.625 -305.697265625 -137.375 -117.2890625 329.75 6.0 -31.4375
 -40.3125 -56.328125 4.6875 -53.9375 50.837890625 -57.25 24.046875 22.3125 -12.0625 2.875
 -6531.75 -6144.0 -3543.0 1688.375 -2003.484375 6208.1640625 589.0 -736.0 461.75 -1080.25
 -100048.0 -272956.0 110336.0 21744.0 -183616.5 34640.0 -9787.0 100752.0 -9584.0 1136.0
 492.5 -337.25 134.0 -120.875 132.25 -29.75 57.5625 -55.1875 27.75 -46.0625
 37.125 -323.578125 121.390625 -43.65625 -174.7783203125 92.84375 -53.720703125 113.6953125 51.25 -44.796875
 -621.0 493.0 337.5 417.0 -210.28125 -23.0 -42.875 119.25 58.0 -50.5
 -16.5 -500.375 300.875 -72.5 32.5703125 -190.5 10.578125 9.1875 -101.25 68.65625
 -17.625 -99.0 -52.0 -29.625 68.45703125 -40.5 -4.82421875 37.9375 -45.5 -32.96875
 15.0 -321.75 -244.5 -38.0 -135.6875 -136.0 -21.9375 10.5 -21.0 352.5
 122.0 -92.0 -147.5 79.75 -43.39453125 -56.75 63.46875 29.375 -62.0 -11.3125
 550.859375 -862.6171875 356.359375 -68.5 173.84765625 -50.734375 105.7099609375 -68.90625 -58.15625 20.578125
 -29.5625 210.9375 186.375 348.6875 -301.98046875 -443.25 95.921875 196.375 -70.625 -94.65625
 7430.0 5575.25 -6431.25 3547.5 -27528.0625 11597.5 3125.53125 -8467.0 1875.0 2845.375
 670.75 1597.90625 -482.4375 283.6875 -54.251953125 27.4375 -182.3515625 871.484375 250.5 -300.78125
 793.5 18.0 -96.3125 57.375 -115.6171875 -241.0 -355.4296875 -35.0 -173.75 24.125
 -162.1875 -113.9765625 -16.03125 -54.0625 10.966796875 -3.96875 -60.25 -0.0546875 -62.875 -76.9140625
 -184.5 -274.875 -135.0 -405.0 115.046875 -112.5 87.15625 11.375 79.5 -3.75
 180.375 -431.90625 95.0 -28.0 -61.890625 83.25 -18.109375 186.59375 21.375 -31.5
 -16.0 -111.8125 -90.25 201.0 -437.125 -5.5 48.6875 -186.0625 -51.5 111.9375
 136.25 150.375 -79.0 -48.25 24.671875 -30.0 7.265625 -22.375 -19.75 43.25
 179.875 86.015625 13.09375 -152.375 185.72265625 213.875 -192.76171875 -182.90625 -31.3125 -93.53125
 -300.75 2708.25 -886.5 289.25 655.375 -684.0 316.6875 -183.5 -109.0 68.25
 1267.0 1335.25 -1950.0 -10922.0 -21879.40625 8241.0 -302.6875 -3811.5 55.0 856.25
 98.375 109.5 -14.8125 -108.875 19.34765625 -31.125 68.58984375 17.3125 -26.25 -33.40625
 234.40625 94.984375 73.3125 -81.5625 10.31396484375 14.9375 84.771484375 104.859375 -21.375 -46.90625
 -1918.0 -5810.875 1908.125 -1581.75 -260.703125 178.5 82.90625 -56.25 6.0 -53.0
 -27.46875 -162.41796875 176.453125 -4.0625 -11.7529296875 -139.359375 -47.6923828125 101.8671875 -31.453125 22.03125
 26.5 -106.0 23.75 14.0 39.59375 -74.0 32.890625 30.5 10.0 63.125
 -2527.0 1356.75 -1097.5 -335.0 -1011.375 -1079.0 924.25 307.75 132.0 -122.0
 -75.328125 -979.1484375 139.9296875 -36.125 -269.4052734375 405.71875 -119.2958984375 -45.578125 95.46875 18.296875
 376.5 7.0 -9.75 -47.5 40.4921875 -34.75 -37.82421875 6.1875 9.5 18.4375
 106.375 56.28125 127.3125 -5.3125 10.98828125 36.75 9.009765625 -25.6875 66.0 7.3125
 53.75 24.0390625 2.3046875 7.953125 45.0263671875 8.03125 -7.6826171875 -7.2890625 14.0 -16.34765625
 -88.25 -37.5 -24.0 75.75 -32.734375 61.5 -14.0 67.625 -26.0 18.375
 -149.5625 -88.34375 154.0625 18.5 51.19921875 28.375 -41.046875 -66.3125 69.5 51.34375
 4020.0 -2278.75 1223.5 -552.0 1212.9375 255.0 154.25 -175.25 -130.0 323.25
 -265.69140625 983.8828125 850.74609375 -807.447265625 423.0889892578125 185.0546875 -542.517578125 -490.830078125 -85.19140625 -316.5224609375
 162.25 83.109375 177.390625 -1.125 150.306640625 -285.375 -48.814453125 54.5546875 -95.375 59.453125
 1299.125 -243.75 47.625 -66.75 329.58984375 80.5 60.171875 12.0 13.5 142.125
 -237.5 561.25 741.75 333.0 -110.59375 250.5 -241.0 -345.25 156.0 -480.0
 132.125 17.828125 31.5 43.921875 38.8671875 8.28125 -51.75 -11.037109375 3.4375 9.59765625
 21.59375 54.4609375 -53.09375 39.2109375 -34.888671875 -7.0390625 -59.6279296875 -46.51171875 -14.515625 -141.44140625
 19.1875 -160.453125 58.53125 114.4375 93.24609375 82.625 -174.08984375 -83.890625 240.25 -39.109375
 33.125 -24.75 52.875 -82.125 -8.234375 -19.25 -5.2890625 -42.875 -44.5 -51.125
 51.5625 -24.375 -32.4375 49.0 -42.248046875 -31.0625 14.375 19.125 -62.125 -50.25
 123.765625 11.1875 -176.96875 -40.65625 184.458984375 -0.96875 -27.234375 162.515625 -19.75 37.171875
 30.125 256.53125 220.375 40.875 -191.56640625 45.375 171.6875 -123.0 -87.5 37.25
 780.1875 1626.703125 -436.09375 263.09375 -43.482421875 41.0625 -206.0166015625 493.390625 123.625 -111.203125
 89.75 75.1875 234.8125 -112.375 38.0703125 58.25 -64.140625 -66.75 8.5 -41.0
 -22230.0 11884.0 -7106.0 3720.0 3100.75 -3244.0 1629.0 -6606.0 -440.0 2070.0
 816.625 696.65625 -42.0 -80.875 634.138671875 -114.25 -15.625 -256.25 -182.25 -44.84375
 -1467.25 2041.75 -900.5 -17.25 -352.828125 48.0 17.375 -9.0 469.5 -177.25
 86.625 -26.78125 6.359375 -67.96875 14.375 -21.75 30.521484375 -2.3125 9.0625 28.71875
 1021.0 -693.0 314.5 -292.5 398.5234375 201.5 145.65625 172.0 -55.0 192.5
 184.625 171.1875 40.71875 -98.3125 1020.81640625 -891.125 -25.9375 447.375 -231.375 -61.1875
 -296.0 652.5 2617.0 3219.0 3970.4375 4196.0 -8632.875 -1978.0 2836.0 -2259.5
 19.0625 -16.53125 -32.484375 -23.28125 -22.353515625 -35.8125 0.173828125 -15.625 27.125 -81.5
 33.5 -22.21875 14.234375 -34.1875 10.587890625 -5.0 1.94140625 -13.078125 11.875 22.3984375
 -94.390625 27.828125 -55.890625 30.96875 -25.450347900390625 -40.8125 0.421875 10.8359375 4.25 -28.53125
 41.0 28.5 146.5 133.25 94.125 -158.375 56.0 -44.625 201.0 -110.125
 63.65625 -17.359375 8.96875 -2.375 52.3818359375 9.84375 -6.2119140625 26.5546875 39.84375 -34.703125
 -3749.5 1371.4375 -71.5 -6183.25 315.1796875 -569.25 -2013.546875 3293.125 -115.75 -1074.625
 331.4375 238.1875 -103.03125 694.625 262.3828125 -276.8125 110.3046875 80.1875 13.125 63.5625
 -354.5 -145.09375 -216.34375 76.8125 122.50390625 213.21875 -175.802734375 -54.734375 42.3125 99.7734375
 -5.75 -33.6875 121.0625 25.625 15.3515625 -3.5 -60.796875 -62.5625 11.0 24.5625
 19.375 -10.59375 44.0625 -12.125 -22.91796875 -5.75 -2.3984375 -54.125 4.5 32.84375
 -316.5 120.25 33.75 -80.0 -61.5625 -139.0 56.0625 -52.25 73.0 100.125
 64.375 -98.5 15.25 -72.5 -61.78125 -101.5 49.583984375 -14.25 17.75 -22.1875
 -25.2734375 -285.34375 -49.0 -581.96875 -182.62109375 455.9375 -297.5390625 479.796875 220.25 -49.609375
 120.875 -79.875 -139.375 29.5 24.453125 -21.25 -45.197265625 116.125 -46.75 -1.5625
 223.0 56.25 63.0 -213.5 6.28125 87.0 36.76953125 -71.25 9.0 -74.0
 367.75 543.0 181.625 103.75 352.734375 -441.0 58.7890625 -258.5 -156.75 -37.4375
 95.5 -16.25 -5.375 7.25 -7.453125 -4.5 -32.859375 -23.3125 -52.0 -41.75
 175.875 -85.9375 -211.84375 -158.4375 -22.1640625 -73.375 38.65625 73.34375 -57.0 -18.8125
 -156.828125 -90.7109375 -92.0859375 -29.5 -16.5166015625 -40.78125 60.80859375 57.5078125 -33.375 136.6796875
 10.5 56.875 195.75 37.5 31.28125 26.0 -67.8125 -61.5 40.5 35.75
 -27.1875 157.875 216.875 -82.5 -44.09375 -155.25 77.3125 -133.5 144.5 -94.625
 -126.25 -1616.875 -1067.75 2149.5 -1493.7734375 2019.75 1054.140625 -1738.875 656.0 444.25
 -606.8125 3320.5 -1111.65625 492.5625 981.44140625 -867.8125 425.21875 -612.96875 -181.125 59.671875
 190.84375 243.875 23.4375 32.6875 450.28515625 44.625 -71.875 -105.1875 142.1875 2.76953125
 265.703125 180.08984375 -89.64453125 8.4609375 90.49169921875 44.28125 21.41015625 -73.46484375 0.015625 3.8671875
 1897.5 6875.4375 -4169.375 933.5 933.8515625 2118.0 479.859375 -951.1875 599.125 -762.8125
 -145.546875 -48.8828125 -101.0390625 103.21875 38.11474609375 82.59375 -112.3984375 -20.734375 18.34375 41.9296875
 60.5 -9.0625 11.875 -37.5 7.5859375 -6.0 -25.21875 -18.5 21.0 2.875
 3210.0 -11868.0 5054.0 -1092.0 59.4375 252.0 -56.75 138.5 736.0 -1024.5
 37.0 -70.25 211.5 58.5 -7.78125 200.0 -320.53125 -193.375 -11.0 -9.25
 505.625 1563.09375 -690.8125 1244.3125 -41.33984375 -213.375 121.921875 134.90625 86.25 150.5
 -267.6875 232.28125 -55.078125 24.28125 -40.41796875 4.625 -43.69140625 -37.265625 36.8125 -44.671875
 81.75 0.8125 174.625 18.5 136.921875 62.25 -128.859375 -43.1875 12.25 -74.9375
 163.0 108.5 405.5 156.5 111.15625 153.0 -163.1875 -99.75 72.0 -236.25
 6.625 -4.125 -11.1875 -88.25 -30.55859375 -43.875 -29.255859375 -12.375 4.25 -48.5625
 39.25 -52.75 143.75 -10.0 -103.953125 -50.5 -11.515625 -83.8125 1.0 -25.4375
 1649.5 -4714.625 1727.0 -5732.5 -456.0078125 -4135.0 517.0 -1103.375 -2202.0 -292.0
 57.375 16.03125 100.4375 -18.25 21.6796875 0.25 -22.81640625 -51.90625 1.75 -25.5625
 8.6875 15.40625 30.5625 -8.625 -94.08984375 -17.125 -21.046875 -36.28125 44.0 -2.46875
 38.75 25.9375 12.375 -154.75 131.58984375 151.875 -117.775390625 215.6875 64.0 50.5625
 60.90625 33.375 26.125 19.5 53.595703125 7.125 -52.76953125 -29.59375 44.75 35.421875
 -40.703125 62.15625 -0.0625 -211.109375 52.12646484375 -28.5 55.3125 -28.1328125 -31.375 26.2890625
 24.5 12.4375 68.25 -60.5 -31.1953125 -59.0 63.3046875 -33.125 -1.25 -1.4375
 212.6875 -22.765625 157.125 61.5625 -68.89453125 17.75 -41.73046875 -28.6875 75.8125 180.9375
 51.03125 -71.765625 -1905.828125 -85.15625 2439.884765625 -1799.625 867.669921875 1897.515625 -293.875 543.640625
 57.5 227.5 -223.0 55.9375 -402.5 -449.5 -52.5 -5.875 325.375 244.0
 -132.46875 -255.1875 148.078125 -73.3125 25.087890625 -148.75 -37.12109375 -2.875 -71.375 51.0
 19.25 -52.3125 87.59375 9.125 -72.2734375 -78.8125 72.40625 16.609375 14.125 32.953125
 189.625 123.5625 -184.75 11.25 -94.91796875 -138.5 190.546875 159.96875 -142.875 41.90625
 1449.25 2763.25 -389.6875 667.25 300.734375 -694.25 -203.6875 680.9375 -81.75 -57.875
 57.1875 115.8125 -37.3125 -64.25 -92.876953125 -67.875 35.7421875 28.59375 -25.0 -91.75
 81.25 -34.84375 -64.4375 -29.75 -7.484375 -26.625 50.4296875 -22.9375 -9.75 55.0625
 1000.25 1215.75 205.875 577.75 1558.484375 1456.0 -2517.421875 -903.375 1135.5 -592.8125
 -13112.0 29666.0 -11972.0 473.0 -4353.125 56.0 15.75 726.5 1978.0 -3093.5
 357.5 -354.75 27.25 25.5 17.59375 -104.0 -135.125 -204.375 -169.0 -73.625
 87.5625 -8.8125 132.25 37.625 -33.28125 11.875 -34.7578125 -140.90625 58.375 -125.9375
 -186.84375 381.875 -107.9140625 -5.6875 104.80859375 -48.5 18.96484375 -88.078125 -50.1875 31.5625
 919.25 1452.125 529.375 -987.75 3334.3515625 -3030.0 -486.46875 1900.75 -737.5 -336.0625
 -4376.0 2987.5 -2521.0 177.0 -1863.0 638.0 -22.75 1455.0 566.0 -463.0
 114.0 66.625 187.25 -197.25 138.734375 250.0 12.5 43.625 -234.0 -157.25
 333.125 150.875 -291.125 -145.5 -35.4296875 -86.875 309.625 68.0 -13.25 93.84375
 10.0 -36.84375 39.125 3.0 13.7421875 19.25 -13.953125 -8.6875 -7.75 28.34375
 191.875 -484.515625 247.515625 -252.0 20.279296875 73.03125 -95.36328125 286.21875 15.375 -122.6171875
 39.375 20.625 -19.0625 -25.125 -20.28125 -70.0 66.0 8.5625 -6.5 51.9375
 59.6875 -347.25 -958.984375 368.625 488.5 -83.625 621.1875 593.375 243.75 -126.15625
 -44.5 -277.5 318.0 -72.0 172.125 42.0 21.0 114.5 72.0 -268.5
 127.5 -183.875 222.25 -219.5 267.90625 -156.5 -157.5625 -185.5 48.5 -271.5
 -93.375 89.5625 -34.0 1.125 79.4609375 -7.0 -32.4453125 50.1875 15.5 -32.375
 -9.9375 2.4375 -36.40625 -48.4375 106.59375 -61.25 33.2109375 59.78125 -41.625 -38.34375
 108.75 -13.125 -57.125 -40.0 67.1640625 -72.5 -88.8984375 -18.6875 58.75 27.875
 5115.875 3266.125 -3498.5 8113.125 -2125.1875 2911.5 1798.6875 -62.375 1920.75 430.8125
 476.6875 547.859375 -105.3125 52.375 390.06640625 -179.0 77.6328125 -293.390625 -157.0625 96.65625
 208.25 3.5 85.0 -109.75 89.0 19.5 116.65625 -15.625 267.5 -316.5625
 125.125 42.3125 143.25 -43.125 34.5390625 14.0 -41.9765625 -107.6875 68.25 -178.0
 112.21875 5.7265625 67.609375 30.03125 -9.822265625 -9.40625 31.169921875 -1.1875 80.875 81.890625
 203.5 -22.75 -90.0 7.5 -166.75 -112.5 250.40625 86.5 -18.0 76.0
 111.5625 -31.96875 -4.40625 -11.4375 12.9765625 -24.625 -50.421875 1.46875 14.875 -3.21875
 119.171875 -83.46484375 137.2265625 11.9921875 -392.93408203125 115.0 123.8232421875 -411.7421875 -63.65625 283.33203125
 26.0 -40.0 -190.0 -77.0 421.0 -114.1875 351.6484375 642.0 41.5 -270.1875
 2.0 5.5 -1.6875 -1.875 2.078125 -2.5703125 -0.1025390625 -0.91015625 -0.3681640625 -0.99609375
 -176.0 32.0 100.0 -172.0 -385.875 286.0 -437.4375 -1011.0 -113.015625 376.0
 0.0 -20.5 0.0 -80.75 12.59375 -4.125 -38.5390625 -131.25 -23.34375 22.78125
 109.75 -13.0 79.375 -25.0625 -20.884765625 41.5625 -84.609375 -48.9375 13.625 14.375
 -2084.75 -2232.09375 -127.6875 -201.75 -305.3125 1087.25 605.21875 -1454.9375 57.75 245.34375
 859.5 -629.0 76.25 -216.5 264.0 0.5 -6.3125 73.75 29.5 17.25
 5.125 -87.5 -49.875 -10.5 -78.59375 -110.375 5.15625 -36.75 -46.25 -24.0625
 130.375 53.34375 39.296875 33.46875 89.66796875 81.25 -10.3671875 0.515625 19.4375 -18.8671875
 -110.0 -160.875 -177.0 28.25 -172.125 -223.0 167.0 90.875 120.0 151.25
 92.65625 92.515625 -121.0 -75.375 11.201171875 44.875 44.89453125 38.78125 -110.0625 95.265625
 -243.0 302.5 182.75 265.0 163.421875 272.0 -43.796875 -178.0 120.0 115.75
 53.25 -50.5 84.75 -35.75 24.796875 -9.25 -34.1875 -48.0 10.5 -32.3125
 -19.25 -165.390625 46.007568359375 -17.67529296875 16.627197265625 -9.34375 5.5091552734375 -6.5546875 -4.37060546875 -0.1737060546875
 2116.625 -1490.0 1236.625 -51.0 1340.890625 -753.5 241.5625 -904.375 -87.0 17.1875
 20.66796875 -87.125 124.078125 26.96875 115.8681640625 189.90625 -164.4375 -76.484375 113.1875 15.3125
 232.75 -141.75 -330.375 -115.25 -12.84375 -39.5 -42.4921875 96.75 -30.5 44.625
 -85.75 195.25 -126.625 75.0 -40.84375 54.75 -33.9375 25.875 18.5 11.125
 1645.5 629.0 -2522.5 2139.5 -794.59375 2081.25 404.296875 1548.625 1255.0 423.1875
 196.9921875 -24.1171875 -145.5 -64.625 35.171875 93.8515625 9.1484375 -48.625 3.53857421875 37.6953125
 356.359375 574.048828125 -377.49609375 667.2890625 -41.52734375 -48.0 85.79833984375 202.01171875 76.3515625 52.650390625
 130.25 4.75 119.125 109.0 12.47265625 71.25 -82.5703125 -14.125 136.25 112.5
 -28.0 281.5 -62.0 -747.0 -332.8125 -470.0 -183.125 -111.5 114.0 552.5
 54.25 -12.0 -8.375 -50.0 -137.375 -231.25 112.328125 -33.5 -33.0 74.6875
