-65.0 -55.28125 -20.1484375 -17.28125 6.96875 42.625 -34.064453125 -32.1875 -2.734375 20.734375
 -596.6669921875 32.801910400390625 58.7635498046875 12.26953125 -27.987945556640625 -6.9765625 70.96037292480469 2.7003173828125 -3.7715415954589844 2.58941650390625
 40.25 -37.0703125 -28.984375 -4.1484375 5.45703125 24.15625 -19.275390625 -15.171875 -8.3203125 9.5859375
 -33.5 42.90625 -144.71875 12.6875 -22.65625 -154.5 -35.8984375 98.4375 -82.421875 -56.5
 113.5 52.625 -298.875 106.75 2.0 -257.25 61.140625 47.3125 -119.58984375 39.03125
 -23.25 -13.15625 -10.046875 9.875 0.65625 48.5 -7.927734375 -1.34375 21.291015625 14.15625
 97.5 20.25 82.671875 -90.0 -0.75 154.65625 -42.75 -55.875 0.875 112.921875
 -32.34521484375 0.3642730712890625 -10.372772216796875 -6.031982421875 17.65081787109375 -3.628173828125 10.513603210449219 -1.64251708984375 -17.64160919189453 -0.47003173828125
 405.75 -390.0078125 519.609375 94.78125 -394.109375 -20.75 324.49609375 -69.8125 55.890625 50.7578125
 664.390625 -170.70849609375 361.2138671875 -140.0263671875 -131.2724609375 -45.140625 -40.3681640625 22.314453125 61.4033203125 22.2578125
 54.578125 -27.19189453125 14.88671875 27.767578125 14.9169921875 -7.4375 11.105224609375 -3.615234375 -3.7578125 12.69677734375
 -407.482421875 1525.2203369140625 -2590.851806640625 -4752.5517578125 5277.31640625 -912.341796875 -1008.9070434570312 -185.83203125 -155.8385772705078 -759.8916015625
 182.53125 10.8330078125 -27.84765625 -13.8515625 25.90625 -0.296875 -33.59765625 7.45703125 -5.124755859375 -0.7392578125
 438.75 192.1640625 -180.453125 -15.15625 392.46875 39.0 1.1484375 -20.53125 -71.15625 30.3046875
 24.5078125 1.831787109375 -6.990234375 12.51171875 -6.76171875 1.890625 -2.832275390625 0.837890625 2.522216796875 -4.0693359375
 2535.25 -3399.08203125 3640.609375 389.90625 -2253.0625 -70.8125 -37.109375 -142.359375 -265.70361328125 -44.50390625
 49.0 51.890625 18.63671875 24.8984375 5.92578125 -22.0625 22.552734375 24.125 -2.0390625 -7.296875
 1041.6640625 -162.2333984375 532.8248291015625 -176.63134765625 -249.8868408203125 -63.525390625 -8.491485595703125 -13.84521484375 11.17791748046875 33.67913818359375
 -14.45849609375 13.788040161132812 15.52392578125 10.311279296875 11.4832763671875 -15.20703125 1.9569244384765625 2.8203125 -9.33984375 -28.629364013671875
 -6.875 -39.26953125 29.78125 37.75 17.8125 36.75 -16.25390625 -1.5 12.1630859375 32.984375
 303.4375 -26.66015625 34.751953125 -33.58984375 27.765625 60.078125 -19.0625 -24.109375 34.71875 3.4140625
 258.5 75.3046875 -105.328125 160.0625 -105.4375 -241.75 -40.1953125 73.25 82.87890625 -147.1875
 720.75 -22.2265625 -2.4296875 -41.4375 -8.9765625 14.9375 14.01953125 -20.78125 -22.88330078125 -15.09765625
 -1854.0 -70.4375 41.75 -75.125 -20.375 -1.5 -42.015625 -4.0 -12.34375 47.0
 -20.625 -12.67578125 -5.0625 28.4375 8.5625 15.1875 -0.16015625 6.359375 3.25 -0.671875
 626.71875 70.89892578125 -37.7265625 -36.52734375 106.72265625 1.828125 -96.51318359375 1.056640625 -7.3271484375 -5.30859375
 66.25 -42.484375 -57.625 -25.3125 32.046875 68.5 -38.98046875 -19.3125 -4.5078125 13.40625
 1048.25 46.24609375 -30.796875 -55.375 91.390625 10.3125 -88.29296875 4.109375 15.9033203125 7.8046875
 -343.32421875 10.009521484375 -79.712158203125 21.728515625 -13.104248046875 -3.154296875 29.70953369140625 -2.18359375 -4.622467041015625 -1.8807373046875
 6.6875 -25.87109375 -16.640625 7.5 -2.6484375 31.9375 -18.318359375 -9.625 2.8515625 10.9609375
 99.75 7.41796875 -47.09375 -27.859375 -38.203125 -30.0625 -26.0625 6.484375 16.71484375 -40.28125
 410.34375 -40.4453125 -53.5078125 -12.078125 -28.8828125 -17.65625 7.1884765625 -23.03125 -20.49609375 8.5546875
 -446.7265625 62.91015625 61.171875 12.8359375 -1.390625 -8.03125 -34.630859375 10.296875 27.109375 -16.578125
 0.96875 -7.625 -8.0 -31.84375 24.734375 5.44140625 15.7890625 -8.01953125 2.6640625 40.421875
 -88.0 -1.42578125 27.328125 26.09375 10.46875 12.0625 3.931640625 1.59375 14.671875 5.59375
 -34422.0 1069.75 -201.75 1492.0 -926.0 -188.0 -574.125 878.5 1388.375 935.5
 -136.5 -33.3125 38.6875 0.375 21.453125 72.75 -29.92578125 -33.40625 -2.98046875 33.75
 140.5 40.65625 -2.515625 27.46875 -26.546875 27.0 -12.07421875 29.5625 -0.61328125 -15.5
 -475.546875 34.71533203125 -74.5498046875 -233.85546875 71.0166015625 -2.453125 195.951416015625 77.029296875 -163.655517578125 96.90625
 -130.16015625 10.0927734375 -2.962890625 1.421875 -2.974609375 29.71484375 -9.313232421875 -8.6123046875 26.4476318359375 7.464111328125
 108.75 -39.171875 -9.5 -30.4375 -12.65625 119.25 -89.4921875 -44.3125 32.875 2.21875
 -44.375 8.015625 54.8203125 57.125 7.671875 5.6875 1.548828125 -11.40625 30.28125 10.90625
 -115.0 -86.34375 -9.28125 -42.9375 24.0 112.0 -60.96875 -62.1875 -9.984375 36.75
 3.1875 -6.96484375 -9.328125 3.96875 -2.9921875 7.65625 -6.533203125 -0.25 2.9580078125 -2.734375
 -1661.125 -10.69921875 -60.59375 109.65625 37.828125 41.8125 167.119140625 -5.984375 -35.7255859375 6.53515625
 -117.0 -61.9140625 28.09375 9.375 8.53125 67.5 -27.046875 -41.625 21.431640625 26.1875
 -170.09375 46.892578125 46.92578125 -21.59375 -17.4140625 -13.984375 -40.37158203125 45.9609375 5.7578125 8.05859375
 -18.0625 120.01953125 -157.5703125 -29.203125 193.0859375 23.375 -42.814453125 -29.4453125 -56.89111328125 -45.67578125
 -274.453125 2.3037109375 -10.16015625 13.388671875 -10.708984375 -2.1171875 -17.151611328125 13.931640625 20.4906005859375 9.69677734375
 -1791.5 1556.5078125 -1422.9375 -189.125 826.125 64.0 270.984375 -65.875 23.984375 -13.6875
 -30.0625 -111.6171875 -20.29296875 22.8359375 13.9140625 15.40625 -27.6357421875 -9.546875 4.80078125 0.671875
 -1247.9375 -79.2841796875 -145.9296875 -119.484375 108.875 0.1875 298.4814453125 23.328125 41.212890625 -51.5859375
 248.5 -84.36328125 -58.8671875 55.796875 -5.8828125 -2.4375 -24.076171875 21.09375 -15.279296875 -9.14453125
 -3830.5 329.90625 11.78125 299.3125 -115.125 -217.25 -117.9921875 127.8125 312.203125 -97.4375
 -1805.5 -375.7265625 445.15625 94.625 -424.9375 -84.875 298.83203125 37.84375 -17.564453125 88.34375
 7448.25 -442.546875 731.28125 -451.75 -523.6875 96.25 15.2734375 -42.5625 -103.537109375 -89.875
 5.4375 87.41796875 42.875 -4.4609375 3.95703125 -3.8125 -9.9033203125 2.6328125 4.2265625 12.81640625
 57.3125 -13.0859375 3.65625 10.1875 16.2265625 5.4375 -1.451171875 3.046875 -1.46142578125 10.48046875
 39.25 10.336181640625 -0.17578125 8.5859375 -11.20703125 -4.25 -7.2919921875 11.8515625 10.375 -9.30859375
 16.0 -0.55078125 6.7265625 6.4375 -1.8984375 29.0625 -10.419921875 -16.875 2.873046875 5.5546875
 -2367.0 171.0625 -88.6875 258.375 -119.375 -80.5 -7.8125 105.75 195.16015625 9.5625
 -147.75 -48.5859375 23.1875 5.78125 19.6875 67.375 -30.2734375 -28.8125 4.166015625 28.1640625
 172.0625 -45.791015625 -52.90625 -63.8671875 -47.62890625 -30.71875 -117.23828125 33.7734375 -44.15234375 -30.390625
 -28.5 13.375 25.140625 1.984375 2.4921875 43.375 -19.4140625 -37.84375 -0.546875 42.57421875
 1232.625 309.57421875 -290.0 -12.4140625 396.08984375 91.078125 -237.49072265625 18.46484375 28.64697265625 -65.955078125
 20.0 -21.5 -30.09375 19.84375 -11.484375 -41.1875 15.724609375 19.859375 1.09375 -14.9765625
 1068.7265625 -1592.29296875 786.83203125 -438.29296875 -124.109375 -54.6796875 -79.888916015625 57.63671875 523.12109375 -114.04296875
 -4321.0 441.75 -282.3125 -73.875 -184.25 -236.0 -530.078125 -293.625 379.0 -414.875
 42.359375 -10.458251953125 -8.62841796875 -6.685546875 0.82421875 6.40625 -4.245849609375 8.419921875 21.13543701171875 -20.70556640625
 -548.0625 -256.09375 153.0546875 15.5703125 -338.1796875 -37.625 253.5703125 -52.5703125 -13.7998046875 13.625
 -1390.03125 -166.92578125 151.7578125 25.0703125 -183.94921875 -1.96875 128.0244140625 33.015625 -38.165283203125 53.3515625
 -96.125 -17.5 17.140625 8.421875 39.96875 -9.6875 41.326171875 4.734375 -34.6767578125 15.2890625
 1368.796875 -192.3203125 373.3623046875 1001.7099609375 332.41015625 -51.130859375 -1249.7749633789062 -579.12646484375 897.6929321289062 -734.223876953125
 23.875 -25.2890625 -12.25390625 -1.3828125 1.68359375 14.40625 -10.919921875 -6.734375 -2.265625 7.6015625
 -281.5 -147.9375 12.9375 -39.375 -15.625 143.0 -67.8515625 -62.25 25.828125 61.28125
 62.21875 -12.1796875 31.10546875 -13.2265625 -27.859375 -2.5625 12.9990234375 -2.4765625 -3.403076171875 1.560546875
 791.84375 -153.73046875 -179.1328125 93.140625 60.6484375 -15.484375 153.35009765625 -160.51953125 -6.25634765625 -14.564453125
 54.5 -63.1875 -24.65625 56.3125 4.375 87.25 -50.75 -18.0625 34.6875 15.75
 101.34375 -12.65234375 -16.53125 35.390625 6.07421875 6.46875 -4.6328125 1.171875 -18.583984375 3.185546875
 88.78125 31.395751953125 -7.201904296875 -24.65771484375 -25.09619140625 13.74609375 -23.814056396484375 21.664794921875 11.519393920898438 7.797119140625
 3035.552734375 -609.3593139648438 410.782470703125 -56.3203125 -99.7513427734375 16.744140625 -428.2181701660156 -12.70849609375 36.19474792480469 21.31005859375
 11.5 -18.90625 -11.6796875 -2.0859375 -3.2265625 19.375 -14.830078125 -10.4375 -0.83984375 0.44140625
 74.234375 -1.9306640625 -2.658203125 10.537109375 -22.115234375 -7.3359375 -3.517822265625 7.9140625 8.1075439453125 0.02978515625
 -10419.0 373.9375 -163.125 435.125 -206.625 -46.0 -199.578125 250.125 397.84375 235.0
 56.4375 -44.140625 -53.171875 5.3359375 -8.37109375 10.21875 -19.9462890625 10.796875 7.78125 -29.90625
 -268.484375 -29.5439453125 46.7109375 32.91015625 -7.083984375 12.875 33.04296875 12.609375 7.126220703125 -0.8466796875
 -1512.75 -219.25 469.375 109.5625 -218.90625 -7.5 126.1796875 128.375 41.80078125 -7.59375
 24.1171875 -32.80322265625 -21.63720703125 4.158203125 13.50439453125 13.19921875 -8.515869140625 -2.720703125 -3.53424072265625 10.208984375
 1.875 -14.154296875 -13.828125 22.796875 12.265625 8.25 -5.052734375 6.109375 9.09765625 -1.8515625
 3194.5 -128.4375 -242.9375 96.125 -130.4375 -24.5 308.671875 96.875 -280.26953125 42.40625
 2.5 -7.583984375 11.953125 5.984375 5.859375 25.375 -14.8232421875 -9.78125 2.865234375 3.8671875
 99.46875 -59.38525390625 -32.73828125 11.0625 23.634765625 30.0859375 -24.962890625 -0.1640625 -19.390625 18.353515625
 651.9453125 -6.84716796875 -15.037109375 -23.458984375 31.9296875 9.015625 -0.8349609375 -6.466796875 -18.93780517578125 -24.23974609375
 19.0625 -10.71484375 3.1875 19.6875 4.3984375 14.875 -5.734375 -8.25 3.4296875 5.8515625
 3036.75 -325.625 -267.6875 -273.3125 -443.625 -78.0 98.015625 -292.875 -164.73046875 -0.75
 1177.5 -83.8203125 -328.0625 -28.9375 -74.234375 65.875 209.01953125 -258.46875 -137.232421875 -93.21875
 -15.0 -18.3984375 30.765625 -13.7890625 9.03125 34.40625 -23.353515625 -10.0 -4.6640625 18.4375
 -310.40625 -7.6650390625 -9.12109375 -10.6328125 -16.146484375 -7.984375 -0.13916015625 22.1953125 -18.08837890625 -20.146484375
 -58.0 -76.84375 -22.078125 37.28125 9.4375 62.75 -39.703125 -13.90625 12.51171875 19.546875
 -9.5625 -14.521484375 21.291015625 8.9140625 -1.2265625 2.078125 -6.284912109375 -17.875 -5.21875 17.88671875
 205.21875 -13.154296875 -3.9765625 -11.08203125 -18.767578125 -5.546875 -0.93017578125 -15.265625 -2.401611328125 -16.3125
 17.4375 9.0859375 -24.40625 -87.34375 10.171875 33.375 -62.638671875 3.53125 38.2265625 1.59375
 -115.9375 -15.86328125 7.0625 22.71875 5.6015625 22.25 -8.583984375 -5.84375 4.669921875 9.421875
 -1.421875 -45.3125 -61.9580078125 9.556640625 4.8427734375 16.203125 -33.94775390625 -11.466796875 -40.2286376953125 16.3271484375
 122.65625 -4.7822265625 -15.25 3.0 -12.546875 -8.4375 -3.826171875 6.765625 4.02685546875 -11.1796875
 -14.25 -49.7265625 -5.375 -5.53125 -0.3125 66.125 -34.01953125 -20.1875 13.80859375 18.0234375
 -112.125 -115.0 60.0390625 -103.015625 24.21875 76.1875 1.9375 -21.609375 -13.515625 45.40625
 -482.18359375 91.7679443359375 -97.095703125 -290.4013671875 -14.88671875 21.001953125 360.65802001953125 184.28466796875 -197.48934936523438 155.768798828125
 35.75 -62.25 -65.23828125 -44.3125 -7.2734375 35.875 -60.490234375 -35.265625 -4.765625 4.0625
 -31.25 -13.9375 -6.390625 19.65625 -3.71875 26.0 -17.318359375 -5.9375 10.626953125 3.609375
 29.75 -7.609375 5.296875 -25.125 -18.421875 28.5 -24.4921875 1.0 -1.3505859375 -2.4609375
 -430.5 159.296875 167.84375 87.375 34.0 25.75 26.1796875 -53.5 45.453125 31.875
 55.9375 -2.267578125 3.05859375 32.671875 -0.87109375 1.4375 0.77734375 13.9296875 1.0546875 -8.6171875
 -2715.4375 181.6328125 -122.609375 158.9609375 -5.0390625 91.75 -91.12109375 -2.6015625 205.1650390625 14.494140625
 606.703125 68.54296875 -59.634765625 -9.345703125 69.333984375 23.0 -25.95703125 -15.98046875 -0.9501953125 -25.0
 46.0 -14.1455078125 1.078125 46.0 6.75 23.0 -7.509765625 -4.8125 5.7890625 5.46875
 -100.703125 -86.8916015625 7.623046875 69.615234375 27.6875 73.2109375 87.01171875 -89.296875 -24.8349609375 -60.03125
 203.875 -92.84375 24.78125 -42.9375 -20.09375 -17.25 11.625 1.9375 -36.1708984375 52.3984375
 -8303.4375 228.037109375 21.578125 154.1484375 599.87890625 248.125 285.7880859375 346.1171875 -117.49365234375 348.74609375
 -1101.125 31.099853515625 -39.09375 28.734375 13.546875 0.625 36.18359375 -19.5625 -23.55078125 12.6796875
 -393.2119140625 63.687835693359375 24.87030029296875 51.2862548828125 -88.87213134765625 -77.587890625 -33.54679870605469 -22.18359375 68.52558135986328 -55.404541015625
 -659.953125 -55.75 6.5078125 28.65625 -59.9375 2.609375 114.14697265625 -21.84375 -38.4462890625 6.234375
 349.25 59.703125 -54.6875 2.84375 -32.921875 32.0 -28.80078125 -12.34375 7.890625 18.96875
 8.65625 -20.2314453125 -19.556640625 8.8359375 5.87109375 0.296875 -21.2744140625 -2.39453125 -25.6484375 30.7060546875
 -65.875 60.0625 90.0 74.140625 8.359375 21.125 19.3125 -19.25 7.453125 34.59375
 -398.37890625 57.12939453125 -30.971435546875 27.20458984375 47.775634765625 3.947265625 41.22509765625 -25.60498046875 -8.607559204101562 -3.1165771484375
 171.0 -23.84375 -32.5810546875 15.98828125 13.8671875 1.21875 29.8837890625 -33.8828125 4.0465087890625 4.951171875
 -439.328125 -223.677734375 -153.7890625 -323.6953125 217.435546875 -33.53125 145.10205078125 66.66015625 255.4466552734375 -134.8447265625
 -442.6875 -64.8154296875 -4.017578125 20.8125 -46.94140625 17.953125 76.9443359375 -37.1171875 -45.404541015625 -13.3720703125
 1294.9375 335.85546875 81.69140625 -40.3359375 66.609375 -91.09375 9.2138671875 -62.71875 276.00244140625 381.6328125
 261.25 -95.70703125 -103.0 -9.546875 52.859375 -170.9375 95.119140625 -80.171875 -96.2119140625 114.1796875
 -75.75 -147.71875 -108.0 -46.96875 30.40625 115.125 -63.2890625 -32.875 -28.515625 -20.28125
 -1905.5625 -125.732421875 110.80078125 138.6484375 -258.8203125 -56.28125 165.0771484375 -8.7265625 -1.31787109375 -3.14453125
 111.25 3.078125 -108.6875 50.609375 -9.859375 21.5 -15.42578125 40.9375 -10.1875 -35.359375
 246.375 -15.25 -17.328125 -22.671875 -5.359375 -0.9375 -1.484375 -1.6875 3.8046875 3.375
 -73.5 9.15625 -266.0625 -59.125 44.625 -126.5 -3.625 -62.625 -25.12109375 6.0
 8370.5 614.8125 -676.03125 -457.0 1331.875 179.5 -826.21875 45.0625 4.8359375 -3.28125
 889.125 1773.3046875 -1661.109375 1106.546875 200.28125 188.125 -558.11328125 -308.28125 -720.6748046875 49.4375
 -4.375 -15.37890625 -13.234375 13.890625 -4.3125 21.625 -18.8125 -7.03125 14.4453125 -2.52734375
 -83.5 -75.40625 -51.421875 -20.796875 -1.546875 55.375 -32.029296875 -22.375 1.1015625 24.203125
 870.96875 -42.693359375 177.30859375 -62.51171875 -88.35546875 7.71875 47.16650390625 -102.75 -84.0703125 -49.53125
 1387.171875 255.96240234375 -251.48828125 -53.65625 320.8583984375 50.9375 -246.689208984375 18.630859375 17.9232177734375 -69.9921875
 82.875 14.609375 45.84375 70.1875 10.328125 17.5625 13.298828125 -6.203125 -0.953125 9.53125
 -457.875 18.6796875 -13.5625 50.4375 14.984375 14.625 6.419921875 36.875 7.298828125 5.5703125
 1359.0625 -123.173828125 198.10546875 -8.796875 -100.59765625 -67.75 -52.7099609375 35.4609375 139.7861328125 134.80859375
 63.625 -2.38671875 11.703125 42.890625 -3.6953125 -12.125 16.74609375 8.0625 -9.212890625 3.78125
 68.28125 19.388671875 -23.03125 -19.9453125 -7.8203125 -1.75 -12.208984375 1.90625 11.232421875 -4.7734375
 105.4375 14.3876953125 -12.400390625 15.01171875 -3.44140625 -23.8125 3.8017578125 5.78515625 3.703369140625 -9.62109375
 -17.6953125 16.3984375 -27.5078125 -2.015625 2.875 19.3125 25.21533203125 -14.0 -43.875 22.28125
 -272.0 -61.109375 13.1875 48.875 7.0 62.375 -23.8125 -29.71875 15.875 22.609375
 1463.8828125 -49.359375 -3.193359375 -41.4453125 22.83203125 7.15625 27.175537109375 -9.126953125 -59.86004638671875 -20.70166015625
 -296.375 -748.34375 406.419921875 -238.51953125 -3.390625 -21.40625 150.92041015625 203.08984375 188.9296875 86.251953125
 -414.8359375 -79.1708984375 57.71630859375 32.802734375 -82.75537109375 -6.8671875 74.871337890625 3.11328125 2.9912109375 28.591796875
 48.75 -5.25390625 9.5078125 -29.921875 15.5078125 1.375 0.041015625 -5.84375 -14.54833984375 -0.296875
 42.734375 64.2744140625 -143.936767578125 215.87744140625 1.33154296875 44.642578125 3.1363525390625 -24.95166015625 -18.881500244140625 91.398193359375
 13.484375 -7.60791015625 0.8369140625 6.4296875 3.73046875 3.259521484375 -0.23828125 -5.65234375 13.404296875 9.46484375
 81.7578125 1.07763671875 4.9326171875 -2.03515625 -38.1357421875 -1.4453125 -4.12060546875 -7.685546875 9.619873046875 -3.02099609375
 -3.3125 -2.671875 -0.9296875 5.484375 4.59375 19.625 -33.396484375 -16.5 14.9873046875 -11.21484375
 -105.875 -33.8984375 -6.1171875 9.265625 15.484375 31.0625 -21.83984375 -13.6875 -1.484375 17.078125
 45.375 -13.53125 -19.3984375 -5.140625 -9.9375 5.34375 -6.7880859375 -2.03125 -3.140625 -5.453125
 97.625 12.078125 -6.265625 -33.1875 -19.78125 11.6875 29.177734375 15.21875 -49.0546875 4.3125
 451.0 35.34375 280.0625 22.75 27.25 160.0 35.625 46.0 195.703125 -163.40625
 6448.0 1063.734375 -1249.3515625 -455.296875 1106.359375 42.5625 -928.17578125 -154.171875 -152.62890625 -101.75
 23.0 -23.5 -3.90625 -45.34375 -21.015625 41.5 -53.27734375 -15.28125 22.9375 17.25
 -68.234375 7.203125 14.640625 -95.046875 69.1796875 -1.78125 -79.313720703125 44.90625 52.1484375 16.609375
 1270.5 52.4609375 -70.875 -116.09375 275.703125 57.625 -50.0546875 -162.34375 -83.6875 -106.734375
 -6572.0 320.59375 -43.25 315.125 -38.15625 -124.75 -46.6171875 180.6875 102.875 60.5625
 -1.65625 -1.736328125 7.3125 10.1875 -4.79296875 1.625 -11.330078125 -5.2734375 4.88232421875 3.88671875
 -1812.875 55.515625 -17.0625 -21.15625 33.703125 10.375 -27.9765625 21.40625 98.140625 -10.375
 -427.48046875 31.1907958984375 -174.191650390625 49.7021484375 47.181396484375 5.376953125 37.8531494140625 23.14501953125 36.44587707519531 -5.872314453125
 83.65625 -1.0673828125 -12.203125 3.9296875 -4.375 -7.8125 9.04052734375 5.71484375 -9.19091796875 3.703125
 22.21875 8.744140625 -0.9921875 70.296875 15.87109375 -13.65625 -32.4423828125 29.359375 8.3515625 -11.404296875
 55.8125 -6.0 -31.265625 -10.0703125 10.65625 -8.5625 -3.5458984375 -8.515625 -2.212890625 11.7265625
 -100.984375 6.38671875 3.1953125 3.9453125 -38.9453125 -8.96875 -21.80078125 -18.453125 15.03125 -13.65625
 4.5 102.75 -67.375 28.625 -95.25 -65.125 -127.0625 -40.125 227.90625 -99.5
 25.6015625 1.85711669921875 5.508544921875 1.03271484375 14.7508544921875 3.8662109375 5.0467529296875 -6.099853515625 -7.9836578369140625 13.4892578125
 -1622.453125 538.40087890625 -677.458984375 64.5703125 302.494140625 -0.8359375 95.958740234375 131.359375 34.954345703125 25.1435546875
 69.0625 42.486328125 256.736328125 -42.36328125 -118.44140625 -0.828125 129.97509765625 -66.732421875 -85.2138671875 -24.21435546875
 -253.06655883789062 -34.757497787475586 45.74909591674805 37.05168151855469 57.39485549926758 -9.90118408203125 36.063230991363525 -40.16261672973633 -9.16122579574585 8.781068801879883
 51.59765625 2.80419921875 -6.94775390625 -5.1201171875 11.0029296875 -4.7578125 3.8206787109375 0.3916015625 -12.293487548828125 13.444091796875
 3.75 -10.6796875 -0.3046875 -16.109375 -1.8515625 6.5625 -1.869140625 3.515625 -1.6640625 -4.7734375
 77.71875 8.3994140625 5.80078125 11.3203125 8.23046875 -2.5625 21.6142578125 11.3515625 -8.53125 12.62109375
 -11.75 -20.9375 -15.21875 6.03125 -7.625 44.0 -37.59375 -11.28125 13.22265625 3.484375
 128.4296875 -1.762420654296875 -5.6640625 28.251953125 -25.703125 -9.28125 19.572998046875 2.81640625 13.016357421875 2.8388671875
 -144.75 22.015625 12.25 54.921875 26.15625 -31.625 28.62109375 11.8125 -3.578125 5.84375
 -36.0 -14.755859375 -8.203125 24.46875 4.015625 48.25 -8.916015625 -22.125 7.7470703125 22.640625
 40.375 9.2353515625 1.892578125 14.8125 -10.578125 -10.4375 -32.01171875 12.4140625 18.97998046875 -9.255859375
 82.9375 -20.71484375 -18.71875 9.4765625 -12.53515625 10.59375 -20.7021484375 -1.7265625 -2.62890625 -4.17578125
 48.0 -0.765625 -35.884765625 -11.6953125 6.03125 4.0625 2.01953125 -19.25390625 -9.5 12.91796875
 -192.109375 -6.314453125 71.357421875 17.52734375 49.5546875 2.203125 -7.81494140625 4.05859375 72.3419189453125 -15.0830078125
 55.5625 -9.5859375 -2.984375 -26.4296875 7.06640625 12.34375 -6.1201171875 -8.0234375 0.23193359375 4.4140625
 -294.25 4.625 37.6875 -33.875 19.0625 101.0 -26.4140625 -30.875 7.25 -31.75
 -458.65625 606.02734375 211.4609375 -226.34375 -26.5625 -112.28125 199.58349609375 140.109375 16.134033203125 120.43359375
 497.578125 -1.7626953125 -27.30078125 -28.5703125 80.20703125 27.96875 -36.28515625 4.1640625 -9.9691162109375 -6.212890625
 -39.0 132.78125 -249.84375 -407.96875 955.0 248.5 389.4375 -119.75 -557.5 -175.125
 2223.5 519.203125 -856.40625 32.8125 868.84375 240.5 -553.5625 130.5 112.8046875 -22.703125
 17444.0 1101.75 -775.5 -2008.5 240.25 -488.0 -1202.6875 -1349.5 -641.28125 -825.75
 -171.5234375 14.91259765625 44.0625 19.7197265625 37.953125 -4.9609375 34.13916015625 4.32421875 22.156005859375 4.400390625
 26.25 -1.55859375 -5.34375 12.171875 0.0234375 13.9375 -3.4462890625 -0.578125 2.91796875 2.640625
 -6335.0 114.3125 205.75 27.0 -54.375 -96.0 -278.96875 -21.25 294.03125 156.625
 21.3125 -3.3046875 -4.51953125 4.640625 -16.41015625 -3.21875 -21.357421875 -15.1640625 9.5 2.375
 -64.4375 489.9794921875 -119.6318359375 -104.93359375 158.2158203125 -20.09375 140.30419921875 30.095703125 -20.695556640625 -2.17138671875
 25.359375 -10.36572265625 1.2802734375 4.599609375 3.140625 -0.484375 4.670166015625 0.34765625 10.8763427734375 13.380859375
 120.625 -8.53125 62.375 39.71875 28.125 21.1875 22.6953125 -11.1875 -16.9375 43.171875
 -2.1796875 -33.005859375 -9.044921875 -44.33984375 0.2353515625 33.9609375 -9.80224609375 -12.91015625 8.6824951171875 17.5625
 -46.4375 -5.986328125 11.390625 15.78125 6.8203125 19.125 -6.939453125 -7.5 4.46484375 13.0390625
 -12.15625 -22.1328125 -11.0390625 7.0390625 -0.61328125 12.6875 -2.4619140625 -10.1171875 -14.88671875 13.8671875
 -74.9375 -55.69140625 -110.8203125 173.4375 -120.1015625 35.9375 -328.169921875 -29.046875 -88.796875 68.0234375
 9.8125 -11.6904296875 2.03125 25.484375 5.7109375 20.375 -7.15625 -0.078125 6.1640625 0.7109375
 83.65625 -10.1923828125 -19.0859375 -1.6015625 2.375 -0.1875 -1.494140625 7.3984375 -1.10546875 -3.890625
 84.0 -12.78125 -29.484375 9.28125 -21.203125 -64.0 18.07421875 32.375 6.85546875 -26.375
 -70.5 -35.46240234375 31.59375 50.40625 11.90625 55.25 -8.7265625 -21.96875 17.6171875 26.71875
 -22.625 -14.201171875 -51.7626953125 -5.14453125 -28.0078125 -16.09375 2.228515625 11.359375 8.421875 -24.96875
 -11.3125 -3.0625 -3.109375 13.9375 -0.0859375 20.75 -8.056640625 -1.5 9.8046875 -4.390625
 -8.203125 13.087890625 9.455078125 44.31640625 -7.09765625 -25.1875 -3.91845703125 1.0703125 1.969970703125 -19.9384765625
 880.0 -327.3330078125 469.634765625 -238.65625 -82.67578125 -29.25 -58.3408203125 -2.125 53.40478515625 -16.09375
 14.0 -1.265625 -6.03125 -2.46875 -8.671875 16.75 -6.140625 -4.203125 0.9462890625 -6.046875
 -121.3984375 65.3984375 -31.98828125 -0.904296875 52.21875 2.28125 -58.4263916015625 19.072265625 2.081787109375 11.4453125
 27.625 -23.57421875 -35.59375 -41.703125 -0.734375 5.875 -32.419921875 -4.71875 3.74755859375 -11.55078125
 8.375 54.55078125 -4.3359375 13.921875 -31.5234375 -0.5625 -9.099609375 18.125 29.98046875 -43.078125
 -1683.5 1429.3046875 -25.03125 -65.15625 1355.5625 -2.125 -1073.546875 645.90625 298.896484375 202.2734375
 -53.25 -45.640625 16.171875 -22.1875 -18.25 52.625 -26.61328125 -24.3125 20.59375 18.1953125
 14.25 -17.150390625 13.90625 28.359375 -5.953125 -9.9375 13.16015625 2.4375 -9.091796875 3.1875
 50.734375 -0.73046875 4.806640625 11.33984375 -11.69140625 11.0625 -0.99462890625 -4.9453125 0.0086669921875 5.94140625
 -784.28125 34.3984375 32.078125 31.6796875 -4.5703125 -4.6875 -21.9345703125 -0.4921875 51.75 -0.2578125
 -1660.75 35.5546875 6.1015625 -47.0078125 24.1015625 -15.5 -144.810546875 -86.25 77.671875 -73.58984375
 -1.03125 2.23046875 20.90234375 19.6640625 -16.20703125 15.6875 -24.611328125 -6.328125 38.280517578125 -15.166015625
 2031.3125 447.234375 -629.984375 -261.234375 854.390625 259.6875 -325.4609375 -17.171875 -270.2783203125 -233.265625
 -1649.75 74.96875 403.234375 51.84375 -153.484375 227.125 475.0703125 -440.03125 -259.53515625 -179.609375
 -456.75 -21.2314453125 25.65625 16.62109375 -77.970703125 7.609375 -8.4765625 19.484375 38.392822265625 37.5068359375
 51.0859375 7.66650390625 3.5419921875 -2.509765625 -3.6962890625 1.109375 -4.61962890625 -0.44140625 -0.47930908203125 1.0361328125
 1408.5 -58.21875 27.84375 -117.8125 38.3125 -57.75 31.578125 -22.8125 -159.3515625 -52.5625
 83.0 7.02734375 -13.51171875 -22.84375 15.5390625 13.625 -7.1572265625 -1.6640625 -1.3466796875 10.837890625
 -949.0625 -429.666015625 212.578125 62.0703125 -502.0078125 -35.65625 420.5068359375 -98.4453125 -29.0244140625 0.8828125
 31.375 -11.1328125 -2.265625 22.59375 -9.734375 -17.1875 15.212890625 -3.0703125 -13.031494140625 -1.818359375
 48.0 -255.6875 638.6875 935.4609375 206.5625 892.8125 -171.265625 252.9365234375 -25.39453125 -126.0234375
 138.75 -8.328125 -83.078125 21.6875 -23.96875 -131.5 64.9765625 26.375 -41.59375 -9.5
 -46.76171875 7.5994873046875 32.9344482421875 25.109130859375 11.56640625 40.2177734375 13.55804443359375 10.16796875 -9.756317138671875 41.22125244140625
 -17.625 3.322265625 -3.9296875 4.203125 -5.1552734375 -5.9609375 2.229736328125 4.2724609375 -3.829345703125 4.23828125
 76.0 -20.2421875 -59.34375 -40.875 -23.734375 -6.0 -5.921875 -7.03125 1.0 -14.09375
 23.5 -37.578125 -139.0625 -73.0625 46.9375 -62.5 -46.453125 -40.125 -22.73046875 28.96875
 -344.5078125 365.700439453125 86.94482421875 -114.794921875 138.92626953125 -13.54296875 -88.448486328125 145.501953125 43.802734375 78.33251953125
 770.625 -81.24609375 -10.8671875 -27.0 -24.546875 0.0 56.330078125 -18.65625 -29.650390625 42.1484375
 -23.9375 -28.7734375 29.88671875 53.1796875 9.65625 35.71875 -13.8681640625 15.9453125 15.15234375 1.595703125
 42.359375 6.1103515625 -6.52734375 5.341796875 -1.1162109375 -16.3515625 11.2919921875 12.7578125 -13.421142578125 2.97802734375
 75.125 45.87109375 -44.921875 49.8125 -0.453125 -57.125 13.24609375 49.6875 -18.1484375 -20.2109375
 49.96875 -8.9052734375 -6.7734375 -11.11328125 6.169921875 -6.8125 16.1357421875 10.53515625 -19.295166015625 5.376953125
 54.75 -53.4921875 11.125 16.5 -9.0 32.625 -7.4140625 -14.125 4.02734375 17.03125
 55.03125 -5.689453125 3.41015625 2.8515625 -2.294921875 3.703125 4.8994140625 5.5390625 -4.69970703125 -1.4736328125
 55.1875 -34.6875 -140.375 59.25 -5.59375 7.9921875 11.5145263671875 -57.875 -59.78125 -42.8125
 -5.515625 -0.125 -2.01171875 1.5703125 -0.720703125 -0.13525390625 0.2392578125 0.62890625 0.84765625 0.71875
 15.6875 -41.197265625 -54.46875 0.765625 -7.3984375 15.148681640625 8.703125 -15.6875 -13.7421875 -15.859375
 33.0 56.546875 -167.5 99.0 -30.625 -3.09375 -50.4375 -76.25 -50.25 -70.5
 50.59375 -9.4775390625 -20.0703125 5.1328125 4.0625 -12.09375 -7.421875 9.5 -6.625 -2.66015625
 1064.5625 136.4609375 -187.1796875 -220.3515625 219.921875 41.09375 -86.8583984375 -61.890625 -200.966796875 11.7421875
 -180.1796875 -2.64208984375 9.017578125 -7.71484375 -1.8623046875 2.984375 -3.673828125 -0.107421875 0.68756103515625 1.79736328125
 -25.0625 0.9697265625 2.19921875 18.81640625 -7.671875 1.828125 -17.8515625 9.484375 6.5972900390625 -17.90234375
 37.9375 -9.12890625 23.119140625 46.8828125 -3.00390625 0.203125 -27.748046875 24.28515625 21.883056640625 -20.03515625
 36.0625 0.953125 7.9453125 14.734375 -11.29296875 11.28125 -20.0556640625 4.9375 24.03173828125 -18.69140625
 -609.375 -5.244140625 -9.5 35.359375 -9.28125 29.3125 -11.6015625 14.03125 21.76953125 15.3125
 198.5 -77.171875 -22.8125 24.25 6.40625 149.25 -72.015625 -39.625 32.1484375 9.3125
 -90.0 -55.03125 25.6875 28.5 37.8125 114.5 -62.828125 -43.5 9.462890625 36.671875
 38.25 -186.73828125 14.259765625 -66.8515625 -38.5361328125 24.6038818359375 -7.0948486328125 -28.2099609375 -0.44500732421875 -17.980224609375
 -2467.0 534.0625 -986.75 -3.375 813.5625 337.0 -92.5625 -282.5 -172.25 -389.125
 78.6875 24.984375 38.1875 63.90625 1.765625 -7.5 -24.1044921875 34.65625 -21.625 -24.78125
 112.0 -10.625 -45.8515625 6.75 -6.15625 -12.1875 -4.013671875 6.75 -5.33984375 4.234375
 27392.0 -408.1875 777.25 -1169.5 1176.5 249.0 547.1875 -123.0 -964.9375 -719.375
 -1957.04296875 -313.22607421875 -44.047119140625 -204.943359375 -217.232177734375 -96.16796875 13.69873046875 -208.11279296875 334.759765625 -204.267822265625
 259.265625 -29.33642578125 -50.6953125 -34.34765625 -120.171875 2.6025390625 -61.1337890625 76.16552734375 -2.3720703125 12.09912109375
 -1133.859375 87.23779296875 -109.5859375 45.154296875 -33.39453125 -4.0625 152.86328125 6.8984375 -2.957763671875 6.2109375
 73.0625 -14.5546875 -28.73828125 6.0546875 -3.796875 17.65625 -13.4287109375 8.03125 -7.62109375 -6.875
 -568.75 14.96875 -197.90625 -179.9375 -46.5 99.5 -180.9609375 35.9375 -56.873046875 -121.1875
 199.75 19.5703125 57.59375 37.0 23.46875 -3.25 32.0703125 43.75 -6.5 3.75
