65.140625 -39.34375 49.5625 -23.890625 62.49072265625 -24.8125 52.3515625 -1.5390625 36.40625 -24.0078125
 -252.2808837890625 64.661865234375 83.650146484375 47.2369384765625 89.05847549438477 93.4796142578125 43.2474365234375 -46.5531005859375 24.30859375 16.948974609375
 80.375 -41.90625 43.0625 10.5625 11.3681640625 -13.53125 58.84375 11.34375 25.0 -31.8046875
 11.03125 -9.09375 18.421875 1.66796875 -1.68359375 8.5703125 -8.12890625 -6.83203125 11.5625 -0.84765625
 -639.0 7.5 -190.0 308.0 98.0 316.0 -66.5 -3.5 -159.0 -104.5
 69.328125 -35.15625 -0.25 5.828125 15.541015625 15.6875 18.76171875 -7.0703125 1.8125 15.7890625
 665.25 88.0 52.5 70.3125 -15.375 234.625 -802.3125 -291.7734375 -55.8125 71.25
 2751.765625 -149.3046875 246.0546875 -82.09375 -138.85791015625 -194.421875 90.0625 -133.8984375 -81.859375 18.931640625
 1750.5 -95.0 502.5 -506.25 437.4765625 -212.25 -247.75 443.375 -124.0 -42.375
 -121.84375 99.46484375 -99.77734375 -8.673828125 26.09033203125 108.2265625 82.810546875 -103.033203125 3.921875 38.79296875
 76.15625 -9.50390625 25.98828125 -5.87890625 -9.12042236328125 5.95703125 11.314453125 -12.232421875 13.953125 -13.103515625
 -952.833984375 1318.63916015625 1835.1748046875 3535.48046875 -3014.666976928711 -2301.6201171875 1508.28271484375 -4418.39697265625 -1170.818359375 -192.79345703125
 -961.4375 69.0 -108.75 137.75 -21.0185546875 -8.78125 -3.6875 -42.234375 8.125 -14.765625
 -459.9375 15.4375 9.4375 142.3125 -273.43603515625 -69.3125 46.21875 -200.7734375 -65.375 74.734375
 26.9921875 1.76171875 -9.0078125 4.6484375 -13.24658203125 3.875 7.3515625 1.31640625 2.875 -2.279296875
 -19.5029296875 7.7841796875 17.6044921875 8.86767578125 12.471572875976562 12.06103515625 5.576171875 -5.17578125 3.81640625 1.5732421875
 -31.0 82.9375 -65.75 -35.25 45.07421875 -12.875 -60.8125 11.6875 -72.25 30.96875
 285.3828125 -39.640625 -45.2421875 -53.15625 -29.617919921875 -131.54296875 -43.765625 44.47265625 -25.1796875 10.044921875
 78976.0 -1080.0 -6288.0 7120.0 -9354.5 2128.0 8224.0 -2520.0 -4000.0 80.0
 41.9375 -55.984375 38.90625 27.46875 12.88671875 -0.71875 66.421875 -24.453125 24.625 -30.5
 159.625 -85.75 41.96875 -40.53125 -19.375 57.875 6.71875 7.3125 -12.5 27.25
 -307.59375 21.8515625 -7.6875 -27.625 43.020263671875 -42.359375 0.6171875 16.2421875 30.25 35.07421875
 -320.515625 36.203125 -97.3125 73.4921875 4.208984375 40.078125 -4.8203125 6.62890625 18.03125 -5.3125
 -1965.5 120.375 -80.0 174.5625 -104.85546875 369.625 -204.5 181.8125 289.5 102.4375
 9.796875 -14.8984375 9.765625 7.1953125 -13.474609375 -1.65625 21.6640625 1.03515625 32.453125 -13.8515625
 -261.6875 -167.625 169.5 -158.9375 104.4296875 -286.1875 -119.078125 -19.125 -26.375 83.71875
 65.34375 -73.984375 1.28125 -0.40625 -27.8125 12.25 17.703125 -14.421875 21.5625 -26.140625
 40.212890625 -20.68212890625 -10.02734375 -4.111328125 5.4285888671875 -15.7548828125 -15.7275390625 2.7978515625 -7.71484375 8.6982421875
 -242.0859375 56.90234375 91.484375 -2.4453125 155.549072265625 51.296875 16.19140625 47.73828125 34.4375 18.037109375
 66.328125 -54.1875 35.984375 41.390625 -49.8212890625 1.234375 45.15625 -7.9375 25.34375 -24.06640625
 -44.4375 22.6875 -18.5625 -35.5625 7.03515625 -0.125 -13.8125 -22.65625 -43.75 -24.765625
 167.65234375 -51.5703125 5.421875 -22.041015625 29.921875 -43.83984375 -33.75390625 58.177734375 4.296875 -5.5849609375
 -4043.0 268.0 -41.0 -171.75 403.1875 458.0 -169.71875 78.625 -279.5 -123.6875
 79.9346923828125 277.546875 -131.28125 -44.921875 51.765625 -95.71875 -108.69140625 9.3076171875 -77.673828125 24.0
 -8.46875 -27.609375 -4.125 17.796875 21.6962890625 -2.5 38.6875 -13.6015625 24.875 -13.15625
 -1056.62890625 83.5625 -13.5 167.171875 -30.87109375 20.21875 -24.375 5.4140625 -37.8125 -45.10546875
 58.15625 -128.015625 54.96875 83.375 -28.724609375 31.84375 48.28125 -92.84375 58.3125 18.125
 16.25 -64.8125 53.375 1.875 3.568359375 71.75 71.125 23.5625 -108.25 -16.8125
 -122.08642578125 148.57568359375 37.40234375 6.09765625 -43.12750244140625 -59.31884765625 7.7568359375 -24.26953125 0.732421875 -41.155517578125
 505.0625 -21.25 97.0 -26.9375 -1.9267578125 -78.4375 50.53125 38.625 -73.625 29.546875
 42.53125 -22.75 -6.5625 -3.71875 -12.65234375 7.21875 11.234375 -3.265625 11.75 -16.0625
 82.75 -103.953125 81.6875 -11.484375 42.40625 23.75 81.3125 -38.78125 35.65625 -51.875
 43.359375 82.8203125 -45.71875 -30.6875 15.85546875 -46.296875 -35.1796875 42.5078125 -45.46875 -0.47265625
 32.71875 37.9375 -20.78125 -9.828125 0.5625 4.234375 -14.703125 10.203125 -26.0 -0.2265625
 -1234.9375 474.34375 140.9375 -89.25 -479.3232421875 170.125 329.0625 -536.21875 1.125 -11.484375
 114.5 -111.890625 71.0 29.125 -25.771484375 -10.875 38.046875 -51.78125 78.9375 -43.7421875
 -28.802734375 -12.509765625 -1.94921875 6.8046875 0.16455078125 -12.984375 8.88037109375 1.73046875 17.5625 0.0048828125
 -1291.375 78.125 -142.0625 158.75 -37.267578125 115.3125 -34.5 27.09375 109.125 -1.0
 -193.53125 23.85546875 -123.078125 364.7578125 -363.909912109375 40.265625 54.59375 -109.99609375 -116.0625 20.375
 -243.2890625 58.1640625 37.53125 35.3046875 -39.6728515625 -14.1875 35.130859375 -57.0625 -8.46875 24.3125
 35.2421875 -21.3359375 -1.84375 -27.890625 24.740234375 4.5 9.7421875 -11.3515625 9.125 -2.0546875
 1163.46484375 708.5 687.1640625 134.7890625 981.64208984375 97.09375 528.13671875 -129.43359375 102.125 412.587890625
 127.640625 -5.24609375 16.265625 57.390625 -47.42626953125 55.640625 51.7109375 10.06640625 48.40625 -96.77734375
 -823.125 34.84375 -18.6875 57.09375 21.7841796875 55.9375 -61.09375 11.34375 11.3125 28.546875
 -1163.375 265.40625 -88.625 273.1875 -460.3125 20.3125 131.5625 -200.1875 -54.0 -73.5625
 -170.625 2.4375 -211.75 380.25 -353.625 -64.3125 19.4375 -143.40625 -48.375 52.21875
 9.625 28.984375 -47.625 1.75 16.109375 -4.65625 12.484375 6.625 -40.25 -18.171875
 79.875 22.8125 -4.5625 -0.78125 -18.4931640625 15.9375 -0.453125 17.2890625 -28.5 19.4140625
 27.9375 7.4375 -7.625 -1.5 -7.3427734375 8.75 -6.6875 -4.375 -44.375 -16.0625
 35.8984375 -21.671875 1.640625 7.9140625 1.369384765625 4.4453125 18.3515625 -4.28515625 1.34375 -2.04296875
 -1618.78125 56.71875 -151.0625 175.796875 8.16796875 163.5625 -39.453125 27.96875 32.3125 -16.3671875
 64.9609375 -67.46484375 33.1484375 -6.90625 2.46240234375 -16.0546875 23.546875 -35.015625 35.703125 -17.30078125
 27.75 -15.84375 -11.375 -12.4375 -13.2119140625 1.53125 12.59375 8.15625 -7.875 6.15625
 51.8125 -33.53125 39.515625 1.5 18.107421875 18.828125 24.8515625 -9.375 19.96875 -1.94140625
 -1404.625 319.28125 -44.875 155.6875 -290.59375 136.1875 172.75 -211.0625 -29.5 -82.78125
 19.515625 -24.984375 11.40625 15.3046875 -6.2744140625 2.2421875 17.87890625 -11.40625 33.625 2.16796875
 500.890625 -554.078125 -256.96875 -316.5 -428.25 -102.96875 -352.66796875 24.3515625 -28.1875 -321.8359375
 -523.0 -16.0 -99.5 -56.625 22.984375 -26.75 -21.375 40.3125 70.25 128.0625
 35.5 -158.5 -61.5 79.5 36.546875 -41.5 167.25 -67.125 85.0 91.25
 25.5703125 11.822265625 22.341796875 -8.5625 5.522918701171875 14.9755859375 13.96923828125 -14.81298828125 4.974609375 -0.220703125
 -114.390625 -19.265625 4.84375 -10.4375 -3.2900390625 -76.3125 6.1640625 -57.953125 4.6875 20.37109375
 71.75 87.125 166.0 -22.0 -40.9296875 -10.5 8.5 3.75 4.5 -171.0625
 -104.630859375 -1028.65625 17.41796875 64.6923828125 173.48941040039062 110.4130859375 -60.189453125 19.4423828125 -160.16015625 480.46435546875
 35.453125 -28.4296875 35.421875 -1.4765625 -2.220703125 4.546875 37.4609375 16.140625 28.71875 -18.28125
 6.375 63.34375 11.3125 -26.328125 -54.73046875 6.5 -28.3125 45.78125 -17.625 -9.9765625
 115.0 18.8125 -249.625 237.25 205.47265625 305.125 -112.8125 488.78125 127.25 -127.9375
 -64.064453125 -14.776611328125 23.39599609375 33.3271484375 14.375038146972656 -20.82666015625 24.614501953125 24.4169921875 -7.3447265625 -10.5543212890625
 72.4375 -26.03125 9.6875 50.5 -0.0625 -5.375 11.375 -26.421875 5.0 -3.0
 40.453125 7.6015625 29.796875 16.296875 -14.22314453125 33.984375 -21.9609375 2.2421875 24.8125 11.18359375
 -541.625 91.7939453125 230.08203125 57.876953125 23.4801025390625 -39.03125 -131.015625 26.8935546875 21.98828125 20.84765625
 -269.740234375 82.71728515625 20.857421875 232.2294921875 -357.9441223144531 -66.8994140625 25.60888671875 -22.08349609375 -38.958984375 -20.214599609375
 28.03125 -14.28125 2.15625 4.4375 -12.353515625 8.90625 0.6328125 -3.4921875 -2.5 0.25
 -343.1875 8.109375 3.625 50.28125 -4.833984375 33.09375 -9.765625 14.3359375 24.5625 2.171875
 298.24609375 -28.2265625 46.0 -23.1796875 -26.056640625 -52.609375 2.68359375 -4.53125 -14.9375 10.609375
 36.953125 -38.8671875 3.578125 5.0 -12.4775390625 10.109375 -2.046875 -10.45703125 17.5 8.6484375
 -188.96875 161.869140625 40.1953125 -145.896484375 40.12200927734375 163.95703125 73.83984375 -59.4619140625 68.4140625 -26.4765625
 75.3671875 1.150390625 -33.51171875 1.63671875 -15.35406494140625 21.3359375 -2.494140625 14.529296875 12.625 5.947265625
 -33.0 -13.6875 41.5 7.0 17.8828125 1.875 70.5 39.3125 27.5 21.5625
 16.84375 -0.375 -3.671875 10.875 -13.2294921875 -1.5859375 6.1640625 -4.98046875 15.1875 -12.7890625
 -740.5078125 42.77734375 -76.3125 79.125 6.133056640625 42.5234375 -13.63671875 5.3671875 10.546875 -0.98046875
 15.703125 11.703125 -10.09375 2.09375 -7.24169921875 2.3125 7.4375 10.8671875 12.40625 -7.33984375
 68.25 37.75 13.5 4.0 32.60546875 -23.875 -0.25 10.6875 -14.5 13.125
 118.75 -7.765625 -36.875 54.03125 -42.7421875 -1.65625 11.625 -9.453125 -13.9375 -6.90625
 31.65625 -18.65625 -4.625 1.7109375 -7.96484375 5.875 16.90625 1.296875 -2.65625 -11.15625
 4628.125 344.9375 169.40625 -888.140625 -136.0849609375 297.140625 570.5703125 -751.359375 96.375 -118.0546875
 194.1328125 -159.529296875 89.953125 -139.60546875 239.3111572265625 -181.8671875 -150.3984375 235.806640625 -5.828125 -2.76171875
 42.98046875 -9.91015625 4.4765625 1.0078125 -6.79296875 2.515625 7.85546875 2.669921875 -3.421875 -1.89453125
 729.625 -52.96875 64.15625 -79.9375 -5.9638671875 -44.5625 -2.890625 -15.78125 9.375 29.875
 13.25 -48.75 17.875 8.359375 -8.986328125 30.21875 34.140625 3.1875 29.875 -22.234375
 143.5 -89.40625 1.3125 56.765625 -16.95703125 -49.828125 50.71875 9.546875 56.875 -36.515625
 -207.1015625 148.76171875 38.046875 -134.8828125 48.1375732421875 120.8515625 69.2890625 -41.390625 54.359375 -33.482421875
 55.3125 -9.609375 -9.5 9.625 9.69921875 -15.8125 7.296875 5.390625 -21.4375 -6.6796875
 100.90625 -55.375 20.96875 20.109375 38.9775390625 -19.78125 61.5 -26.453125 22.28125 -8.7890625
 46.0 -95.0 34.0 -19.75 -140.296875 27.75 87.75 -13.5 11.0 54.0
 15.875 16.5 14.375 -14.78125 -6.96484375 31.8125 3.71875 24.921875 -36.375 11.96875
 95.34375 -29.890625 -0.96875 -5.78125 19.86328125 1.03125 33.03125 16.203125 16.8125 -1.625
 38.25 -1.0 72.375 25.625 -16.51953125 -73.125 10.0 1.6875 134.0 12.6875
 -400.5859375 -546.08203125 184.0234375 184.63671875 89.7362060546875 -5.58203125 -20.23828125 -1.857421875 -79.8125 233.033203125
 91.375 41.6875 14.25 64.1875 43.642578125 -58.5 32.25 -14.875 18.625 -9.6875
 19.78125 0.78125 -12.40625 -6.109375 -1.62353515625 18.46875 4.453125 1.96875 -35.1875 -4.5
 88.03125 -3.140625 -43.59375 -12.34375 -28.34033203125 -15.34375 8.890625 3.046875 -7.3125 -22.171875
 138.9375 -83.5625 38.0 23.75 -8.1708984375 45.3125 100.78125 -48.4375 -37.625 -56.625
 31.828125 10.3828125 1.453125 4.75 -3.6845703125 5.59375 13.7890625 6.3984375 -5.0 -7.65625
 30107.8125 -1826.0 2431.6875 -1076.375 -1720.0849609375 -2172.59375 1039.53125 -1311.03125 -776.875 102.640625
 248.5 -200.625 34.375 158.5 500.8125 24.5 -331.75 821.9375 24.5 -81.40625
 16.234375 2.546875 -6.6875 -1.421875 -1.68798828125 5.421875 3.1484375 4.0859375 -22.4375 -0.4765625
 -60280.0 572.0 -8041.0 28280.0 -4599.25 4109.0 -596.0 4055.5 3334.0 1427.0
 -96.6875 0.765625 -20.15625 26.765625 -35.45166015625 -0.171875 30.453125 -21.9453125 -31.21875 3.5
 -114368.0 11808.0 -12912.0 -1280.0 8979.0 -13776.0 8592.0 3728.0 6496.0 -8532.0
 -214.25 17.15625 -61.03125 79.09375 -54.83203125 54.46875 28.28125 -51.421875 -18.625 27.2578125
 -374.75 -17.375 -36.40625 -2.34375 36.2294921875 -52.3125 8.5 9.0 64.9375 -28.0390625
 -74.56640625 -42.015625 -35.984375 42.921875 -15.720703125 -32.078125 -28.201171875 -3.5546875 -3.9375 19.42578125
 79.78125 -51.453125 22.6875 5.375 27.02734375 10.890625 49.515625 -27.0859375 48.6875 -20.1875
 92.625 18.375 -47.0 -37.5625 58.525390625 -46.5 29.875 -15.0 -101.375 -50.5
 36.75 23.375 -74.25 0.75 -39.36328125 0.6875 -71.875 19.5625 -104.0 9.1875
 819.0625 -43.625 30.875 31.34375 -177.28369140625 -40.84375 28.390625 -102.515625 -65.8125 15.46875
 61.943359375 16.7294921875 -13.818359375 -18.943359375 -6.88885498046875 18.7763671875 -21.994140625 -14.64990234375 -5.66015625 6.1376953125
 -222.875 -300.9375 -520.609375 -337.171875 814.3671875 317.265625 -71.125 -87.5 46.75 -98.9765625
 -105.546875 -17.3359375 -7.78125 -75.921875 45.470947265625 -22.3125 -20.75 14.84375 8.53125 8.37109375
 1394.109375 266.890625 -179.9375 423.078125 171.0341796875 58.75 -446.6328125 12.7265625 -146.03125 15.87109375
 -690.0 -1.9375 40.5 -107.625 -61.0703125 26.5625 8.0 -24.6875 -17.25 -74.03125
 -40.3125 -14.1875 46.875 30.375 1.98828125 49.4375 14.125 7.71875 13.5 -31.4375
 361.0 -57.21875 44.25 -47.0625 298.037109375 -54.3125 6.125 217.875 97.0 -45.65625
 -16.40625 48.546875 59.625 56.859375 50.9697265625 38.8125 -0.0859375 2.59375 -21.6875 38.09375
 34.21875 0.3671875 -55.421875 28.6953125 -27.857421875 24.828125 -7.40625 4.6015625 8.03125 21.5859375
 -5.0625 -0.15625 5.3125 7.28125 20.94580078125 7.75 -7.84375 -1.328125 -8.125 14.6640625
 -38.53125 8.3984375 -51.015625 71.015625 -39.208251953125 13.15625 3.0703125 -1.5234375 -16.625 -3.2578125
 73.0 -1359.703125 -1163.0 -1092.21875 393.66455078125 -230.5 -752.25 -132.78125 -98.5625 -655.9765625
 33.34375 -12.5859375 -10.7421875 8.56640625 -3.070068359375 -3.046875 6.3046875 -11.712890625 0.78125 -8.4580078125
 1.8125 5.296875 -17.03125 -11.796875 10.470703125 -5.5625 -9.296875 3.609375 -5.625 -5.375
 28.1796875 -59.326171875 -152.3046875 -144.767578125 -70.37225341796875 -2.71484375 -35.39453125 -39.1455078125 -7.55078125 -34.4287109375
 1202.375 -316.25 27.125 -112.3125 354.1220703125 -58.625 -182.9375 318.375 58.375 60.4375
 56.25 -105.0 30.5 70.875 12.57421875 -33.1875 140.1875 -57.78125 52.0 -39.1875
 487.625 -73.0625 12.9375 -87.46875 -112.2841796875 72.96875 -8.8125 40.125 -31.625 81.484375
 139.625 19.794921875 -4.734375 49.61328125 -85.78363037109375 12.7421875 31.19140625 -23.365234375 -40.2578125 -26.5634765625
 43.484375 12.33203125 -2.265625 -10.7890625 -9.29541015625 10.71875 -20.6953125 -1.498046875 -4.796875 22.294921875
 49.9453125 -9.6953125 -5.40625 -6.35546875 -4.3720703125 -2.78125 22.58984375 -2.330078125 -16.875 1.0703125
 55.96875 3.046875 20.34375 12.3125 -10.88818359375 36.25 6.9375 9.9375 -40.5 0.0703125
 27.6396484375 -2.990234375 -8.408203125 2.275390625 1.296875 5.666015625 -1.374755859375 -3.77734375 -13.109375 -0.1171875
 56.1875 -120.953125 51.96875 52.65625 -6.044921875 -8.46875 65.015625 -29.984375 84.6875 -17.640625
 -1280.8359375 151.19140625 -384.9375 151.625 -109.1610107421875 388.0859375 98.52734375 155.20703125 50.484375 173.185546875
 840.109375 -1570.171875 -370.34375 -390.1875 -1736.880859375 -263.3125 -939.90625 28.0859375 -97.90625 -881.3515625
 -178.546875 103.875 -41.6796875 -52.1875 176.1407470703125 197.3984375 -0.28515625 152.23046875 94.765625 -52.93359375
 -264.3125 27.265625 -58.0625 39.46875 -20.5546875 15.109375 -22.015625 13.9765625 28.25 0.015625
 120.125 15.625 65.625 -73.1875 57.47265625 -38.0 -62.625 20.03125 3.75 62.03125
 33.90625 9.21875 -8.28515625 4.037109375 -13.04443359375 -2.94140625 2.8828125 7.8487548828125 12.578125 2.595947265625
 37.46875 6.2421875 -43.0625 14.078125 7.5556640625 1.953125 7.3125 3.359375 1.46875 -1.703125
 233.0 51.625 -1.5 -95.5 -24.91796875 -14.5 24.875 68.875 -155.0 -68.0625
 77.15625 -47.1875 -17.15625 6.375 29.234375 -33.84375 -0.0625 -46.953125 37.625 12.71875
 47.125 66.625 15.625 -1.5625 3.564453125 2.375 -43.40625 31.875 -77.375 9.8125
 -42.92578125 83.375 -8.5 -7.8125 9.265625 6.375 45.90625 11.5 -83.75 6.53125
 215.3125 2.828125 19.4375 35.625 20.380859375 -68.34375 1.859375 -27.21875 -18.0 10.6953125
 183.125 267.34375 521.625 9.875 -1134.5546875 -424.9375 427.9375 -1201.4375 -118.75 218.265625
 41.75 65.625 -62.375 -40.875 -40.333984375 34.875 -62.75 21.5625 -125.0 -12.0
 -197.1953125 -76.59375 -19.125 55.40625 45.1875 58.34375 -26.654296875 107.796875 76.875 -45.9765625
 813.4375 -30.375 110.0625 -280.90625 192.637939453125 -26.5625 -37.71875 50.78125 -9.625 4.59375
 -449.0 209.75 -150.5 120.75 6.0625 112.0 122.25 94.375 -58.0 -39.25
 39.0234375 -9.20703125 8.546875 6.37109375 -1.8494873046875 3.8984375 -1.31640625 -2.2890625 3.140625 -4.931640625
 -19.40625 -5.765625 -33.8125 -31.71875 -14.34326171875 24.53125 2.234375 -3.1875 -28.8125 -29.328125
 -499.84375 70.046875 -95.125 -21.453125 -47.6748046875 -1.4375 -26.1875 47.9609375 0.59375 -15.640625
 1.984375 -3.85546875 -15.671875 6.171875 5.647705078125 5.8359375 -0.8359375 -10.4140625 2.234375 -22.93359375
 13.46875 3.3515625 7.734375 4.515625 -11.40478515625 16.625 -7.078125 5.0390625 -4.0 -30.51171875
 28.59375 -26.5625 32.15625 -17.984375 -6.45849609375 32.71875 -12.53125 -11.6796875 1.8125 0.6875
 55.0625 -9.890625 5.078125 -10.8984375 -11.24609375 11.25 -5.62890625 -9.9375 -10.4375 -2.078125
 -186.5 94.5 -28.5 -41.0625 93.8828125 -93.5625 75.0 50.890625 -216.5 -16.65625
 40.703125 -9.875 11.15625 -17.578125 -0.240478515625 -3.984375 10.4453125 1.1796875 9.21875 -0.7734375
 -645.84375 152.765625 74.4765625 441.234375 -239.299560546875 84.390625 61.0078125 -7.6875 -12.03125 25.1796875
 523.2421875 -75.5986328125 38.439453125 182.8984375 -76.09866333007812 -59.220703125 6.216796875 -51.400390625 -39.82421875 23.23974609375
 -158.4609375 36.627197265625 60.5927734375 -53.86865234375 -18.69634246826172 21.5908203125 -37.216552734375 -16.745361328125 -2.5400390625 13.60302734375
 24.9375 -42.875 5.0 0.0 6.9365234375 65.5625 -54.5625 -47.25 10.25 -22.75
 44.953125 -13.09375 6.6953125 -5.953125 1.8948974609375 11.65625 -4.04296875 -5.2734375 7.578125 8.00390625
 -5.0390625 -19.546875 8.625 5.78125 -13.0654296875 15.953125 0.1640625 6.203125 -15.71875 4.3828125
 24.46875 -7.375 -2.84375 4.265625 3.64794921875 -0.109375 2.9375 5.8515625 -4.5 2.8125
 11.8125 5.1484375 61.171875 56.45703125 -95.0478515625 9.0390625 38.47265625 -147.0830078125 -13.3046875 -13.6953125
 8.875 26.5 6.6875 -32.84375 44.685546875 -7.46875 -37.09375 13.53125 -60.4375 24.375
 11.5 20.25 -30.46875 -18.578125 -9.025390625 17.609375 -13.53125 22.9609375 -14.21875 -7.2734375
 -1.5546875 -11.37890625 -10.6171875 16.01171875 -10.31890869140625 -18.5703125 -2.49609375 7.71484375 3.796875 -3.755859375
 9.953125 85.34375 5.5 -23.78125 -13.1611328125 0.46875 -20.875 50.921875 -41.0625 -2.9609375
 287.5 7.75 -26.25 -31.625 83.390625 -139.75 -31.75 -16.5 -15.0 45.625
 19.578125 -8.03125 12.96875 0.1875 0.7646484375 3.9921875 -8.4765625 -1.62109375 32.6875 15.02734375
 63.125 49.53125 -12.1875 30.375 7.630859375 -53.625 27.34375 27.1875 11.125 -14.75
 187.5625 -32.25 48.0 33.75 -11.40625 -45.25 7.8125 5.0625 25.75 -25.28125
 -1212.75 1246.1875 -213.25 1202.5 -1379.419921875 1301.875 1364.375 -2333.8125 128.25 353.1875
 584.07421875 -27.556640625 16.34765625 63.72265625 -72.33380126953125 46.396484375 33.23046875 12.3271484375 3.66015625 2.2568359375
 654.25 4.5 -237.125 594.1875 -632.96875 46.75 106.75 -191.953125 -158.0 -0.328125
 -164.234375 29.984375 -29.03125 26.234375 -13.614501953125 44.171875 12.921875 -17.08984375 20.28125 3.48046875
 -444.125 87.21875 113.5625 -165.78125 106.07421875 108.46875 13.8125 52.046875 79.0 3.34375
 -113.53515625 47.34326171875 13.3427734375 -23.23046875 -4.533935546875 -40.14453125 -17.5849609375 10.8828125 -16.890625 18.294677734375
 1.1875 36.15625 -36.0625 -10.96875 34.18359375 20.09375 -49.96875 -21.25 -67.5 17.3515625
 -4044.75 167.0625 -370.75 554.375 -69.70703125 296.625 -22.125 -13.9375 112.75 -35.5625
 283.0 24.625 -56.0 39.125 56.5703125 -73.875 -15.5 -15.625 -33.5 41.625
 177.8046875 -31.7373046875 -14.939453125 -46.43359375 20.44598388671875 -49.6171875 -38.0751953125 60.251953125 -0.8046875 -7.2275390625
 -59.5625 2.60546875 -9.3125 5.765625 -5.05078125 0.7421875 0.1953125 -2.25390625 -4.15625 0.7578125
 130.5 -250.9375 27.0 130.125 -175.03125 -37.75 134.25 -63.1875 120.5 21.21875
 8.25 56.4375 -15.375 13.9375 -4.921875 -72.4375 33.875 35.5625 -1.0 -12.5
 44.32421875 -16.0390625 2.1484375 3.6953125 3.611328125 -2.3203125 13.1171875 -2.046875 7.625 -8.13671875
 82.6875 -94.90625 82.5 39.5625 -52.28125 -6.25 92.4375 -26.46875 88.5 -16.25
 13040.0 -1423.625 -2871.5 -4816.125 1505.296875 2113.25 -752.3125 2363.5 1172.0 -1146.8125
 53.78125 -17.171875 19.609375 3.734375 -1.8671875 -0.765625 34.8046875 -7.40625 16.78125 -27.5546875
 17.3125 -44.125 21.25 22.8125 -8.26953125 -31.625 34.625 -33.625 70.875 -13.5
 -45.75 -20.75 -72.0 -61.625 -36.62109375 77.1875 -60.125 0.125 -42.875 18.28125
 42.3125 -49.828125 20.5 18.03125 21.1640625 17.625 43.3125 -43.53125 28.4375 -13.109375
 49.65625 7.46875 -2.75 -13.484375 -31.93359375 -2.9375 10.25 13.03125 53.5 6.390625
 34.546875 2.21875 -18.671875 3.671875 -10.525146484375 -0.859375 3.90625 6.3515625 -10.9375 -10.5390625
 -153.5625 36.203125 32.4375 11.625 6.7705078125 -30.65625 7.40625 14.0234375 -10.3125 -20.734375
 347.953125 -238.203125 -182.3125 -188.234375 -160.299072265625 -218.453125 -145.125 69.25 -50.84375 -53.69921875
 46.125 25.0 3.7734375 -2.5 -6.96875 11.8515625 -31.0 2.265625 -11.9140625 2.53125
 580.3828125 -64.609375 -47.4609375 -19.5234375 108.08251953125 12.265625 -46.13671875 143.97265625 2.75 -40.126953125
 -6.21875 -58.11328125 -6.578125 -7.7734375 -22.97265625 45.5390625 -30.96875 -16.26171875 17.828125 0.140625
 17.25 -9.0 10.125 7.75 25.2890625 -34.625 -28.65625 -12.0 0.5 19.71875
 -84.3125 44.625 81.75 -77.625 110.73974609375 55.875 5.4375 90.3125 34.4375 -26.3203125
 37.8125 4.9375 -14.5625 -1.453125 -6.2646484375 3.21875 -3.25 3.65625 -5.1875 -3.4375
 -62.25 48.71875 -55.875 34.875 -1.5107421875 -24.25 47.9375 37.96875 -28.625 -1.109375
 49.390625 -17.7109375 -13.65625 8.921875 -7.472412109375 2.421875 -6.94921875 -5.62890625 3.71875 -26.57421875
 27650.0 -1527.0 2296.0 -2799.0 -540.5 -3947.0 695.5 -821.5 -64.0 129.5
 -12.609375 18.421875 -6.125 3.234375 9.27099609375 5.953125 5.0546875 0.37109375 -13.3125 20.22265625
 47.5 -19.90625 28.3125 -16.703125 59.65283203125 61.859375 16.171875 12.0234375 12.1875 -22.78125
 284.0 -32.921875 48.984375 -97.15625 59.635009765625 -11.7890625 -10.8046875 25.578125 -0.8125 2.140625
 442.8125 -121.171875 -278.5 118.53125 -936.1689453125 -459.625 -101.75 -103.5 -178.3125 -11.71875
 -400.5 39.0625 -162.0 109.875 -13.337890625 22.0 29.5625 -17.59375 -25.0 -5.21875
 -3.1875 12.8125 -20.375 16.5 -0.1201171875 17.8125 -2.875 -9.875 9.3125 -3.015625
 -527.625 -104.5 -20.0 -5.375 -8.328125 54.25 -5.375 -7.375 13.0 -49.5
 -43.625 50.125 -67.125 11.25 80.78125 -96.75 17.5625 28.84375 -0.75 -3.1875
 -108.40625 -4.6640625 -116.28125 64.421875 -113.47802734375 24.890625 20.703125 -63.8515625 -17.875 -11.7578125
 37.8125 37.734375 -35.40625 22.34375 6.9580078125 -35.9375 25.921875 18.40625 3.125 -13.3203125
 8.0 -4477.96875 886.75 460.75 2165.75 3500.578125 -5192.25 -6699.0 1247.8125 -3441.1875
 214.640625 79.875 117.875 10.625 -33.46875 2.5 1.078125 -10.5625 74.5 82.28125
 -5.25 -35.421875 -28.375 47.28125 69.8564453125 49.90625 -140.34375 -10.484375 -118.5625 121.09375
 50.203125 -9.828125 2.5234375 5.11328125 -10.6083984375 3.2578125 0.857421875 -0.775390625 7.75 -5.34375
 45.875 -39.28125 -11.96875 32.5625 -10.9765625 31.53125 15.796875 -19.765625 1.8125 -9.890625
 101.625 -19.84375 15.40625 -7.0625 -11.77197265625 35.46875 -16.328125 -15.671875 -4.9375 -25.125
 990.4375 -332.484375 -302.15625 -375.46875 95.7470703125 -194.875 -202.375 318.65625 -25.3125 -109.8671875
 154.40625 -5.6328125 -31.578125 88.125 -53.404052734375 53.0625 -14.6875 -47.140625 3.65625 2.921875
 25.671875 13.0078125 -61.453125 -38.96875 7.763671875 -25.1640625 41.75 17.7421875 -65.59375 -4.29296875
 70.5 8.65625 3.0 15.75 1.48828125 0.75 -2.34375 3.171875 3.4375 22.234375
 31.078125 -3.8125 0.8984375 1.9296875 3.9208984375 4.59375 -1.34765625 2.1640625 -4.140625 -1.12109375
 469.5 -48.5 -380.5 306.0 -97.1875 -295.5 -252.75 -307.75 -101.0 299.375
 123.0 -26.609375 27.6875 26.40625 16.884765625 -19.5625 48.28125 -19.46875 41.75 -22.984375
 47.8125 28.21875 -66.25 -23.4375 13.2939453125 -43.875 47.59375 24.09375 5.0 26.59375
 30.0 -415.5 1420.0 640.0 -788.5 296.0 670.75 383.25 573.4375 -586.875
 1.125 0.921875 -2.75 1.9375 -1.19921875 -0.90625 -0.2265625 0.09375 -0.080078125 -0.8359375
 -166.0 -228.0625 -737.0 -768.75 21.8125 36.75 101.4375 -83.8125 -110.59375 14.765625
 46.5 -3.8125 -14.5 -17.125 7.71875 2.5 1.625 -1.75 -2.5390625 2.40625
 49.8984375 -37.203125 10.84375 19.34375 -23.8271484375 3.4375 16.76953125 -0.4921875 21.625 11.328125
 375.53125 219.21875 95.625 -45.546875 -427.52734375 158.46875 303.8046875 -413.75 8.5625 13.09375
 25.140625 5.83203125 -2.484375 5.40625 -11.00244140625 10.1640625 -2.921875 -2.453125 8.359375 0.2421875
 69.4453125 -4.89453125 -3.1328125 -2.48828125 -1.7685546875 9.16796875 2.59765625 -3.49609375 -0.9921875 -0.21484375
 40.9375 -20.08984375 10.421875 -2.484375 -12.30029296875 17.5546875 13.4140625 -3.5078125 12.78125 -7.90625
 59.03125 9.84375 -32.5 12.953125 0.92822265625 31.703125 13.6875 0.5546875 9.9375 -15.4609375
 822.578125 -53.8046875 -41.625 -69.578125 -49.3955078125 24.328125 53.90234375 -2.515625 -54.5625 33.62890625
 -48.5 -286.25 36.75 157.75 -106.3671875 25.5 155.625 -194.375 204.0 -9.375
 62.625 -124.6875 110.5 -17.0625 -46.57421875 55.75 54.25 3.90625 145.625 -13.125
 49.5 -39.330078125 43.83984375 -86.4609375 -31.49609375 -52.4765625 1.0576171875 -13.857421875 -6.24609375 -2.49755859375
 2198.25 -47.5 -118.125 269.8125 -504.4609375 -126.75 204.8125 -148.0 -48.5 35.25
 44.0546875 62.546875 -21.578125 12.03125 27.7265625 -59.71875 8.8070068359375 8.8125 -34.9375 -70.125
 54.1875 -20.25 15.71875 12.03125 -13.09765625 25.875 -12.90625 -4.5 62.6875 17.2890625
 33.5 -65.75 161.875 -79.25 1.21875 -112.125 -47.8125 -74.1875 110.5 29.34375
 1124.734375 -469.828125 794.34375 118.6796875 58.016357421875 -67.3125 -163.7421875 -154.5546875 31.234375 -144.2890625
 177.125 61.4375 -43.28125 -3.40625 0.515625 18.15625 12.3828125 -23.5625 24.685546875 -46.296875
 11.916015625 31.6982421875 89.28125 7.849609375 71.88491821289062 -7.251953125 11.26171875 26.2802734375 11.26171875 18.7841796875
 3.5 26.0625 -29.4375 -1.03125 -20.505859375 4.53125 -33.3125 -3.453125 -1.25 8.484375
 -9.578125 -9.5546875 -8.25 11.8984375 4.752197265625 9.1015625 -5.140625 -6.16015625 -11.078125 10.59765625
 22.28125 -45.71875 15.09375 7.015625 -56.779296875 40.625 0.78125 10.34375 -29.71875 -8.6796875
