32.5 106.5 76.25 1.0 63.8125 126.0 -278.0625 7.0 -365.0 34.5
 -953.875 109.3125 158.5 -296.875 1023.0625 -626.25 107.078125 -371.1875 -276.25 16.03125
 -63.5 197.75 -27.75 -8.5 37.21875 31.5 -224.578125 -37.875 -167.5 -1.25
 -39.0 11.234375 65.75 -15.0625 -43.5 -14.9375 31.109375 40.796875 -29.5 -6.65625
 -912.0 -438.5 -411.75 -309.5 508.96875 -18.5 -1529.34375 -197.5 -1463.0 -72.375
 -926.0 -993.0 -147.0 141.0 340.375 318.0 -708.8125 15.5 -776.0 90.25
 -388.0 -914.0 -1424.0 -670.0 700.0 542.0 2898.0 1626.375 -2364.0 1046.0
 -273.4375 380.21875 252.0625 59.453125 -64.45703125 43.21875 -59.3515625 -2.4765625 -0.4375 -33.890625
 1397.1875 -1936.53125 -1260.40625 -385.875 608.28515625 -415.5 26.6484375 298.8125 -777.75 238.4375
 -453.125 1068.8125 413.125 -4024.75 -779.39453125 1555.0 -683.3125 211.5 60.25 -394.8125
 -74.76953125 -68.857421875 -25.134765625 42.36328125 9.16796875 79.421875 -52.231689453125 -33.734375 -118.9609375 16.78125
 -143.53125 -138.1796875 38.09375 -102.234375 -210.8193359375 -9.4375 -192.7890625 297.78125 -6.46875 13.609375
 231.875 -382.609375 -331.484375 56.6875 26.275390625 -142.78125 47.853515625 26.78125 13.3125 17.7890625
 -194.44921875 1365.8095703125 398.498046875 395.380859375 325.101806640625 -247.078125 69.83349609375 -258.8466796875 407.71875 -5.134765625
 144.875 -2.625 -16.875 -25.75 6.4296875 -12.125 58.1328125 35.4375 39.375 -13.28125
 -23.18359375 23.4697265625 -25.837890625 -20.1943359375 -27.32196044921875 5.732421875 -19.15838623046875 -33.75927734375 -5.54296875 2.18896484375
 378.5 700.5 262.25 -57.5 -317.1875 -211.0 413.75 114.5 520.0 -199.5
 210.32421875 -922.072265625 -562.48828125 1735.68359375 -197.4466552734375 -818.34765625 229.00341796875 -18.0927734375 -38.80078125 193.181640625
 -1577.75 853.5 506.6875 -105.875 -162.7734375 75.0 -191.0 98.3125 396.5 179.5
 37.625 -89.828125 22.28125 -18.0625 48.18359375 -26.0 -52.62109375 -2.546875 23.6875 -37.03125
 737.75 -693.75 -504.75 -376.0 306.109375 70.5 156.75 53.1875 -131.0 -41.125
 -637.75 -10.75 -148.75 -257.75 72.28125 134.0 23.296875 -151.75 -390.5 -240.75
 2265.25 -5007.0 -2091.375 -208.25 95.484375 -422.0 594.53125 -95.125 -364.0 123.1875
 -34160.0 23496.0 16312.0 6224.0 -3622.0 -2240.0 -3566.0 2592.0 3552.0 -1052.0
 72.5 88.8125 -14.5 0.25 -6.359375 -24.25 99.8046875 -2.625 109.75 -37.0
 -221.25 580.6875 242.625 228.6875 107.59375 -114.9375 -103.78125 192.3125 17.125 -59.734375
 37.5 -915.25 -472.875 -33.5 288.484375 150.5 -111.625 -19.375 -263.0 63.75
 -150.9921875 -158.24609375 -74.65625 -89.625 -70.953125 -3.921875 -30.921875 5.26171875 -62.015625 41.75
 83.125 -68.03125 363.328125 717.53125 -109.830078125 103.3125 178.15625 104.28125 155.625 69.859375
 -5.5 -322.5 -152.25 -103.0 81.421875 53.5 -153.453125 -33.5 -232.0 20.25
 -40.25 -51.375 27.75 -69.5 31.71875 -44.0 -7.765625 -5.75 -181.0 -215.875
 4756.75 7436.0 2020.25 330.25 927.9375 -91.5 -254.75 1621.25 665.0 -609.875
 2058.3203125 -4796.328125 -2327.1875 -471.09375 25.235107421875 -19.71875 439.71875 117.125 -2.5 -88.6796875
 35.765625 158.68212890625 -374.5390625 155.75 11.08984375 241.201171875 10.232421875 -47.84326171875 -123.485595703125 52.2587890625
 197.0 -871.125 -331.0 -135.5 29.1875 -130.0 390.4375 -17.0 348.0 -54.75
 -811.875 707.96875 472.6875 211.6875 -150.8984375 -55.9375 -2.078125 143.6875 -7.5 -40.6875
 154.125 48.34375 -13.5625 -55.25 -43.88671875 -16.0 59.40625 3.625 34.0 -28.125
 -794.0 139.0 -1627.0 1274.0 -2835.75 -844.0 -34.625 -3327.0 748.0 -299.5
 239.369140625 -165.2421875 11.31640625 -372.71875 3.478271484375 332.99609375 -146.640625 119.3828125 92.671875 -67.8994140625
 1424.0 563.5 298.0 45.0 315.25 680.0 -44.3125 232.0 -458.0 171.75
 96.0 -2145.0 -887.5 -156.0 624.75 90.0 -1087.375 -340.0 -1316.0 213.5
 10.5 56.375 28.1875 71.375 110.4375 -2.5 -179.359375 44.0 -134.5 115.25
 -537.5 131.0 8.5 8.0 94.96875 155.0 -308.625 105.25 -571.0 99.5
 -192.5 -303.5 -221.75 60.0 101.96875 150.0 -189.46875 18.25 -290.5 95.75
 -998.0 688.25 348.25 43.25 565.25 -548.5 96.96875 -98.875 -198.0 -19.0
 318.0 1008.75 283.25 12.5 -273.90625 -87.0 402.90625 35.375 506.5 -154.625
 -29.34375 554.71875 -423.6875 870.46875 -785.41015625 -1150.65625 211.640625 476.984375 -133.4375 -208.109375
 -1222.53125 92.515625 388.3125 -100.25 -656.6650390625 246.90625 -19.6650390625 73.0703125 196.6875 -5.921875
 213.875 -574.703125 -349.0 -27.9375 -68.791015625 12.3125 4.57421875 64.3828125 43.78125 -15.3125
 83.484375 726.390625 179.546875 -445.421875 208.9091796875 -196.96875 -77.498046875 173.4296875 -84.34375 -79.265625
 -115.0 676.5 241.0 194.0 163.1875 375.0 -784.125 123.0 -832.0 183.0
 966.03125 -846.46875 276.65625 -2281.6875 -181.02734375 759.125 -24.515625 743.4375 60.625 39.21875
 76.5 -101.25 -18.375 -81.0 40.15625 14.75 376.515625 180.6875 30.5 -33.8125
 127.625 74.4375 -190.8125 -17.125 67.4609375 3.5 -0.296875 -64.625 127.75 92.0625
 411.5 -586.5 92.5 172.125 560.6484375 -2.75 266.4609375 -81.875 32.25 -115.4375
 1484.0 -1167.0 -1314.625 -197.75 390.640625 -721.5 150.703125 273.375 -43.0 30.1875
 0.5 -160.5 -37.125 -76.5 -28.5 -118.5 392.5625 50.125 317.0 -42.125
 37.8125 52.96875 -4.09375 14.25 18.890625 -9.375 68.0078125 11.59375 34.25 -7.953125
 20.5 -755.0 -268.0 55.5 125.3125 67.0 -245.125 15.0 -371.0 63.875
 -103.75 89.0 -118.75 -144.0 -67.03125 -64.25 348.40625 19.125 271.0 -115.9375
 -2216.5 2606.125 1507.75 281.5 -262.78125 123.0 -567.03125 119.375 184.0 -219.0
 -76.0 197.0 -96.75 154.0 99.1875 227.0 -424.25 -8.0 -520.0 127.75
 81.25 -23.125 233.25 -160.0 137.65625 45.5 -76.390625 142.75 -182.5 -45.375
 854.5 -588.5 -269.5 -160.5 0.46875 -194.0 534.5 15.25 472.0 -159.875
 -694.2216796875 1352.92724609375 421.4931640625 53.61572265625 -66.95010375976562 -228.13525390625 -78.42623901367188 25.5880126953125 75.3193359375 -36.7783203125
 -61.25 -134.3125 0.0 16.625 98.1171875 95.875 -249.53125 59.84375 -255.25 100.6875
 -8849.5 -12425.25 -29077.375 21867.0 31386.21875 -16817.5 -7529.5625 -1241.25 -1500.0 -6610.875
 306.75 -79.375 91.8125 200.25 57.25 68.375 51.578125 90.5625 -180.75 -132.9375
 219.5 142.25 -23.5 -244.0 191.6875 85.0 -27.03125 500.25 -45.0 -70.0
 1448.625 3498.5 787.0 471.25 524.7265625 -543.5 -274.28125 906.8125 -123.375 -316.375
 596.8125 -489.78125 -174.75 -9.0 61.05078125 104.6875 97.328125 -6.71875 59.3125 -15.0
 -102.875 -10.09375 64.90625 64.0625 113.78515625 38.375 66.01953125 198.0625 -85.875 -1.5625
 -1607.046875 -3179.6171875 3492.1796875 -1333.5 301.1171875 -939.75 -677.3310546875 -369.2890625 566.8125 -2544.296875
 43.0 -137.0 -87.875 32.25 106.625 26.5 -177.671875 -26.125 -175.75 49.375
 67.0 -25.875 -87.125 -130.0 66.25 123.0 92.9375 50.25 -216.5 19.25
 -74.9375 72.8125 61.359375 -15.953125 34.125 -11.71875 12.994140625 -24.59375 0.125 5.8828125
 -437.73046875 322.19140625 -301.9765625 569.87109375 -447.593505859375 -572.5625 305.9794921875 338.275390625 -65.71875 -156.1328125
 -652.0 -584.0 -277.5 168.0 379.5625 328.0 -666.625 -69.0 -867.0 240.75
 1188.0 1395.0 1555.0 -1658.0 1058.0 596.0 -986.75 2835.0 -1112.0 -567.0
 86.125 213.96875 -152.015625 333.9375 -310.376953125 -452.5625 48.65234375 180.484375 -87.125 -83.484375
 -881.875 -1217.6875 26.09375 816.1875 869.98046875 -532.1875 435.515625 -354.1875 -132.5625 205.140625
 -99.5 -404.75 -239.25 -24.75 144.0 21.0 -210.9375 -66.125 -320.0 72.5
 433.640625 199.6484375 -85.8125 -32.3125 100.6201171875 -1.734375 88.3251953125 -45.65625 23.40625 -1.40625
 589.0 -129.1875 -189.5625 4.875 188.0078125 -200.625 126.84375 -125.625 -64.75 -13.03125
 -833.0 -1627.0 -449.5 -129.0 599.3125 106.0 -941.5 -35.0 -996.0 120.0
 -444.25 -758.0 -168.75 63.25 285.8828125 -261.25 113.046875 -232.25 -124.75 61.53125
 -452.265625 185.546875 567.2109375 44.484375 84.4345703125 417.953125 121.015625 -370.3515625 115.90625 8.84375
 260.0 -25.0 281.5 -473.0 411.5625 93.0 -146.3125 651.25 -163.0 -122.0
 129.5 313.25 56.5 -44.0 -190.75 -94.5 260.0 50.5 314.0 -30.375
 78.0 1922.5 979.25 -14.5 -122.125 351.5 -134.28125 -36.75 96.0 -58.75
 60.9375 -22.453125 -51.375 -41.4375 19.0234375 58.5 -14.341796875 6.484375 -26.8125 27.296875
 47.5 25.546875 -5.5625 75.0625 47.546875 70.9375 10.32421875 78.90625 -54.0 -12.796875
 -214.4375 87.25 14.25 33.6875 14.60546875 -100.4375 -12.70703125 -9.1875 -3.375 -23.46875
 -9.0 241.875 34.75 -43.75 -34.203125 -45.75 122.15625 -5.5625 178.25 -32.6875
 -353.0 10484.75 3501.0 434.5 260.09375 -1312.5 -918.21875 1250.0 -68.5 -653.0
 177.0625 -654.359375 -444.34375 -224.09375 65.92578125 -94.6875 4.0703125 23.625 -81.5625 105.21875
 81.0 -242.5 -102.75 24.0 196.40625 106.0 -383.875 -56.0 -480.0 93.25
 -2226.75 4432.0 1846.25 226.5 -214.484375 264.5 -336.4375 160.0 407.5 -203.125
 -824.0 -1852.0 -567.0 -48.0 440.375 36.0 -1197.25 -226.0 -1338.0 284.0
 63.25 -32.03125 -48.09375 -11.1875 -27.5234375 -60.625 24.1328125 -1.0 62.25 -25.875
 -1314.25 339.25 662.375 77.75 89.984375 166.125 227.015625 -659.25 94.0 31.53125
 571.0 -990.0 -166.5 -206.0 -380.8125 -368.0 1053.0 237.5 1152.0 -364.5
 -301.0 -121.75 -13.625 51.5 69.140625 73.0 -183.21875 -5.75 -202.75 87.3125
 1512.0 755.0 -30.0 -868.0 449.375 314.0 -364.625 1584.5 -368.0 -83.0
 -53.0 160.75 51.0 30.0 16.671875 70.5 -159.1875 -37.75 -195.0 28.625
 199.0 23.0 8.5 -41.375 -44.296875 -64.0 167.203125 -18.875 125.5 -31.875
 2476.0 -958.0 426.0 -214.0 -1012.875 -928.0 1684.75 265.0 2092.0 -650.0
 7003.9375 12389.46875 -14378.40625 4311.75 -1829.91796875 4861.6875 1922.6328125 2668.875 -1934.875 10184.0625
 -329.625 659.25 410.875 51.25 130.46875 262.0 -190.375 147.125 -325.0 136.8125
 97.1875 -136.84375 -92.25 -59.4375 -6.5 -9.5 88.234375 1.75 51.0 -19.46875
 264.75 -71.5 -150.0 -39.625 -130.984375 14.75 -96.25 -57.75 -34.0 263.375
 41.5 1594.25 378.75 -183.0 -366.5625 -132.0 485.625 18.5 645.0 -74.125
 93.0 66.5 -53.0 -7.0 -53.875 -111.5 269.0 -0.5 265.0 -81.625
 1.5 -480.625 -151.625 -72.5 90.578125 -5.5 62.5625 -148.875 -72.0 -223.625
 -890.0625 -383.1875 -143.8125 -51.625 -419.421875 97.625 -109.375 -315.25 110.75 81.65625
 29.125 54.5 -5.375 -7.875 34.828125 14.0 -61.8984375 -12.5 -83.25 -3.3125
 -33820.0 -39924.0 27256.0 12545.0 -17933.4375 50396.0 6404.0 -9575.0 7364.0 -7464.0
 -426.0 365.875 121.125 -28.75 -199.453125 94.25 58.078125 65.75 124.5 -73.9375
 121.875 -131.25 -36.0625 3.0 53.1328125 68.875 14.703125 42.3125 -63.75 12.21875
 -332.75 527.6875 224.75 -41.25 -139.53125 127.0625 -116.359375 43.3125 116.0 -9.375
 -178.0 -41.375 132.875 22.25 -111.515625 -52.25 8.53125 24.375 -35.0 84.6875
 -525.6875 703.015625 500.4375 52.125 -126.751953125 185.8125 -16.98046875 -120.34375 66.8125 -33.78125
 28.0 -556.0 -144.5 -72.0 144.9375 76.0 -511.5625 -1.5 -706.0 64.75
 1176.0 64.0 244.0 -934.0 793.5 280.0 -505.75 1583.5 -282.0 -252.0
 -92.0 -150.5 29.5 58.0 296.125 165.0 -507.9375 4.0 -767.0 131.0
 340.6875 49.34375 -91.65625 53.9375 316.48046875 -131.875 72.87109375 -130.28125 -36.5 16.953125
 169.125 -533.09375 422.1875 -875.75 759.2109375 1072.75 -261.3515625 -486.78125 145.875 216.6875
 -950.5625 137.9375 -1792.53125 -3357.375 -2114.06640625 2526.75 -1560.5234375 -438.25 426.125 -936.546875
 -850.0 487.6875 492.40625 -167.5625 -317.14453125 387.625 -64.05859375 -181.53125 102.8125 13.8125
 959.5 64.9375 90.375 10.375 -134.5 -350.375 -404.921875 -59.125 -109.75 40.8125
 -1362.25 466.5625 608.5 -27.625 -252.2109375 -173.625 -175.9140625 20.75 242.0 -27.75
 -662.0 -1730.0 -440.0 236.0 565.875 56.0 -1907.75 -332.5 -1522.0 602.0
 1227.75 -1162.625 -738.375 -155.75 325.59375 -161.0 147.484375 -80.375 123.0 -52.375
 -659.0 114.0 214.5 457.0 204.375 188.0 -998.125 -24.5 -978.0 210.5
 -911.0 968.0 466.375 132.25 -61.671875 62.75 -180.859375 13.0 102.5 -12.75
 233.0 97.9375 -97.375 -30.375 -64.5703125 29.75 59.7421875 -4.25 -23.5 130.125
 119.59375 -109.34375 -147.0 61.71875 150.29296875 -116.875 73.931640625 -110.515625 -78.25 48.4765625
 11167.25 4363.625 26127.375 -14727.75 -2948.09375 -5577.0 9654.703125 15219.125 -2187.0 6694.75
 -278.5 -521.375 -167.5 -13.0 125.75 6.5 -252.65625 9.25 -315.0 31.0
 77.0 -348.0 -167.0 63.0 285.375 237.0 -362.625 34.0 -575.0 59.75
 357.71875 -146.421875 -127.65625 736.5625 -1626.919921875 873.71875 -206.537109375 175.71875 426.125 5.8515625
 265.625 -212.3125 -270.546875 -27.03125 18.240234375 -94.84375 -50.25390625 133.578125 -67.0 49.140625
 67.625 -6.5 -93.0 -44.375 -65.546875 -81.25 -24.54296875 -91.25 97.0 18.4375
 599.0 -337.0625 -89.5625 -159.125 70.9453125 -128.5 59.9296875 -26.5625 -167.25 5.0
 21.75 -547.125 -184.625 -123.375 29.4375 -157.5 57.9453125 33.375 189.0 -157.125
 -241.0 -237.0 101.5 260.0 104.125 275.0 -891.0 -30.0 -886.0 153.0
 -327.0 216.25 51.0 118.0 25.46875 108.0 -218.40625 -83.5 -253.0 25.0
 79.859375 -76.98828125 242.828125 162.5234375 43.3212890625 19.359375 -136.1005859375 228.0703125 -205.59375 -27.859375
 63.171875 -7.0625 25.1875 14.25 20.73046875 27.75 28.9375 48.8125 -44.25 -33.21875
 519.5 -942.0 -206.0 76.0 262.96875 67.0 -507.25 -5.25 -406.0 155.25
 237.125 1169.8125 241.0625 5.375 96.640625 216.25 94.3515625 40.4375 171.75 -25.53125
 466.625 1379.3125 2043.8125 4654.25 -1863.0703125 -1235.75 1426.7578125 -476.125 -15.375 961.1875
 950.875 -133.125 -381.8125 -151.875 -103.375 -17.375 -151.8359375 445.0 -78.0 -18.4375
 -838.5 818.125 412.75 106.25 -71.03125 72.0 -172.40625 14.0 94.0 -69.0
 2382.0 -829.0 -472.0 -1966.0 584.75 216.0 1027.75 1886.0 -472.0 980.0
 86.625 -7.0 22.25 -60.75 10.0625 -73.625 -53.25 -36.341796875 131.0 67.125
 -109.0 66.75 -369.0 -274.5 -63.75 224.0 426.5 -199.75 -176.0 -610.5
 -1.4375 -54.78125 -89.375 -71.5 9.765625 184.8125 70.76171875 113.28125 -97.3125 247.375
 22.5 -439.0 -93.5 137.0 102.0 219.0 -367.9375 -13.5 -368.0 98.75
 -246.0 -214.0 183.0 96.0 238.375 123.0 -530.9375 -92.5 -682.0 50.5
 -501.0 451.25 -779.75 -216.5 260.625 740.5 918.875 202.625 -445.0 295.375
 -1316.0 1616.625 706.875 105.25 419.875 5.75 299.59375 -36.25 523.0 -1015.625
 -2962.5 4221.75 -992.5 999.0 -967.1796875 -3727.0 -1808.625 2254.125 -1166.0 396.875
 -56.0 3222.5 1110.0 433.0 21.25 644.0 -1003.0625 -86.0 -848.0 64.5
 957.1796875 -695.15625 -739.265625 -4.96875 -18.51171875 86.25 -74.4453125 175.1875 9.6875 -92.1640625
 -368.75 793.0625 518.4375 72.875 -162.5390625 227.125 68.234375 198.875 -22.5 -30.71875
 1580.0 2211.5 106.0 -149.0 -1244.875 -800.0 1143.75 -676.5 1118.0 -894.5
 -47.0 70.5 -182.25 -126.5 -3.484375 40.5 198.21875 9.875 -118.0 -288.25
 -821.75 1376.375 724.1875 0.625 -9.875 199.0 -244.15625 108.125 -53.5 -166.9375
 1044.0 -777.625 1755.5 5795.25 -1411.578125 836.25 893.09375 1101.875 1137.0 314.0
 89.703125 14.3984375 -2.65625 -7.484375 2.009765625 -28.5 -9.42578125 -12.0859375 29.9375 -2.390625
 5.0 280.5 -340.0 -420.0 -4.8125 102.0 594.5625 -70.0 -202.0 -920.75
 318.0 -26.53125 -42.09375 -90.9375 -11.75 17.75 -44.24609375 -34.28125 3.5 55.1875
 555.859375 -453.296875 -171.125 -76.4375 67.17822265625 -66.6875 -196.96875 -177.71875 -293.1875 -190.0859375
 205.125 -148.75 3.5 -7.5 9.1875 -142.3125 -15.75 -61.953125 169.5 44.1875
 -3226.75 67.875 2204.875 -916.0 -104.828125 -272.0 -450.125 1035.375 -218.5 -1156.875
 -394.859375 2233.82421875 97.54296875 -2140.8046875 744.630859375 -1056.296875 -836.48095703125 1808.314453125 -264.640625 -486.58984375
 -515.125 -798.015625 -426.3125 -814.25 636.08984375 -361.0625 -51.6328125 22.84375 -160.0 -120.4375
 -252.34375 -202.5703125 215.84375 -85.625 213.431640625 333.8125 -147.47265625 -109.30078125 39.46875 96.97265625
 4.625 -36.96875 -88.53125 66.0 -73.681640625 -57.15625 7.462890625 52.296875 57.75 55.2109375
 -44.5 -19.375 -83.75 38.75 -146.40625 30.5 119.6875 66.75 -130.5 237.0
 24.75 5.6875 -81.0 -35.0 27.734375 24.5 70.1875 -48.625 7.25 -54.125
 40.625 169.5625 -32.625 -30.75 -78.1875 -69.375 152.15625 19.625 139.25 0.96875
 775.5 -14.9375 -120.6875 -341.125 160.65869140625 749.25 -217.9453125 -36.484375 253.75 -128.71875
 -387.0 -238.75 42.0 91.5 148.5 136.0 -443.6875 93.25 -574.0 57.75
 88.25 24.625 -53.0 -128.25 -42.2265625 -6.75 122.4921875 -60.625 64.0 -35.5
 31.90625 -155.328125 -181.8125 -30.53125 29.9375 -66.59375 -6.65234375 22.515625 -0.875 25.9921875
 217.5 419.625 194.125 -60.25 -149.9375 -107.75 245.75 -18.75 397.5 -121.75
 306.5 -313.75 342.5 -198.0 172.3125 -242.0 -208.125 341.75 732.0 -109.0
 -644.625 -355.1875 352.5 -490.75 144.8984375 -176.0 -189.296875 -36.75 -206.5 -240.3125
 80.75 64.875 -81.1875 -59.5 -18.546875 -28.625 -5.15625 -63.0625 47.0 26.90625
 -68.53515625 -16.9375 40.875 54.1875 86.57421875 9.25 10.84375 66.59375 -59.75 2.03125
 -491.625 489.734375 -19.359375 -1006.125 50.7421875 -83.46875 -11.017578125 -685.84375 -239.9375 -7.28125
 677.3125 157.84375 -53.3125 99.75 -366.87109375 575.6875 -233.515625 363.1875 251.5 36.359375
 -629352.0 -435648.0 -4928.0 -146928.0 -568565.5 545712.0 -40664.0 -44214.0 -603216.0 -133023.0
 -3.8125 -98.0 -124.65625 -45.5 36.54296875 -168.1875 23.34375 -44.5625 -11.6875 36.578125
 1167.5 -1020.0 -472.25 -55.5 1377.328125 -691.0 398.765625 -210.5 -488.5 64.625
 38.1015625 -43.4609375 70.390625 22.2890625 194.7958984375 383.5 -78.0546875 -134.66015625 69.46875 -6.125
 130.4375 -29.875 -38.03125 2.65625 36.8203125 -20.46875 28.15625 5.15625 32.1875 -17.8984375
 -272.25 -313.625 148.5 -192.5 -1137.453125 962.0 17.71875 531.25 170.0 295.625
 9.75 68.5625 -63.0 11.0 -24.0546875 -20.5 78.69140625 -49.3125 -23.75 -67.4375
 -252.2734375 -671.03515625 -174.875 -63.4765625 -116.236328125 22.5 -32.96923828125 68.51953125 22.3046875 28.958984375
 -143.5625 148.65625 67.6875 -6.8125 -0.59375 -6.0 -12.234375 3.09375 47.0 -22.90625
 116.5 -311.5 -175.25 -178.625 2.953125 -139.25 231.21875 -83.75 233.5 -68.1875
 -136.25 -150.0625 -11.5 -29.375 63.171875 36.25 44.765625 65.8125 -63.5 39.6875
 56.75 -15.515625 -42.765625 -33.78125 7.95703125 -24.46875 12.8984375 1.8125 23.4375 5.890625
 95.375 -147.375 -138.875 -178.5 -54.171875 -104.75 157.65625 -24.625 162.5 -78.875
 1629.25 9101.75 4794.75 2644.0 -2084.6875 1664.5 307.6875 5386.0 1168.0 1845.0
 -203.25 -33.9375 -43.375 59.375 47.0 81.75 -155.0625 63.625 -147.75 36.3125
 337.0 248.5 -227.5 -162.0 -71.8125 -71.0 696.75 52.75 634.0 -60.5
 -396.0 -2774.0 -1255.5 -20.0 1039.5 116.0 -703.0 -172.0 -1368.0 401.0
 59.0 -377.5 -213.5 -41.5 174.34375 -4.5 -216.828125 -40.25 -237.0 14.5
 71.591796875 35.7109375 -50.94140625 -9.4296875 0.654541015625 76.3515625 88.953125 22.134765625 -40.328125 -39.9873046875
 228.5 26.25 -19.625 -87.25 -77.265625 -36.75 135.640625 -3.25 85.75 -12.9375
 495.25 12.4375 -94.0625 31.0 -74.75 -46.25 30.0234375 15.25 33.75 70.1875
 -1036.6875 229.796875 -169.8125 -3655.59375 -574.94921875 1794.8125 -541.1953125 -1033.359375 -27.1875 -291.078125
 47.75 -49.859375 5.65625 100.90625 61.296875 55.9375 -131.46875 -58.9140625 -19.78125 10.5
 -367.71875 189.9921875 155.84375 -47.578125 -15.9921875 -16.125 -73.455078125 -102.21875 -85.90625 44.390625
 -171.75 111.375 -41.125 -106.625 -37.984375 -5.5 -34.171875 -16.125 59.0 52.28125
 101.9375 60.40625 -25.03125 0.8125 -52.404296875 -25.5 52.328125 0.4375 -48.375 53.859375
 -4683.5 -1946.625 89.375 65.75 -900.421875 -77.0 321.953125 -2583.375 -524.5 995.25
 -3.0 368.875 74.875 -112.75 -46.734375 -112.5 319.96875 32.875 251.5 -69.0625
 293.125 -4.25 -101.875 -23.625 -14.05859375 2.625 14.91796875 -1.375 14.625 37.75
 -91.125 163.4375 64.5 76.5 45.8671875 -58.0 -119.6484375 -7.3125 34.75 -27.875
 533.375 -800.5625 -317.75 -165.0 92.76953125 -74.5 64.15625 -14.75 -166.0 -22.0
 370.25 112.625 -119.25 194.5 -219.953125 30.25 -174.6875 -335.0 136.5 42.0625
 -91.0 125.5625 98.875 -28.25 -52.2734375 126.5 122.296875 93.5625 -232.25 94.0625
 478.0625 -219.65625 -208.65625 185.125 414.1953125 -128.0 155.25 -156.9375 -286.375 134.171875
 -2006.5 3443.5625 -870.6875 -4746.0 3458.671875 -3243.25 -1047.4609375 911.5 -1522.75 -556.25
 -549.5 -1943.59375 -803.28125 -50.8125 -475.546875 37.75 91.8984375 247.5625 -0.75 -18.84375
 79.1875 19.015625 -16.671875 -2.65625 -8.27734375 -34.09375 -103.1171875 -43.40625 15.875 53.5390625
 2900.5 -2197.4375 -1423.5 -296.375 556.1171875 84.0 351.0 -656.875 -585.0 207.625
 -29.625 -41.75 -79.5 -8.875 -0.671875 3.125 27.125 -15.8125 33.5 3.96875
 -1283.0 -3041.0625 -944.6875 -703.375 -254.8046875 314.375 91.80859375 -631.03125 -63.875 171.84375
 49.375 11.78125 -82.359375 6.421875 2.46875 -20.3125 32.45703125 -18.3671875 22.71875 40.2578125
 -112.75 478.0 -772.25 -1769.96875 969.0 -461.5 1306.75 1814.5 1550.5 303.5
 -389.5 -351.0 -13.5 1.0 105.21875 204.0 2.0 306.25 -166.0 459.25
 -122.0 1199.75 -95.5 1510.0 -222.6875 -125.0 528.375 -980.25 1025.0 -851.75
 26.625 43.4375 -33.375 -21.3125 -1.19140625 -25.875 2.7265625 3.421875 9.1875 21.3125
 456.0 642.25 242.5 8.5 -259.5 -7.0 361.6875 38.75 367.0 -106.5
 137.75 -136.375 -100.875 -19.875 -30.09375 58.5 73.0390625 35.125 -81.625 175.28125
 3880.5 -217.8125 1034.625 1414.875 -565.9609375 2384.75 532.203125 1271.0625 1234.25 -745.8125
 2009.75 -2146.375 -988.75 -260.75 246.4375 -0.25 211.59375 -88.875 -94.0 12.875
 30.0 111.6875 23.875 -3.75 -17.9140625 41.375 207.609375 50.65625 -3.0 -29.875
 -368.5 -325.5625 384.5 47.125 10.984375 -123.0 -612.953125 -239.4375 -191.25 64.9375
 296.5 143.25 -140.0 89.0 -77.4375 8.0 37.84375 -72.25 128.0 -9.125
 -119.8125 4.53125 117.515625 11.9375 8.03125 -29.5625 -157.181640625 -86.921875 134.25 -21.96875
 46.75 112.3125 -38.3125 -80.125 -94.3984375 -64.375 32.4375 -72.5625 163.125 -38.375
 165.75 334.0 139.625 -247.75 -130.5 28.0 -8.828125 -85.375 47.0 142.625
 102.0 172.0 -561.0 305.0 -847.0 93.0 -979.33984375 -1647.0 -82.875 613.0
 4.40625 4.90625 1.421875 -2.44921875 2.48046875 -2.55859375 -0.02978515625 -1.0859375 -0.4454345703125 -1.017578125
 -336.0 20.0 -110.0 -299.75 -242.25 307.0 -568.5625 -1335.1875 -154.859375 421.25
 91.75 114.625 -365.75 162.34375 -335.2265625 -34.265625 -568.03125 -963.9453125 -71.99609375 353.1484375
 154.125 -9.4375 -2.9375 -42.75 -89.3115234375 -64.75 24.78125 -55.4375 69.5 -17.34375
 372.0 12205.0 1397.0 2146.0 2506.3125 -5838.0 -1422.125 3686.0 -1116.0 -415.5
 -151.25 248.1875 79.0625 53.125 -44.1171875 -11.875 28.2109375 38.75 -36.75 -14.40625
 -79.0 30.75 -322.25 -334.5 -30.6875 121.0 336.96875 -57.75 -119.0 -549.5
 -1442.0 70.0 -1083.0 -1064.0 247.125 714.0 1408.375 -344.0 -768.0 -2291.5
 44.46875 -55.234375 8.21875 -17.890625 9.580078125 11.125 -13.23046875 16.9765625 -38.25 -16.8125
 891.75 -219.5 -184.625 -143.875 149.265625 149.5 186.15625 55.625 -217.25 76.25
 -778.0 -536.0 -148.0 82.0 318.5 272.0 -538.75 -150.0 -740.0 -46.5
 -146.0 -1273.0 -475.0 -6.0 266.6875 -42.0 -805.0 -325.5 -582.0 143.0
 -13.5 -159.7890625 -53.0244140625 -16.064453125 16.235595703125 -10.041015625 5.6005859375 -6.37109375 -4.36328125 -0.03662109375
 3661.0 -4862.0 -2245.0 -370.0 -2540.21875 2714.0 -290.875 859.0 1352.0 -97.0
 -141.453125 315.15625 161.625 -175.8125 0.25390625 85.875 19.84375 3.90625 56.125 3.0625
 -23.75 -3.5 8.25 -7.25 25.171875 33.0 -221.390625 -97.75 -162.0 9.0
 1294.125 1298.0625 185.4375 -282.25 267.53125 423.5 422.203125 110.375 175.0 -139.65625
 4211.15625 -1490.7890625 2948.7734375 -3272.71875 -536.4267578125 1466.640625 1573.849609375 1485.375 -12.5 1462.77734375
 710.25 54.25 143.5 -165.5625 60.6875 395.890625 107.84375 -132.6875 56.7431640625 268.734375
 -414.5625 257.390625 199.828125 -246.78125 489.599609375 -331.5625 43.375 -129.546875 -146.5 36.3125
 28.6875 -70.625 17.25 -33.625 82.99609375 30.125 -110.0625 46.0 -81.75 52.96875
 128.0 -13.0 -27.5 39.0 68.1875 77.0 104.875 -34.0 -126.0 -65.25
 -26.125 -95.25 86.21875 48.5625 -45.3359375 -60.625 -1.71875 -12.5 28.0 -26.8125
