1.24438477e+00 4.83764648e+01 1.53339844e+02 2.27270508e+00 1.38061523e+00 9.30419922e-01 1.42211914e+02 9.24560547e-01 6.25732422e-01 3.62402344e+00 9.01953125e-01 8.47031250e-01 5.19189453e-01
1.61352539e+00 4.83764648e+01 1.53339844e+02 2.27270508e+00 1.38061523e+00 9.30419922e-01 1.42211914e+02 9.24560547e-01 6.25732422e-01 3.62402344e+00 9.01953125e-01 8.47031250e-01 5.19189453e-01
1.24438477e+00 5.36499023e+01 1.53339844e+02 2.27270508e+00 1.38061523e+00 9.30419922e-01 1.42211914e+02 9.24560547e-01 6.25732422e-01 3.62402344e+00 9.01953125e-01 8.47031250e-01 5.19189453e-01
1.24438477e+00 4.83764648e+01 1.26621094e+02 2.27270508e+00 1.38061523e+00 9.30419922e-01 1.42211914e+02 9.24560547e-01 6.25732422e-01 3.62402344e+00 9.01953125e-01 8.47031250e-01 5.19189453e-01
1.24438477e+00 4.83764648e+01 1.53339844e+02 2.36938477e+00 1.38061523e+00 9.30419922e-01 1.42211914e+02 9.24560547e-01 6.25732422e-01 3.62402344e+00 9.01953125e-01 8.47031250e-01 5.19189453e-01
1.24438477e+00 4.83764648e+01 1.53339844e+02 2.27270508e+00 1.52563477e+00 9.30419922e-01 1.42211914e+02 9.24560547e-01 6.25732422e-01 3.62402344e+00 9.01953125e-01 8.47031250e-01 5.19189453e-01
1.24438477e+00 4.83764648e+01 1.53339844e+02 2.27270508e+00 1.38061523e+00 9.93408203e-01 1.42211914e+02 9.24560547e-01 6.25732422e-01 3.62402344e+00 9.01953125e-01 8.47031250e-01 5.19189453e-01
1.24438477e+00 4.83764648e+01 1.53339844e+02 2.27270508e+00 1.38061523e+00 9.30419922e-01 3.97094727e+02 9.24560547e-01 6.25732422e-01 3.62402344e+00 9.01953125e-01 8.47031250e-01 5.19189453e-01
1.24438477e+00 4.83764648e+01 1.53339844e+02 2.27270508e+00 1.38061523e+00 9.30419922e-01 1.42211914e+02 6.41845703e-01 6.25732422e-01 3.62402344e+00 9.01953125e-01 8.47031250e-01 5.19189453e-01
1.24438477e+00 4.83764648e+01 1.53339844e+02 2.27270508e+00 1.38061523e+00 9.30419922e-01 1.42211914e+02 9.24560547e-01 6.62353516e-01 3.62402344e+00 9.01953125e-01 8.47031250e-01 5.19189453e-01
1.24438477e+00 4.83764648e+01 1.53339844e+02 2.27270508e+00 1.38061523e+00 9.30419922e-01 1.42211914e+02 9.24560547e-01 6.25732422e-01 1.15517578e+01 9.01953125e-01 8.47031250e-01 5.19189453e-01
1.24438477e+00 4.83764648e+01 1.53339844e+02 2.27270508e+00 1.38061523e+00 9.30419922e-01 1.42211914e+02 9.24560547e-01 6.25732422e-01 3.62402344e+00 1.44804688e+00 8.47031250e-01 5.19189453e-01
1.24438477e+00 4.83764648e+01 1.53339844e+02 2.27270508e+00 1.38061523e+00 9.30419922e-01 1.42211914e+02 9.24560547e-01 6.25732422e-01 3.62402344e+00 9.01953125e-01 1.31953125e+00 5.19189453e-01
1.24438477e+00 4.83764648e+01 1.53339844e+02 2.27270508e+00 1.38061523e+00 9.30419922e-01 1.42211914e+02 9.24560547e-01 6.25732422e-01 3.62402344e+00 9.01953125e-01 8.47031250e-01 1.30258789e+00
1.24438477e+00 5.36499023e+01 1.26621094e+02 2.36938477e+00 1.52563477e+00 9.93408203e-01 3.97094727e+02 6.41845703e-01 6.62353516e-01 1.15517578e+01 1.44804688e+00 1.31953125e+00 1.30258789e+00
1.61352539e+00 4.83764648e+01 1.26621094e+02 2.36938477e+00 1.52563477e+00 9.93408203e-01 3.97094727e+02 6.41845703e-01 6.62353516e-01 1.15517578e+01 1.44804688e+00 1.31953125e+00 1.30258789e+00
1.61352539e+00 5.36499023e+01 1.53339844e+02 2.36938477e+00 1.52563477e+00 9.93408203e-01 3.97094727e+02 6.41845703e-01 6.62353516e-01 1.15517578e+01 1.44804688e+00 1.31953125e+00 1.30258789e+00
1.61352539e+00 5.36499023e+01 1.26621094e+02 2.27270508e+00 1.52563477e+00 9.93408203e-01 3.97094727e+02 6.41845703e-01 6.62353516e-01 1.15517578e+01 1.44804688e+00 1.31953125e+00 1.30258789e+00
1.61352539e+00 5.36499023e+01 1.26621094e+02 2.36938477e+00 1.38061523e+00 9.93408203e-01 3.97094727e+02 6.41845703e-01 6.62353516e-01 1.15517578e+01 1.44804688e+00 1.31953125e+00 1.30258789e+00
1.61352539e+00 5.36499023e+01 1.26621094e+02 2.36938477e+00 1.52563477e+00 9.30419922e-01 3.97094727e+02 6.41845703e-01 6.62353516e-01 1.15517578e+01 1.44804688e+00 1.31953125e+00 1.30258789e+00
1.61352539e+00 5.36499023e+01 1.26621094e+02 2.36938477e+00 1.52563477e+00 9.93408203e-01 1.42211914e+02 6.41845703e-01 6.62353516e-01 1.15517578e+01 1.44804688e+00 1.31953125e+00 1.30258789e+00
1.61352539e+00 5.36499023e+01 1.26621094e+02 2.36938477e+00 1.52563477e+00 9.93408203e-01 3.97094727e+02 9.24560547e-01 6.62353516e-01 1.15517578e+01 1.44804688e+00 1.31953125e+00 1.30258789e+00
1.61352539e+00 5.36499023e+01 1.26621094e+02 2.36938477e+00 1.52563477e+00 9.93408203e-01 3.97094727e+02 6.41845703e-01 6.25732422e-01 1.15517578e+01 1.44804688e+00 1.31953125e+00 1.30258789e+00
1.61352539e+00 5.36499023e+01 1.26621094e+02 2.36938477e+00 1.52563477e+00 9.93408203e-01 3.97094727e+02 6.41845703e-01 6.62353516e-01 3.62402344e+00 1.44804688e+00 1.31953125e+00 1.30258789e+00
1.61352539e+00 5.36499023e+01 1.26621094e+02 2.36938477e+00 1.52563477e+00 9.93408203e-01 3.97094727e+02 6.41845703e-01 6.62353516e-01 1.15517578e+01 9.01953125e-01 1.31953125e+00 1.30258789e+00
1.61352539e+00 5.36499023e+01 1.26621094e+02 2.36938477e+00 1.52563477e+00 9.93408203e-01 3.97094727e+02 6.41845703e-01 6.62353516e-01 1.15517578e+01 1.44804688e+00 8.47031250e-01 1.30258789e+00
1.61352539e+00 5.36499023e+01 1.26621094e+02 2.36938477e+00 1.52563477e+00 9.93408203e-01 3.97094727e+02 6.41845703e-01 6.62353516e-01 1.15517578e+01 1.44804688e+00 1.31953125e+00 5.19189453e-01
1.61352539e+00 5.36499023e+01 1.26621094e+02 2.36938477e+00 1.52563477e+00 9.93408203e-01 3.97094727e+02 6.41845703e-01 6.62353516e-01 1.15517578e+01 1.44804688e+00 1.31953125e+00 1.30258789e+00
2.36938477e+00 1.04626465e+02 6.33398438e+01 1.14770508e+00 2.50561523e+00 5.55419922e-01 3.29711914e+02 5.49560547e-01 2.50732422e-01 8.12402344e+00 1.50195312e+00 1.56703125e+00 1.04418945e+00
2.73852539e+00 1.04626465e+02 6.33398438e+01 1.14770508e+00 2.50561523e+00 5.55419922e-01 3.29711914e+02 5.49560547e-01 2.50732422e-01 8.12402344e+00 1.50195312e+00 1.56703125e+00 1.04418945e+00
2.36938477e+00 1.09899902e+02 6.33398438e+01 1.14770508e+00 2.50561523e+00 5.55419922e-01 3.29711914e+02 5.49560547e-01 2.50732422e-01 8.12402344e+00 1.50195312e+00 1.56703125e+00 1.04418945e+00
2.36938477e+00 1.04626465e+02 2.16621094e+02 1.14770508e+00 2.50561523e+00 5.55419922e-01 3.29711914e+02 5.49560547e-01 2.50732422e-01 8.12402344e+00 1.50195312e+00 1.56703125e+00 1.04418945e+00
2.36938477e+00 1.04626465e+02 6.33398438e+01 1.24438477e+00 2.50561523e+00 5.55419922e-01 3.29711914e+02 5.49560547e-01 2.50732422e-01 8.12402344e+00 1.50195312e+00 1.56703125e+00 1.04418945e+00
2.36938477e+00 1.04626465e+02 6.33398438e+01 1.14770508e+00 2.65063477e+00 5.55419922e-01 3.29711914e+02 5.49560547e-01 2.50732422e-01 8.12402344e+00 1.50195312e+00 1.56703125e+00 1.04418945e+00
2.36938477e+00 1.04626465e+02 6.33398438e+01 1.14770508e+00 2.50561523e+00 6.18408203e-01 3.29711914e+02 5.49560547e-01 2.50732422e-01 8.12402344e+00 1.50195312e+00 1.56703125e+00 1.04418945e+00
2.36938477e+00 1.04626465e+02 6.33398438e+01 1.14770508e+00 2.50561523e+00 5.55419922e-01 2.09594727e+02 5.49560547e-01 2.50732422e-01 8.12402344e+00 1.50195312e+00 1.56703125e+00 1.04418945e+00
2.36938477e+00 1.04626465e+02 6.33398438e+01 1.14770508e+00 2.50561523e+00 5.55419922e-01 3.29711914e+02 2.66845703e-01 2.50732422e-01 8.12402344e+00 1.50195312e+00 1.56703125e+00 1.04418945e+00
2.36938477e+00 1.04626465e+02 6.33398438e+01 1.14770508e+00 2.50561523e+00 5.55419922e-01 3.29711914e+02 5.49560547e-01 2.87353516e-01 8.12402344e+00 1.50195312e+00 1.56703125e+00 1.04418945e+00
2.36938477e+00 1.04626465e+02 6.33398438e+01 1.14770508e+00 2.50561523e+00 5.55419922e-01 3.29711914e+02 5.49560547e-01 2.50732422e-01 7.05175781e+00 1.50195312e+00 1.56703125e+00 1.04418945e+00
2.36938477e+00 1.04626465e+02 6.33398438e+01 1.14770508e+00 2.50561523e+00 5.55419922e-01 3.29711914e+02 5.49560547e-01 2.50732422e-01 8.12402344e+00 8.48046875e-01 1.56703125e+00 1.04418945e+00
2.36938477e+00 1.04626465e+02 6.33398438e+01 1.14770508e+00 2.50561523e+00 5.55419922e-01 3.29711914e+02 5.49560547e-01 2.50732422e-01 8.12402344e+00 1.50195312e+00 5.99531250e-01 1.04418945e+00
2.36938477e+00 1.04626465e+02 6.33398438e+01 1.14770508e+00 2.50561523e+00 5.55419922e-01 3.29711914e+02 5.49560547e-01 2.50732422e-01 8.12402344e+00 1.50195312e+00 1.56703125e+00 7.77587891e-01
2.36938477e+00 1.09899902e+02 2.16621094e+02 1.24438477e+00 2.65063477e+00 6.18408203e-01 2.09594727e+02 2.66845703e-01 2.87353516e-01 7.05175781e+00 8.48046875e-01 5.99531250e-01 7.77587891e-01
2.73852539e+00 1.04626465e+02 2.16621094e+02 1.24438477e+00 2.65063477e+00 6.18408203e-01 2.09594727e+02 2.66845703e-01 2.87353516e-01 7.05175781e+00 8.48046875e-01 5.99531250e-01 7.77587891e-01
2.73852539e+00 1.09899902e+02 6.33398438e+01 1.24438477e+00 2.65063477e+00 6.18408203e-01 2.09594727e+02 2.66845703e-01 2.87353516e-01 7.05175781e+00 8.48046875e-01 5.99531250e-01 7.77587891e-01
2.73852539e+00 1.09899902e+02 2.16621094e+02 1.14770508e+00 2.65063477e+00 6.18408203e-01 2.09594727e+02 2.66845703e-01 2.87353516e-01 7.05175781e+00 8.48046875e-01 5.99531250e-01 7.77587891e-01
2.73852539e+00 1.09899902e+02 2.16621094e+02 1.24438477e+00 2.50561523e+00 6.18408203e-01 2.09594727e+02 2.66845703e-01 2.87353516e-01 7.05175781e+00 8.48046875e-01 5.99531250e-01 7.77587891e-01
2.73852539e+00 1.09899902e+02 2.16621094e+02 1.24438477e+00 2.65063477e+00 5.55419922e-01 2.09594727e+02 2.66845703e-01 2.87353516e-01 7.05175781e+00 8.48046875e-01 5.99531250e-01 7.77587891e-01
2.73852539e+00 1.09899902e+02 2.16621094e+02 1.24438477e+00 2.65063477e+00 6.18408203e-01 3.29711914e+02 2.66845703e-01 2.87353516e-01 7.05175781e+00 8.48046875e-01 5.99531250e-01 7.77587891e-01
2.73852539e+00 1.09899902e+02 2.16621094e+02 1.24438477e+00 2.65063477e+00 6.18408203e-01 2.09594727e+02 5.49560547e-01 2.87353516e-01 7.05175781e+00 8.48046875e-01 5.99531250e-01 7.77587891e-01
2.73852539e+00 1.09899902e+02 2.16621094e+02 1.24438477e+00 2.65063477e+00 6.18408203e-01 2.09594727e+02 2.66845703e-01 2.50732422e-01 7.05175781e+00 8.48046875e-01 5.99531250e-01 7.77587891e-01
2.73852539e+00 1.09899902e+02 2.16621094e+02 1.24438477e+00 2.65063477e+00 6.18408203e-01 2.09594727e+02 2.66845703e-01 2.87353516e-01 8.12402344e+00 8.48046875e-01 5.99531250e-01 7.77587891e-01
2.73852539e+00 1.09899902e+02 2.16621094e+02 1.24438477e+00 2.65063477e+00 6.18408203e-01 2.09594727e+02 2.66845703e-01 2.87353516e-01 7.05175781e+00 1.50195312e+00 5.99531250e-01 7.77587891e-01
2.73852539e+00 1.09899902e+02 2.16621094e+02 1.24438477e+00 2.65063477e+00 6.18408203e-01 2.09594727e+02 2.66845703e-01 2.87353516e-01 7.05175781e+00 8.48046875e-01 1.56703125e+00 7.77587891e-01
2.73852539e+00 1.09899902e+02 2.16621094e+02 1.24438477e+00 2.65063477e+00 6.18408203e-01 2.09594727e+02 2.66845703e-01 2.87353516e-01 7.05175781e+00 8.48046875e-01 5.99531250e-01 1.04418945e+00
2.73852539e+00 1.09899902e+02 2.16621094e+02 1.24438477e+00 2.65063477e+00 6.18408203e-01 2.09594727e+02 2.66845703e-01 2.87353516e-01 7.05175781e+00 8.48046875e-01 5.99531250e-01 7.77587891e-01
2.93188477e+00 7.65014648e+01 1.98339844e+02 2.83520508e+00 1.94311523e+00 3.67919922e-01 2.35961914e+02 3.62060547e-01 4.38232422e-01 1.03740234e+01 1.80195313e+00 1.20703125e+00 7.81689453e-01
1.05102539e+00 7.65014648e+01 1.98339844e+02 2.83520508e+00 1.94311523e+00 3.67919922e-01 2.35961914e+02 3.62060547e-01 4.38232422e-01 1.03740234e+01 1.80195313e+00 1.20703125e+00 7.81689453e-01
2.93188477e+00 1.38024902e+02 1.98339844e+02 2.83520508e+00 1.94311523e+00 3.67919922e-01 2.35961914e+02 3.62060547e-01 4.38232422e-01 1.03740234e+01 1.80195313e+00 1.20703125e+00 7.81689453e-01
2.93188477e+00 7.65014648e+01 8.16210938e+01 2.83520508e+00 1.94311523e+00 3.67919922e-01 2.35961914e+02 3.62060547e-01 4.38232422e-01 1.03740234e+01 1.80195313e+00 1.20703125e+00 7.81689453e-01
2.93188477e+00 7.65014648e+01 1.98339844e+02 1.80688477e+00 1.94311523e+00 3.67919922e-01 2.35961914e+02 3.62060547e-01 4.38232422e-01 1.03740234e+01 1.80195313e+00 1.20703125e+00 7.81689453e-01
2.93188477e+00 7.65014648e+01 1.98339844e+02 2.83520508e+00 9.63134766e-01 3.67919922e-01 2.35961914e+02 3.62060547e-01 4.38232422e-01 1.03740234e+01 1.80195313e+00 1.20703125e+00 7.81689453e-01
2.93188477e+00 7.65014648e+01 1.98339844e+02 2.83520508e+00 1.94311523e+00 4.30908203e-01 2.35961914e+02 3.62060547e-01 4.38232422e-01 1.03740234e+01 1.80195313e+00 1.20703125e+00 7.81689453e-01
2.93188477e+00 7.65014648e+01 1.98339844e+02 2.83520508e+00 1.94311523e+00 3.67919922e-01 4.90844727e+02 3.62060547e-01 4.38232422e-01 1.03740234e+01 1.80195313e+00 1.20703125e+00 7.81689453e-01
2.93188477e+00 7.65014648e+01 1.98339844e+02 2.83520508e+00 1.94311523e+00 3.67919922e-01 2.35961914e+02 8.29345703e-01 4.38232422e-01 1.03740234e+01 1.80195313e+00 1.20703125e+00 7.81689453e-01
2.93188477e+00 7.65014648e+01 1.98339844e+02 2.83520508e+00 1.94311523e+00 3.67919922e-01 2.35961914e+02 3.62060547e-01 4.74853516e-01 1.03740234e+01 1.80195313e+00 1.20703125e+00 7.81689453e-01
2.93188477e+00 7.65014648e+01 1.98339844e+02 2.83520508e+00 1.94311523e+00 3.67919922e-01 2.35961914e+02 3.62060547e-01 4.38232422e-01 9.30175781e+00 1.80195313e+00 1.20703125e+00 7.81689453e-01
2.93188477e+00 7.65014648e+01 1.98339844e+02 2.83520508e+00 1.94311523e+00 3.67919922e-01 2.35961914e+02 3.62060547e-01 4.38232422e-01 1.03740234e+01 1.74804688e+00 1.20703125e+00 7.81689453e-01
2.93188477e+00 7.65014648e+01 1.98339844e+02 2.83520508e+00 1.94311523e+00 3.67919922e-01 2.35961914e+02 3.62060547e-01 4.38232422e-01 1.03740234e+01 1.80195313e+00 1.67953125e+00 7.81689453e-01
2.93188477e+00 7.65014648e+01 1.98339844e+02 2.83520508e+00 1.94311523e+00 3.67919922e-01 2.35961914e+02 3.62060547e-01 4.38232422e-01 1.03740234e+01 1.80195313e+00 1.20703125e+00 5.15087891e-01
2.93188477e+00 1.38024902e+02 8.16210938e+01 1.80688477e+00 9.63134766e-01 4.30908203e-01 4.90844727e+02 8.29345703e-01 4.74853516e-01 9.30175781e+00 1.74804688e+00 1.67953125e+00 5.15087891e-01
1.05102539e+00 7.65014648e+01 8.16210938e+01 1.80688477e+00 9.63134766e-01 4.30908203e-01 4.90844727e+02 8.29345703e-01 4.74853516e-01 9.30175781e+00 1.74804688e+00 1.67953125e+00 5.15087891e-01
1.05102539e+00 1.38024902e+02 1.98339844e+02 1.80688477e+00 9.63134766e-01 4.30908203e-01 4.90844727e+02 8.29345703e-01 4.74853516e-01 9.30175781e+00 1.74804688e+00 1.67953125e+00 5.15087891e-01
1.05102539e+00 1.38024902e+02 8.16210938e+01 2.83520508e+00 9.63134766e-01 4.30908203e-01 4.90844727e+02 8.29345703e-01 4.74853516e-01 9.30175781e+00 1.74804688e+00 1.67953125e+00 5.15087891e-01
1.05102539e+00 1.38024902e+02 8.16210938e+01 1.80688477e+00 1.94311523e+00 4.30908203e-01 4.90844727e+02 8.29345703e-01 4.74853516e-01 9.30175781e+00 1.74804688e+00 1.67953125e+00 5.15087891e-01
1.05102539e+00 1.38024902e+02 8.16210938e+01 1.80688477e+00 9.63134766e-01 3.67919922e-01 4.90844727e+02 8.29345703e-01 4.74853516e-01 9.30175781e+00 1.74804688e+00 1.67953125e+00 5.15087891e-01
1.05102539e+00 1.38024902e+02 8.16210938e+01 1.80688477e+00 9.63134766e-01 4.30908203e-01 2.35961914e+02 8.29345703e-01 4.74853516e-01 9.30175781e+00 1.74804688e+00 1.67953125e+00 5.15087891e-01
1.05102539e+00 1.38024902e+02 8.16210938e+01 1.80688477e+00 9.63134766e-01 4.30908203e-01 4.90844727e+02 3.62060547e-01 4.74853516e-01 9.30175781e+00 1.74804688e+00 1.67953125e+00 5.15087891e-01
1.05102539e+00 1.38024902e+02 8.16210938e+01 1.80688477e+00 9.63134766e-01 4.30908203e-01 4.90844727e+02 8.29345703e-01 4.38232422e-01 9.30175781e+00 1.74804688e+00 1.67953125e+00 5.15087891e-01
1.05102539e+00 1.38024902e+02 8.16210938e+01 1.80688477e+00 9.63134766e-01 4.30908203e-01 4.90844727e+02 8.29345703e-01 4.74853516e-01 1.03740234e+01 1.74804688e+00 1.67953125e+00 5.15087891e-01
1.05102539e+00 1.38024902e+02 8.16210938e+01 1.80688477e+00 9.63134766e-01 4.30908203e-01 4.90844727e+02 8.29345703e-01 4.74853516e-01 9.30175781e+00 1.80195313e+00 1.67953125e+00 5.15087891e-01
1.05102539e+00 1.38024902e+02 8.16210938e+01 1.80688477e+00 9.63134766e-01 4.30908203e-01 4.90844727e+02 8.29345703e-01 4.74853516e-01 9.30175781e+00 1.74804688e+00 1.20703125e+00 5.15087891e-01
1.05102539e+00 1.38024902e+02 8.16210938e+01 1.80688477e+00 9.63134766e-01 4.30908203e-01 4.90844727e+02 8.29345703e-01 4.74853516e-01 9.30175781e+00 1.74804688e+00 1.67953125e+00 7.81689453e-01
1.05102539e+00 1.38024902e+02 8.16210938e+01 1.80688477e+00 9.63134766e-01 4.30908203e-01 4.90844727e+02 8.29345703e-01 4.74853516e-01 9.30175781e+00 1.74804688e+00 1.67953125e+00 5.15087891e-01
1.80688477e+00 1.32751465e+02 1.08339844e+02 1.71020508e+00 8.18115234e-01 7.42919922e-01 4.23461914e+02 7.37060547e-01 8.13232422e-01 5.87402344e+00 1.20195312e+00 4.87031250e-01 1.30668945e+00
2.17602539e+00 1.32751465e+02 1.08339844e+02 1.71020508e+00 8.18115234e-01 7.42919922e-01 4.23461914e+02 7.37060547e-01 8.13232422e-01 5.87402344e+00 1.20195312e+00 4.87031250e-01 1.30668945e+00
1.80688477e+00 8.17749023e+01 1.08339844e+02 1.71020508e+00 8.18115234e-01 7.42919922e-01 4.23461914e+02 7.37060547e-01 8.13232422e-01 5.87402344e+00 1.20195312e+00 4.87031250e-01 1.30668945e+00
1.80688477e+00 1.32751465e+02 1.71621094e+02 1.71020508e+00 8.18115234e-01 7.42919922e-01 4.23461914e+02 7.37060547e-01 8.13232422e-01 5.87402344e+00 1.20195312e+00 4.87031250e-01 1.30668945e+00
1.80688477e+00 1.32751465e+02 1.08339844e+02 2.93188477e+00 8.18115234e-01 7.42919922e-01 4.23461914e+02 7.37060547e-01 8.13232422e-01 5.87402344e+00 1.20195312e+00 4.87031250e-01 1.30668945e+00
1.80688477e+00 1.32751465e+02 1.08339844e+02 1.71020508e+00 2.08813477e+00 7.42919922e-01 4.23461914e+02 7.37060547e-01 8.13232422e-01 5.87402344e+00 1.20195312e+00 4.87031250e-01 1.30668945e+00
1.80688477e+00 1.32751465e+02 1.08339844e+02 1.71020508e+00 8.18115234e-01 8.05908203e-01 4.23461914e+02 7.37060547e-01 8.13232422e-01 5.87402344e+00 1.20195312e+00 4.87031250e-01 1.30668945e+00
1.80688477e+00 1.32751465e+02 1.08339844e+02 1.71020508e+00 8.18115234e-01 7.42919922e-01 3.03344727e+02 7.37060547e-01 8.13232422e-01 5.87402344e+00 1.20195312e+00 4.87031250e-01 1.30668945e+00
1.80688477e+00 1.32751465e+02 1.08339844e+02 1.71020508e+00 8.18115234e-01 7.42919922e-01 4.23461914e+02 4.54345703e-01 8.13232422e-01 5.87402344e+00 1.20195312e+00 4.87031250e-01 1.30668945e+00
1.80688477e+00 1.32751465e+02 1.08339844e+02 1.71020508e+00 8.18115234e-01 7.42919922e-01 4.23461914e+02 7.37060547e-01 8.49853516e-01 5.87402344e+00 1.20195312e+00 4.87031250e-01 1.30668945e+00
1.80688477e+00 1.32751465e+02 1.08339844e+02 1.71020508e+00 8.18115234e-01 7.42919922e-01 4.23461914e+02 7.37060547e-01 8.13232422e-01 4.80175781e+00 1.20195312e+00 4.87031250e-01 1.30668945e+00
1.80688477e+00 1.32751465e+02 1.08339844e+02 1.71020508e+00 8.18115234e-01 7.42919922e-01 4.23461914e+02 7.37060547e-01 8.13232422e-01 5.87402344e+00 1.14804687e+00 4.87031250e-01 1.30668945e+00
1.80688477e+00 1.32751465e+02 1.08339844e+02 1.71020508e+00 8.18115234e-01 7.42919922e-01 4.23461914e+02 7.37060547e-01 8.13232422e-01 5.87402344e+00 1.20195312e+00 9.59531250e-01 1.30668945e+00
1.80688477e+00 1.32751465e+02 1.08339844e+02 1.71020508e+00 8.18115234e-01 7.42919922e-01 4.23461914e+02 7.37060547e-01 8.13232422e-01 5.87402344e+00 1.20195312e+00 4.87031250e-01 1.04008789e+00
1.80688477e+00 8.17749023e+01 1.71621094e+02 2.93188477e+00 2.08813477e+00 8.05908203e-01 3.03344727e+02 4.54345703e-01 8.49853516e-01 4.80175781e+00 1.14804687e+00 9.59531250e-01 1.04008789e+00
2.17602539e+00 1.32751465e+02 1.71621094e+02 2.93188477e+00 2.08813477e+00 8.05908203e-01 3.03344727e+02 4.54345703e-01 8.49853516e-01 4.80175781e+00 1.14804687e+00 9.59531250e-01 1.04008789e+00
2.17602539e+00 8.17749023e+01 1.08339844e+02 2.93188477e+00 2.08813477e+00 8.05908203e-01 3.03344727e+02 4.54345703e-01 8.49853516e-01 4.80175781e+00 1.14804687e+00 9.59531250e-01 1.04008789e+00
2.17602539e+00 8.17749023e+01 1.71621094e+02 1.71020508e+00 2.08813477e+00 8.05908203e-01 3.03344727e+02 4.54345703e-01 8.49853516e-01 4.80175781e+00 1.14804687e+00 9.59531250e-01 1.04008789e+00
2.17602539e+00 8.17749023e+01 1.71621094e+02 2.93188477e+00 8.18115234e-01 8.05908203e-01 3.03344727e+02 4.54345703e-01 8.49853516e-01 4.80175781e+00 1.14804687e+00 9.59531250e-01 1.04008789e+00
2.17602539e+00 8.17749023e+01 1.71621094e+02 2.93188477e+00 2.08813477e+00 7.42919922e-01 3.03344727e+02 4.54345703e-01 8.49853516e-01 4.80175781e+00 1.14804687e+00 9.59531250e-01 1.04008789e+00
2.17602539e+00 8.17749023e+01 1.71621094e+02 2.93188477e+00 2.08813477e+00 8.05908203e-01 4.23461914e+02 4.54345703e-01 8.49853516e-01 4.80175781e+00 1.14804687e+00 9.59531250e-01 1.04008789e+00
2.17602539e+00 8.17749023e+01 1.71621094e+02 2.93188477e+00 2.08813477e+00 8.05908203e-01 3.03344727e+02 7.37060547e-01 8.49853516e-01 4.80175781e+00 1.14804687e+00 9.59531250e-01 1.04008789e+00
2.17602539e+00 8.17749023e+01 1.71621094e+02 2.93188477e+00 2.08813477e+00 8.05908203e-01 3.03344727e+02 4.54345703e-01 8.13232422e-01 4.80175781e+00 1.14804687e+00 9.59531250e-01 1.04008789e+00
2.17602539e+00 8.17749023e+01 1.71621094e+02 2.93188477e+00 2.08813477e+00 8.05908203e-01 3.03344727e+02 4.54345703e-01 8.49853516e-01 5.87402344e+00 1.14804687e+00 9.59531250e-01 1.04008789e+00
2.17602539e+00 8.17749023e+01 1.71621094e+02 2.93188477e+00 2.08813477e+00 8.05908203e-01 3.03344727e+02 4.54345703e-01 8.49853516e-01 4.80175781e+00 1.20195312e+00 9.59531250e-01 1.04008789e+00
2.17602539e+00 8.17749023e+01 1.71621094e+02 2.93188477e+00 2.08813477e+00 8.05908203e-01 3.03344727e+02 4.54345703e-01 8.49853516e-01 4.80175781e+00 1.14804687e+00 4.87031250e-01 1.04008789e+00
2.17602539e+00 8.17749023e+01 1.71621094e+02 2.93188477e+00 2.08813477e+00 8.05908203e-01 3.03344727e+02 4.54345703e-01 8.49853516e-01 4.80175781e+00 1.14804687e+00 9.59531250e-01 1.30668945e+00
2.17602539e+00 8.17749023e+01 1.71621094e+02 2.93188477e+00 2.08813477e+00 8.05908203e-01 3.03344727e+02 4.54345703e-01 8.49853516e-01 4.80175781e+00 1.14804687e+00 9.59531250e-01 1.04008789e+00
1.52563477e+00 9.05639648e+01 8.58398438e+01 1.42895508e+00 1.09936523e+00 8.36669922e-01 2.82836914e+02 2.68310547e-01 5.31982422e-01 9.24902344e+00 1.95195312e+00 6.67031250e-01 6.50439453e-01
2.45727539e+00 9.05639648e+01 8.58398438e+01 1.42895508e+00 1.09936523e+00 8.36669922e-01 2.82836914e+02 2.68310547e-01 5.31982422e-01 9.24902344e+00 1.95195312e+00 6.67031250e-01 6.50439453e-01
1.52563477e+00 6.77124023e+01 8.58398438e+01 1.42895508e+00 1.09936523e+00 8.36669922e-01 2.82836914e+02 2.68310547e-01 5.31982422e-01 9.24902344e+00 1.95195312e+00 6.67031250e-01 6.50439453e-01
1.52563477e+00 9.05639648e+01 1.94121094e+02 1.42895508e+00 1.09936523e+00 8.36669922e-01 2.82836914e+02 2.68310547e-01 5.31982422e-01 9.24902344e+00 1.95195312e+00 6.67031250e-01 6.50439453e-01
1.52563477e+00 9.05639648e+01 8.58398438e+01 2.65063477e+00 1.09936523e+00 8.36669922e-01 2.82836914e+02 2.68310547e-01 5.31982422e-01 9.24902344e+00 1.95195312e+00 6.67031250e-01 6.50439453e-01
1.52563477e+00 9.05639648e+01 8.58398438e+01 1.42895508e+00 2.36938477e+00 8.36669922e-01 2.82836914e+02 2.68310547e-01 5.31982422e-01 9.24902344e+00 1.95195312e+00 6.67031250e-01 6.50439453e-01
1.52563477e+00 9.05639648e+01 8.58398438e+01 1.42895508e+00 1.09936523e+00 3.37158203e-01 2.82836914e+02 2.68310547e-01 5.31982422e-01 9.24902344e+00 1.95195312e+00 6.67031250e-01 6.50439453e-01
1.52563477e+00 9.05639648e+01 8.58398438e+01 1.42895508e+00 1.09936523e+00 8.36669922e-01 3.50219727e+02 2.68310547e-01 5.31982422e-01 9.24902344e+00 1.95195312e+00 6.67031250e-01 6.50439453e-01
1.52563477e+00 9.05639648e+01 8.58398438e+01 1.42895508e+00 1.09936523e+00 8.36669922e-01 2.82836914e+02 7.35595703e-01 5.31982422e-01 9.24902344e+00 1.95195312e+00 6.67031250e-01 6.50439453e-01
1.52563477e+00 9.05639648e+01 8.58398438e+01 1.42895508e+00 1.09936523e+00 8.36669922e-01 2.82836914e+02 2.68310547e-01 7.56103516e-01 9.24902344e+00 1.95195312e+00 6.67031250e-01 6.50439453e-01
1.52563477e+00 9.05639648e+01 8.58398438e+01 1.42895508e+00 1.09936523e+00 8.36669922e-01 2.82836914e+02 2.68310547e-01 5.31982422e-01 8.17675781e+00 1.95195312e+00 6.67031250e-01 6.50439453e-01
1.52563477e+00 9.05639648e+01 8.58398438e+01 1.42895508e+00 1.09936523e+00 8.36669922e-01 2.82836914e+02 2.68310547e-01 5.31982422e-01 9.24902344e+00 1.29804688e+00 6.67031250e-01 6.50439453e-01
1.52563477e+00 9.05639648e+01 8.58398438e+01 1.42895508e+00 1.09936523e+00 8.36669922e-01 2.82836914e+02 2.68310547e-01 5.31982422e-01 9.24902344e+00 1.95195312e+00 1.13953125e+00 6.50439453e-01
1.52563477e+00 9.05639648e+01 8.58398438e+01 1.42895508e+00 1.09936523e+00 8.36669922e-01 2.82836914e+02 2.68310547e-01 5.31982422e-01 9.24902344e+00 1.95195312e+00 6.67031250e-01 3.83837891e-01
1.52563477e+00 6.77124023e+01 1.94121094e+02 2.65063477e+00 2.36938477e+00 3.37158203e-01 3.50219727e+02 7.35595703e-01 7.56103516e-01 8.17675781e+00 1.29804688e+00 1.13953125e+00 3.83837891e-01
2.45727539e+00 9.05639648e+01 1.94121094e+02 2.65063477e+00 2.36938477e+00 3.37158203e-01 3.50219727e+02 7.35595703e-01 7.56103516e-01 8.17675781e+00 1.29804688e+00 1.13953125e+00 3.83837891e-01
2.45727539e+00 6.77124023e+01 8.58398438e+01 2.65063477e+00 2.36938477e+00 3.37158203e-01 3.50219727e+02 7.35595703e-01 7.56103516e-01 8.17675781e+00 1.29804688e+00 1.13953125e+00 3.83837891e-01
2.45727539e+00 6.77124023e+01 1.94121094e+02 1.42895508e+00 2.36938477e+00 3.37158203e-01 3.50219727e+02 7.35595703e-01 7.56103516e-01 8.17675781e+00 1.29804688e+00 1.13953125e+00 3.83837891e-01
2.45727539e+00 6.77124023e+01 1.94121094e+02 2.65063477e+00 1.09936523e+00 3.37158203e-01 3.50219727e+02 7.35595703e-01 7.56103516e-01 8.17675781e+00 1.29804688e+00 1.13953125e+00 3.83837891e-01
2.45727539e+00 6.77124023e+01 1.94121094e+02 2.65063477e+00 2.36938477e+00 8.36669922e-01 3.50219727e+02 7.35595703e-01 7.56103516e-01 8.17675781e+00 1.29804688e+00 1.13953125e+00 3.83837891e-01
2.45727539e+00 6.77124023e+01 1.94121094e+02 2.65063477e+00 2.36938477e+00 3.37158203e-01 2.82836914e+02 7.35595703e-01 7.56103516e-01 8.17675781e+00 1.29804688e+00 1.13953125e+00 3.83837891e-01
2.45727539e+00 6.77124023e+01 1.94121094e+02 2.65063477e+00 2.36938477e+00 3.37158203e-01 3.50219727e+02 2.68310547e-01 7.56103516e-01 8.17675781e+00 1.29804688e+00 1.13953125e+00 3.83837891e-01
2.45727539e+00 6.77124023e+01 1.94121094e+02 2.65063477e+00 2.36938477e+00 3.37158203e-01 3.50219727e+02 7.35595703e-01 5.31982422e-01 8.17675781e+00 1.29804688e+00 1.13953125e+00 3.83837891e-01
2.45727539e+00 6.77124023e+01 1.94121094e+02 2.65063477e+00 2.36938477e+00 3.37158203e-01 3.50219727e+02 7.35595703e-01 7.56103516e-01 9.24902344e+00 1.29804688e+00 1.13953125e+00 3.83837891e-01
2.45727539e+00 6.77124023e+01 1.94121094e+02 2.65063477e+00 2.36938477e+00 3.37158203e-01 3.50219727e+02 7.35595703e-01 7.56103516e-01 8.17675781e+00 1.95195312e+00 1.13953125e+00 3.83837891e-01
2.45727539e+00 6.77124023e+01 1.94121094e+02 2.65063477e+00 2.36938477e+00 3.37158203e-01 3.50219727e+02 7.35595703e-01 7.56103516e-01 8.17675781e+00 1.29804688e+00 6.67031250e-01 3.83837891e-01
2.45727539e+00 6.77124023e+01 1.94121094e+02 2.65063477e+00 2.36938477e+00 3.37158203e-01 3.50219727e+02 7.35595703e-01 7.56103516e-01 8.17675781e+00 1.29804688e+00 1.13953125e+00 6.50439453e-01
2.45727539e+00 6.77124023e+01 1.94121094e+02 2.65063477e+00 2.36938477e+00 3.37158203e-01 3.50219727e+02 7.35595703e-01 7.56103516e-01 8.17675781e+00 1.29804688e+00 1.13953125e+00 3.83837891e-01
2.65063477e+00 1.46813965e+02 1.75839844e+02 2.55395508e+00 2.22436523e+00 4.61669922e-01 4.70336914e+02 6.43310547e-01 9.06982422e-01 4.74902344e+00 1.35195313e+00 1.38703125e+00 1.17543945e+00
1.33227539e+00 1.46813965e+02 1.75839844e+02 2.55395508e+00 2.22436523e+00 4.61669922e-01 4.70336914e+02 6.43310547e-01 9.06982422e-01 4.74902344e+00 1.35195313e+00 1.38703125e+00 1.17543945e+00
2.65063477e+00 1.23962402e+02 1.75839844e+02 2.55395508e+00 2.22436523e+00 4.61669922e-01 4.70336914e+02 6.43310547e-01 9.06982422e-01 4.74902344e+00 1.35195313e+00 1.38703125e+00 1.17543945e+00
2.65063477e+00 1.46813965e+02 1.04121094e+02 2.55395508e+00 2.22436523e+00 4.61669922e-01 4.70336914e+02 6.43310547e-01 9.06982422e-01 4.74902344e+00 1.35195313e+00 1.38703125e+00 1.17543945e+00
2.65063477e+00 1.46813965e+02 1.75839844e+02 1.52563477e+00 2.22436523e+00 4.61669922e-01 4.70336914e+02 6.43310547e-01 9.06982422e-01 4.74902344e+00 1.35195313e+00 1.38703125e+00 1.17543945e+00
2.65063477e+00 1.46813965e+02 1.75839844e+02 2.55395508e+00 1.24438477e+00 4.61669922e-01 4.70336914e+02 6.43310547e-01 9.06982422e-01 4.74902344e+00 1.35195313e+00 1.38703125e+00 1.17543945e+00
2.65063477e+00 1.46813965e+02 1.75839844e+02 2.55395508e+00 2.22436523e+00 7.12158203e-01 4.70336914e+02 6.43310547e-01 9.06982422e-01 4.74902344e+00 1.35195313e+00 1.38703125e+00 1.17543945e+00
2.65063477e+00 1.46813965e+02 1.75839844e+02 2.55395508e+00 2.22436523e+00 4.61669922e-01 1.62719727e+02 6.43310547e-01 9.06982422e-01 4.74902344e+00 1.35195313e+00 1.38703125e+00 1.17543945e+00
2.65063477e+00 1.46813965e+02 1.75839844e+02 2.55395508e+00 2.22436523e+00 4.61669922e-01 4.70336914e+02 3.60595703e-01 9.06982422e-01 4.74902344e+00 1.35195313e+00 1.38703125e+00 1.17543945e+00
2.65063477e+00 1.46813965e+02 1.75839844e+02 2.55395508e+00 2.22436523e+00 4.61669922e-01 4.70336914e+02 6.43310547e-01 3.81103516e-01 4.74902344e+00 1.35195313e+00 1.38703125e+00 1.17543945e+00
2.65063477e+00 1.46813965e+02 1.75839844e+02 2.55395508e+00 2.22436523e+00 4.61669922e-01 4.70336914e+02 6.43310547e-01 9.06982422e-01 3.67675781e+00 1.35195313e+00 1.38703125e+00 1.17543945e+00
2.65063477e+00 1.46813965e+02 1.75839844e+02 2.55395508e+00 2.22436523e+00 4.61669922e-01 4.70336914e+02 6.43310547e-01 9.06982422e-01 4.74902344e+00 1.89804687e+00 1.38703125e+00 1.17543945e+00
2.65063477e+00 1.46813965e+02 1.75839844e+02 2.55395508e+00 2.22436523e+00 4.61669922e-01 4.70336914e+02 6.43310547e-01 9.06982422e-01 4.74902344e+00 1.35195313e+00 1.85953125e+00 1.17543945e+00
2.65063477e+00 1.46813965e+02 1.75839844e+02 2.55395508e+00 2.22436523e+00 4.61669922e-01 4.70336914e+02 6.43310547e-01 9.06982422e-01 4.74902344e+00 1.35195313e+00 1.38703125e+00 9.08837891e-01
2.65063477e+00 1.23962402e+02 1.04121094e+02 1.52563477e+00 1.24438477e+00 7.12158203e-01 1.62719727e+02 3.60595703e-01 3.81103516e-01 3.67675781e+00 1.89804687e+00 1.85953125e+00 9.08837891e-01
1.33227539e+00 1.46813965e+02 1.04121094e+02 1.52563477e+00 1.24438477e+00 7.12158203e-01 1.62719727e+02 3.60595703e-01 3.81103516e-01 3.67675781e+00 1.89804687e+00 1.85953125e+00 9.08837891e-01
1.33227539e+00 1.23962402e+02 1.75839844e+02 1.52563477e+00 1.24438477e+00 7.12158203e-01 1.62719727e+02 3.60595703e-01 3.81103516e-01 3.67675781e+00 1.89804687e+00 1.85953125e+00 9.08837891e-01
1.33227539e+00 1.23962402e+02 1.04121094e+02 2.55395508e+00 1.24438477e+00 7.12158203e-01 1.62719727e+02 3.60595703e-01 3.81103516e-01 3.67675781e+00 1.89804687e+00 1.85953125e+00 9.08837891e-01
1.33227539e+00 1.23962402e+02 1.04121094e+02 1.52563477e+00 2.22436523e+00 7.12158203e-01 1.62719727e+02 3.60595703e-01 3.81103516e-01 3.67675781e+00 1.89804687e+00 1.85953125e+00 9.08837891e-01
1.33227539e+00 1.23962402e+02 1.04121094e+02 1.52563477e+00 1.24438477e+00 4.61669922e-01 1.62719727e+02 3.60595703e-01 3.81103516e-01 3.67675781e+00 1.89804687e+00 1.85953125e+00 9.08837891e-01
1.33227539e+00 1.23962402e+02 1.04121094e+02 1.52563477e+00 1.24438477e+00 7.12158203e-01 4.70336914e+02 3.60595703e-01 3.81103516e-01 3.67675781e+00 1.89804687e+00 1.85953125e+00 9.08837891e-01
1.33227539e+00 1.23962402e+02 1.04121094e+02 1.52563477e+00 1.24438477e+00 7.12158203e-01 1.62719727e+02 6.43310547e-01 3.81103516e-01 3.67675781e+00 1.89804687e+00 1.85953125e+00 9.08837891e-01
1.33227539e+00 1.23962402e+02 1.04121094e+02 1.52563477e+00 1.24438477e+00 7.12158203e-01 1.62719727e+02 3.60595703e-01 9.06982422e-01 3.67675781e+00 1.89804687e+00 1.85953125e+00 9.08837891e-01
1.33227539e+00 1.23962402e+02 1.04121094e+02 1.52563477e+00 1.24438477e+00 7.12158203e-01 1.62719727e+02 3.60595703e-01 3.81103516e-01 4.74902344e+00 1.89804687e+00 1.85953125e+00 9.08837891e-01
1.33227539e+00 1.23962402e+02 1.04121094e+02 1.52563477e+00 1.24438477e+00 7.12158203e-01 1.62719727e+02 3.60595703e-01 3.81103516e-01 3.67675781e+00 1.35195313e+00 1.85953125e+00 9.08837891e-01
1.33227539e+00 1.23962402e+02 1.04121094e+02 1.52563477e+00 1.24438477e+00 7.12158203e-01 1.62719727e+02 3.60595703e-01 3.81103516e-01 3.67675781e+00 1.89804687e+00 1.38703125e+00 9.08837891e-01
1.33227539e+00 1.23962402e+02 1.04121094e+02 1.52563477e+00 1.24438477e+00 7.12158203e-01 1.62719727e+02 3.60595703e-01 3.81103516e-01 3.67675781e+00 1.89804687e+00 1.85953125e+00 1.17543945e+00
1.33227539e+00 1.23962402e+02 1.04121094e+02 1.52563477e+00 1.24438477e+00 7.12158203e-01 1.62719727e+02 3.60595703e-01 3.81103516e-01 3.67675781e+00 1.89804687e+00 1.85953125e+00 9.08837891e-01
2.08813477e+00 6.24389648e+01 1.30839844e+02 8.66455078e-01 2.78686523e+00 2.74169922e-01 1.89086914e+02 8.30810547e-01 7.19482422e-01 6.99902344e+00 1.05195313e+00 1.74703125e+00 3.87939453e-01
1.89477539e+00 6.24389648e+01 1.30839844e+02 8.66455078e-01 2.78686523e+00 2.74169922e-01 1.89086914e+02 8.30810547e-01 7.19482422e-01 6.99902344e+00 1.05195313e+00 1.74703125e+00 3.87939453e-01
2.08813477e+00 9.58374023e+01 1.30839844e+02 8.66455078e-01 2.78686523e+00 2.74169922e-01 1.89086914e+02 8.30810547e-01 7.19482422e-01 6.99902344e+00 1.05195313e+00 1.74703125e+00 3.87939453e-01
2.08813477e+00 6.24389648e+01 2.39121094e+02 8.66455078e-01 2.78686523e+00 2.74169922e-01 1.89086914e+02 8.30810547e-01 7.19482422e-01 6.99902344e+00 1.05195313e+00 1.74703125e+00 3.87939453e-01
2.08813477e+00 6.24389648e+01 1.30839844e+02 9.63134766e-01 2.78686523e+00 2.74169922e-01 1.89086914e+02 8.30810547e-01 7.19482422e-01 6.99902344e+00 1.05195313e+00 1.74703125e+00 3.87939453e-01
2.08813477e+00 6.24389648e+01 1.30839844e+02 8.66455078e-01 2.93188477e+00 2.74169922e-01 1.89086914e+02 8.30810547e-01 7.19482422e-01 6.99902344e+00 1.05195313e+00 1.74703125e+00 3.87939453e-01
2.08813477e+00 6.24389648e+01 1.30839844e+02 8.66455078e-01 2.78686523e+00 8.99658203e-01 1.89086914e+02 8.30810547e-01 7.19482422e-01 6.99902344e+00 1.05195313e+00 1.74703125e+00 3.87939453e-01
2.08813477e+00 6.24389648e+01 1.30839844e+02 8.66455078e-01 2.78686523e+00 2.74169922e-01 4.43969727e+02 8.30810547e-01 7.19482422e-01 6.99902344e+00 1.05195313e+00 1.74703125e+00 3.87939453e-01
2.08813477e+00 6.24389648e+01 1.30839844e+02 8.66455078e-01 2.78686523e+00 2.74169922e-01 1.89086914e+02 9.23095703e-01 7.19482422e-01 6.99902344e+00 1.05195313e+00 1.74703125e+00 3.87939453e-01
2.08813477e+00 6.24389648e+01 1.30839844e+02 8.66455078e-01 2.78686523e+00 2.74169922e-01 1.89086914e+02 8.30810547e-01 5.68603516e-01 6.99902344e+00 1.05195313e+00 1.74703125e+00 3.87939453e-01
2.08813477e+00 6.24389648e+01 1.30839844e+02 8.66455078e-01 2.78686523e+00 2.74169922e-01 1.89086914e+02 8.30810547e-01 7.19482422e-01 1.04267578e+01 1.05195313e+00 1.74703125e+00 3.87939453e-01
2.08813477e+00 6.24389648e+01 1.30839844e+02 8.66455078e-01 2.78686523e+00 2.74169922e-01 1.89086914e+02 8.30810547e-01 7.19482422e-01 6.99902344e+00 9.98046875e-01 1.74703125e+00 3.87939453e-01
2.08813477e+00 6.24389648e+01 1.30839844e+02 8.66455078e-01 2.78686523e+00 2.74169922e-01 1.89086914e+02 8.30810547e-01 7.19482422e-01 6.99902344e+00 1.05195313e+00 7.79531250e-01 3.87939453e-01
2.08813477e+00 6.24389648e+01 1.30839844e+02 8.66455078e-01 2.78686523e+00 2.74169922e-01 1.89086914e+02 8.30810547e-01 7.19482422e-01 6.99902344e+00 1.05195313e+00 1.74703125e+00 1.17133789e+00
2.08813477e+00 9.58374023e+01 2.39121094e+02 9.63134766e-01 2.93188477e+00 8.99658203e-01 4.43969727e+02 9.23095703e-01 5.68603516e-01 1.04267578e+01 9.98046875e-01 7.79531250e-01 1.17133789e+00
1.89477539e+00 6.24389648e+01 2.39121094e+02 9.63134766e-01 2.93188477e+00 8.99658203e-01 4.43969727e+02 9.23095703e-01 5.68603516e-01 1.04267578e+01 9.98046875e-01 7.79531250e-01 1.17133789e+00
1.89477539e+00 9.58374023e+01 1.30839844e+02 9.63134766e-01 2.93188477e+00 8.99658203e-01 4.43969727e+02 9.23095703e-01 5.68603516e-01 1.04267578e+01 9.98046875e-01 7.79531250e-01 1.17133789e+00
1.89477539e+00 9.58374023e+01 2.39121094e+02 8.66455078e-01 2.93188477e+00 8.99658203e-01 4.43969727e+02 9.23095703e-01 5.68603516e-01 1.04267578e+01 9.98046875e-01 7.79531250e-01 1.17133789e+00
1.89477539e+00 9.58374023e+01 2.39121094e+02 9.63134766e-01 2.78686523e+00 8.99658203e-01 4.43969727e+02 9.23095703e-01 5.68603516e-01 1.04267578e+01 9.98046875e-01 7.79531250e-01 1.17133789e+00
1.89477539e+00 9.58374023e+01 2.39121094e+02 9.63134766e-01 2.93188477e+00 2.74169922e-01 4.43969727e+02 9.23095703e-01 5.68603516e-01 1.04267578e+01 9.98046875e-01 7.79531250e-01 1.17133789e+00
1.89477539e+00 9.58374023e+01 2.39121094e+02 9.63134766e-01 2.93188477e+00 8.99658203e-01 1.89086914e+02 9.23095703e-01 5.68603516e-01 1.04267578e+01 9.98046875e-01 7.79531250e-01 1.17133789e+00
1.89477539e+00 9.58374023e+01 2.39121094e+02 9.63134766e-01 2.93188477e+00 8.99658203e-01 4.43969727e+02 8.30810547e-01 5.68603516e-01 1.04267578e+01 9.98046875e-01 7.79531250e-01 1.17133789e+00
1.89477539e+00 9.58374023e+01 2.39121094e+02 9.63134766e-01 2.93188477e+00 8.99658203e-01 4.43969727e+02 9.23095703e-01 7.19482422e-01 1.04267578e+01 9.98046875e-01 7.79531250e-01 1.17133789e+00
1.89477539e+00 9.58374023e+01 2.39121094e+02 9.63134766e-01 2.93188477e+00 8.99658203e-01 4.43969727e+02 9.23095703e-01 5.68603516e-01 6.99902344e+00 9.98046875e-01 7.79531250e-01 1.17133789e+00
1.89477539e+00 9.58374023e+01 2.39121094e+02 9.63134766e-01 2.93188477e+00 8.99658203e-01 4.43969727e+02 9.23095703e-01 5.68603516e-01 1.04267578e+01 1.05195313e+00 7.79531250e-01 1.17133789e+00
1.89477539e+00 9.58374023e+01 2.39121094e+02 9.63134766e-01 2.93188477e+00 8.99658203e-01 4.43969727e+02 9.23095703e-01 5.68603516e-01 1.04267578e+01 9.98046875e-01 1.74703125e+00 1.17133789e+00
1.89477539e+00 9.58374023e+01 2.39121094e+02 9.63134766e-01 2.93188477e+00 8.99658203e-01 4.43969727e+02 9.23095703e-01 5.68603516e-01 1.04267578e+01 9.98046875e-01 7.79531250e-01 3.87939453e-01
1.89477539e+00 9.58374023e+01 2.39121094e+02 9.63134766e-01 2.93188477e+00 8.99658203e-01 4.43969727e+02 9.23095703e-01 5.68603516e-01 1.04267578e+01 9.98046875e-01 7.79531250e-01 1.17133789e+00
9.63134766e-01 1.18688965e+02 2.20839844e+02 1.99145508e+00 1.66186523e+00 6.49169922e-01 3.76586914e+02 4.55810547e-01 3.44482422e-01 1.14990234e+01 1.65195312e+00 1.02703125e+00 9.12939453e-01
7.69775391e-01 1.18688965e+02 2.20839844e+02 1.99145508e+00 1.66186523e+00 6.49169922e-01 3.76586914e+02 4.55810547e-01 3.44482422e-01 1.14990234e+01 1.65195312e+00 1.02703125e+00 9.12939453e-01
9.63134766e-01 3.95874023e+01 2.20839844e+02 1.99145508e+00 1.66186523e+00 6.49169922e-01 3.76586914e+02 4.55810547e-01 3.44482422e-01 1.14990234e+01 1.65195312e+00 1.02703125e+00 9.12939453e-01
9.63134766e-01 1.18688965e+02 1.49121094e+02 1.99145508e+00 1.66186523e+00 6.49169922e-01 3.76586914e+02 4.55810547e-01 3.44482422e-01 1.14990234e+01 1.65195312e+00 1.02703125e+00 9.12939453e-01
9.63134766e-01 1.18688965e+02 2.20839844e+02 2.08813477e+00 1.66186523e+00 6.49169922e-01 3.76586914e+02 4.55810547e-01 3.44482422e-01 1.14990234e+01 1.65195312e+00 1.02703125e+00 9.12939453e-01
9.63134766e-01 1.18688965e+02 2.20839844e+02 1.99145508e+00 1.80688477e+00 6.49169922e-01 3.76586914e+02 4.55810547e-01 3.44482422e-01 1.14990234e+01 1.65195312e+00 1.02703125e+00 9.12939453e-01
9.63134766e-01 1.18688965e+02 2.20839844e+02 1.99145508e+00 1.66186523e+00 5.24658203e-01 3.76586914e+02 4.55810547e-01 3.44482422e-01 1.14990234e+01 1.65195312e+00 1.02703125e+00 9.12939453e-01
9.63134766e-01 1.18688965e+02 2.20839844e+02 1.99145508e+00 1.66186523e+00 6.49169922e-01 2.56469727e+02 4.55810547e-01 3.44482422e-01 1.14990234e+01 1.65195312e+00 1.02703125e+00 9.12939453e-01
9.63134766e-01 1.18688965e+02 2.20839844e+02 1.99145508e+00 1.66186523e+00 6.49169922e-01 3.76586914e+02 5.48095703e-01 3.44482422e-01 1.14990234e+01 1.65195312e+00 1.02703125e+00 9.12939453e-01
9.63134766e-01 1.18688965e+02 2.20839844e+02 1.99145508e+00 1.66186523e+00 6.49169922e-01 3.76586914e+02 4.55810547e-01 9.43603516e-01 1.14990234e+01 1.65195312e+00 1.02703125e+00 9.12939453e-01
9.63134766e-01 1.18688965e+02 2.20839844e+02 1.99145508e+00 1.66186523e+00 6.49169922e-01 3.76586914e+02 4.55810547e-01 3.44482422e-01 5.92675781e+00 1.65195312e+00 1.02703125e+00 9.12939453e-01
9.63134766e-01 1.18688965e+02 2.20839844e+02 1.99145508e+00 1.66186523e+00 6.49169922e-01 3.76586914e+02 4.55810547e-01 3.44482422e-01 1.14990234e+01 1.59804688e+00 1.02703125e+00 9.12939453e-01
9.63134766e-01 1.18688965e+02 2.20839844e+02 1.99145508e+00 1.66186523e+00 6.49169922e-01 3.76586914e+02 4.55810547e-01 3.44482422e-01 1.14990234e+01 1.65195312e+00 1.49953125e+00 9.12939453e-01
9.63134766e-01 1.18688965e+02 2.20839844e+02 1.99145508e+00 1.66186523e+00 6.49169922e-01 3.76586914e+02 4.55810547e-01 3.44482422e-01 1.14990234e+01 1.65195312e+00 1.02703125e+00 6.46337891e-01
9.63134766e-01 3.95874023e+01 1.49121094e+02 2.08813477e+00 1.80688477e+00 5.24658203e-01 2.56469727e+02 5.48095703e-01 9.43603516e-01 5.92675781e+00 1.59804688e+00 1.49953125e+00 6.46337891e-01
7.69775391e-01 1.18688965e+02 1.49121094e+02 2.08813477e+00 1.80688477e+00 5.24658203e-01 2.56469727e+02 5.48095703e-01 9.43603516e-01 5.92675781e+00 1.59804688e+00 1.49953125e+00 6.46337891e-01
7.69775391e-01 3.95874023e+01 2.20839844e+02 2.08813477e+00 1.80688477e+00 5.24658203e-01 2.56469727e+02 5.48095703e-01 9.43603516e-01 5.92675781e+00 1.59804688e+00 1.49953125e+00 6.46337891e-01
7.69775391e-01 3.95874023e+01 1.49121094e+02 1.99145508e+00 1.80688477e+00 5.24658203e-01 2.56469727e+02 5.48095703e-01 9.43603516e-01 5.92675781e+00 1.59804688e+00 1.49953125e+00 6.46337891e-01
7.69775391e-01 3.95874023e+01 1.49121094e+02 2.08813477e+00 1.66186523e+00 5.24658203e-01 2.56469727e+02 5.48095703e-01 9.43603516e-01 5.92675781e+00 1.59804688e+00 1.49953125e+00 6.46337891e-01
7.69775391e-01 3.95874023e+01 1.49121094e+02 2.08813477e+00 1.80688477e+00 6.49169922e-01 2.56469727e+02 5.48095703e-01 9.43603516e-01 5.92675781e+00 1.59804688e+00 1.49953125e+00 6.46337891e-01
7.69775391e-01 3.95874023e+01 1.49121094e+02 2.08813477e+00 1.80688477e+00 5.24658203e-01 3.76586914e+02 5.48095703e-01 9.43603516e-01 5.92675781e+00 1.59804688e+00 1.49953125e+00 6.46337891e-01
7.69775391e-01 3.95874023e+01 1.49121094e+02 2.08813477e+00 1.80688477e+00 5.24658203e-01 2.56469727e+02 4.55810547e-01 9.43603516e-01 5.92675781e+00 1.59804688e+00 1.49953125e+00 6.46337891e-01
7.69775391e-01 3.95874023e+01 1.49121094e+02 2.08813477e+00 1.80688477e+00 5.24658203e-01 2.56469727e+02 5.48095703e-01 3.44482422e-01 5.92675781e+00 1.59804688e+00 1.49953125e+00 6.46337891e-01
7.69775391e-01 3.95874023e+01 1.49121094e+02 2.08813477e+00 1.80688477e+00 5.24658203e-01 2.56469727e+02 5.48095703e-01 9.43603516e-01 1.14990234e+01 1.59804688e+00 1.49953125e+00 6.46337891e-01
7.69775391e-01 3.95874023e+01 1.49121094e+02 2.08813477e+00 1.80688477e+00 5.24658203e-01 2.56469727e+02 5.48095703e-01 9.43603516e-01 5.92675781e+00 1.65195312e+00 1.49953125e+00 6.46337891e-01
7.69775391e-01 3.95874023e+01 1.49121094e+02 2.08813477e+00 1.80688477e+00 5.24658203e-01 2.56469727e+02 5.48095703e-01 9.43603516e-01 5.92675781e+00 1.59804688e+00 1.02703125e+00 6.46337891e-01
7.69775391e-01 3.95874023e+01 1.49121094e+02 2.08813477e+00 1.80688477e+00 5.24658203e-01 2.56469727e+02 5.48095703e-01 9.43603516e-01 5.92675781e+00 1.59804688e+00 1.49953125e+00 9.12939453e-01
7.69775391e-01 3.95874023e+01 1.49121094e+02 2.08813477e+00 1.80688477e+00 5.24658203e-01 2.56469727e+02 5.48095703e-01 9.43603516e-01 5.92675781e+00 1.59804688e+00 1.49953125e+00 6.46337891e-01
8.92822266e-01 5.89233398e+01 6.89648438e+01 1.78051758e+00 2.15405273e+00 4.38232422e-01 4.82055664e+02 8.54248047e-01 2.74169922e-01 6.71777344e+00 1.68945312e+00 8.02031250e-01 8.14501953e-01
1.26196289e+00 5.89233398e+01 6.89648438e+01 1.78051758e+00 2.15405273e+00 4.38232422e-01 4.82055664e+02 8.54248047e-01 2.74169922e-01 6.71777344e+00 1.68945312e+00 8.02031250e-01 8.14501953e-01
8.92822266e-01 1.13415527e+02 6.89648438e+01 1.78051758e+00 2.15405273e+00 4.38232422e-01 4.82055664e+02 8.54248047e-01 2.74169922e-01 6.71777344e+00 1.68945312e+00 8.02031250e-01 8.14501953e-01
8.92822266e-01 5.89233398e+01 1.77246094e+02 1.78051758e+00 2.15405273e+00 4.38232422e-01 4.82055664e+02 8.54248047e-01 2.74169922e-01 6.71777344e+00 1.68945312e+00 8.02031250e-01 8.14501953e-01
8.92822266e-01 5.89233398e+01 6.89648438e+01 2.15844727e+00 2.15405273e+00 4.38232422e-01 4.82055664e+02 8.54248047e-01 2.74169922e-01 6.71777344e+00 1.68945312e+00 8.02031250e-01 8.14501953e-01
8.92822266e-01 5.89233398e+01 6.89648438e+01 1.78051758e+00 8.92822266e-01 4.38232422e-01 4.82055664e+02 8.54248047e-01 2.74169922e-01 6.71777344e+00 1.68945312e+00 8.02031250e-01 8.14501953e-01
8.92822266e-01 5.89233398e+01 6.89648438e+01 1.78051758e+00 2.15405273e+00 8.29345703e-01 4.82055664e+02 8.54248047e-01 2.74169922e-01 6.71777344e+00 1.68945312e+00 8.02031250e-01 8.14501953e-01
8.92822266e-01 5.89233398e+01 6.89648438e+01 1.78051758e+00 2.15405273e+00 4.38232422e-01 4.55688477e+02 8.54248047e-01 2.74169922e-01 6.71777344e+00 1.68945312e+00 8.02031250e-01 8.14501953e-01
8.92822266e-01 5.89233398e+01 6.89648438e+01 1.78051758e+00 2.15405273e+00 4.38232422e-01 4.82055664e+02 2.90283203e-01 2.74169922e-01 6.71777344e+00 1.68945312e+00 8.02031250e-01 8.14501953e-01
8.92822266e-01 5.89233398e+01 6.89648438e+01 1.78051758e+00 2.15405273e+00 4.38232422e-01 4.82055664e+02 8.54248047e-01 8.73291016e-01 6.71777344e+00 1.68945312e+00 8.02031250e-01 8.14501953e-01
8.92822266e-01 5.89233398e+01 6.89648438e+01 1.78051758e+00 2.15405273e+00 4.38232422e-01 4.82055664e+02 8.54248047e-01 2.74169922e-01 6.20800781e+00 1.68945312e+00 8.02031250e-01 8.14501953e-01
8.92822266e-01 5.89233398e+01 6.89648438e+01 1.78051758e+00 2.15405273e+00 4.38232422e-01 4.82055664e+02 8.54248047e-01 2.74169922e-01 6.71777344e+00 1.86054688e+00 8.02031250e-01 8.14501953e-01
8.92822266e-01 5.89233398e+01 6.89648438e+01 1.78051758e+00 2.15405273e+00 4.38232422e-01 4.82055664e+02 8.54248047e-01 2.74169922e-01 6.71777344e+00 1.68945312e+00 1.09453125e+00 8.14501953e-01
8.92822266e-01 5.89233398e+01 6.89648438e+01 1.78051758e+00 2.15405273e+00 4.38232422e-01 4.82055664e+02 8.54248047e-01 2.74169922e-01 6.71777344e+00 1.68945312e+00 8.02031250e-01 1.20415039e+00
8.92822266e-01 1.13415527e+02 1.77246094e+02 2.15844727e+00 8.92822266e-01 8.29345703e-01 4.55688477e+02 2.90283203e-01 8.73291016e-01 6.20800781e+00 1.86054688e+00 1.09453125e+00 1.20415039e+00
1.26196289e+00 5.89233398e+01 1.77246094e+02 2.15844727e+00 8.92822266e-01 8.29345703e-01 4.55688477e+02 2.90283203e-01 8.73291016e-01 6.20800781e+00 1.86054688e+00 1.09453125e+00 1.20415039e+00
1.26196289e+00 1.13415527e+02 6.89648438e+01 2.15844727e+00 8.92822266e-01 8.29345703e-01 4.55688477e+02 2.90283203e-01 8.73291016e-01 6.20800781e+00 1.86054688e+00 1.09453125e+00 1.20415039e+00
1.26196289e+00 1.13415527e+02 1.77246094e+02 1.78051758e+00 8.92822266e-01 8.29345703e-01 4.55688477e+02 2.90283203e-01 8.73291016e-01 6.20800781e+00 1.86054688e+00 1.09453125e+00 1.20415039e+00
1.26196289e+00 1.13415527e+02 1.77246094e+02 2.15844727e+00 2.15405273e+00 8.29345703e-01 4.55688477e+02 2.90283203e-01 8.73291016e-01 6.20800781e+00 1.86054688e+00 1.09453125e+00 1.20415039e+00
1.26196289e+00 1.13415527e+02 1.77246094e+02 2.15844727e+00 8.92822266e-01 4.38232422e-01 4.55688477e+02 2.90283203e-01 8.73291016e-01 6.20800781e+00 1.86054688e+00 1.09453125e+00 1.20415039e+00
1.26196289e+00 1.13415527e+02 1.77246094e+02 2.15844727e+00 8.92822266e-01 8.29345703e-01 4.82055664e+02 2.90283203e-01 8.73291016e-01 6.20800781e+00 1.86054688e+00 1.09453125e+00 1.20415039e+00
1.26196289e+00 1.13415527e+02 1.77246094e+02 2.15844727e+00 8.92822266e-01 8.29345703e-01 4.55688477e+02 8.54248047e-01 8.73291016e-01 6.20800781e+00 1.86054688e+00 1.09453125e+00 1.20415039e+00
1.26196289e+00 1.13415527e+02 1.77246094e+02 2.15844727e+00 8.92822266e-01 8.29345703e-01 4.55688477e+02 2.90283203e-01 2.74169922e-01 6.20800781e+00 1.86054688e+00 1.09453125e+00 1.20415039e+00
1.26196289e+00 1.13415527e+02 1.77246094e+02 2.15844727e+00 8.92822266e-01 8.29345703e-01 4.55688477e+02 2.90283203e-01 8.73291016e-01 6.71777344e+00 1.86054688e+00 1.09453125e+00 1.20415039e+00
1.26196289e+00 1.13415527e+02 1.77246094e+02 2.15844727e+00 8.92822266e-01 8.29345703e-01 4.55688477e+02 2.90283203e-01 8.73291016e-01 6.20800781e+00 1.68945312e+00 1.09453125e+00 1.20415039e+00
1.26196289e+00 1.13415527e+02 1.77246094e+02 2.15844727e+00 8.92822266e-01 8.29345703e-01 4.55688477e+02 2.90283203e-01 8.73291016e-01 6.20800781e+00 1.86054688e+00 8.02031250e-01 1.20415039e+00
1.26196289e+00 1.13415527e+02 1.77246094e+02 2.15844727e+00 8.92822266e-01 8.29345703e-01 4.55688477e+02 2.90283203e-01 8.73291016e-01 6.20800781e+00 1.86054688e+00 1.09453125e+00 8.14501953e-01
1.26196289e+00 1.13415527e+02 1.77246094e+02 2.15844727e+00 8.92822266e-01 8.29345703e-01 4.55688477e+02 2.90283203e-01 8.73291016e-01 6.20800781e+00 1.86054688e+00 1.09453125e+00 1.20415039e+00
2.01782227e+00 1.15173340e+02 1.58964844e+02 2.90551758e+00 1.02905273e+00 8.13232422e-01 2.94555664e+02 4.79248047e-01 6.49169922e-01 1.12177734e+01 1.08945312e+00 1.52203125e+00 1.33950195e+00
2.38696289e+00 1.15173340e+02 1.58964844e+02 2.90551758e+00 1.02905273e+00 8.13232422e-01 2.94555664e+02 4.79248047e-01 6.49169922e-01 1.12177734e+01 1.08945312e+00 1.52203125e+00 1.33950195e+00
2.01782227e+00 5.71655273e+01 1.58964844e+02 2.90551758e+00 1.02905273e+00 8.13232422e-01 2.94555664e+02 4.79248047e-01 6.49169922e-01 1.12177734e+01 1.08945312e+00 1.52203125e+00 1.33950195e+00
2.01782227e+00 1.15173340e+02 8.72460938e+01 2.90551758e+00 1.02905273e+00 8.13232422e-01 2.94555664e+02 4.79248047e-01 6.49169922e-01 1.12177734e+01 1.08945312e+00 1.52203125e+00 1.33950195e+00
2.01782227e+00 1.15173340e+02 1.58964844e+02 1.03344727e+00 1.02905273e+00 8.13232422e-01 2.94555664e+02 4.79248047e-01 6.49169922e-01 1.12177734e+01 1.08945312e+00 1.52203125e+00 1.33950195e+00
2.01782227e+00 1.15173340e+02 1.58964844e+02 2.90551758e+00 2.01782227e+00 8.13232422e-01 2.94555664e+02 4.79248047e-01 6.49169922e-01 1.12177734e+01 1.08945312e+00 1.52203125e+00 1.33950195e+00
2.01782227e+00 1.15173340e+02 1.58964844e+02 2.90551758e+00 1.02905273e+00 4.54345703e-01 2.94555664e+02 4.79248047e-01 6.49169922e-01 1.12177734e+01 1.08945312e+00 1.52203125e+00 1.33950195e+00
2.01782227e+00 1.15173340e+02 1.58964844e+02 2.90551758e+00 1.02905273e+00 8.13232422e-01 2.68188477e+02 4.79248047e-01 6.49169922e-01 1.12177734e+01 1.08945312e+00 1.52203125e+00 1.33950195e+00
2.01782227e+00 1.15173340e+02 1.58964844e+02 2.90551758e+00 1.02905273e+00 8.13232422e-01 2.94555664e+02 6.65283203e-01 6.49169922e-01 1.12177734e+01 1.08945312e+00 1.52203125e+00 1.33950195e+00
2.01782227e+00 1.15173340e+02 1.58964844e+02 2.90551758e+00 1.02905273e+00 8.13232422e-01 2.94555664e+02 4.79248047e-01 4.98291016e-01 1.12177734e+01 1.08945312e+00 1.52203125e+00 1.33950195e+00
2.01782227e+00 1.15173340e+02 1.58964844e+02 2.90551758e+00 1.02905273e+00 8.13232422e-01 2.94555664e+02 4.79248047e-01 6.49169922e-01 1.07080078e+01 1.08945312e+00 1.52203125e+00 1.33950195e+00
2.01782227e+00 1.15173340e+02 1.58964844e+02 2.90551758e+00 1.02905273e+00 8.13232422e-01 2.94555664e+02 4.79248047e-01 6.49169922e-01 1.12177734e+01 1.26054687e+00 1.52203125e+00 1.33950195e+00
2.01782227e+00 1.15173340e+02 1.58964844e+02 2.90551758e+00 1.02905273e+00 8.13232422e-01 2.94555664e+02 4.79248047e-01 6.49169922e-01 1.12177734e+01 1.08945312e+00 1.81453125e+00 1.33950195e+00
2.01782227e+00 1.15173340e+02 1.58964844e+02 2.90551758e+00 1.02905273e+00 8.13232422e-01 2.94555664e+02 4.79248047e-01 6.49169922e-01 1.12177734e+01 1.08945312e+00 1.52203125e+00 6.79150391e-01
2.01782227e+00 5.71655273e+01 8.72460938e+01 1.03344727e+00 2.01782227e+00 4.54345703e-01 2.68188477e+02 6.65283203e-01 4.98291016e-01 1.07080078e+01 1.26054687e+00 1.81453125e+00 6.79150391e-01
2.38696289e+00 1.15173340e+02 8.72460938e+01 1.03344727e+00 2.01782227e+00 4.54345703e-01 2.68188477e+02 6.65283203e-01 4.98291016e-01 1.07080078e+01 1.26054687e+00 1.81453125e+00 6.79150391e-01
2.38696289e+00 5.71655273e+01 1.58964844e+02 1.03344727e+00 2.01782227e+00 4.54345703e-01 2.68188477e+02 6.65283203e-01 4.98291016e-01 1.07080078e+01 1.26054687e+00 1.81453125e+00 6.79150391e-01
2.38696289e+00 5.71655273e+01 8.72460938e+01 2.90551758e+00 2.01782227e+00 4.54345703e-01 2.68188477e+02 6.65283203e-01 4.98291016e-01 1.07080078e+01 1.26054687e+00 1.81453125e+00 6.79150391e-01
2.38696289e+00 5.71655273e+01 8.72460938e+01 1.03344727e+00 1.02905273e+00 4.54345703e-01 2.68188477e+02 6.65283203e-01 4.98291016e-01 1.07080078e+01 1.26054687e+00 1.81453125e+00 6.79150391e-01
2.38696289e+00 5.71655273e+01 8.72460938e+01 1.03344727e+00 2.01782227e+00 8.13232422e-01 2.68188477e+02 6.65283203e-01 4.98291016e-01 1.07080078e+01 1.26054687e+00 1.81453125e+00 6.79150391e-01
2.38696289e+00 5.71655273e+01 8.72460938e+01 1.03344727e+00 2.01782227e+00 4.54345703e-01 2.94555664e+02 6.65283203e-01 4.98291016e-01 1.07080078e+01 1.26054687e+00 1.81453125e+00 6.79150391e-01
2.38696289e+00 5.71655273e+01 8.72460938e+01 1.03344727e+00 2.01782227e+00 4.54345703e-01 2.68188477e+02 4.79248047e-01 4.98291016e-01 1.07080078e+01 1.26054687e+00 1.81453125e+00 6.79150391e-01
2.38696289e+00 5.71655273e+01 8.72460938e+01 1.03344727e+00 2.01782227e+00 4.54345703e-01 2.68188477e+02 6.65283203e-01 6.49169922e-01 1.07080078e+01 1.26054687e+00 1.81453125e+00 6.79150391e-01
2.38696289e+00 5.71655273e+01 8.72460938e+01 1.03344727e+00 2.01782227e+00 4.54345703e-01 2.68188477e+02 6.65283203e-01 4.98291016e-01 1.12177734e+01 1.26054687e+00 1.81453125e+00 6.79150391e-01
2.38696289e+00 5.71655273e+01 8.72460938e+01 1.03344727e+00 2.01782227e+00 4.54345703e-01 2.68188477e+02 6.65283203e-01 4.98291016e-01 1.07080078e+01 1.08945312e+00 1.81453125e+00 6.79150391e-01
2.38696289e+00 5.71655273e+01 8.72460938e+01 1.03344727e+00 2.01782227e+00 4.54345703e-01 2.68188477e+02 6.65283203e-01 4.98291016e-01 1.07080078e+01 1.26054687e+00 1.52203125e+00 6.79150391e-01
2.38696289e+00 5.71655273e+01 8.72460938e+01 1.03344727e+00 2.01782227e+00 4.54345703e-01 2.68188477e+02 6.65283203e-01 4.98291016e-01 1.07080078e+01 1.26054687e+00 1.81453125e+00 1.33950195e+00
2.38696289e+00 5.71655273e+01 8.72460938e+01 1.03344727e+00 2.01782227e+00 4.54345703e-01 2.68188477e+02 6.65283203e-01 4.98291016e-01 1.07080078e+01 1.26054687e+00 1.81453125e+00 6.79150391e-01
