-921.84375 339.33740234375 -52.054443359375 3.068359375 145.96044921875 -17.84375 -14.15728759765625 19.9501953125 5.856201171875 -12.45654296875
-1133.859375 87.23779296875 -109.5859375 45.154296875 -33.39453125 -4.0625 152.86328125 6.8984375 -2.957763671875 6.2109375
134.9375 354.84765625 -551.9375 65.7734375 389.919921875 58.5 -217.8779296875 20.7578125 20.70703125 -10.4296875
3049.328125 -250.4580078125 44.607421875 281.341796875 -209.3359375 -12.125 -59.693359375 -87.06787109375 -87.607421875 -92.27734375
320.9140625 -141.7431640625 105.34130859375 43.083984375 5.896484375 21.9296875 -102.2669677734375 -8.0234375 27.93603515625 2.11865234375
9868.75 -1306.046875 2061.734375 555.5625 -617.015625 -4.0 -269.6640625 -1.1875 -103.15625 293.203125
742.34375 -42.779296875 -659.162109375 137.6875 144.23046875 95.546875 33.7919921875 -29.70703125 -24.7001953125 -117.96875
11.916015625 31.6982421875 89.28125 7.849609375 71.88491821289062 -7.251953125 11.26171875 26.2802734375 11.26171875 18.7841796875
76.015625 144.97265625 -141.01953125 14.390625 73.755859375 6.40625 -19.510009765625 7.21875 -4.3662109375 -7.150390625
-945.484375 451.4140625 -238.3564453125 -12.240234375 99.146484375 -34.296875 108.96044921875 38.677734375 -55.73095703125 -15.017578125
-156.375 -0.4921875 172.146484375 68.44921875 10.02294921875 -92.015625 18.953125 -113.9356689453125 49.04296875 -33.203125
902.5625 37.7470703125 -147.24951171875 13.4912109375 120.75341796875 29.78125 -190.914306640625 -44.88671875 18.5009765625 -9.1318359375
-359.296875 -148.1435546875 176.26708984375 -59.0390625 127.4404296875 23.609375 5.13134765625 13.341796875 35.3720703125 28.1328125
-1134.98828125 317.978515625 -445.5322265625 119.5869140625 -58.5977783203125 -298.9501953125 14.984375 -106.59527587890625 31.0498046875 90.1513671875
356.359375 574.048828125 -377.49609375 667.2890625 -41.52734375 -48.0 85.79833984375 202.01171875 76.3515625 52.650390625
591.75 -822.1875 -1107.4375 -959.3125 -362.59375 -216.375 -211.171875 143.0 -228.875 -100.59375
-464.828125 -19.265625 -149.92529296875 -446.515625 -38.4296875 25.734375 -68.77734375 -41.19921875 -63.53125 -1.57421875
-852.75 1257.3125 313.71875 -1143.0 1179.7734375 -775.75 -84.81640625 -140.53125 -398.625 -35.59375
11518.5625 2920.515625 547.21875 6151.3125 1763.28515625 -330.3125 1680.625 336.75 299.8125 412.03125
-499.3125 345.1875 495.03125 185.40625 86.4453125 -22.6875 108.828125 -131.546875 26.0625 99.625
-1082.65625 429.078125 13.6015625 87.732421875 -483.908203125 -112.7109375 169.96875 552.4921875 114.9296875 11.84765625
-49.8984375 20.89453125 111.7421875 -71.1484375 70.95166015625 -43.2265625 -17.73681640625 176.4453125 1.84375 -25.10546875
-7.6875 856.46875 309.03125 -154.5625 -836.38671875 586.1875 -86.203125 -372.171875 114.3125 115.265625
-3176.375 -1024.9375 261.875 2784.71875 -1317.171875 -927.9375 450.064453125 704.25 44.0 87.03125
-103.140625 176.6328125 78.4921875 -272.359375 -17.5859375 45.046875 -54.3916015625 -1.9921875 -24.375 -19.796875
122.3125 -1237.75 1251.375 1975.875 -450.8203125 477.3125 634.138671875 -256.75 433.25 393.921875
-1794.53125 504.5234375 -747.421875 1241.390625 -675.78125 -308.25 351.2607421875 225.984375 119.5 76.29296875
-414.5625 257.390625 199.828125 -246.78125 489.599609375 -331.5625 43.375 -129.546875 -146.5 36.3125
