-106.6796875 226.16796875 10.7412109375 -118.7724609375 -107.73779296875 -60.38671875 238.99798583984375 54.9951171875 -12.46240234375 33.28076171875
-427.48046875 31.1907958984375 -174.191650390625 49.7021484375 47.181396484375 5.376953125 37.8531494140625 23.14501953125 36.44587707519531 -5.872314453125
-403.953125 -75.7900390625 -35.6787109375 86.828125 47.9482421875 26.2734375 -93.4696044921875 -20.193359375 13.748046875 -13.642578125
1372.09375 115.7451171875 -167.95263671875 -3.71484375 -0.6572265625 -36.7109375 -4.7197265625 -13.1728515625 -18.498046875 -53.0
-776.3125 125.046875 -194.7421875 108.890625 84.68359375 28.25 29.30517578125 15.4375 -30.4462890625 -39.833984375
2544.125 112.8203125 -77.5078125 138.71875 217.1796875 41.8125 -120.70703125 -25.828125 28.265625 -53.60546875
669.40625 -25.23046875 -401.4453125 82.552734375 120.099609375 78.8203125 -23.475341796875 -8.185546875 -7.56689453125 -78.3193359375
-499.84375 70.046875 -95.125 -21.453125 -47.6748046875 -1.4375 -26.1875 47.9609375 0.59375 -15.640625
-434.640625 -36.6455078125 294.3564453125 -22.9814453125 -107.2421875 -21.5625 165.7730712890625 -5.86328125 32.4013671875 21.00244140625
-324.03125 392.216796875 -280.35791015625 -10.693359375 225.76953125 -19.0625 -175.35791015625 33.439453125 -42.22021484375 -14.060546875
-5007.875 918.75 6209.953125 -1707.84375 -745.8984375 1724.6875 -225.5 4879.3447265625 124.875 -877.953125
-1840.125 525.03515625 546.67578125 -223.328125 -51.328125 -164.03125 350.49560546875 275.8203125 -67.17578125 136.48046875
485.65625 -238.333984375 67.9931640625 -50.63671875 76.779296875 42.78125 -11.8485107421875 -4.365234375 47.4697265625 11.390625
-843.3359375 99.609375 1526.3818359375 543.646484375 263.6015625 1016.515625 117.4375 15.033935546875 63.888671875 -131.693359375
184.625 171.1875 40.71875 -98.3125 1020.81640625 -891.125 -25.9375 447.375 -231.375 -61.1875
-115.1875 1308.59375 407.71875 -225.4375 -2084.9453125 -1235.5 -101.36328125 948.953125 -265.375 -187.28125
2051.9375 1930.0625 -1569.88671875 -182.1875 216.75 313.5 -539.109375 930.203125 17.375 -401.3125
101.71875 638.6875 304.5 251.59375 84.005859375 -161.90625 18.34375 31.21875 -7.96875 43.78125
-501.580078125 -907.7490234375 -344.76953125 -341.5078125 -431.2886962890625 92.685546875 -129.811279296875 180.3955078125 81.349609375 3.2333984375
1193.75 950.984375 35.6875 101.59375 -1283.34765625 1050.4375 -86.4921875 -482.234375 199.625 10.109375
-2275.0 -6987.125 -44.5 804.8125 -2587.5 -63.75 316.5 890.9375 66.75 116.4375
-869.46875 -656.74609375 -259.90625 -470.7734375 710.076171875 -781.4375 -69.970703125 552.62890625 -228.609375 -119.2734375
-66.5390625 255.3212890625 48.3212890625 -186.3134765625 -63.32708740234375 -2.7138671875 -79.17462158203125 -14.98388671875 -37.0390625 8.265625
-1828.4375 -855.78125 -599.375 2913.04296875 -1540.125 -1587.0 638.6796875 782.59375 -68.75 193.359375
1307.0 -3284.5 -1730.0625 84.875 -2183.234375 1144.25 -297.953125 425.5 382.75 43.875
848.46875 134.65625 -19.3515625 -37.078125 -739.990234375 425.859375 -216.33056640625 239.6484375 158.0625 -102.76953125
-791.125 650.0625 -346.34375 584.15625 244.36328125 319.5625 73.66796875 63.890625 157.0625 -17.9375
1044.0 -777.625 1755.5 5795.25 -1411.578125 836.25 893.09375 1101.875 1137.0 314.0
