245.625 -132.59375 11.1796875 29.671875 -87.3359375 9.8125 146.720703125 -5.609375 1.05078125 -33.1875
606.703125 68.54296875 -59.634765625 -9.345703125 69.333984375 23.0 -25.95703125 -15.98046875 -0.9501953125 -25.0
-288.5 55.89453125 7.44921875 18.203125 65.890625 15.75 -68.3642578125 69.796875 -14.171875 5.97265625
119.875 39.01953125 -36.22705078125 -1.4306640625 6.859375 -3.59375 -7.10888671875 -14.333984375 -7.84375 -5.482421875
495.25 41.1796875 119.703125 -24.0625 83.609375 -26.625 -198.96484375 139.5 -70.734375 18.09375
866.625 -52.8515625 -82.279296875 8.796875 -40.91015625 45.0625 162.2275390625 -100.50390625 11.1640625 20.43359375
62.0 -227.80859375 5.484375 -15.484375 -215.0859375 -37.875 225.0908203125 -5.890625 26.1953125 31.2578125
248.5 -200.625 34.375 158.5 500.8125 24.5 -331.75 821.9375 24.5 -81.40625
1583.3125 121.009765625 -64.8671875 -90.421875 2.71875 16.25 68.169677734375 -138.3125 77.5234375 -116.375
660.9375 -18.109375 -65.828125 -41.8671875 -64.21875 -1.8125 53.703125 -25.5625 43.03515625 -13.86328125
19.84375 223.3984375 93.4140625 187.1484375 150.62158203125 9.296875 84.53125 31.673828125 26.53125 42.46875
310.625 96.583984375 70.64501953125 -20.400390625 128.5166015625 19.265625 -70.128662109375 1.560546875 12.0087890625 -13.1904296875
356.578125 7.6474609375 -132.166015625 -10.84765625 -77.59765625 4.0625 98.530517578125 2.70703125 7.845703125 5.75
442.125 -510.0625 -80.90625 -382.71875 -286.21484375 -663.8125 -81.25 -269.431640625 37.125 -61.03125
-7.6875 -299.3125 357.125 18.625 -305.697265625 -137.375 -117.2890625 329.75 6.0 -31.4375
656.9375 -468.03125 -422.0 38.09375 232.9375 30.0 -92.365234375 280.4453125 52.125 -36.2734375
-6198.25 -5892.25 4066.78125 -2171.5 1441.125 1521.0 910.25 -1421.75 451.5 198.625
653.5 -4018.875 -1768.625 -240.5 -839.5546875 226.0 -112.3984375 733.5 46.0 70.75
-65.9375 -429.0 -411.84375 -64.5625 -97.373046875 -293.125 -34.328125 -80.234375 -109.4375 109.09375
447.5 -168.59375 -265.140625 105.0 24.4765625 -178.5 -43.515625 194.59375 -38.0 -40.1875
-19.40625 -648.87890625 -258.6328125 -2.359375 -373.5703125 333.5 41.59375 73.75 -10.703125 100.1484375
1078.1875 295.8125 -24.09375 115.9375 17.5576171875 205.6875 -46.65625 284.5625 111.875 -43.953125
777.25 2302.75 230.75 393.0 516.7734375 -887.0 -229.96875 286.375 -111.5 68.5
-5296.0 -1413.5 155.0 151.0 510.5 1666.5 289.5 -318.5 5.0 -225.5
372.9375 -186.875 -174.71875 -79.1875 41.984375 4.3125 31.328125 -48.125 -26.875 -3.40625
2644.0 -566.25 -3271.25 2860.5 -891.5 3143.0 508.5 -3126.25 163.0 96.125
-92.0 218.234375 -28.0546875 10.890625 3.19921875 99.78125 -2.970703125 -25.78515625 15.484375 -15.09765625
-890.0625 -383.1875 -143.8125 -51.625 -419.421875 97.625 -109.375 -315.25 110.75 81.65625
