3050.375 -152.296875 -257.640625 -864.65625 -40.828125 -41.8125 138.29736328125 -485.6953125 73.65625 -380.796875
-74.9375 -55.69140625 -110.8203125 173.4375 -120.1015625 35.9375 -328.169921875 -29.046875 -88.796875 68.0234375
2140.765625 -209.94140625 32.591796875 -184.474609375 -137.5234375 56.3984375 -458.4560546875 -263.2109375 -222.572265625 -366.828125
-16699.625 1247.150390625 -1564.69921875 -2144.1640625 -216.54296875 -6.5625 65.73046875 186.15234375 -282.287109375 448.98828125
241.75 345.0859375 -662.03125 849.75 113.34375 135.875 -281.955078125 196.03125 -149.46875 71.0625
671.1875 -397.5703125 1349.03125 -468.703125 -1505.859375 -53.5 -923.171875 -325.765625 -113.90625 335.421875
2600.4375 -634.763671875 1092.21875 -273.453125 -1198.828125 -135.25 -627.9580078125 -589.8515625 -127.234375 -77.984375
13040.0 -1423.625 -2871.5 -4816.125 1505.296875 2113.25 -752.3125 2363.5 1172.0 -1146.8125
1625.390625 -424.583984375 858.505859375 -1201.93359375 -25.490234375 -158.9375 537.331787109375 -221.33203125 -171.373046875 -532.43359375
3810.625 5007.890625 -6532.8125 22.15625 2840.671875 462.5 -323.9482421875 932.71875 1494.15625 1712.5
-279.09375 -382.375 72.6640625 849.0625 -732.92626953125 886.625 -4.0625 -340.9248046875 -182.1875 -487.546875
-3584.0 -678.958984375 1762.38671875 -709.109375 -388.54296875 -212.375 670.313232421875 258.1640625 127.98828125 277.55859375
25593.0 -8012.21875 -8029.125 3089.875 2806.53125 987.875 -408.0703125 -225.9375 3444.65625 949.40625
-479.21875 715.0 -617.1875 -368.8125 558.453125 1152.5 179.5 -272.37109375 521.8125 -1574.453125
1649.5 -4714.625 1727.0 -5732.5 -456.0078125 -4135.0 517.0 -1103.375 -2202.0 -292.0
-14489.5 -24637.5 -18483.5 -2063.25 -139.5 -12007.5 -2638.6875 -5922.5 -3023.0 -4221.375
-2599.1328125 -313.203125 763.74609375 195.3125 -18.625 -1050.15625 -91.66015625 139.57421875 -214.625 314.6640625
-732.4375 -5964.625 -11313.9375 8085.5 -298.1640625 -3518.125 -1759.0 -6172.8125 -847.0 -1862.90625
-55.125 -164.5625 3098.6875 -5628.625 -624.208984375 516.125 585.125 2808.4375 -168.5 823.40625
6751.125 12312.0 4497.3125 4403.25 57.86328125 141.25 1516.65625 1698.53125 -82.875 3220.40625
-1895.40625 -1461.703125 -7.015625 -1706.4453125 -671.1796875 -982.75 -146.125 -5.12890625 -273.046875 -164.8984375
-2649.0 -15355.0 -11989.375 -2786.75 792.078125 546.0 -2884.9375 -5565.875 -407.5 -3614.3125
-2057.875 -454.03125 -149.5 1043.875 -69.3642578125 -2055.625 540.609375 -638.09375 -577.75 293.46875
9084.0625 2254.0 -2295.3125 -4516.421875 412.03125 2626.375 -1706.265625 660.28125 1304.75 -1387.15625
2083.59375 -1767.703125 -2211.125 -2847.28125 -959.71875 2630.5625 -1445.015625 1655.1328125 778.5 -622.03125
-2821.09375 -925.8125 -1284.25 -1122.90625 -144.078125 -1500.5 474.859375 168.59375 -576.0 -93.8125
39688.5 8740.75 -2721.0 -41959.0 7979.59375 18772.0 -5328.0 19885.0 3650.0 -1437.0
1629.25 9101.75 4794.75 2644.0 -2084.6875 1664.5 307.6875 5386.0 1168.0 1845.0
