659.75 249.453125 288.375 0.46875 433.25 173.5 -24.9482421875 -234.1875 196.34375 -80.03125
-2467.0 534.0625 -986.75 -3.375 813.5625 337.0 -92.5625 -282.5 -172.25 -389.125
-646208.0 15364.0 4160.0 33560.0 10164.0 -29760.0 17730.0 35912.0 -8448.0 -2980.0
19314.0 -421.69140625 -174.0 775.25 -382.25 -131.0 -16.9375 -498.0 -673.375 -4.75
6907.0 10.34375 -35.6875 -473.125 510.0 233.75 175.3359375 -256.34375 308.6875 -139.390625
-25504.0 1752.5 3995.0 -2261.0 -6001.0 -7056.0 3566.5 2823.0 2212.0 -409.0
583.875 -106.296875 102.578125 -67.3125 -107.78125 -29.75 -54.9482421875 -1.625 -23.2578125 -89.484375
2198.25 -47.5 -118.125 269.8125 -504.4609375 -126.75 204.8125 -148.0 -48.5 35.25
-2386.75 213.3125 64.65625 154.4375 -84.1875 -39.75 13.64453125 86.0 -75.53125 -118.1875
1228.0 -4.84375 67.21875 -79.875 15.9375 143.5 20.98046875 -119.875 -39.5625 -26.1875
-42264.0 21148.0 -2805.0 6446.0 9422.5 16566.0 -3440.0 -2734.5625 358.0 1504.0
1750.0 -103.4375 -268.625 4.25 -98.625 -8.0 5.8359375 -13.875 -95.375 206.5
352320.0 23804.0 -10032.0 30984.0 -16160.0 6336.0 -2254.25 -7664.0 7928.0 -7872.0
-842.0 1678.0 214.75 466.5 77.75 -170.5 -768.0 1.25 258.0 55.25
2116.625 -1490.0 1236.625 -51.0 1340.890625 -753.5 241.5625 -904.375 -87.0 17.1875
2165.0 2226.0 1451.0 -1392.0 -418.25 2288.0 -894.0625 -653.0 6.0 -589.75
-748.5 379.875 -512.515625 141.0 -628.0 -532.0 123.5 -383.75 -34.5 -80.0
-1825.0 -1437.0 -100.5 -87.0 -1373.203125 818.0 -226.4375 600.375 256.5 -238.625
69.0 -2074.75 -960.5 75.0 558.25 -566.0 236.875 -46.25 -334.0 88.0
-7056.0 12327.0 7118.0 760.0 -3611.25 1928.0 -403.5 876.0 -8.0 -291.0
4152.25 -3022.125 -223.0 122.6875 159.1875 -178.9375 135.0 -34.484375 95.0 -349.625
-1002.25 994.75 365.625 11.0 -337.0 428.0 -263.25 155.25 479.0 417.0
1669.0 278.5 -241.5 -34.5 886.21875 -390.0 219.546875 -354.25 -32.5 107.25
-37928.0 -7000.0 53856.0 32376.0 -19597.0 8840.0 3987.0 -9472.0 -2560.0 1192.0
831.0 5493.0 1901.0 185.0 3822.0 -2696.0 1251.25 -1728.25 -643.0 163.5
-8208.0 -172.0 -1104.0 -834.0 -8854.0 5772.0 -2421.0 4787.0 5176.0 -3056.0
-884.5 -167.875 -163.0 23.0 227.09375 38.0 -83.25 48.375 -112.5 -96.25
3661.0 -4862.0 -2245.0 -370.0 -2540.21875 2714.0 -290.875 859.0 1352.0 -97.0
