-373.2890625 -71.149658203125 37.5240478515625 46.0927734375 76.3828125 -22.8359375 40.49009704589844 -45.2958984375 -2.3592529296875 17.0809326171875
-253.06655883789062 -34.757497787475586 45.74909591674805 37.05168151855469 57.39485549926758 -9.90118408203125 36.063230991363525 -40.16261672973633 -9.16122579574585 8.781068801879883
-162.037109375 -46.3319091796875 7.9632568359375 28.59326171875 44.236572265625 0.083984375 40.032745361328125 -40.49755859375 -19.91748046875 1.5189208984375
-156.4765625 -46.7711181640625 30.67718505859375 -10.0435791015625 27.0572509765625 14.984375 38.2127685546875 -26.452117919921875 -29.7943115234375 7.813720703125
-200.140625 -48.89111328125 11.607177734375 36.03564453125 55.64453125 -8.71875 38.9619140625 -44.5751953125 0.59228515625 10.107177734375
-159.630859375 -31.728515625 28.149169921875 -34.624755859375 48.35595703125 -2.255859375 33.41680908203125 -35.0653076171875 -13.78271484375 17.11431884765625
-403.849609375 -45.959716796875 68.1025390625 37.17626953125 68.20654296875 -9.5859375 29.5184326171875 -35.823974609375 1.5059814453125 17.009765625
-158.4609375 36.627197265625 60.5927734375 -53.86865234375 -18.69634246826172 21.5908203125 -37.216552734375 -16.745361328125 -2.5400390625 13.60302734375
-153.830078125 -38.55877685546875 0.673126220703125 24.964111328125 42.47760009765625 2.0048828125 30.170455932617188 -36.1593017578125 -1.287078857421875 7.49884033203125
-372.447265625 -68.044921875 38.944091796875 41.16552734375 71.9801025390625 -15.115234375 36.175567626953125 -41.91064453125 -2.0369873046875 16.511474609375
-131.36328125 -29.254638671875 3.2647705078125 46.2978515625 21.843887329101562 -47.6767578125 -1.4794921875 40.966026306152344 -20.6103515625 -16.9190673828125
-142.5458984375 -46.8973388671875 -12.4193115234375 33.08154296875 54.961181640625 6.4775390625 44.89990234375 -53.7255859375 -3.46270751953125 9.88330078125
-258.71875 -54.384765625 -71.31689453125 -34.041015625 47.5517578125 8.5234375 55.843505859375 -14.595703125 -29.1416015625 -7.046875
-159.83837890625 -95.6734619140625 -113.43582153320312 105.21456909179688 84.77400207519531 -74.2216796875 5.027587890625 -137.65118598937988 -38.803619384765625 -37.92845153808594
-354.5 -145.09375 -216.34375 76.8125 122.50390625 213.21875 -175.802734375 -54.734375 42.3125 99.7734375
-220.828125 -152.1640625 148.484375 -25.203125 -106.931640625 260.203125 -107.46630859375 -64.8125 11.015625 66.9609375
-984.5 -289.75 -74.15625 831.625 114.65625 -97.25 -339.875 156.78125 52.0 96.59375
10504.0 3822.0 -3950.25 382.0 -4057.09375 -6592.5 1613.40625 1593.5 -2121.0 -2052.5
-586.2109375 -163.46875 227.01953125 274.3125 50.2822265625 113.4296875 -230.646484375 -1.4765625 44.28125 108.6484375
-347.21875 -132.84375 193.671875 113.953125 87.50634765625 155.1796875 -164.36376953125 -30.40234375 26.609375 86.314453125
-329.09375 -50.1953125 219.05078125 -26.5625 49.376953125 104.0625 51.4375 144.791015625 30.28125 -136.50390625
-156.28125 -109.8125 122.74609375 -16.8359375 104.98388671875 179.2265625 -83.2802734375 -47.16015625 0.0390625 48.025390625
-361.11328125 -137.318359375 189.3310546875 106.546875 92.807373046875 164.818359375 -148.858154296875 -28.0927734375 21.70703125 80.8115234375
-399.216796875 -159.0 -211.9609375 -36.1400146484375 -69.88037109375 52.7626953125 -117.83184814453125 -26.21533203125 -4.763671875 57.134765625
-241.2265625 -84.6171875 118.369140625 78.171875 53.712646484375 100.3046875 -91.207763671875 -12.6328125 11.03125 49.412109375
-220.8359375 -166.0048828125 -43.8369140625 107.537109375 87.25830078125 199.2265625 -113.5684814453125 -41.7431640625 13.25 67.73779296875
-604.953125 -141.46875 -203.73046875 124.755859375 -60.73095703125 59.0234375 -150.3184814453125 -25.8056640625 35.51953125 78.7333984375
-252.34375 -202.5703125 215.84375 -85.625 213.431640625 333.8125 -147.47265625 -109.30078125 39.46875 96.97265625
