-113.125 -39.2763671875 1.69482421875 -1.6513671875 -49.0751953125 -9.6328125 31.6083984375 -17.451171875 1.47216796875 4.0283203125
1048.25 46.24609375 -30.796875 -55.375 91.390625 10.3125 -88.29296875 4.109375 15.9033203125 7.8046875
-308.375 5.48828125 -8.12890625 -4.4140625 1.3671875 -8.84375 -8.05712890625 15.50390625 -11.94140625 -5.58203125
-606.25 -2.61376953125 20.01953125 -2.578125 -46.96875 -21.90625 14.05859375 -0.3359375 2.234375 9.90625
-5122.0 288.8125 -1.25 295.625 147.5 -38.0 66.765625 -143.25 -29.8125 55.875
-114.546875 10.03515625 -18.48046875 1.611328125 -1.26953125 3.21875 3.037109375 -10.052734375 -17.6484375 10.654296875
737.5 -24.16015625 8.38671875 -18.890625 4.8125 12.65625 0.12353515625 -8.046875 3.328125 -38.3515625
40.212890625 -20.68212890625 -10.02734375 -4.111328125 5.4285888671875 -15.7548828125 -15.7275390625 2.7978515625 -7.71484375 8.6982421875
-1314.71875 48.16015625 8.484375 36.9375 4.19140625 -2.96875 78.931640625 -60.4375 22.5546875 6.3984375
-298.65625 3.9921875 8.515625 1.3671875 -22.265625 -6.6875 19.12255859375 4.28125 5.8671875 -9.6015625
285.4765625 -35.24609375 -22.080078125 -50.01953125 12.94580078125 13.365234375 -18.375 -89.54248046875 -17.30859375 14.291015625
-423.78125 -35.9375 2.88671875 2.4453125 -62.79296875 -26.9375 31.618408203125 -15.4765625 14.83203125 10.921875
-43.890625 -6.946044921875 0.6446533203125 8.69384765625 -18.06494140625 -11.7734375 1.204437255859375 -3.9443359375 -8.79638671875 -2.736328125
-341.548828125 -0.2421875 3.40625 30.6328125 -52.3203125 56.828125 -28.078125 -46.9853515625 -14.953125 -9.03515625
-99.78125 -177.1640625 84.53125 -66.0 -6.9765625 -35.21875 11.2578125 -38.65625 2.9375 25.7890625
-591.65625 -671.1875 -259.34375 -55.8125 264.7421875 0.125 -133.984375 13.109375 18.75 82.375
-153.0625 -275.0 395.12109375 -141.875 407.625 187.875 -122.875 230.578125 95.625 -101.140625
372.0 -1515.125 -827.625 -164.75 -419.2734375 137.5 -152.625 381.25 244.0 9.125
1352.0 1435.0 453.0 -566.0 -102.375 573.0 -80.8125 178.0 140.0 -37.25
349.9375 -395.34375 -290.53125 -91.25 -93.982421875 57.6875 -28.265625 106.8125 -23.5 -35.53125
-357.3046875 -237.00390625 -75.53515625 -28.599609375 -116.017578125 -2.296875 -48.671875 32.7041015625 26.86328125 13.201171875
113.5625 6.40625 -66.84375 -71.25 -111.7578125 55.3125 -54.01953125 55.6875 50.9375 -17.03125
-588.25 2545.75 1115.0 -16.25 625.9921875 -457.0 292.515625 -770.375 -62.5 57.1875
-486.75 10.75 277.0 105.0078125 -187.0 -132.875 51.185546875 -171.21875 -65.25 57.3125
397.1875 -302.875 -249.34375 -97.0625 -75.6328125 53.5 -63.015625 185.5 65.5625 -40.359375
13.40234375 78.1328125 -57.71875 -7.96875 -3.0771484375 -44.203125 -23.87890625 -35.24609375 -7.359375 33.31640625
556.125 -102.2734375 -10.984375 -40.46875 -0.02734375 27.875 4.3203125 -17.4375 -29.875 23.265625
-150.9921875 -158.24609375 -74.65625 -89.625 -70.953125 -3.921875 -30.921875 5.26171875 -62.015625 41.75
