52.4375 -5.552734375 -7.74609375 9.9765625 -1.8046875 0.375 -7.12548828125 -5.5234375 -5.80859375 5.6875
9.8125 -11.6904296875 2.03125 25.484375 5.7109375 20.375 -7.15625 -0.078125 6.1640625 0.7109375
41.125 -0.99609375 -7.7734375 6.6171875 -11.70703125 11.40625 -13.03173828125 -4.5390625 -11.90625 -4.66015625
107.0 -75.71875 320.953125 0.1875 234.40625 -35.75 27.953125 36.9375 88.0625 -213.65625
-63.0 -6.1875 -30.359375 -18.9375 15.140625 -6.5 31.291015625 47.59375 44.046875 1.75
30.375 2.29296875 12.1015625 -17.421875 0.109375 12.125 -5.97265625 1.984375 -6.0234375 0.26171875
55.75 -12.890625 -6.765625 -5.03125 -3.703125 -1.8125 3.810546875 14.3125 2.8984375 -2.234375
53.78125 -17.171875 19.609375 3.734375 -1.8671875 -0.765625 34.8046875 -7.40625 16.78125 -27.5546875
-109.0 46.0 230.25 497.75 -242.125 -206.0 -68.671875 234.25 370.75 -292.5
-17.75 -11.40625 30.1171875 18.59375 2.75 -88.3125 -6.185546875 -10.828125 -17.3046875 4.859375
22.15625 1.2421875 6.9375 -3.203125 19.5673828125 -4.40625 14.71875 6.2255859375 -4.4375 -11.08203125
196.5 -54.28125 -65.8125 -101.6875 197.15625 89.25 81.669921875 7.625 -54.4375 233.125
32.0 -8.734375 0.328125 -2.3671875 -6.322265625 -5.375 -4.75830078125 4.1015625 2.3359375 -5.22265625
53.46875 9.44140625 14.22265625 25.359375 -15.06494140625 -21.5859375 0.375 35.450927734375 -18.6796875 2.6796875
57.375 16.03125 100.4375 -18.25 21.6796875 0.25 -22.81640625 -51.90625 1.75 -25.5625
64.3125 -37.96875 -0.921875 -60.75 40.765625 -21.09375 74.140625 55.3203125 -66.625 -38.296875
57.5 -20.671875 28.8857421875 -12.875 -46.890625 51.0 22.9765625 7.0625 -50.4375 -3.8828125
9.5 5.3125 119.0 -6.25 -19.8828125 -98.5 -40.34375 182.75 -54.5 100.0625
-206.125 -31.0 380.5 -30.625 130.4375 41.5 -417.78125 55.375 85.0 407.0
-50.625 96.25 45.1875 87.0 23.494140625 30.875 140.21875 104.75 46.5 53.875
15.9375 -16.046875 18.6875 -30.390625 65.5703125 30.0 -8.375 80.0234375 -119.28125 -56.505859375
50.25 -21.875 14.0 -29.5 12.6015625 3.5 29.375 10.25 -18.5 22.1875
38.9375 -23.125 9.7421875 -5.0 35.439453125 1.0625 -20.0703125 8.8828125 -41.0625 3.8125
125.875 -138.125 -2.25 161.25 -24.125 83.625 -86.0 78.0625 -112.75 31.0625
589.5 -28.0 -218.0 -185.5 193.3515625 357.0 85.5625 -35.0 -114.0 405.5
546.5 -188.5 -34.5 427.5 -90.0 114.5 -227.125 107.0 -74.0 126.125
-101.125 147.3125 184.625 -182.125 83.921875 44.0 181.625 137.875 -204.0 -255.75
-203.25 -33.9375 -43.375 59.375 47.0 81.75 -155.0625 63.625 -147.75 36.3125
