59.6875 -20.90625 -53.0234375 -11.59375 11.1328125 -15.8125 -6.20947265625 19.296875 51.078125 7.9375
-30.0625 -111.6171875 -20.29296875 22.8359375 13.9140625 15.40625 -27.6357421875 -9.546875 4.80078125 0.671875
36.0 -0.6015625 -30.90625 -4.15625 -8.375 13.25 -21.373046875 -2.203125 9.875 -16.140625
262.0 27.3125 625.78125 -64.75 409.8125 -77.0 29.609375 79.4375 213.625 -302.6875
65.375 -31.01171875 33.375 31.96875 3.46875 -19.0 -97.9140625 -105.28125 -104.328125 61.765625
92.78125 7.91015625 -3.37109375 -52.8046875 -3.23046875 -4.5 -13.35546875 -1.7578125 -5.328125 -0.94921875
72.6875 -7.546875 33.296875 -6.203125 0.453125 3.09375 -5.25244140625 -11.03125 18.5703125 43.578125
35.2421875 -21.3359375 -1.84375 -27.890625 24.740234375 4.5 9.7421875 -11.3515625 9.125 -2.0546875
-1183.0 -298.5 214.25 602.75 -427.25 -272.0 41.59375 273.0 524.0 -455.5
-407.5 -88.625 126.53125 109.0 7.625 -368.0 -43.9140625 -89.1875 -82.75 0.6875
10.6875 20.734375 9.40625 -21.921875 45.93359375 -23.25 12.3125 21.013671875 4.125 -19.8671875
84.0 -379.875 -152.75 -300.5 604.25 89.0 214.140625 -118.625 -31.0 1044.5
-13.75 65.875 47.6171875 -29.5 -8.03125 40.5 29.033203125 8.75 -23.03125 36.703125
41.0 -24.4375 11.34375 19.0 -39.3125 -54.625 21.5 22.390625 -47.25 60.0
146.0 169.75 41.6875 -56.875 38.67578125 37.75 -67.765625 4.875 29.5 -66.625
87.375 -16.375 -58.75 23.5 -11.0 -56.25 10.828125 -22.3125 166.5 39.5625
15.828125 -4.09375 -12.6796875 -17.625 0.09375 49.125 7.34375 34.8203125 -68.375 -16.0703125
357.5 420.5 -285.25 494.0 325.765625 -156.5 -80.0 144.625 -106.5 291.625
-22.875 -94.375 -29.125 -194.5625 223.4375 81.0 -153.3828125 -108.90625 93.125 64.09375
-156.625 32.828125 -39.1875 -46.0625 21.541015625 109.5625 220.453125 58.109375 74.625 -16.484375
-186.625 -44.71875 -73.546875 -27.25 174.84375 44.65625 45.75 181.7734375 -227.65625 -90.46875
32.0 -272.0 30.0 144.0 363.875 -316.0 -1026.625 -331.0 300.0 -24.0
-39.4375 -19.6875 -84.9375 8.5 35.4609375 3.25 42.4375 -40.15625 -5.75 -18.65625
192.125 -149.25 -40.5 55.6875 -157.5 278.625 -199.875 210.75 -284.25 132.4375
-409.5 36.5 -2.0 -39.75 -214.921875 -229.0 -14.5 88.0 56.5 -378.25
89.5 -89.5 108.9375 107.625 13.5 27.75 -63.5546875 32.5625 -11.0 54.25
846.25 -179.5 -543.375 -259.25 -541.328125 89.75 -13.34375 -166.125 180.5 300.0625
-115.0 676.5 241.0 194.0 163.1875 375.0 -784.125 123.0 -832.0 183.0
