172.25 5.9375 -2.5625 32.1875 -7.0 -38.0 0.41015625 -17.375 -0.84375 36.21875
-44.375 8.015625 54.8203125 57.125 7.671875 5.6875 1.548828125 -11.40625 30.28125 10.90625
27.6875 -7.587890625 4.80859375 19.28125 -4.61328125 54.96875 -22.7158203125 -6.541015625 -24.140625 -18.2578125
513.5 -129.3125 687.4375 -184.4375 316.46875 -66.75 101.40625 164.9375 220.6875 -316.5
63.75 -25.0703125 -11.765625 -15.71875 48.359375 -27.0 -1.3828125 21.5625 4.640625 39.984375
70.9375 23.17578125 46.25 -39.171875 -29.609375 -39.0625 -25.171875 -10.0703125 -18.0 32.4296875
72.96875 23.35546875 59.33203125 25.234375 11.3984375 2.9375 0.205078125 -17.984375 14.48828125 63.28515625
82.75 -103.953125 81.6875 -11.484375 42.40625 23.75 81.3125 -38.78125 35.65625 -51.875
-470.0 -126.75 845.25 419.5 -223.0 -392.0 -232.5 388.0 668.5 -488.25
-376.0 -269.25 550.625 183.25 64.875 -1254.0 54.734375 -281.5 -315.875 -47.25
16.5 -103.125 -27.5 0.125 57.380859375 23.5 -37.5 43.1171875 -68.5 45.8125
204.0 192.9375 312.625 142.6875 -458.40625 -53.5 -145.21875 142.0 -101.125 -1117.9375
243.25 80.3125 45.0625 -23.84375 7.21875 45.625 38.2734375 14.0 -23.5859375 49.828125
85.6875 21.515625 -44.5390625 7.65625 24.87109375 18.6875 77.375 98.638671875 -31.28125 -5.890625
59.25 -128.4375 -21.375 -83.75 107.23828125 -108.25 4.4609375 73.96875 -30.125 -2.53125
25.75 -56.5 -40.0 -119.5 79.875 -36.75 112.7421875 29.8125 -30.0 -9.25
-30.375 -53.625 -14.5703125 30.0 48.4375 -1.0 0.5 11.125 -6.5 23.3125
114.875 44.875 101.5 150.25 220.296875 6.25 -63.46875 172.875 174.0 146.5
1071.25 290.25 -547.5 229.5 -395.25 263.0 385.1875 23.5 -273.5 -625.0
-29.75 -21.6875 -45.0 -53.0 89.609375 34.5 2.0625 32.125 222.75 59.875
-59.625 -47.375 -69.125 -123.4765625 114.9765625 18.40625 -35.0 233.421875 -222.96875 -32.390625
251.0 -411.25 8.0 -44.0 60.53125 58.0 -219.5 60.0 61.0 49.0
67.375 -49.3125 -108.6875 62.75 -23.546875 11.75 41.28125 -18.6875 -2.0 26.5625
-202.75 -134.125 -69.0 88.34375 -47.0625 99.125 -103.9375 111.6875 -149.25 95.78125
949.0 -20.5 -129.0 -598.0 123.1875 780.0 232.375 -190.0 158.0 1045.5
-624.5 247.75 -16.5 -248.5 -63.0 -46.5 219.484375 -44.5 -10.0 -83.75
601.0 -779.5 -228.25 -128.0 -1175.953125 -137.0 -494.4296875 -335.25 377.0 417.875
10.5 56.375 28.1875 71.375 110.4375 -2.5 -179.359375 44.0 -134.5 115.25
