2.84375 -11.353515625 11.294921875 -5.81640625 -0.3828125 19.9375 8.968994140625 -3.3681640625 5.0234375 8.6796875
49.0 51.890625 18.63671875 24.8984375 5.92578125 -22.0625 22.552734375 24.125 -2.0390625 -7.296875
185.25 -13.296875 3.734375 7.0234375 -13.3359375 20.96875 12.50341796875 -3.88671875 -1.08984375 25.56640625
-55.9375 -22.24609375 85.25 15.59375 45.625 -10.0 3.0078125 9.4765625 23.234375 -58.875
139.25 4.5625 -63.21875 -37.875 36.8125 9.75 69.88671875 140.34375 105.78125 -69.1875
33.875 -9.015625 35.25 -8.3125 -6.84375 13.625 -13.5390625 6.5 -9.453125 -14.734375
35.0 8.4140625 1.359375 21.296875 -7.671875 2.8125 6.59375 8.546875 1.7734375 -12.1875
-31.0 82.9375 -65.75 -35.25 45.07421875 -12.875 -60.8125 11.6875 -72.25 30.96875
-197.0 29.28125 -49.0 -124.5 69.1875 59.5 45.47265625 -43.5625 -176.125 138.1875
-306.0 -188.25 250.25 105.25 62.625 -778.0 15.609375 -170.375 -181.75 -25.875
62.9375 -30.078125 -25.53515625 3.8125 -18.765625 29.296875 -30.9375 8.9541015625 -17.03125 21.2734375
64.5 -28.8125 11.375 -26.34375 145.6484375 0.875 31.927734375 -16.0 48.53125 208.78125
140.625 -30.84375 -19.7109375 7.5 -18.171875 -27.71875 -12.96484375 4.21875 13.98046875 -22.984375
65.25 34.3125 35.9375 23.625 6.609375 11.9375 -19.0 62.796875 24.4375 -20.625
3.5 -30.5625 -2.5 111.0 -44.0234375 -57.0 83.45703125 20.75 17.0 -5.625
69.375 14.875 -33.0 6.25 71.71875 -26.75 88.9140625 4.125 -23.25 -71.9375
59.0 -82.0 -5.1015625 93.25 34.625 -11.25 -6.0625 -4.0625 8.0 19.59375
112.0 -145.5 138.5 -119.5 13.015625 -14.5 88.09375 91.0 113.5 32.125
210.75 150.625 -174.875 88.75 -48.828125 -29.0 212.421875 30.875 -120.5 -303.25
42.25 -62.96875 -4.53125 -51.75 1.88671875 -121.8125 -137.46875 -72.125 45.5 -45.78125
17.5625 2.6015625 15.65625 -34.125 21.203125 33.84375 -61.375 76.359375 -50.25 10.578125
86.0 -83.0 607.0 176.0 -22.5625 164.0 -529.59375 147.5 198.0 -66.5
117.8125 -14.71875 96.25 -30.4375 -13.53125 40.625 -60.390625 55.9375 71.25 41.40625
63.96875 -61.921875 -2.6875 223.65625 -34.00390625 40.6875 -19.671875 95.375 -74.375 83.640625
72.25 38.359375 21.203125 -5.9375 -6.271484375 11.9375 31.7890625 43.421875 30.25 37.53125
159.5 -518.5 94.5 290.5 -17.25 247.0 -271.375 12.25 -89.0 199.0
393.25 -406.125 -230.375 43.0 33.4453125 72.0 -224.234375 -22.75 330.0 291.0
378.5 700.5 262.25 -57.5 -317.1875 -211.0 413.75 114.5 520.0 -199.5
