35.21875 2.84375 -4.626953125 9.12109375 -7.67578125 -3.6875 -5.97509765625 -3.28515625 -4.580078125 5.265625
-20.625 -12.67578125 -5.0625 28.4375 8.5625 15.1875 -0.16015625 6.359375 3.25 -0.671875
94.71875 -1.6357421875 -8.390625 6.40625 -7.25390625 4.34375 -1.34765625 -3.341796875 -5.15625 5.0234375
400.25 -12.265625 132.515625 -17.875 93.3671875 -17.0 9.2578125 20.15625 43.59375 -67.5
47.5 5.796875 -20.0078125 -13.90625 6.5546875 -2.5 22.19921875 17.53125 13.015625 8.2421875
53.8203125 -18.861328125 -17.0302734375 -27.31640625 0.96875 11.703125 -11.95166015625 -14.1884765625 7.56640625 6.736328125
0.25 -6.61328125 -18.08984375 -1.9140625 -4.3828125 -7.1875 3.4619140625 6.9609375 -6.859375 -15.701171875
9.796875 -14.8984375 9.765625 7.1953125 -13.474609375 -1.65625 21.6640625 1.03515625 32.453125 -13.8515625
240.0 -213.5 206.75 373.25 -106.0 -122.0 -85.703125 221.25 317.75 -297.25
122.5 -79.875 172.9375 134.125 -33.0625 -430.0 -9.203125 -68.375 -73.4375 17.1875
29.734375 2.7578125 7.0732421875 8.0302734375 7.4580078125 2.765625 3.96875 -2.65667724609375 -3.91015625 2.85546875
-55.5 -71.25 -44.375 -53.625 173.5 74.5 112.07421875 -4.1875 -55.0625 280.0
26.4375 -18.64453125 -4.576171875 6.25390625 -5.552734375 -3.984375 -5.295166015625 -4.875 5.890625 -11.5078125
33.8125 30.1875 21.46875 25.5625 -8.828125 10.96875 -4.5 50.50390625 -9.71875 -6.484375
97.953125 5.984375 77.46875 -9.84375 26.7890625 30.625 -35.97265625 -29.90625 34.5625 29.609375
59.875 -43.1875 0.375 -65.4375 7.375 -14.5 51.5390625 49.5625 -34.375 -6.8125
74.75 -95.75 8.484375 31.75 -31.65625 84.0 -23.34375 -23.21875 -28.0 7.28125
79.5625 28.296875 26.375 -6.875 6.515625 -26.5625 17.7265625 23.15625 -2.5625 -4.265625
311.0 -69.875 712.5 -117.0 72.234375 200.5 -468.03125 -115.375 172.0 466.75
6.625 -220.125 -95.8125 -4.0 -3.59375 9.75 86.140625 4.875 16.0 -40.125
135.125 15.046875 24.296875 -50.3125 2.234375 3.65625 -0.25 15.9921875 -65.90625 -67.5078125
62.875 -7.171875 32.984375 5.21875 46.4453125 -6.8125 -36.77734375 -10.78125 41.4375 2.9296875
99.359375 23.046875 10.0078125 5.234375 33.34716796875 2.921875 -32.98828125 -9.5 -20.65625 -16.4375
185.1875 -1.03125 51.8125 -14.875 -24.453125 24.15625 8.359375 -6.78125 -29.125 -40.921875
304.5 -6.25 0.5 -262.5 139.578125 268.0 -54.375 -34.75 30.0 343.25
333.25 -66.0 -49.0 316.5 -84.5625 52.0 -151.984375 72.75 -14.0 51.875
-998.25 656.875 783.0 102.0 405.234375 93.5 407.7890625 306.875 -511.0 -407.25
72.5 88.8125 -14.5 0.25 -6.359375 -24.25 99.8046875 -2.625 109.75 -37.0
