14.75 -21.296875 8.390625 -5.3125 7.4921875 12.875 -6.83349609375 -18.6875 -20.0390625 11.546875
-88.0 -1.42578125 27.328125 26.09375 10.46875 12.0625 3.931640625 1.59375 14.671875 5.59375
42.6875 -5.3203125 -15.390625 -4.71875 -13.9453125 13.3125 8.22265625 -3.14453125 -9.28125 21.9765625
216.75 -35.953125 283.140625 60.78125 141.25 -42.25 33.8671875 -13.15625 74.75 -161.25
-16.125 -10.9375 -10.515625 -12.71875 7.9296875 -7.1875 7.5537109375 14.84375 12.4296875 1.9140625
24.3125 1.32421875 -12.453125 0.8359375 5.8828125 25.9375 3.5 6.828125 5.953125 -12.765625
23.859375 -2.76953125 -12.4658203125 1.669921875 -0.888671875 -6.7578125 1.2261962890625 0.6962890625 -8.1533203125 -5.8232421875
-8.46875 -27.609375 -4.125 17.796875 21.6962890625 -2.5 38.6875 -13.6015625 24.875 -13.15625
-660.0 -314.25 347.5 521.0 -74.5 -232.0 -198.765625 249.0 637.5 -669.0
145.5 -47.25 66.375 43.5625 32.21875 -187.25 -6.251953125 -25.375 -41.53125 17.59375
6.90625 -1.9140625 7.6171875 -10.28515625 8.68408203125 -7.3046875 22.3125 7.9150390625 2.7734375 -30.7421875
292.9375 -4.83203125 15.578125 13.9375 8.546875 24.625 17.03759765625 41.28125 -36.875 -31.28125
48.859375 -11.11328125 -5.9541015625 -2.38671875 -5.6328125 4.75 -1.535400390625 -3.361328125 0.9404296875 -6.90234375
59.0 28.15625 20.96875 44.78125 -6.921875 8.75 -36.875 44.880859375 -25.28125 -9.578125
99.0 16.625 92.125 -60.875 58.73828125 -2.75 -0.0859375 -11.75 20.25 9.34375
37.5625 -0.375 24.375 -77.375 12.578125 -3.375 51.0078125 41.59375 -60.0 -32.15625
24.5546875 -37.96875 -12.7587890625 7.78125 -11.26953125 28.015625 -4.296875 6.7890625 -55.0625 -8.13671875
274.25 -254.5 -154.25 125.75 196.64453125 -109.0 -88.5625 208.0 -16.25 156.875
793.75 -93.75 898.25 -106.0 194.25 -151.5 -530.625 109.75 229.0 509.625
45.0 -25.9375 9.0 11.5 17.84375 6.25 132.3125 90.3125 -16.5 -10.8125
66.6875 6.125 0.359375 11.0859375 50.6484375 1.375 -8.25 56.5078125 -83.9375 -22.67578125
94.25 -28.75 124.25 55.25 -18.984375 -58.5 -110.40625 -38.75 11.0 15.125
35.96875 69.90625 49.9375 -7.625 25.0 31.6875 0.484375 2.265625 -71.5625 -1.8125
247.625 -73.75 60.25 13.25 -11.375 -19.8125 -47.71875 -3.78125 -4.375 -12.75
477.0 92.0 -445.0 -538.0 373.375 660.0 -56.5 112.5 -62.0 648.5
484.25 -385.5 191.75 226.5 112.0625 186.0 -214.96875 94.0 -145.0 159.0
-144.75 117.28125 278.75 157.75 15.8359375 -144.5 47.71484375 -41.75 -106.5 -157.0
197.0 -871.125 -331.0 -135.5 29.1875 -130.0 390.4375 -17.0 348.0 -54.75
