241.125 -31.546875 -100.296875 -3.46875 4.984375 -12.0625 51.42822265625 12.5 -24.671875 22.859375
-1812.875 55.515625 -17.0625 -21.15625 33.703125 10.375 -27.9765625 21.40625 98.140625 -10.375
-740.9375 -63.15625 -66.296875 -54.5546875 36.59375 -78.5625 126.1806640625 136.7890625 -23.5 47.34375
-366.0 1.77734375 -30.8984375 -22.0625 -19.484375 -20.75 12.5703125 29.140625 -14.34375 47.15625
20268.0 -754.75 573.25 -1042.5 -27.5 836.0 -50.8125 -852.25 669.625 -156.5
-350.25 -49.46875 -100.03125 -12.90625 26.09375 -32.75 44.3984375 28.1875 -30.65625 31.15625
-58.0 -10.25 -6.15625 34.875 22.78125 -11.5 11.560546875 11.75 -49.65625 5.90625
-19.40625 -5.765625 -33.8125 -31.71875 -14.34326171875 24.53125 2.234375 -3.1875 -28.8125 -29.328125
-610.0 35.921875 -71.796875 -44.625 -10.5546875 15.6875 -43.77587890625 -13.671875 7.21875 -62.5078125
-644.875 -17.421875 -50.84375 1.828125 19.4609375 -46.8125 2.78369140625 -9.203125 -11.796875 9.203125
197.40625 -159.5859375 -24.953125 -13.03125 4.0546875 -25.140625 8.4375 21.8818359375 14.640625 4.8046875
1440.0 -79.125 -21.53125 -148.015625 77.71875 10.9375 46.34423828125 -10.5625 -6.96875 -24.28125
2068.0 106.9375 -19.4375 71.5 -151.6875 141.5 -0.734375 -38.75 -3.75 26.75
-540.625 307.40625 -169.6875 48.1875 44.8671875 204.40625 29.625 39.958984375 8.75 13.3125
1021.0 -693.0 314.5 -292.5 398.5234375 201.5 145.65625 172.0 -55.0 192.5
567.5625 -826.625 -540.5 -355.625 -233.34375 243.375 -70.0 -10.625 -186.5 -27.4375
1003.375 -348.125 588.9375 -422.625 -254.84375 308.625 71.03125 -44.125 -186.75 47.8125
-911.5 -1926.5 -953.5 -289.0 -108.34375 -248.0 28.875 -73.0 -324.0 80.75
-256.0 182.0 -87.0 -276.5 217.5 134.0 10.625 -39.75 -5.0 -317.0
-1709.375 2830.0625 1323.875 -13.625 -216.8984375 185.5 -9.203125 224.5 137.25 -190.8125
122.0 -435.875 182.25 382.75 -250.875 -131.5 -20.0 -282.6875 -151.25 582.53125
-452.5 -1035.625 -393.625 -234.75 99.21875 -35.0 -12.3359375 -44.375 -135.5 -76.25
124.625 118.5625 71.625 -202.625 160.6015625 47.125 -159.109375 8.1875 24.5 -33.0
-14452.5 -1138.5 2128.5 1447.4375 250.375 632.0 -555.84375 442.25 786.0 -542.125
1223.125 -225.25 -388.5 -315.0 237.0703125 76.5 326.78125 -203.5 -147.5 -158.375
-400.0 140.0 -219.5 510.0 -343.0 57.0 -279.375 26.75 -126.0 -179.25
-3927.5 410.625 -37.25 192.5 220.75 -171.0 -11.5234375 -85.375 375.0 -31.0
-821.75 1376.375 724.1875 0.625 -9.875 199.0 -244.15625 108.125 -53.5 -166.9375
