233.5 13.4765625 3.720703125 -1.03515625 -5.7734375 12.21875 10.0341796875 7.20703125 -5.248046875 -19.046875
-4321.0 441.75 -282.3125 -73.875 -184.25 -236.0 -530.078125 -293.625 379.0 -414.875
263.5 3.984375 -80.5078125 -31.8125 -91.109375 17.25 39.9033203125 -10.2265625 -0.9375 5.4140625
-1433.0 -18.234375 -29.015625 163.03125 48.5 -238.25 51.34375 38.4296875 120.40625 -92.4375
-335.0 45.65625 -3.703125 -10.6875 2.46875 41.25 46.0234375 -6.90625 22.7421875 12.734375
-974.25 46.4609375 99.40234375 -18.25 -11.171875 27.53125 -96.501953125 -22.90234375 26.8671875 20.654296875
-730.25 11.296875 14.875 -20.9375 -10.59375 39.75 -27.04296875 -1.71875 12.84375 30.28125
-523.0 -16.0 -99.5 -56.625 22.984375 -26.75 -21.375 40.3125 70.25 128.0625
-633.625 76.4375 -100.26171875 -52.109375 -11.09375 11.25 -103.115234375 -49.171875 50.21484375 -35.8984375
-179.0 18.078125 -40.953125 2.3125 6.90625 -8.75 -3.396484375 20.421875 26.5 -37.8125
-160.6875 15.2158203125 9.36962890625 -5.07080078125 -11.5084228515625 -6.74609375 -9.69921875 -2.805877685546875 18.80078125 -3.36376953125
-786.0 -87.375 62.4453125 195.78125 86.46875 24.0 -89.330078125 -68.46875 12.765625 -16.203125
30.0 171.75 -38.8125 62.0 21.5 19.0 40.8125 -59.375 206.875 -6.5
-1728.09375 146.6640625 -191.572265625 26.35546875 -993.2744140625 -268.203125 -1177.46875 379.8433837890625 -30.78125 534.681640625
5154.0 -2762.0 2447.0 -102.0 980.375 702.0 1490.625 -1198.0 112.0 -1288.0
-725.875 153.78125 156.8125 -76.1875 123.828125 -28.625 169.5859375 114.46875 13.625 -16.625
-310.0 -5.0 -162.21875 -444.0 -140.5 -67.0 225.75 410.875 -167.0 294.125
-3236.0 3963.0 22.0 2750.0 -1163.5 1684.0 412.875 699.0 732.0 2115.0
-274.375 133.8125 -124.625 -86.875 -106.75 -4.875 77.09375 34.75 -9.5 49.90625
-632.5625 298.796875 105.875 138.28125 -90.912109375 95.6875 38.9375 -17.46875 10.4375 12.359375
1314.5 -249.875 -207.75 219.0625 -79.84375 -406.25 -128.5 199.1875 -89.5 348.5
-63.5 -277.875 -96.8125 -49.125 23.71875 -4.25 305.3984375 -27.8125 262.75 -68.375
-3353.828125 1345.28125 643.515625 79.484375 -736.2099609375 106.5 367.80078125 151.2421875 425.65625 -426.640625
1223.75 39.5 113.0 -175.875 15.875 -43.5 62.0234375 52.625 -42.5 -160.1875
-1739.125 984.28125 594.9375 -60.1875 -312.92578125 -116.5 -55.07421875 41.671875 197.4375 -55.84375
801.5 12.75 -56.25 -1785.5 -56.1875 -142.0 1131.296875 -425.25 1387.0 284.5
-537.0 -165.75 86.25 116.0 135.0 -91.5 -90.25 18.5 127.0 178.5
306.75 -79.375 91.8125 200.25 57.25 68.375 51.578125 90.5625 -180.75 -132.9375
