28.75 -3.7265625 12.6875 12.8125 1.421875 -19.625 5.9228515625 0.96875 14.78125 15.015625
-11.75 -20.9375 -15.21875 6.03125 -7.625 44.0 -37.59375 -11.28125 13.22265625 3.484375
40.6875 -3.4609375 -9.84765625 3.0078125 -7.404296875 1.703125 -6.81591796875 -2.693359375 1.97265625 -4.2734375
200.875 36.6484375 -113.953125 5.984375 -71.734375 -7.125 -11.0859375 -21.1953125 -34.625 68.4375
32.3125 9.546875 -18.34765625 -16.546875 -0.27734375 -15.65625 15.3681640625 14.9765625 7.15625 -15.1484375
36.25 -22.1640625 -22.375 -25.34375 0.5078125 25.25 -17.33984375 -1.3359375 9.4375 -31.296875
63.390625 -0.1640625 12.701171875 -0.05859375 1.888671875 -7.9375 -5.610595703125 -1.67578125 3.0009765625 9.185546875
24.46875 -7.375 -2.84375 4.265625 3.64794921875 -0.109375 2.9375 5.8515625 -4.5 2.8125
-1690.0 -412.0 542.0 -1040.0 200.25 180.0 54.0 -607.0 -772.0 745.5
-92.25 -30.53125 53.640625 15.4375 15.390625 -133.625 -6.9873046875 -22.90625 -26.515625 -5.203125
27.125 31.28125 -7.3125 8.75 -9.3759765625 2.671875 -1.125 -15.0078125 39.5625 42.046875
149.75 -35.34375 -29.0 -63.34375 161.71875 6.0 67.4296875 -12.875 30.875 252.9375
119.3125 -9.548828125 8.287109375 8.7265625 -4.296875 -12.4375 -4.4833984375 6.3984375 -2.765625 -9.3515625
57.6875 11.40625 39.9921875 25.53125 -3.9765625 -3.15625 -50.75 37.3857421875 5.46875 13.84375
64.375 -98.5 15.25 -72.5 -61.78125 -101.5 49.583984375 -14.25 17.75 -22.1875
36.875 5.125 -28.25 19.25 27.3125 -35.25 25.75 -18.8125 39.0 -10.4375
100.46875 1.59375 -16.05078125 -80.5 -24.953125 71.4375 21.046875 16.84375 -38.5 -7.25
333.0 249.5 -380.0 55.0 77.42578125 -128.5 40.375 114.25 -8.0 262.75
122.625 208.875 164.625 94.0 -67.125 42.25 -182.5 -20.5 84.5 212.375
112.0 542.25 160.625 31.0 -15.890625 -85.25 -238.5625 -72.75 25.25 -47.0
51.625 7.625 17.1015625 -30.38671875 -4.984375 9.3125 -28.15625 3.8984375 -36.0390625 12.011474609375
-158.0 -234.0 -164.0 326.0 147.0625 -28.0 -370.6875 48.0 244.0 60.0
95.09375 -46.9375 -9.578125 -35.46875 3.2490234375 28.03125 -42.43212890625 9.0546875 -21.1875 0.2109375
188.75 73.25 -139.25 17.25 7.25 132.5 51.546875 36.875 -118.0 0.8125
403.0 64.0 -423.0 -447.0 644.09375 860.0 -155.375 -30.5 36.0 904.0
-67.5 -145.625 2.5 305.0 20.125 38.0 -144.9375 33.375 30.0 84.875
-1250.5 861.25 583.5 -616.5 797.21875 92.0 260.1875 -99.0 -366.0 -957.0
40.625 169.5625 -32.625 -30.75 -78.1875 -69.375 152.15625 19.625 139.25 0.96875
