430.8203125 -155.8828125 -93.5029296875 48.8447265625 -94.4658203125 4.9140625 -52.38861083984375 -25.6767578125 -11.203125 12.1923828125
1041.6640625 -162.2333984375 532.8248291015625 -176.63134765625 -249.8868408203125 -63.525390625 -8.491485595703125 -13.84521484375 11.17791748046875 33.67913818359375
50.328125 45.14276123046875 -56.858642578125 40.538330078125 -35.11029052734375 -4.5908203125 -8.047927856445312 -11.6575927734375 -4.8038330078125 20.34136962890625
416.25 148.744140625 -47.3994140625 -24.48828125 38.1953125 11.90625 58.10546875 -24.99609375 21.0 15.80078125
-13.875 29.265625 234.396484375 -48.8125 -1.01171875 -26.1875 -37.5498046875 1.98828125 29.880859375 15.37890625
11.63671875 67.040283203125 7.9716796875 -16.8408203125 -28.888427734375 -3.892578125 7.0135498046875 -4.7548828125 7.6513671875 17.71533203125
-258.90625 -23.462890625 -200.1484375 188.1328125 -11.63671875 15.140625 -88.958984375 1.37890625 -14.908203125 28.853515625
285.3828125 -39.640625 -45.2421875 -53.15625 -29.617919921875 -131.54296875 -43.765625 44.47265625 -25.1796875 10.044921875
409.0625 -150.359375 465.818359375 -172.6875 -134.98828125 -41.1875 126.4638671875 -66.671875 76.380859375 -5.20703125
-31332.5 5293.9375 10538.25 -3075.8125 6986.3125 -1443.5 -2749.36328125 4272.75 -1096.28125 -46.21875
-249.1484375 -362.57421875 181.86083984375 -118.0234375 -95.611328125 81.8330078125 -61.65625 78.23138427734375 -15.5029296875 -38.900390625
-330.0 -2628.453125 -1601.296875 996.8125 -1553.109375 112.0 148.1953125 -338.46875 -340.9765625 -2.8125
57.064453125 -9.73419189453125 -14.804443359375 -6.092041015625 7.0267333984375 4.3173828125 0.92193603515625 -5.546630859375 34.9307861328125 16.07666015625
578.5625 -795.78125 -302.125 25.54296875 -105.9833984375 222.8515625 -54.15625 204.968017578125 -120.46484375 125.65625
-1006.25 508.34375 -178.3125 171.375 -649.7890625 68.5 -370.75 708.3125 223.75 -221.0
324.5 -203.3125 -481.5625 -652.8125 424.0703125 199.75 -120.0078125 -349.25 -63.0625 -37.484375
186.625 -128.484375 -0.953125 -428.21875 -72.1171875 -105.28125 32.015625 117.6171875 -55.3125 70.1640625
218.7578125 -428.51171875 -279.53515625 733.3671875 402.224365234375 -712.328125 137.1181640625 -26.26171875 -132.1953125 60.005859375
-216.5625 256.40625 -392.890625 -941.40625 -764.921875 -20.1875 -497.296875 600.359375 -29.3125 -122.53125
194.4140625 168.1796875 279.859375 22.0 306.02734375 -280.6875 154.01904296875 -20.04296875 -89.625 94.60546875
6485.3125 -5617.453125 -5172.4375 1575.14453125 -3043.953125 371.4375 -846.9375 1586.3984375 -361.8125 86.4609375
361.71875 204.75 311.21875 -568.5625 224.7822265625 55.6875 9.7255859375 132.7265625 -37.625 -10.08984375
-475.24609375 31.296875 333.75 -509.6171875 213.882568359375 -16.28515625 -9.7529296875 119.990234375 -15.359375 -10.98828125
-166.859375 46.2109375 445.140625 252.318359375 -135.537109375 -307.75 -29.39306640625 156.609375 -94.109375 -3.64453125
-573.3125 -178.75 -542.546875 162.5 -1212.0859375 47.625 -298.853515625 119.0625 110.5 -10.1875
750.484375 19.6484375 231.09375 392.984375 -307.677734375 118.953125 8.7177734375 -190.5390625 86.90625 13.15625
-77.392578125 191.8076171875 -70.7958984375 106.890625 -176.7364501953125 -227.033203125 54.373779296875 128.07373046875 -32.26171875 19.89892578125
210.32421875 -922.072265625 -562.48828125 1735.68359375 -197.4466552734375 -818.34765625 229.00341796875 -18.0927734375 -38.80078125 193.181640625
