1043.875 -44.5390625 -27.75390625 9.265625 33.6953125 52.6875 -38.1767578125 -35.046875 21.08203125 54.84375
-457.875 18.6796875 -13.5625 50.4375 14.984375 14.625 6.419921875 36.875 7.298828125 5.5703125
-89.1875 -23.8828125 -30.6484375 -32.203125 20.6171875 -47.6875 3.25048828125 -20.11328125 33.109375 15.765625
1456.8642578125 -9.083946228027344 14.750701904296875 31.61236572265625 43.521209716796875 -45.6893310546875 25.246414184570312 63.00294494628906 -111.12141418457031 35.98455810546875
-5438.5 217.421875 81.30859375 340.53125 -99.234375 -116.1875 -148.466796875 140.859375 -89.94140625 -118.203125
4813.75 -224.2890625 -378.5234375 -102.609375 -227.4375 478.1875 69.96875 144.25 -70.328125 136.6015625
-1047.5 -97.09375 -38.59375 -384.8125 -69.90625 -55.5 76.171875 -110.90625 -114.578125 75.84375
487.625 -73.0625 12.9375 -87.46875 -112.2841796875 72.96875 -8.8125 40.125 -31.625 81.484375
-4064.125 102.390625 287.9453125 322.640625 -84.9296875 -250.25 20.7919921875 396.6875 -305.3515625 -166.5078125
-528.02734375 -16.50927734375 -29.582763671875 -15.4033203125 3.09228515625 2.42578125 41.1287841796875 1.57568359375 26.672607421875 -34.049072265625
985.5 -316.5 -131.0 -25.5625 12.37890625 27.1875 201.5 22.244140625 29.0625 -126.0
-367.25 -4.71875 -1.3984375 40.84375 9.671875 -33.75 14.86328125 -8.0 1.7890625 60.046875
-1124.5 -45.2890625 34.91796875 -42.734375 -19.47265625 -34.4375 -31.25634765625 2.0546875 17.46484375 23.6328125
1367.125 -260.3125 -144.86328125 -107.3046875 13.615234375 -5.703125 -116.625 -44.536376953125 76.8203125 -117.0546875
-2527.0 1356.75 -1097.5 -335.0 -1011.375 -1079.0 924.25 307.75 132.0 -122.0
178.71875 59.203125 31.53125 -71.578125 -35.62890625 -63.78125 5.609375 12.7109375 55.53125 29.7109375
-312.0 303.0 -354.34375 -51.5625 75.0625 -84.0 -118.0625 75.9375 134.25 85.90625
-3322.0 2777.0 1907.0 122.0 -1205.9375 -520.0 -349.25 200.5 764.0 397.5
-562.25 426.125 75.125 108.25 -233.6875 316.5 -302.1875 -71.75 -305.5 -52.875
10197.5 -6679.0 -3291.25 -657.5 1539.59375 669.5 570.875 -161.0 -2429.0 -156.875
-1009.25 580.421875 17.53515625 -48.427734375 -21.830078125 -56.625 -110.15625 -11.21484375 -26.5 119.94140625
-195.29296875 -172.57421875 137.103515625 -236.8203125 100.653076171875 -346.34375 -203.44287109375 110.1875 -126.0546875 19.515625
9531.0 -5660.5 -3514.5 -1411.5 551.5 173.0 597.03125 -765.5 -989.0 358.75
-1678.125 -143.625 106.25 30.515625 89.046875 -138.5 -55.375 -15.375 185.375 -8.46875
-430.359375 302.703125 205.8828125 34.9140625 -91.484375 -66.84375 -23.6923828125 -19.75390625 102.25 -52.890625
67.0 67.875 -253.75 -62.5 -35.15625 -142.75 105.296875 -40.375 -53.25 -83.1875
-852.27734375 92.5078125 -42.5478515625 -23.96484375 17.5079345703125 -43.08203125 -26.5283203125 -1.34912109375 61.19140625 -22.12548828125
599.0 -337.0625 -89.5625 -159.125 70.9453125 -128.5 59.9296875 -26.5625 -167.25 5.0
