-183.75 -35.435546875 -25.48828125 22.9609375 -27.2890625 -1.484375 15.48687744140625 13.111328125 -8.5703125 2.9375
410.34375 -40.4453125 -53.5078125 -12.078125 -28.8828125 -17.65625 7.1884765625 -23.03125 -20.49609375 8.5546875
-943.953125 80.13671875 22.1953125 -4.140625 247.7421875 -64.8125 -369.0361328125 181.783203125 -85.875 61.5625
557.9375 124.890625 18.6953125 -84.7578125 232.625 20.5625 -127.662109375 55.4375 72.84375 34.5
-4249.0 286.03125 874.46875 390.125 1073.4375 215.5 -641.4375 837.625 -338.78125 2.53125
-92.015625 -23.3984375 -53.390625 -39.1796875 -11.2734375 21.203125 48.4443359375 12.0859375 -9.671875 0.56640625
-299.734375 42.650390625 -18.15625 -4.46875 44.861328125 -6.6875 -68.226806640625 32.2734375 -15.18359375 14.93359375
167.65234375 -51.5703125 5.421875 -22.041015625 29.921875 -43.83984375 -33.75390625 58.177734375 4.296875 -5.5849609375
12.34375 124.767578125 11.16796875 31.6328125 163.96484375 25.21875 -147.59765625 78.6484375 -28.296875 -5.71875
-153.40625 83.431640625 18.953125 -43.40625 96.1328125 -25.375 -164.390625 23.3984375 -15.8125 33.0234375
-568.1875 -1090.59375 1.4375 -525.4375 -553.546875 -153.6875 -147.5 163.3984375 -35.5 -157.46875
-699.828125 172.1181640625 77.8515625 -88.734375 186.33984375 -70.0625 -265.62921142578125 151.734375 -36.703125 75.0
268.65625 110.328125 57.0380859375 -14.08984375 194.283203125 36.59375 -128.564453125 34.4140625 33.4736328125 62.263671875
-9870.0 5041.125 1615.75 4788.0 3133.0 6341.5 1092.0 2350.84375 39.5 1012.75
430.6015625 -72.828125 296.34375 -102.84375 -156.69921875 -110.84375 -177.4765625 487.140625 28.125 -116.375
1049.828125 -962.28125 -216.9375 -279.0 180.5859375 813.84375 175.3125 -194.71875 83.125 -131.125
3.5625 553.5 -419.4609375 197.875 549.8125 -38.0 -404.03125 905.875 154.25 -260.0
266.6484375 -403.28125 16.875 77.5 -242.60546875 318.0 -116.65625 515.0 141.25 -212.234375
419.9375 -4.40625 -615.1875 -56.8125 86.984375 -753.5 -237.09375 664.140625 -128.375 -49.9765625
1900.9375 4111.625 645.75 293.5 673.53125 -938.5 -302.0625 1019.125 38.5 -186.125
-89.015625 909.4921875 161.2578125 140.05859375 118.8203125 118.515625 10.40625 -131.64453125 -78.6875 9.4375
453.4296875 -847.328125 -546.75 -223.4375 -248.71484375 -8.78125 -148.1875 272.453125 -9.125 -3.8828125
2338.0 1322.625 -631.75 -180.5625 340.59375 -966.125 -274.65625 1055.5625 -89.125 -63.875
2044.3125 207.625 -680.25 -1142.25 497.59375 342.0 -40.03125 -308.4375 131.25 84.3125
524.046875 402.203125 51.34375 -5.3125 53.7939453125 -4.0 -63.3984375 247.734375 19.5 -97.3828125
-4.125 491.875 -175.5 866.75 -423.875 -447.25 -433.5625 816.375 -202.5 -216.0
49.625 -954.46875 -313.5625 -149.5625 144.70703125 369.375 57.171875 -409.0 151.25 134.8125
4756.75 7436.0 2020.25 330.25 927.9375 -91.5 -254.75 1621.25 665.0 -609.875
