426.0 -37.75 -176.25 -79.75 83.625 74.0 90.828125 201.0 143.375 -121.5
198.5 -77.171875 -22.8125 24.25 6.40625 149.25 -72.015625 -39.625 32.1484375 9.3125
26.0 38.03125 -48.8125 -12.0625 -38.1875 79.5 19.33203125 -35.0625 -15.125 74.71875
-81.25 7.125 193.296875 12.0625 67.15625 7.25 18.2578125 -3.578125 71.84375 -131.3125
251.625 -8.09375 41.03125 13.3125 -10.78125 23.5 40.43359375 -60.03125 -56.21875 25.0625
-42.0 21.84375 13.875 51.09375 31.8125 16.375 33.40625 -30.796875 -47.0625 47.421875
14.5 17.9453125 -128.921875 -95.9375 -56.875 -4.8125 21.224609375 13.65625 -30.109375 -118.71875
-48.5 -286.25 36.75 157.75 -106.3671875 25.5 155.625 -194.375 204.0 -9.375
-4304.0 -3966.0 -1576.0 5928.0 -582.0 -1296.0 -897.875 3952.0 3624.0 -4612.0
121.9375 -2.10546875 -1.859375 -36.46875 15.984375 117.125 38.45556640625 2.4296875 17.828125 60.921875
7.0 -80.375 43.8125 -77.75 86.1708984375 44.875 -41.0 81.609375 -169.125 -174.75
-310.0 -240.9375 -46.75 215.0 -76.5 217.0 232.671875 3.25 -421.0 -214.0
-65.5 -111.71875 -70.25 80.90625 14.40625 -59.75 -33.6796875 -22.1875 54.078125 -105.03125
-300.375 -77.65625 -13.25 26.40625 18.90625 89.8125 128.375 107.8046875 -16.9375 -20.015625
-243.0 302.5 182.75 265.0 163.421875 272.0 -43.796875 -178.0 120.0 115.75
33.25 -172.5 -35.0 203.0 24.0625 64.5 -88.4765625 -139.125 228.0 254.875
126.375 -147.5 -144.1171875 -160.625 -181.5 172.5 62.4375 63.25 98.5 6.25
-340.5 115.125 15.75 223.25 58.65625 -150.0 11.125 164.25 -38.0 80.125
-2391.0 -792.0 3829.0 -396.0 506.28125 484.0 -1908.5 103.0 904.0 2791.0
-174.0 77.5 -162.5 115.0 -30.1875 155.0 591.25 -32.5 207.0 -46.75
-15.25 51.6875 -44.75 -38.578125 -22.53125 34.5 130.25 143.4375 -202.75 -55.9375
137.0 70.5 -319.0 -80.0 -259.40625 202.0 342.0 125.5 -72.0 75.0
140.0 33.625 36.375 150.5 5.515625 28.25 -5.8125 -41.5625 -53.0 -96.375
-48.0 -37.0 248.0 230.125 -51.25 378.0 87.484375 46.25 -300.0 166.5
3606.0 -383.0 -418.0 -1048.0 1492.3125 2028.0 18.0 -99.0 276.0 2397.0
-1373.5 608.0 326.0 -1019.0 122.875 -316.0 626.375 -286.0 210.0 -335.5
1124.0 -891.375 -522.5 130.5 165.875 277.0 -165.0 -261.5 595.0 868.75
-778.0 -536.0 -148.0 82.0 318.5 272.0 -538.75 -150.0 -740.0 -46.5
