49.046875 -12.015625 -12.623046875 19.369140625 4.6484375 -3.1171875 -9.6806640625 -1.142578125 15.39453125 15.658203125
82.9375 -20.71484375 -18.71875 9.4765625 -12.53515625 10.59375 -20.7021484375 -1.7265625 -2.62890625 -4.17578125
39.5625 1.0625 -9.9140625 23.59375 -9.5859375 23.25 -7.4443359375 -13.16015625 -13.5 12.6875
809.75 6.21875 285.328125 -4.4375 181.84375 -29.0 47.0 24.15625 102.46875 -145.6875
48.25 5.375 -69.9375 -33.9375 59.5 2.25 81.73046875 117.8125 81.40625 -9.875
9.390625 12.90625 42.40234375 -0.7421875 7.83984375 -3.71875 10.345703125 17.91796875 -14.046875 -17.44921875
4.5 -8.234375 39.3125 7.25 18.484375 -2.5 8.28125 14.3125 24.0625 23.796875
9.953125 85.34375 5.5 -23.78125 -13.1611328125 0.46875 -20.875 50.921875 -41.0625 -2.9609375
9800.0 -124.0 1147.0 2634.0 -1004.0 -944.0 -185.1875 1174.0 2006.0 -2151.0
976.0 13.0 -355.75 -248.75 -76.625 1022.0 57.390625 190.25 182.375 25.75
33.5 24.1328125 -3.109375 -15.953125 20.158203125 -11.3125 12.1875 19.8662109375 9.5 -22.1640625
-394.0 -20.125 -10.5625 59.625 -83.0625 144.0 66.28515625 58.625 -214.0625 -279.25
67.125 -23.5078125 -14.703125 -17.796875 -5.8828125 -31.15625 -15.970703125 3.71875 16.2421875 -13.0703125
-10.3125 -6.125 -39.171875 -11.34375 -7.98046875 20.8515625 74.4375 2.6875 37.09375 17.109375
95.5 -16.25 -5.375 7.25 -7.453125 -4.5 -32.859375 -23.3125 -52.0 -41.75
44.0 4.125 41.9375 -37.0 14.21875 -63.6875 48.84375 25.0 2.0 -15.515625
93.0 25.0 -26.625 -68.0 -43.0 30.0 51.25 22.5 9.0 20.5
-224.5 345.75 -91.0 343.5 537.046875 -466.5 -191.5 584.25 24.0 519.125
-161.5 -212.5 1373.0 -188.0 40.2578125 -74.0 -757.125 234.0 368.0 756.5
-111.25 -479.59375 -34.6875 37.625 72.328125 73.25 264.8671875 163.71875 -61.75 14.25
6.5 20.09375 -4.1875 -92.90625 206.71875 21.625 -24.5 216.078125 -264.0625 -83.75
262.5 -5.5 -59.75 -176.0 64.640625 78.0 132.625 15.25 -39.0 -52.75
98.75 47.53125 45.1875 47.0625 -19.66796875 -26.875 41.390625 45.34375 -2.5 -29.1875
286.0 -248.0 -60.0 171.125 -84.625 -166.5 -231.1875 56.0 0.0 35.75
415.0 32.75 86.5 -43.0 286.125 544.0 205.5625 -11.5 -72.0 408.5
125.5 -433.0 -166.0 764.0 -25.125 314.0 -561.125 121.5 -352.0 308.0
-552.5 174.375 199.25 38.25 361.625 202.5 241.5859375 214.75 -300.0 -277.375
217.5 419.625 194.125 -60.25 -149.9375 -107.75 245.75 -18.75 397.5 -121.75
