-306.125 7.33203125 0.453125 2.29296875 -16.6015625 10.546875 2.477783203125 -3.70703125 -3.9990234375 14.14453125
203.875 -92.84375 24.78125 -42.9375 -20.09375 -17.25 11.625 1.9375 -36.1708984375 52.3984375
996.0 64.6875 5.234375 -46.671875 114.40625 57.6875 -54.650390625 -81.2421875 7.234375 -28.0078125
1504.25 -197.359375 -34.5546875 327.3125 -132.15625 -61.625 -120.2109375 50.3671875 12.015625 78.78125
296.125 19.9609375 2.36328125 -33.880859375 34.0185546875 31.7109375 -1.854736328125 -13.283203125 15.083984375 -18.896484375
186.65625 54.359375 -5.87109375 46.27734375 55.20703125 30.8125 -12.67578125 -44.0234375 36.59375 -16.708984375
-519.671875 49.1826171875 -18.533203125 15.58984375 41.2197265625 7.03125 6.2120361328125 -17.005859375 -5.56103515625 6.3056640625
-96.6875 0.765625 -20.15625 26.765625 -35.45166015625 -0.171875 30.453125 -21.9453125 -31.21875 3.5
-303.8125 -177.7890625 -25.951171875 -29.4453125 -183.01171875 -27.8125 26.36962890625 97.1875 -24.095703125 68.876953125
-520.314453125 45.28759765625 -8.9718017578125 14.38037109375 16.6861572265625 9.5068359375 -1.351287841796875 1.34912109375 -4.48797607421875 7.5059814453125
-77.46875 21.21875 -0.453125 -8.64453125 -5.42578125 -12.24609375 19.65625 0.0765380859375 -1.01953125 -1.876953125
-856.5 180.625 -29.05859375 42.015625 165.4921875 55.5625 -39.4443359375 -48.6875 29.3515625 -15.609375
995.0 11.37890625 81.265625 -34.890625 90.6171875 77.3125 -55.482421875 -43.53125 39.984375 2.375
-2045.875 464.0625 188.265625 144.59375 233.2578125 -186.65625 39.5 -67.990234375 48.40625 -19.578125
-100048.0 -272956.0 110336.0 21744.0 -183616.5 34640.0 -9787.0 100752.0 -9584.0 1136.0
-183.5625 186.875 65.75 22.5625 58.0703125 10.8125 45.53515625 31.671875 48.125 25.484375
-1044.5 2825.5 -3439.21875 1347.0 -361.625 -394.0 -401.375 -368.125 22.0 182.125
170.05078125 1200.09765625 430.9208984375 -25.1875 146.49462890625 -101.708984375 273.5445556640625 -200.1259765625 -276.330078125 -95.33935546875
-489.171875 360.00390625 127.6796875 88.3125 -131.19921875 20.59375 22.40625 -0.3046875 20.03125 13.30859375
388.0625 672.0 125.359375 18.265625 319.13671875 -126.859375 121.7314453125 -136.2890625 -98.0 43.44921875
467.421875 -319.359375 -92.615234375 38.970703125 -40.056640625 8.1875 73.96875 -84.361328125 7.05859375 -25.529296875
37083.0 -12245.25 -10982.5 -3940.0 14600.09375 -6458.5 6521.9375 -7335.875 -5999.0 2917.25
-439.3125 1427.484375 565.171875 110.78125 468.98828125 -434.4375 213.87890625 -243.3125 -24.5 -7.9375
184.0 239.875 -154.75 -132.71875 -160.125 -216.75 198.0625 -179.625 -87.5 60.0625
82.0 -5489.125 -2227.75 -234.0 -1469.1875 983.25 -338.3125 975.5 570.0 78.6875
-1389.75 -269.25 588.25 -550.25 -380.328125 157.875 -34.3671875 314.875 104.0 -57.40625
683.4375 -327.03125 48.21875 -42.4375 190.09765625 95.375 1.1875 66.484375 10.5 33.6875
-426.0 365.875 121.125 -28.75 -199.453125 94.25 58.078125 65.75 124.5 -73.9375
