201.0 -43.25 116.6875 44.25 6.8125 13.5 -17.17578125 -78.4375 -114.3125 61.375
82.875 14.609375 45.84375 70.1875 10.328125 17.5625 13.298828125 -6.203125 -0.953125 9.53125
59.515625 -11.107421875 -0.546875 6.81640625 8.40625 23.40625 -5.06396484375 0.4072265625 -20.2265625 -28.87109375
5.1875 -27.64453125 67.203125 16.125 44.93359375 -4.03125 12.62109375 10.6328125 12.9453125 -53.5859375
49.125 -36.109375 31.2578125 4.140625 3.9609375 -33.875 -49.2021484375 -69.296875 -72.3671875 65.7578125
-15.8125 28.42578125 34.96875 -12.2265625 -11.0 -14.9375 -2.134765625 1.0859375 -46.34375 28.09375
42.875 -1.671875 36.828125 -8.625 2.6796875 3.0625 2.068359375 5.375 15.53125 12.953125
56.25 -105.0 30.5 70.875 12.57421875 -33.1875 140.1875 -57.78125 52.0 -39.1875
21.0 -16.625 110.375 304.75 -49.25 -123.0 -82.5546875 149.5 331.0 -324.5
-395.0 -47.0 210.9375 205.0 11.8125 -496.5 -23.1796875 -148.5 -102.375 -21.875
54.125 18.75 13.875 13.9375 21.375 -3.125 34.125 5.15625 -12.65625 6.984375
-527.5 19.875 100.0 9.9375 -285.6875 -94.0 -112.375 41.1875 22.5 -516.25
40.875 -15.9375 -14.4921875 16.296875 6.3515625 1.1875 -1.4404296875 -8.515625 14.5234375 -3.46875
8.75 -27.96875 14.0625 34.46875 -31.22265625 -17.390625 36.0625 35.37890625 -75.9375 5.8984375
26.5 -106.0 23.75 14.0 39.59375 -74.0 32.890625 30.5 10.0 63.125
69.0 -3.375 25.25 -42.5 -4.1875 28.25 57.3828125 76.8125 -101.5 -25.5
57.53125 -13.0 58.3203125 39.46875 14.1875 17.25 29.859375 7.3125 -92.75 -3.3125
-140.875 -28.4375 17.875 -127.125 -118.27734375 -74.125 53.8125 -72.625 -157.75 -76.5625
-385.5 78.75 -384.5 18.5 314.578125 322.0 630.375 14.25 -414.0 -814.0
-53.9375 -44.25 -28.625 -18.75 60.5625 49.4375 150.0625 111.71875 154.75 166.3125
45.0 -109.6875 -55.859375 -91.2265625 100.0 -20.5625 -37.0 230.3359375 -249.984375 -152.875
-24.0 -7.0 -722.0 -552.0 -149.75 -136.0 922.375 -132.0 -536.0 123.0
15.1875 -53.90625 -62.375 -73.75 22.86328125 -56.0 19.8671875 -46.96875 60.75 -39.0625
47.75 4.125 81.0 33.84375 76.90625 74.0 17.98046875 -41.6875 -95.0 6.375
308.0 -20.25 -111.5 -128.5 109.75 410.0 21.875 -133.25 67.0 341.25
-192.875 119.5 88.625 -303.5 28.09375 -79.0 196.28125 -65.25 -8.25 -52.1875
-23.75 68.78125 16.1875 -62.6875 -1.953125 -12.5 105.40625 35.15625 -144.25 -173.125
67.625 -6.5 -93.0 -44.375 -65.546875 -81.25 -24.54296875 -91.25 97.0 18.4375
