302.8125 -28.60546875 -30.734375 -22.6015625 0.05078125 13.65625 20.861328125 4.40625 5.28125 20.0
74.234375 -1.9306640625 -2.658203125 10.537109375 -22.115234375 -7.3359375 -3.517822265625 7.9140625 8.1075439453125 0.02978515625
-39.5537109375 2.57177734375 14.7950439453125 3.73095703125 -15.84393310546875 -11.53955078125 -5.9170379638671875 13.87860107421875 -8.94000244140625 -3.41839599609375
-431.4375 5.716796875 3.1171875 -13.578125 -25.48828125 -10.75 -6.8515625 16.654296875 21.328125 5.8125
-364.625 74.484375 29.4609375 96.46875 39.828125 -104.375 9.056640625 64.96875 -139.59375 -48.3125
-23.65625 16.693359375 14.443359375 5.5 -35.279296875 -10.171875 -9.3056640625 5.109375 1.8125 -15.32421875
-111.9375 -15.341796875 -0.98046875 -17.451171875 -11.96484375 -12.0859375 -3.59130859375 3.884765625 -14.09326171875 6.66015625
-343.1875 8.109375 3.625 50.28125 -4.833984375 33.09375 -9.765625 14.3359375 24.5625 2.171875
67.986328125 -16.4805908203125 6.069091796875 -1.642333984375 -14.5843505859375 3.6796875 -3.432281494140625 0.1685791015625 -5.32476806640625 9.14739990234375
377.765625 -15.126953125 0.9013671875 -12.3515625 -10.537109375 4.875 0.7340087890625 10.51953125 -6.1259765625 -2.01953125
6.875 -17.546875 33.3359375 -26.6953125 -1.43896484375 -9.0859375 15.1875 -0.717041015625 34.2109375 5.0234375
-305.125 -5.07177734375 -34.96142578125 35.3583984375 -35.01513671875 -13.6640625 8.253692626953125 15.99072265625 -28.8232421875 48.452392578125
4202.375 -110.95703125 -81.20703125 171.640625 -38.78125 107.625 61.095703125 -2.859375 -94.6015625 139.703125
143.53125 -73.44140625 72.7109375 -11.0625 30.72900390625 -32.15234375 15.359375 12.063232421875 5.87890625 -3.826171875
458.125 -647.78125 308.84375 -83.5625 151.44140625 -83.5 53.8828125 -7.5 -103.25 76.6875
212.4375 181.875 42.96875 -24.5 -74.140625 23.375 -0.796875 -12.03125 -36.25 46.46875
35.58203125 8.982421875 88.31103515625 -44.734375 -63.837890625 -75.6015625 38.4453125 -34.033203125 -19.4921875 -4.0498046875
204.5 129.4375 2.578125 -81.625 101.125 -22.0625 45.7109375 1.765625 -46.625 9.359375
-176.75 -44.96875 -22.09375 48.875 -18.80078125 -101.625 -32.90625 25.375 1.75 32.453125
52.0625 -166.875 -137.5 23.125 41.9453125 -30.875 23.4375 4.96875 -32.5 7.625
-99.0 -151.796875 -59.984375 -63.39453125 -30.75 6.375 -12.0625 -9.2421875 13.375 64.078125
21.1875 246.96875 40.0625 -19.6875 47.3203125 14.125 16.45703125 -4.5 -32.75 15.59375
231.3125 -224.14453125 -160.2265625 -36.75 81.39697265625 -72.6875 39.34228515625 3.296875 -27.34375 12.1484375
735.375 113.28125 -72.8125 -54.7109375 -83.265625 -50.8125 -8.75390625 -4.4375 -29.375 75.921875
63.74609375 -171.2861328125 -131.869140625 13.41796875 23.209228515625 -52.71875 26.714599609375 -7.974609375 -40.62890625 36.2431640625
78.734375 21.53125 56.4375 -47.265625 75.05859375 -35.28125 27.0400390625 -17.453125 -14.71875 39.4453125
377.4375 -79.53125 35.1875 -17.625 -27.6328125 -27.1875 33.5625 12.40625 -14.375 -11.4375
433.640625 199.6484375 -85.8125 -32.3125 100.6201171875 -1.734375 88.3251953125 -45.65625 23.40625 -1.40625
