3622.0625 538.9296875 -209.595703125 -17.3359375 840.8671875 274.8125 8.76123046875 -223.1640625 159.056640625 85.33203125
-1390.03125 -166.92578125 151.7578125 25.0703125 -183.94921875 -1.96875 128.0244140625 33.015625 -38.165283203125 53.3515625
-4133.5 153.0625 134.3125 281.375 171.03125 328.0 146.8671875 226.78125 -9.34375 -199.65625
-433.3125 -58.041015625 75.9404296875 64.8125 -69.736328125 23.90625 63.662109375 -20.55224609375 10.173828125 30.0078125
-808.48046875 -86.748779296875 27.969970703125 6.615234375 -139.776123046875 -55.0 73.09451293945312 -19.73828125 -8.3660888671875 21.61474609375
1231.96875 49.8427734375 -73.3544921875 123.046875 58.36083984375 -50.8046875 -158.65771484375 22.2958984375 34.705078125 -8.64111328125
-1285.625 -33.90625 87.0546875 98.984375 -105.203125 -39.5625 79.1845703125 -9.125 -3.84375 -58.1640625
-114.390625 -19.265625 4.84375 -10.4375 -3.2900390625 -76.3125 6.1640625 -57.953125 4.6875 20.37109375
120.5 60.78125 140.84375 219.0 88.75 188.5 114.62109375 89.9375 31.484375 -119.84375
-14385.375 -267.234375 -1518.734375 -1102.34375 -2492.859375 -1581.0 -964.595703125 20.859375 510.9375 1186.234375
239.6875 -67.884765625 22.37841796875 27.115234375 8.77685546875 -38.59375 43.04296875 10.35174560546875 8.6591796875 32.2998046875
-2493.125 -365.359375 102.265625 22.4375 -426.21875 -159.375 74.2890625 73.15625 -15.6875 72.6796875
1385.125 35.79296875 -74.95703125 -77.625 59.9921875 172.375 -55.74658203125 44.34375 111.29296875 35.6171875
-3466.75 1194.53125 71.953125 105.59375 376.17578125 128.3125 -198.5 331.6337890625 116.1875 188.609375
40.359375 132.453125 56.28125 45.390625 17.9189453125 -162.25 -15.498046875 109.96875 -1.09375 -16.859375
62.0 8598.0 2033.0 -480.0 -2359.5 -3190.0 -159.0 -2345.0 -536.0 845.5
-40.6875 -164.3125 -182.52734375 67.625 76.09375 233.625 114.84375 -121.9375 52.375 4.09375
-578.09375 873.828125 762.90625 234.28125 271.732421875 134.40625 168.380859375 -383.453125 -16.5625 12.53125
-365.625 -1363.625 -421.90625 18.0625 -124.109375 -80.375 54.65625 -82.8125 46.0 118.34375
-276.5 759.78125 433.625 182.75 252.2265625 -67.0 112.1875 -332.125 1.25 97.9375
-387.28125 816.65625 205.640625 -55.0791015625 226.025390625 -339.171875 -127.59375 -111.654296875 33.29296875 2.275390625
2988.0 -6590.5 -4248.5 -796.5 -2943.59375 588.0 -946.8125 3361.75 -352.0 47.25
12.796875 -418.8984375 -51.78125 55.203125 -3.1806640625 85.296875 67.8212890625 -44.5625 -3.75 -19.37109375
-560.75 208.0625 783.875 479.84375 -426.90625 -428.625 12.1328125 -106.0 -206.5 96.5
77.0 1117.8125 904.6875 285.75 461.796875 147.375 330.8125 -507.1875 28.5 -67.84375
-76.11328125 65.69140625 574.01171875 -708.3046875 279.341796875 -370.109375 -47.81640625 323.8203125 3.375 142.744140625
132.6083984375 12.797119140625 -35.25537109375 29.041015625 -78.18115234375 -1.02685546875 39.5084228515625 -64.525390625 0.0947265625 11.1060791015625
596.8125 -489.78125 -174.75 -9.0 61.05078125 104.6875 97.328125 -6.71875 59.3125 -15.0
