17.9375 -15.1171875 -4.328125 11.234375 -14.9296875 9.875 11.33349609375 -17.4765625 -0.37109375 45.94140625
81.7578125 1.07763671875 4.9326171875 -2.03515625 -38.1357421875 -1.4453125 -4.12060546875 -7.685546875 9.619873046875 -3.02099609375
-554.0 99.15625 115.21875 146.9375 99.015625 46.75 -145.609375 -11.375 97.375 -29.65625
10.5 12.984375 -52.171875 -16.4375 1.65625 -39.375 16.140625 0.4375 22.875 9.625
150.375 -33.57421875 34.45703125 22.28125 -5.2734375 -7.875 -43.51025390625 -14.0859375 6.951171875 -8.80078125
36.125 21.875 21.84375 -29.078125 2.546875 -24.0 -15.88671875 5.2578125 42.0390625 20.40625
6.59375 5.83984375 14.787109375 12.78515625 2.705078125 -23.421875 3.89892578125 5.984375 -19.1142578125 -4.962890625
37.46875 6.2421875 -43.0625 14.078125 7.5556640625 1.953125 7.3125 3.359375 1.46875 -1.703125
19.2890625 3.6533203125 8.74267578125 -3.849609375 -10.0556640625 12.96875 -4.83154296875 1.591796875 -2.447265625 -2.27197265625
58.0625 -4.505859375 5.05859375 -5.6015625 -5.8671875 -25.4375 4.93994140625 6.94921875 7.0078125 -5.365234375
-20.75 -3.40625 -34.34375 23.34375 -31.4140625 -18.140625 -57.375 -7.70703125 60.09375 29.09375
29.5546875 -2.431640625 -58.09375 -37.02734375 -29.1103515625 6.2265625 1.305908203125 21.966796875 -54.52783203125 -17.1123046875
-8.0 6.546875 -57.359375 117.0 31.5 60.25 -37.728515625 -24.9375 -2.359375 9.375
-52.9375 19.890625 47.3046875 14.9609375 3.7421875 -1.875 52.875 1.99462890625 -44.71875 34.71484375
21.59375 54.4609375 -53.09375 39.2109375 -34.888671875 -7.0390625 -59.6279296875 -46.51171875 -14.515625 -141.44140625
42.1875 51.46875 3.3125 10.0 -17.4140625 9.5 -10.6875 -17.671875 48.75 -9.96875
7.21875 24.75 -22.7236328125 -21.09375 -15.4296875 -20.96875 56.359375 -20.21875 47.5 -71.9140625
-43.21875 -12.375 125.796875 -10.34375 -76.498046875 -73.5 62.255859375 22.140625 -49.3125 -14.375
16.625 -13.9375 -34.0 14.9375 39.046875 40.5 -58.140625 -44.875 -7.75 41.265625
-72.5 235.75 -167.25 0.75 -64.875 -283.0 -183.65625 -546.125 552.0 -93.5
196.0 -76.5 -485.0 230.625 -127.875 -637.0 -86.0 74.0 655.0 594.375
-55.125 168.921875 69.078125 -103.46875 195.603515625 108.78125 -58.7890625 13.546875 -61.5625 -197.078125
-34.625 45.6015625 19.578125 -44.859375 64.5361328125 -52.546875 38.5615234375 39.671875 13.28125 25.984375
-0.25 0.1875 25.625 -16.0390625 -84.5625 5.5 16.296875 6.28125 29.5 -52.0
-28.9375 63.1875 84.46875 -62.625 15.76953125 31.5 30.03515625 61.6875 -58.875 1.09375
158.0 74.25 152.25 -71.5 18.6875 -41.5 126.96875 -167.5 -88.5 -9.875
90.8125 -13.109375 -47.203125 27.84375 -23.66015625 0.5 -9.486328125 3.046875 -21.0625 -7.5390625
-109.0 66.75 -369.0 -274.5 -63.75 224.0 426.5 -199.75 -176.0 -610.5
