38.5078125 -15.1165771484375 -20.385040283203125 43.264892578125 61.84710693359375 2.3623046875 -46.49113464355469 -25.4954833984375 -44.29962158203125 -59.48492431640625
-475.546875 34.71533203125 -74.5498046875 -233.85546875 71.0166015625 -2.453125 195.951416015625 77.029296875 -163.655517578125 96.90625
272.83984375 -99.5732421875 -98.19287109375 130.46630859375 118.734619140625 32.712890625 -135.7642822265625 18.263214111328125 -61.4013671875 -107.40283203125
51.34375 -117.87109375 154.310791015625 -49.7236328125 -12.8232421875 -39.97265625 -67.0152587890625 17.3017578125 -31.32421875 -91.0458984375
5.61328125 -48.65869140625 2.53125 85.3408203125 13.41259765625 4.71875 -60.93647766113281 -37.48193359375 -39.90625 -46.4306640625
-41.5849609375 -10.92791748046875 -3.880859375 -10.747314453125 46.8524169921875 -2.40234375 13.11676025390625 -15.11279296875 -6.0966796875 -25.98828125
-411.3515625 -54.62109375 74.9111328125 23.078125 -167.6064453125 16.859375 138.7181396484375 20.83984375 115.810546875 133.169921875
-122.08642578125 148.57568359375 37.40234375 6.09765625 -43.12750244140625 -59.31884765625 7.7568359375 -24.26953125 0.732421875 -41.155517578125
131.251953125 44.23828125 -57.4853515625 -72.01953125 79.7919921875 -5.65625 -11.468109130859375 -18.26025390625 3.287109375 -19.2060546875
218.1953125 -3.809326171875 -59.16943359375 5.873046875 -16.1591796875 3.45703125 -48.06585693359375 -42.24951171875 3.654296875 -0.71875
-45.5927734375 30.759765625 -0.15576171875 -3.79931640625 50.1295166015625 22.8525390625 9.4853515625 32.42720031738281 25.0400390625 -62.0634765625
-2147.859375 -387.126953125 470.91796875 174.09375 -641.669921875 17.7578125 237.90576171875 68.91796875 338.462890625 504.548828125
-742.78125 142.28515625 -165.41455078125 -256.796875 72.88671875 -41.46875 -81.38037109375 -42.3125 141.125 -101.484375
37.1640625 -86.21728515625 -149.423828125 -24.69140625 15.3974609375 -151.541015625 -22.23046875 35.713134765625 -30.232421875 29.6943359375
986.72265625 619.15625 1011.6015625 17.296875 -242.27099609375 905.421875 -236.0703125 473.453125 128.875 431.328125
-155.01171875 -89.27734375 169.3828125 164.5703125 0.71875 -122.140625 -60.75390625 -21.890625 21.546875 -99.3359375
-250.955078125 -233.212890625 -148.869140625 64.28515625 -32.1171875 -49.859375 -33.391357421875 -32.5078125 14.484375 -99.7109375
98.8515625 55.26171875 -379.9375 -520.3125 -3.9710693359375 526.6875 -2.828125 257.26171875 -17.1875 360.21875
-241.390625 -277.3515625 423.734375 75.2578125 66.09326171875 -61.2109375 -73.884765625 -90.2890625 73.59375 -268.94140625
-169.884765625 -210.98779296875 175.17236328125 -160.9296875 27.488525390625 126.2578125 -79.576904296875 49.24560546875 61.28125 -84.4599609375
-49.3515625 -513.931640625 91.4931640625 246.8779296875 -227.7373046875 227.60546875 -178.9453125 -22.736328125 -222.84765625 46.88232421875
-177.8125 -175.65625 -514.390625 -1208.859375 -254.072265625 518.75 -16.703125 728.6015625 -120.21875 568.359375
-29.9375 431.1796875 -535.9375 247.03125 -145.8828125 257.6875 -26.515625 246.76171875 -35.90625 454.48828125
952.25 449.8125 119.625 417.9375 -128.7109375 766.3125 -300.6796875 -180.53125 194.5 -62.09375
-161.552734375 -163.673828125 275.228515625 51.92578125 163.280517578125 -22.671875 8.7021484375 -202.791015625 20.890625 -132.390625
-551.453125 -385.8125 -202.96875 -119.53125 -148.92578125 26.984375 -190.05859375 304.4375 105.0625 -163.0546875
-73.46875 -39.107421875 -22.62890625 -0.49609375 -35.07232666015625 113.625 -33.892578125 -7.51171875 32.6328125 6.7783203125
239.369140625 -165.2421875 11.31640625 -372.71875 3.478271484375 332.99609375 -146.640625 119.3828125 92.671875 -67.8994140625
