20.125 -12.5078125 5.78125 10.359375 0.2265625 -6.5 -0.6318359375 -8.1875 -2.203125 14.796875
-46.4375 -5.986328125 11.390625 15.78125 6.8203125 19.125 -6.939453125 -7.5 4.46484375 13.0390625
73.8125 -6.515625 -11.69921875 -8.2734375 -5.46875 -0.25 9.29248046875 4.3984375 3.49609375 -3.71484375
195.75 -15.9375 92.421875 -12.1875 38.0859375 -23.1875 16.1640625 0.234375 37.578125 -48.28125
124.703125 1.5556640625 5.375 -2.837890625 -1.193359375 -7.6875 -13.98193359375 -33.34765625 -35.642578125 30.6337890625
83.9375 -17.609375 -9.6953125 -21.171875 1.859375 23.875 -9.9140625 -0.640625 7.0546875 -13.95703125
52.3125 -3.3291015625 4.142578125 4.63671875 -0.884765625 -3.421875 -3.361572265625 -4.841796875 -3.2412109375 6.96875
44.32421875 -16.0390625 2.1484375 3.6953125 3.611328125 -2.3203125 13.1171875 -2.046875 7.625 -8.13671875
1833.0 -233.75 -13.25 368.0 -158.75 -90.0 -53.328125 175.75 350.0 -388.5
-81.5 -60.84375 123.75 99.3125 -21.875 -333.0 -11.83203125 -47.875 -70.34375 13.0625
-40.0 -38.609375 -26.5 1.359375 11.5859375 3.640625 -20.125 13.037109375 -14.5 18.9140625
-94.25 -22.75 -66.5625 -72.3125 263.0 49.25 138.375 -59.0625 24.375 564.3125
15.5625 -6.55078125 -2.859375 7.828125 -6.525390625 -12.65625 -5.876708984375 2.2109375 2.1171875 -5.73046875
46.9609375 -4.19140625 -0.48828125 26.8984375 -13.5439453125 -2.7578125 -15.953125 41.49609375 -11.1015625 9.787109375
6.625 -4.125 -11.1875 -88.25 -30.55859375 -43.875 -29.255859375 -12.375 4.25 -48.5625
44.375 -19.0 15.25 -37.0 5.28125 -41.875 46.4921875 7.375 -11.0 -58.6875
-2.25 14.5 8.1875 -62.625 -54.75 24.5 9.375 25.8125 -35.5 6.4375
170.875 -95.8125 -100.0625 13.625 146.6015625 -112.5 -5.84375 86.25 85.5 122.0625
-395.25 -194.875 563.5 -67.75 -14.4453125 49.5 -495.5 -119.875 241.5 558.0
-5.625 -83.84375 -7.46875 -39.125 17.953125 -4.375 118.2265625 46.375 9.25 -26.90625
-24.875 2.90625 33.28125 -5.34375 53.640625 26.5 -53.25 42.453125 -84.5625 4.44921875
55.0 199.5 141.0 303.0 86.0 -49.0 -146.40625 -112.5 74.0 2.0
66.03125 -1.265625 -1.25 26.40625 16.46484375 16.65625 -18.8984375 -13.984375 -47.125 -8.609375
140.875 -83.3125 -27.6875 172.375 -48.296875 118.0625 -105.859375 62.03125 -124.375 78.953125
108.375 -24.625 -35.0 -71.0 72.6328125 131.5 25.53125 -20.0625 -1.5 66.25
562.0 -252.25 86.5 130.25 177.6875 -4.0 -107.9375 114.875 -56.5 83.5
-32.375 88.96875 82.1875 -26.8125 30.0546875 27.375 35.8193359375 12.0625 -86.25 -89.34375
56.75 -15.515625 -42.765625 -33.78125 7.95703125 -24.46875 12.8984375 1.8125 23.4375 5.890625
