-182.96875 -650.77734375 489.076171875 -238.125 -784.02734375 -155.625 17.37158203125 -285.59375 -308.677734375 -197.76953125
-1957.04296875 -313.22607421875 -44.047119140625 -204.943359375 -217.232177734375 -96.16796875 13.69873046875 -208.11279296875 334.759765625 -204.267822265625
528.21875 -1688.951171875 2479.171875 5434.16015625 -1085.796875 859.59375 -4028.93212890625 -1416.34375 1459.17578125 3596.076171875
37466.625 -15989.521484375 1150.66015625 19240.3515625 -3465.478515625 -2483.0 875.416015625 2151.8837890625 -244.84765625 -1630.4453125
-378.25 2248.515625 -2503.5703125 3102.8125 1733.171875 673.75 -471.38671875 1450.828125 616.2734375 1320.7265625
790.1015625 80.841796875 318.9482421875 231.6640625 92.03515625 0.3046875 148.98486328125 -25.345703125 89.6591796875 3.57421875
1889.0625 92.28125 417.3984375 215.90625 -214.73046875 22.34375 -50.83251953125 65.6328125 210.03515625 285.23046875
1124.734375 -469.828125 794.34375 118.6796875 58.016357421875 -67.3125 -163.7421875 -154.5546875 31.234375 -144.2890625
1790.5625 -15.85546875 198.64453125 -574.46875 55.4609375 -82.03125 -58.91552734375 -139.59375 -120.587890625 -216.2421875
7168.875 1817.37890625 -1765.765625 -1204.1796875 1400.890625 27.09375 -190.4462890625 35.8359375 318.80078125 10.90234375
-1845.49169921875 -407.95355224609375 -314.5894775390625 -486.0302734375 -301.85903549194336 371.43890380859375 -246.33447265625 99.8869571685791 -443.19921875 520.6107788085938
1092.296875 -458.529296875 -10.16015625 130.125 -664.1474609375 -43.2578125 -468.8201904296875 -389.513671875 -161.37939453125 -93.095703125
3119.4609375 -595.124755859375 -939.3837890625 366.4541015625 324.61865234375 126.88671875 -119.382080078125 -73.80322265625 646.00341796875 196.97265625
2964.5 -567.34375 -340.375 1604.375 -1237.44140625 -1534.5625 48.875 2178.5078125 -245.828125 -221.125
1645.5 629.0 -2522.5 2139.5 -794.59375 2081.25 404.296875 1548.625 1255.0 423.1875
-19093.75 -4282.25 1026.75 -17775.375 -2771.875 -7072.75 -808.59375 2871.625 -3304.5 -1138.875
-1930.4375 787.5625 2306.22265625 -106.0625 -633.34375 -52.625 -911.53125 -1232.828125 -119.5 -788.140625
-913.375 -2974.75 263.875 -5718.625 -310.390625 1433.375 -504.375 1786.6875 107.125 -197.8125
-3745.03125 -1384.427734375 -6877.556640625 2141.6953125 372.9443359375 -1381.7890625 -2646.5771484375 -2151.95703125 -358.6953125 -1866.0859375
25045.5 18615.0 26972.0 -9576.0 -4570.875 12768.0 4481.71875 17894.25 5027.0 2637.75
13096.0 -2231.0 -5553.484375 -1227.421875 -393.203125 1690.875 -166.5 3002.796875 376.78125 741.6875
-45901.5 100556.75 -6658.25 43664.0 42968.0 -17478.0 -10024.34375 -41387.75 -7614.0 -5563.0
-3305.5 831.0 8789.8125 -11646.125 -575.6875 -2002.6875 1875.0234375 5317.84375 -1283.375 1221.25
-3227.0 8908.6875 -3256.25 -2852.359375 -5971.21875 -3821.5 -3961.69921875 -2366.3125 -914.75 -3352.25
-48602.0 -15426.0 -10830.5 43699.0 22758.0 -32036.0 10779.8125 -48533.5 -11518.0 1389.5
14748.5 -15697.0 -30821.5 -17236.25 -3213.3125 2279.75 5260.9296875 17176.625 -1125.5 4372.3125
2889.2578125 -2384.328125 1712.765625 518.03515625 -442.2255859375 98.234375 -714.547607421875 -1029.25 17.0078125 -517.431640625
4211.15625 -1490.7890625 2948.7734375 -3272.71875 -536.4267578125 1466.640625 1573.849609375 1485.375 -12.5 1462.77734375
