-432.0 473.25 266.625 -28.0 -129.25 -434.0 -3.9375 75.75 -174.375 30.625
-46.76171875 7.5994873046875 32.9344482421875 25.109130859375 11.56640625 40.2177734375 13.55804443359375 10.16796875 -9.756317138671875 41.22125244140625
-110.0 -3.58984375 8.296875 10.4921875 5.8984375 -22.875 10.7314453125 2.13671875 22.68359375 22.75390625
185.6875 10.158203125 -10.0 0.6875 -20.42578125 10.21875 -28.533203125 -6.53125 2.87890625 16.25
42.125 14.0859375 -34.421875 -5.46875 -21.29296875 31.0625 -2.8251953125 8.0546875 12.24609375 -6.296875
24.875 -15.48046875 58.421875 -3.0 0.484375 12.09375 -23.88671875 50.4453125 11.265625 11.77734375
102.9375 -4.265625 36.96484375 5.5078125 2.3046875 -15.375 -2.2314453125 -7.296875 3.375 19.52734375
-5.25 -35.421875 -28.375 47.28125 69.8564453125 49.90625 -140.34375 -10.484375 -118.5625 121.09375
83.5 19.875 -92.734375 -106.5625 16.875 28.5 23.94921875 14.4375 44.96875 105.09375
162.65625 -34.947265625 -87.2021484375 -37.96484375 25.197265625 49.875 8.542724609375 -28.59375 -20.2392578125 -46.69140625
7.734375 1.03515625 10.3564453125 1.708984375 -3.098876953125 2.130859375 5.875 2.42181396484375 -7.80078125 -13.5087890625
407.125 67.15625 244.1171875 -127.375 -65.078125 121.5 140.48046875 -7.71875 -129.9140625 118.203125
25.375 90.490234375 16.404296875 -46.453125 -13.5234375 -25.09375 13.169921875 -1.3125 40.46484375 -39.421875
-262.0 -335.0 -30.625 48.125 -388.90625 -150.25 -345.0 -44.12109375 -194.125 9.4375
127.5 -183.875 222.25 -219.5 267.90625 -156.5 -157.5625 -185.5 48.5 -271.5
695.0 -80.625 -191.625 542.75 500.15625 -305.75 99.078125 -302.9375 33.75 587.1875
-204.0 840.0 523.375 94.0 432.0 200.0 -126.0 -181.0 -164.0 323.0
504.0 -334.5 -88.75 458.0 -3.0625 373.5 599.96875 63.625 163.0 -326.125
-127.75 178.75 -12.875 -30.0 84.8125 -12.0 -2.25 -73.5 60.5 -133.375
-273.25 -304.5 101.875 48.75 35.015625 -13.5 -15.28125 21.0 -118.25 -80.3125
-750.5 42.3125 25.1875 -180.359375 -199.28125 -215.625 144.5 -68.3125 -18.0625 55.78125
33.5 81.375 -250.375 147.375 209.578125 302.0 -83.09375 -43.875 47.5 112.9375
-39.75 17.3125 -145.0 -41.625 -118.15625 54.0 109.5625 -22.3125 -65.5 -71.8125
50.59375 -5.09375 55.90625 108.6640625 52.33984375 -93.75 81.791015625 -6.078125 -58.78125 -17.5703125
-104.75 -28.5 75.625 40.75 42.65625 174.0 4.390625 72.0625 -7.75 -115.375
297.0 395.0 52.0 -113.0 -78.0 -146.0 225.125 -30.0 185.0 -308.75
161.5 -68.1875 8.125 -48.8125 98.7265625 -31.25 116.5234375 11.84375 -59.0 -33.21875
-122.0 1199.75 -95.5 1510.0 -222.6875 -125.0 528.375 -980.25 1025.0 -851.75
