9.75 25.828125 12.7734375 -14.5 -0.546875 -33.125 -5.068359375 -4.0 -8.296875 6.78125
51.59765625 2.80419921875 -6.94775390625 -5.1201171875 11.0029296875 -4.7578125 3.8206787109375 0.3916015625 -12.293487548828125 13.444091796875
60.375 -11.796875 7.421875 -7.1875 2.63671875 -4.125 0.203125 -5.59375 -14.84375 10.484375
-42.625 -20.7890625 -27.92578125 50.625 19.2109375 65.75 51.72265625 15.12890625 -59.9140625 81.75
-113.125 88.921875 28.9921875 -43.5 -13.015625 42.125 66.1298828125 2.078125 18.0078125 64.53125
58.25 -7.40625 17.3984375 20.5234375 15.0234375 3.84375 5.04296875 12.84375 3.7734375 -2.88671875
56.3125 1.63671875 3.18359375 -15.1640625 1.76953125 -8.28125 -2.6728515625 12.96875 0.814453125 -2.74609375
24.9375 -42.875 5.0 0.0 6.9365234375 65.5625 -54.5625 -47.25 10.25 -22.75
81.5 39.28125 113.53125 135.46875 13.25 -139.25 -2.90234375 11.09375 1.953125 -41.140625
9.234375 11.1953125 13.755859375 -4.64453125 -4.5400390625 -14.6953125 4.53759765625 -12.80859375 1.0283203125 19.4775390625
14.59375 2.046875 17.60546875 -3.2890625 11.64453125 6.80078125 17.484375 1.238525390625 4.06640625 14.884765625
10.25 -49.09375 82.25 41.71875 11.875 77.25 -16.775390625 79.84375 -8.796875 -125.078125
60.5 -1.857421875 -8.0634765625 15.9453125 7.94140625 -6.40625 -13.422119140625 -2.9921875 2.701171875 -7.55078125
-545.75 8.0 -282.15625 91.25 98.859375 10.375 454.5 -19.76171875 -249.125 -195.4375
-5.75 -33.6875 121.0625 25.625 15.3515625 -3.5 -60.796875 -62.5625 11.0 24.5625
236.5 125.75 -303.5 159.25 110.0 -200.25 77.75 -77.0 222.5 11.1875
-96.125 194.5 -87.9765625 -29.625 71.8125 -119.5 38.375 -39.4375 229.25 -44.0625
128.5 -147.5 -102.4375 -10.875 -6.9296875 -44.25 -33.3046875 -20.25 77.75 -42.125
229.25 43.6875 93.875 67.125 -216.0 1.5 -105.40625 51.9375 -193.25 141.5625
118.8125 24.0234375 -22.90625 9.328125 5.0185546875 -22.1875 52.89453125 81.46875 32.125 0.6875
-40.9375 -82.453125 34.765625 -20.4609375 -30.82421875 19.28125 -50.875 -9.4375 -47.75 76.09375
11.9375 -69.416015625 22.65234375 -10.4921875 -53.7275390625 -50.0078125 59.3857421875 72.19921875 -9.390625 40.96484375
22.875 -8.0 -58.5625 54.625 -8.6171875 -37.375 -17.2890625 -28.3125 64.75 1.09375
40.625 67.25 -49.125 99.09375 10.234375 12.4375 -42.890625 -12.4375 -62.75 26.3125
-43.4375 -52.265625 71.65625 42.5 22.01171875 -9.8125 52.73828125 46.921875 -103.125 -66.40625
-316.0 -855.0 -418.0 -241.0 -372.125 70.0 -205.5625 566.0 120.0 72.5
68.0625 36.140625 17.625 32.53125 28.83984375 3.375 4.4609375 17.265625 8.03125 49.875
4.625 -36.96875 -88.53125 66.0 -73.681640625 -57.15625 7.462890625 52.296875 57.75 55.2109375
