375.8125 -22.015625 -12.46875 -25.28125 3.984375 12.75 -1.9091796875 -13.3828125 -0.390625 8.1171875
246.375 -15.25 -17.328125 -22.671875 -5.359375 -0.9375 -1.484375 -1.6875 3.8046875 3.375
-277.625 -16.6796875 17.765625 89.171875 -76.421875 -52.125 -27.87890625 63.234375 -98.375 6.796875
-1426.125 35.015625 -0.96875 -15.375 -50.890625 0.8125 4.44921875 56.75 45.234375 1.671875
2312.25 -98.84375 1.4375 -87.25 15.96875 140.25 3.4453125 -13.5 76.3125 -21.5625
1953.125 -51.234375 17.421875 69.078125 28.1875 14.6875 -16.2265625 -70.375 92.59375 -28.9609375
65.25 -1.7578125 -13.71875 -6.6796875 -29.4453125 -3.4375 4.58349609375 -8.609375 4.9296875 18.6875
34.21875 0.3671875 -55.421875 28.6953125 -27.857421875 24.828125 -7.40625 4.6015625 8.03125 21.5859375
-287.53125 -0.6611328125 17.4140625 -23.9609375 -22.16015625 24.75 -7.803955078125 -13.4921875 23.421875 12.59765625
192.6875 0.6015625 13.015625 1.875 -31.8125 -3.3125 -4.04541015625 8.125 -23.8984375 -2.59375
27.5 -30.328125 -22.7890625 2.546875 -10.4306640625 25.1796875 21.3125 -30.91064453125 -22.5625 -6.3671875
180.625 -44.7265625 5.81640625 -26.1875 9.66796875 7.875 -13.6826171875 -24.15625 -1.25 9.4375
992.0 -199.15625 -116.578125 46.375 127.5 96.75 -47.875 29.4375 36.46875 10.8125
77.375 -23.46875 -31.328125 -7.21875 -19.4140625 11.390625 3.0625 8.626953125 -22.328125 -16.1171875
136.25 150.375 -79.0 -48.25 24.671875 -30.0 7.265625 -22.375 -19.75 43.25
-41.8125 309.75 123.875 20.1875 -6.8125 -47.75 -18.046875 -47.21875 12.375 -63.78125
75.5 -1.625 88.4375 -21.75 -81.71875 -27.625 26.5 -15.21875 48.75 -0.65625
21.28125 493.3125 146.34375 106.875 -58.4140625 -75.0 36.421875 17.21875 107.75 -28.3125
19.875 349.4375 103.0625 -73.75 96.85546875 43.75 -2.375 0.5 20.0 -108.8125
-6.625 -226.9375 -178.75 -9.5 75.13671875 -42.25 -17.71875 -37.375 -38.0 16.8125
-5.375 -12.640625 -11.703125 3.5234375 65.484375 -20.046875 45.3125 6.00390625 -9.4375 -77.9453125
375.875 -76.3125 -47.6875 -84.5 91.5859375 -63.25 44.671875 -31.625 -5.75 -23.125
651.4375 -520.484375 -320.25 -92.1875 143.080078125 -10.5625 14.7890625 -26.765625 -76.5625 40.875
-11390.5 -484.5 738.0 388.875 79.75 -876.5 -611.8828125 412.25 747.5 -179.875
-339.75 545.71875 281.4375 112.84375 22.625 -64.25 -5.5 2.046875 94.0 -50.34375
-292.75 147.5 -235.125 164.5 -363.75 -70.0 109.3125 2.125 -49.0 -13.625
1332.875 -396.1875 -92.375 -88.5625 -55.84375 -54.75 31.2421875 65.90625 -188.5 -154.3125
-911.0 968.0 466.375 132.25 -61.671875 62.75 -180.859375 13.0 102.5 -12.75
