54.984375 -7.6015625 -10.669921875 -0.7421875 6.771484375 -7.5 9.84130859375 16.19140625 15.447265625 3.525390625
-15.0 -18.3984375 30.765625 -13.7890625 9.03125 34.40625 -23.353515625 -10.0 -4.6640625 18.4375
56.90625 -10.89453125 -16.01171875 -10.9453125 1.3515625 -3.03125 8.26806640625 1.6796875 8.0 5.51171875
196.5 -12.71875 376.203125 8.0625 212.9375 -68.75 68.1875 33.625 109.875 -226.625
23.0 -9.15234375 21.109375 21.046875 -1.4296875 -7.3125 -33.7392578125 -39.34375 -32.140625 30.453125
46.28125 -19.126953125 -16.58984375 -14.06640625 8.86328125 12.28125 -4.6689453125 -5.009765625 8.76171875 -3.60546875
66.375 -2.203125 24.69140625 3.47265625 3.6875 -3.40625 -5.635009765625 -6.5859375 4.4609375 30.93359375
42.98046875 -9.91015625 4.4765625 1.0078125 -6.79296875 2.515625 7.85546875 2.669921875 -3.421875 -1.89453125
-838.0 -709.75 473.0 853.0 -398.25 -366.0 -101.9375 504.0 813.5 -902.5
34.28125 7.546875 -3.2578125 1.03125 -7.578125 -19.03125 -1.243896484375 -2.48828125 4.6171875 4.1796875
26.125 8.65625 -7.0546875 2.359375 -0.4716796875 0.5 8.125 -3.849609375 25.0625 9.5
488.75 -59.125 -179.75 -44.65625 200.5 48.625 122.88671875 -31.28125 34.1875 422.0
65.5 5.53515625 8.25 -0.4453125 -5.8671875 4.0 -0.3193359375 4.125 -8.583984375 1.44140625
70.28125 -31.84375 -23.890625 -9.8125 12.30859375 -7.9375 14.875 32.30029296875 17.109375 -13.75
-126.5 64.625 132.0 -87.5 -93.046875 -24.0 0.0703125 -89.375 -23.5 -101.5
69.0 2.1875 -51.375 -76.125 32.1875 -42.75 89.078125 34.1875 -7.25 -31.375
-1.75 23.125 54.859375 -32.875 -21.28125 17.5 38.90625 22.9375 -20.5 -30.9375
56.625 83.0 34.25 54.5 83.5078125 -18.375 -57.69140625 81.875 27.25 76.21875
-162.375 -11.125 351.875 -85.5 -0.48828125 123.0 -275.25 70.875 56.0 230.3125
12.0 -51.75 20.4375 -21.25 -25.859375 -4.875 110.375 36.625 -49.25 -50.9375
23.75 -69.46875 -33.078125 6.90625 78.0625 43.78125 1.5 86.0390625 -105.96875 -27.529296875
59.0 47.25 4.0 111.0 75.46875 -113.0 -274.125 -181.0 77.0 -20.75
49.9375 10.75 1.125 45.0625 2.13671875 24.25 -22.09375 12.9375 -34.0 -1.609375
140.4375 -66.3125 -100.375 144.703125 -10.04296875 78.3125 -87.4140625 118.40625 -161.125 48.484375
286.5 -3.75 -107.25 -68.0 178.5 304.0 105.25 -29.75 1.0 295.25
218.0 -340.25 182.0 50.0 235.25 -6.5 -152.1875 74.25 -70.5 95.375
-256.0 141.5625 203.25 -80.75 143.0 -40.25 101.296875 188.125 -178.25 -238.5
81.0 -242.5 -102.75 24.0 196.40625 106.0 -383.875 -56.0 -480.0 93.25
