-155.0 12.5625 -31.3125 -64.25 24.5625 67.5 14.34375 53.8125 -15.96875 -78.0
-112.125 -115.0 60.0390625 -103.015625 24.21875 76.1875 1.9375 -21.609375 -13.515625 45.40625
-32.8125 27.40625 1.296875 -44.21875 -21.359375 12.0 6.044921875 -3.9716796875 38.96875 45.671875
16.375 1.078125 314.5625 -41.875 254.46875 -12.0 -11.3359375 35.34375 163.6875 -203.8125
-122.0 28.375 8.3125 54.3125 -91.375 25.25 -45.359375 -128.84375 -10.53125 25.921875
275.75 -108.6484375 -87.6875 47.5625 118.15625 127.9375 -35.0859375 -61.046875 97.90625 -0.828125
2.125 30.234375 52.5 -21.1875 34.796875 2.875 -4.572265625 -24.328125 31.3671875 57.640625
38.25 -1.0 72.375 25.625 -16.51953125 -73.125 10.0 1.6875 134.0 12.6875
3808.0 2264.0 -3720.0 -2768.0 1703.0 1984.0 1319.0625 -1868.0 -3526.0 3228.0
154.0 264.0 -728.75 -273.0 1.25 1358.0 23.0 316.25 263.25 85.5
515.0 182.5 282.25 -80.25 -118.46875 -25.0 378.0 -76.90625 197.75 -177.5
1778.0 -1023.5 -312.0 -979.0 1443.25 174.0 478.40625 -521.75 193.5 2969.0
-36.0 -60.0234375 -32.8515625 45.265625 7.734375 4.5 -12.703125 -7.34375 -13.65625 -35.65625
117.875 42.546875 -0.40625 75.65625 73.0 34.625 -234.375 44.580078125 31.53125 -85.078125
97.0 20.0 3.125 -151.25 8.125 -69.5 -32.84375 18.625 17.0 49.25
170.0 98.875 56.5 105.25 -41.84375 103.5 -103.46875 -29.25 101.5 58.75
167.3125 -70.125 112.74609375 -70.0 -149.09375 112.375 -50.75 58.46875 -31.125 129.328125
-773.0 231.5 838.0 -1086.0 -1704.953125 168.0 301.75 -805.0 -140.0 -699.5
-281.0 -284.0 708.75 -421.5 429.671875 288.0 -166.359375 60.5 240.5 235.125
556.5 907.375 73.5 7.5 -371.15625 -406.25 -384.25 -472.375 71.0 -249.75
389.0 13.953125 47.125 239.0 -212.46875 -151.625 -3.0 -171.34375 221.25 78.5
109.0 104.0 -423.0 -91.0 63.0625 134.0 547.53125 136.5 -72.0 242.5
77.375 -175.875 120.6875 -100.5 -28.765625 211.0 -169.3125 -25.625 -96.0 93.25
131.0 -56.5 297.0 -277.0 29.0 -423.0 105.0 -157.0 344.0 -193.25
4172.0 26.0 -714.0 -1400.0 1562.9375 3312.0 387.5 -180.0 -288.0 3376.0
5724.0 -1188.0 -888.0 3176.0 -398.5 432.0 -1369.75 620.0 -328.0 794.0
-1524.0 5008.0 4532.0 796.0 3430.75 -3644.0 1317.5 1601.0 -2420.0 -4218.0
2476.0 -958.0 426.0 -214.0 -1012.875 -928.0 1684.75 265.0 2092.0 -650.0
