258.75 -41.828125 5.0625 -40.3125 99.890625 7.375 1.87109375 -26.9375 -3.703125 37.46875
-34422.0 1069.75 -201.75 1492.0 -926.0 -188.0 -574.125 878.5 1388.375 935.5
-614.53125 59.986328125 30.36328125 10.4453125 56.765625 -31.265625 -27.6650390625 -22.97998046875 -5.3828125 -40.3671875
-3065.5 127.26171875 133.75 -41.5625 50.40625 5.25 -42.859375 23.0625 57.3125 53.25
10451.0 -1374.5 -13.75 -164.0 -1041.625 197.0 -128.4140625 -263.25 -179.4375 645.75
-237.5 -40.546875 62.984375 -18.5 -38.40625 2.5 -24.5859375 31.0625 -63.71875 9.8125
-1246.875 114.265625 69.2265625 49.7578125 15.87890625 -65.875 -2.69140625 70.71875 -56.0546875 -46.3125
-1056.62890625 83.5625 -13.5 167.171875 -30.87109375 20.21875 -24.375 5.4140625 -37.8125 -45.10546875
-2026.25 90.203125 -10.4375 11.09375 88.625 -48.875 53.3974609375 90.625 -4.5625 -28.125
-507.25 -33.0 76.0 34.25 -35.53125 -20.75 -14.982421875 43.15625 -59.5 3.96875
-725.46875 124.546875 21.015625 -6.1015625 13.4853515625 -14.80859375 -9.84375 -52.25732421875 37.3203125 -18.046875
-799.375 236.25 169.078125 -56.21875 -88.25 314.125 -169.603515625 -93.3125 -80.828125 -14.875
-204.0 72.09375 -33.04296875 69.75 -68.4375 -20.25 -22.75 -42.75 56.8125 -29.875
-653.5 118.5625 202.59375 103.875 -36.7890625 147.75 -47.25 68.265625 -77.0625 117.9375
2509.125 -3108.0 1753.625 -431.5 1030.6484375 -136.0 -67.6875 -420.75 -340.5 27.4375
-158.5625 373.3125 131.5625 27.5 -58.0625 -13.375 -108.703125 57.59375 -77.75 13.09375
86.625 -16.0 -214.84375 385.0 354.5 10.25 -157.5625 133.875 115.0 -220.0
-1656.6875 -272.0 323.0 421.5 -594.875 -92.0 -32.6875 364.625 -228.0 23.6875
-1762.75 -1478.625 -29.0 628.0 -583.3125 -441.5 -93.5 325.375 152.0 266.125
-2524.75 37.625 502.75 531.75 -602.6796875 -441.0 -355.96875 99.75 378.0 -39.625
-4.0625 -481.28125 -59.2421875 -30.953125 -174.65625 216.625 28.625 -9.078125 -63.484375 49.37890625
-1060.75 -703.6875 -59.75 99.0 -683.7265625 101.0 -83.8359375 309.3125 132.0 -145.25
-820.5 1118.5 726.0 101.5 15.6171875 19.5 -53.1875 113.0 -91.0 -221.25
-2940.625 -410.375 301.625 606.9375 167.625 90.5 -190.5625 116.4375 141.25 -165.875
-294.75 542.0625 282.15625 183.5 44.71875 -126.5 -91.2109375 -39.125 11.0 -52.3125
119.875 204.96875 -243.15625 815.5 -226.3671875 -285.5 -112.671875 -47.71875 -210.25 -188.125
-1221.484375 108.7578125 -49.6875 111.9375 53.544921875 -51.109375 -39.302734375 -6.1484375 11.0 -38.609375
-811.875 707.96875 472.6875 211.6875 -150.8984375 -55.9375 -2.078125 143.6875 -7.5 -40.6875
