31.546875 2.45556640625 5.4873046875 2.2371826171875 -8.814453125 3.0234375 6.4140625 7.875 -4.10546875 1.546875
13.484375 -7.60791015625 0.8369140625 6.4296875 3.73046875 3.259521484375 -0.23828125 -5.65234375 13.404296875 9.46484375
23.5390625 1.21630859375 0.935546875 2.6513671875 -16.4453125 -9.2421875 -11.9609375 1.068359375 -6.734375 1.21875
141.625 15.927734375 6.0 -11.80859375 -3.0 4.71875 -3.28125 18.9765625 16.78125 -3.9296875
-18.96875 -12.345703125 10.484375 -36.93359375 19.96875 7.453125 30.25 -0.6875 -10.453125 24.484375
18.25 -8.40234375 48.4375 80.6484375 0.5 -51.1875 27.875 76.53125 63.25 42.6875
42.4453125 -8.05126953125 -8.181640625 8.36328125 -0.9453125 3.857421875 9.265625 7.8515625 9.640625 5.390625
33.90625 9.21875 -8.28515625 4.037109375 -13.04443359375 -2.94140625 2.8828125 7.8487548828125 12.578125 2.595947265625
44.078125 -8.61328125 21.3359375 47.8173828125 5.828125 -46.5 -14.4921875 -7.640625 -24.796875 23.953125
-3452.0 3592.0 -3774.0 32.0 -2588.0 -3152.0 -2160.0 1776.0 2320.0 -1348.0
38.84765625 -0.8056640625 12.033203125 14.6171875 17.1484375 -6.59375 -2.0390625 -9.828125 -11.96875 16.240234375
1713.5 -226.96875 -880.75 880.84375 216.75 98.0 -433.0 -63.0 611.0 891.0
-182.46875 -11.41796875 13.21875 6.470703125 3.84375 -30.078125 31.203125 2.875 -45.046875 35.93359375
9.5625 8.791015625 -74.484375 -22.25 5.0625 -14.03125 -4.0625 -61.1875 10.25 -49.5
132.125 17.828125 31.5 43.921875 38.8671875 8.28125 -51.75 -11.037109375 3.4375 9.59765625
167.875 131.625 78.625 46.375 -30.7109375 -36.0 -99.0 -54.40625 140.75 -175.0625
24.25 64.625 -13.375 -83.875 -53.96875 17.75 59.875 -45.3125 -69.75 -97.6796875
22.6875 28.75 -12.25 54.25 23.90625 5.875 -27.5 -30.15625 -25.75 -12.9375
42.25 22.75 32.625 -45.6875 -1.0703125 -13.0 21.5 14.5390625 -83.625 -44.296875
13.375 69.90625 -24.625 25.0 98.75 37.5625 55.875 44.828125 -36.75 -45.55859375
72.109375 28.48046875 -25.1875 22.3203125 38.703125 -16.28125 53.4375 16.578125 7.53125 -43.375
147.5 -39.75 -222.5 -16.75 42.875 52.0 209.0 153.345703125 57.0 140.0
20.90625 -61.8125 51.6875 11.8125 16.03125 17.375 76.0 95.2109375 -205.75 -0.9375
39.125 90.0 29.875 31.8125 -33.0 3.875 27.25 -61.328125 85.25 -26.40625
20.78125 0.890625 -3.21875 3.375 23.390625 19.65625 -10.875 9.021484375 6.125 -3.890625
14.234375 3.25 -20.75 9.125 86.171875 2.9375 105.875 -4.4921875 18.5 -63.59765625
1493.0 394.125 204.0 344.0 658.375 -1212.5 593.0 -400.875 88.0 57.5
86.625 -7.0 22.25 -60.75 10.0625 -73.625 -53.25 -36.341796875 131.0 67.125
