52.03125 19.3515625 10.0625 10.8359375 -2.87890625 -4.90625 5.144775390625 10.3203125 -3.86328125 -16.3828125
76.0 -20.2421875 -59.34375 -40.875 -23.734375 -6.0 -5.921875 -7.03125 1.0 -14.09375
101.5 -13.8671875 11.1875 3.34375 17.015625 19.5 6.484375 3.3828125 6.96875 -5.953125
-4.5 2.3828125 -30.203125 -23.65625 -30.2265625 -0.875 5.6328125 -10.9140625 7.4921875 6.96875
-120.625 -59.90625 -15.59375 3.8125 23.734375 -26.0 -19.84375 -7.625 -4.4375 19.0625
103.875 -19.02734375 -91.40625 -25.421875 19.671875 50.4375 -4.82421875 -20.0546875 30.84375 -28.5390625
-71.875 44.4296875 145.515625 7.640625 27.5 4.875 -26.40625 -67.859375 29.484375 147.3125
45.875 -39.28125 -11.96875 32.5625 -10.9765625 31.53125 15.796875 -19.765625 1.8125 -9.890625
-3172.0 -515.75 -248.0 -2408.0 726.0 672.0 15.1875 -822.0 -1661.0 1697.0
191.5 -79.125 130.75 121.75 78.125 -422.0 5.453125 -92.25 -97.875 7.4375
207.75 62.0 15.75 -10.5625 -38.5 -7.1875 65.0 -34.02734375 114.5625 20.625
377.0 -169.125 -332.4375 -219.125 447.625 88.5 205.6484375 -163.0 84.5 910.0
249.5 -94.09375 -31.890625 51.625 -16.1875 -56.0 -28.251953125 0.625 27.2890625 -66.15625
50.875 -10.5 -81.40625 -59.5625 28.8984375 36.125 6.5 -79.716796875 69.53125 -0.25
-9.9375 2.4375 -36.40625 -48.4375 106.59375 -61.25 33.2109375 59.78125 -41.625 -38.34375
138.5 -117.25 -81.25 33.5 30.0625 -51.5 4.515625 -107.5 18.0 -72.75
-33.4375 194.6875 -311.9140625 390.3125 174.875 5.6875 -83.5546875 -36.40625 47.5 -55.359375
-148.0 244.875 -57.75 375.0 303.5 -183.5 -74.6875 193.375 -2.75 118.8125
1070.375 46.125 -462.375 87.0 -291.9921875 67.5 272.375 -67.375 -251.0 -342.125
166.5 -277.25 -83.5 -19.25 -1.015625 -16.25 -95.53125 -65.75 14.0 -31.5
-32.8125 -20.265625 46.578125 10.779296875 -38.54296875 -24.828125 -26.9375 -48.10546875 63.671875 69.35546875
6.0 11.0 -17.0 220.0 132.84375 -42.0 -248.46875 -113.0 106.0 0.25
40.3125 -35.125 96.90625 52.875 -46.373046875 111.0625 -142.765625 -85.984375 19.625 53.203125
84.625 4.375 -51.5 5.625 73.3125 59.25 7.26953125 -27.0 -58.625 -114.0625
411.0 -44.5 -175.0 -225.0 550.796875 744.0 72.625 -229.5 172.0 882.0
458.25 -312.5 164.5 235.0 38.25 143.0 -139.875 180.5 -153.0 39.0
-98.5 775.125 783.5 -430.5 196.90625 26.0 199.4375 -35.5 -419.0 -610.5
456.0 642.25 242.5 8.5 -259.5 -7.0 361.6875 38.75 367.0 -106.5
