-72.0 356.25 -2.0 -133.0 -37.5 -196.5 -57.0 -67.5 10.0 2.5
 -3976.25 288.5 694.9375 534.46875 101.390625 -524.078125 114.125 -180.59375 -669.1875 -49.75
 46.0 419.5 -49.5 -218.0 -58.25 -189.25 10.0 -124.0 29.5 -87.5
 313.5 89.703125 55.875 -82.5 120.1875 -39.125 -31.0 28.625 26.375 -30.0
 464.0 -890.0 -1202.0 -474.0 335.0 -1592.0 252.0 -1466.0 508.0 328.0
 1048.0 524.25 -22.0 -534.0 161.0 -36.0 -124.0 -222.0 49.0 77.0
 -1180.0 -5056.0 -3824.0 3792.0 -6520.0 4601.0 9728.0 -11450.0 318.0 7192.0
 720.25 6.421875 -33.875 -26.1875 -23.03125 27.53125 -9.25 -40.875 31.28125 -57.0625
 3290.0 -422.5625 -1354.5 -655.0 -694.25 -22.125 126.0 388.0 733.875 -198.25
 6260.375 -249.384765625 -1028.375 -1806.78125 1148.75 1643.828125 -17.5 -125.125 861.59375 46.359375
 84.5 202.125 73.0 25.875 -84.125 157.59375 153.75 -239.625 18.8125 204.25
 -6402.796875 -8898.1689453125 7768.646484375 951.650390625 -543.3330078125 -680.2978515625 -4069.7890625 -2931.583984375 8262.3388671875 2486.236328125
 -9518.0 -3892.25 -16586.5 -11384.0 -406.0 3747.625 7155.5 2837.25 4321.625 -1829.75
 86.0 31.5 96.25 152.25 -95.5 90.5 -77.75 26.875 214.4375 35.75
 -534.0 281.25 24.5 -167.0 2.5 -51.75 -115.0 -31.5 6.0 -6.5
 116.65625 39.0107421875 3.8671875 -6.328125 11.375 5.171875 2.9765625 -8.3828125 -2.46875 -2.734375
 50.0 284.59375 -60.5 13.25 74.75 -75.25 63.0 55.0 -31.25 121.5
 136.0 -2958.703125 1526.84375 2503.125 -90.03125 -2436.0 53.3125 1447.625 689.03125 -32.75
 -70304.0 2120.0 5400.0 -2408.0 2420.0 -244.0 1008.0 -240.0 496.0 1864.0
 4.0 144.25 -19.5 -252.5 7.0 -50.75 -30.5 -112.25 30.5 -94.0
 -640.0 1143.0 -326.0 -1742.0 779.0 -1053.0 -3116.0 3462.0 -1075.0 -1745.25
 -709.75 51.16796875 63.578125 -74.6875 26.640625 10.90234375 22.34375 106.578125 31.28125 8.546875
 1516.0 -142.25 -169.0 38.25 -299.375 -43.625 26.0 -131.125 -38.5625 -96.75
 6240.0 -3864.5 1544.0 -352.0 1406.0 -717.0 -488.0 3882.0 -201.0 -1600.0
 260.0 328.6875 69.0 -118.0 -12.0 -72.75 -88.0 -94.0 17.5 7.5
 5550.5 -1315.59375 -2947.625 -2821.5 2516.4375 952.9375 1234.75 -309.125 -246.375 -210.5
 -132.0 6.875 -89.0 -253.0 -3.25 37.25 -229.0 -58.5 97.0 65.5
 -482.0 136.1796875 237.984375 231.71875 -144.796875 -143.6484375 -42.5625 -20.46875 -82.8515625 1.53125
 -1208.0441610313408 -325.6472935865212 228.14997014826847 429.39575580198385 -192.68001232895344 119.94522360561663 -147.22933892184034 -81.7742340229982 -142.76310475481768 11.19216892595734
 -28.0 337.25 14.0 -312.0 -8.5 2.75 -78.0 -102.5 47.75 -56.5
 364.0 -52.9375 11.5 -59.0 -54.75 -4.875 1.0 -56.75 7.125 -62.5
 -94.5 -669.078125 94.875 -622.5 1684.25 1368.25 -93.5 -720.75 -146.375 107.125
 6407.875 -173.734375 127.21875 881.28125 -204.453125 -723.28125 209.3125 -155.65625 -1231.890625 -198.0
 92.5 -265.0 161.75 -7.75 -145.984375 30.015625 -7.4375 149.125 -83.640625 -136.3125
 -152.0 59.5 77.0 -116.5 32.25 14.0 -130.0 -40.0 6.0 -2.0
 -26928.0 1136.0 7936.0 1416.0 1134.0 940.0 -1248.0 -4728.0 1932.0 -116.0
 -96.0 272.75 200.0 -533.0 103.5 182.0 -112.0 -170.0 145.5 -13.0
 920.0 -1158.0 186.0 668.0 -146.0 -236.0 200.0 -206.0 -60.5 483.0
 -685.9765625 -156.54296875 13.37109375 -84.73828125 57.658203125 -2.568359375 0.25390625 -186.1044921875 -93.91796875 26.7197265625
 2708.0 -212.625 -700.5 -118.5 -153.0 -17.5 43.5 165.5 -209.75 258.75
 -648.0 743.0 64.0 72.0 -147.0 -503.0 -114.0 -76.0 -89.5 152.0
 -308.0 337.625 -136.0 -195.0 3.5 -230.25 -51.0 -35.0 -15.5 -30.0
 30.0 109.5 -59.75 105.0 -4.125 -174.75 -47.0 96.75 -5.375 -10.0
 -460.0 252.375 -82.0 -128.0 -53.0 -144.5 1.0 -90.5 -8.75 8.5
 7740.0 -1688.875 -2225.0 -1356.0 1223.25 1329.75 318.0 -166.5 -94.0 -93.0
 318.0 -136.59375 -13.875 -38.75 -54.375 -7.6875 48.5 -40.625 74.4375 -100.375
 -11.490234375 -11.998046875 -7.3173828125 20.9638671875 0.99560546875 11.2431640625 32.34375 -15.635986328125 5.741455078125 -4.8115234375
 -3533.625 633.4453125 1189.53125 561.09375 126.515625 -467.09375 -14.9375 -250.75 -355.640625 37.71875
 -843.5 421.59375 294.1875 -9.0 -153.125 -94.40625 0.0 40.9375 -146.0 190.625
 -289.25 447.4609375 330.1875 -564.375 799.6875 -881.640625 542.125 409.53125 420.0625 -44.71875
 316.0 464.375 -267.0 -274.0 -5.0 -214.5 -64.0 -166.0 23.0 22.0
 15716.421875 9574.119140625 -13485.5390625 1560.06640625 -4308.779296875 -5030.7890625 -1620.4296875 -4545.765625 1037.935546875 795.42578125
 408.0 -112.5 159.25 113.0 -59.0 12.375 410.5 -218.0 74.25 268.75
 304.59375 -0.544921875 68.9140625 92.71875 25.30859375 -48.86328125 -59.390625 5.6015625 -54.8359375 -19.9140625
 476.5 -272.15625 -62.375 77.125 89.125 -112.9375 35.25 -25.75 -135.0 31.875
 -1055.5 -0.40625 1182.125 539.75 1051.1875 -163.125 -92.25 -469.0 -1403.375 11.5
 196.0 290.25 -30.0 -298.0 -28.5 -128.0 -104.0 -62.0 44.25 -95.5
 -152.0 179.5 406.0 -133.0 178.5 -241.0 -54.0 -26.0 -28.5 -306.0
 352.0 347.5 130.0 -299.0 -9.0 28.5 -76.0 -150.0 22.75 54.5
 362.0 398.625 127.5 -302.0 80.0 84.25 -116.0 -153.0 66.25 -48.5
 1117.0 201.375 420.625 187.25 22.5 -66.9375 -63.0 -31.5 -165.8125 -50.75
 388.0 464.625 31.0 -207.0 -2.0 -264.5 -58.0 -81.5 -5.25 -30.0
 -480.0 -46.0 -94.0 1134.0 377.0 -152.0 28.0 -120.0 288.0 206.0
 -108.0 406.125 142.0 -301.0 72.0 -164.5 130.0 -52.0 47.5 -138.5
 5.375 5.640625 220.5 -68.65625 371.9375 174.203125 -31.375 -122.65625 -66.75 -12.03125
 772.0 579.75 161.0 -105.0 57.5 -113.0 -66.0 -104.0 20.5 68.0
 -1.800604e6 -941587.53125 54642.25 1.62491175e6 -732804.25 -984541.1875 -184558.75 133435.0 -390001.6875 2465.9375
 -338.25 5.6875 -83.0625 12.4375 33.75 50.5 -2.9375 53.75 16.28125 -15.3125
 153.0 -288.6875 -15.5 59.25 42.0 27.375 144.0 60.5 -4.0 27.25
 -600.0 536.5625 972.125 869.75 -779.375 -643.3125 -353.0 239.375 200.1875 50.0
 20864.0 -17294.0 -35328.0 -27336.0 9836.0 34244.0 8928.0 3328.0 22072.0 168.0
 141.0 -277.5625 59.5 117.75 36.0 70.0 68.5 -41.0 -37.625 189.0
 -4363.875 63.146484375 1970.390625 -651.0625 94.96875 -422.375 -137.03125 -1201.765625 -307.19140625 407.71875
 4.0 280.0 50.0 -146.0 -19.75 -124.0 -24.0 -26.0 -11.5 -32.0
 140.0 173.53125 -13.5 -272.125 -23.375 -35.625 -0.5 -204.0 78.875 -123.875
 52.0 0.078125 94.3125 -6.8125 167.8125 98.5 -12.875 -66.25 -94.6875 -20.1875
 -0.00390625 225.9140625 131.0322265625 -19.7685546875 -106.51220703125 -44.03955078125 80.2607421875 114.72265625 25.819091796875 98.25146484375
 88.0 -34.5 62.0 -148.5 -37.0 -64.0 -238.0 -18.0 -31.25 2.0
 90.0 -528.0625 -313.25 81.5 48.25 19.75 83.5 118.75 3.0 -5.0
 66.4375 -12.46044921875 -6.28125 8.4453125 8.521484375 8.130859375 -8.3984375 -7.609375 -4.765625 0.576171875
 3662.8125 388.06640625 -476.6484375 -841.671875 -94.65625 401.89453125 -26.125 238.390625 737.83203125 -45.9375
 64.0 441.375 40.0 -307.0 -4.5 -125.5 -118.0 -157.0 50.0 -46.5
 30.5 -104.875 -90.9375 -37.25 -95.875 -95.53125 39.625 41.375 -67.84375 23.3125
 1744.0 -47.125 -357.0 20.0 -128.0 -158.75 54.0 446.5 -324.75 92.5
 220.0 240.75 33.0 -232.0 -64.0 -105.0 -131.0 -145.0 -19.25 7.5
 -757.125 -119.6640625 -249.09375 -571.15625 850.6875 63.828125 255.5625 -210.65625 -92.84375 50.8125
 2098.5 -638.5 -529.0 -561.75 926.4375 617.625 145.5 -281.125 -216.25 -46.25
 323.5 -178.265625 45.5 189.0 -16.875 27.34375 24.375 60.6875 -19.9375 89.25
 184.0 -62.546875 8.0 21.625 23.5 -43.625 -77.25 47.375 -13.15625 -25.875
 2899.75 284.890625 1339.6875 743.3125 -95.4375 -140.6875 -387.0 -173.0625 -551.5 20.0625
 776.0 319.375 -53.0 -184.0 10.5 -115.75 -168.0 -48.0 69.75 29.0
 327.0 -390.0 -437.75 65.5 53.25 -40.125 48.5 142.0 -24.0 7.25
 -310.0 -62.625 90.0 97.0 1.25 47.75 56.0 50.0 57.25 76.5
 -76.0 272.625 61.0 -221.0 32.5 -5.25 -84.0 -50.0 25.75 21.5
 20922.0 -4453.3125 -8381.5 -4956.5 2233.5 3424.875 1778.0 -188.0 -350.0 -818.75
 2614.25 23.578125 -49.75 130.6875 -246.125 -634.796875 -1.5 347.875 258.71875 -4.25
 -204.0 448.25 110.0 -418.0 100.5 59.0 -60.0 -196.0 96.0 -32.5
 -1099.5 105.40625 -193.5625 -127.75 111.1875 -29.34375 190.25 3.5625 109.6875 26.875
 -696.0 519.75 -2.0 -236.0 -23.0 -170.0 -120.0 -131.0 15.0 102.0
 2.0 219.25 76.0 -100.5 11.75 -133.75 37.0 -4.0 43.75 -84.0
 916.0 226.28125 751.5 880.5 -939.625 -183.6875 -431.5 157.0 38.375 -129.75
 -53.0 323.34375 142.75 -140.75 54.1875 -126.21875 151.5 105.0625 92.4375 -116.0
 -32.0 307.0 34.0 -216.0 21.25 -29.0 -74.0 -60.0 36.75 -21.0
 -132.0 -370.5 93.5 192.5 -36.0 137.0 159.0 68.5 3.25 9.0
 46.0 312.875 121.5 -102.0 33.25 -108.25 -86.0 15.5 -49.5 30.0
 260.0 795.5 148.0 76.0 -43.0 -318.5 -4.0 -62.0 -88.5 172.0
 -448.0 756.5 218.0 -186.0 -49.0 -114.0 108.0 -274.0 -59.0 264.0
 -11349.15625 1845.83251953125 4275.123046875 -1113.28515625 838.41015625 -913.6025390625 187.48046875 -2444.251953125 -1422.0087890625 744.6171875
 -105.0 113.3125 58.0 -25.875 -15.875 -85.8125 -4.75 20.0 -20.75 12.5
 -212.0 283.625 122.5 -83.0 -8.0 -102.25 -70.0 -65.5 -58.0 93.5
 0.0 197.0 268.0 131.0 530.5 155.0 421.0 656.0 124.25 -175.0
 -134.0 44.5625 11.5 -22.5 51.75 -111.75 -33.0 197.0 47.75 44.25
 284.0 219.375 262.0 -228.5 84.25 29.0 -109.0 -95.5 51.75 -16.0
 -3621.0 96.6875 355.0 -119.75 110.75 80.125 -68.5 -47.5 61.25 171.75
 -21152.0 1227.75 5635.0 -1626.0 8783.0 1275.5 900.0 -3282.0 -799.5 893.0
 -404.0 350.5 124.0 -239.0 52.5 -59.0 -85.0 -95.5 36.5 -26.0
 548.125 -535.40625 -828.05078125 -839.78125 1049.87109375 301.296875 50.3125 -107.37890625 -71.0927734375 217.09375
 -722.0 159.640625 916.625 478.0 197.1875 16.46875 -196.25 -280.25 -130.3125 6.0625
 -338.5 72.45703125 31.0 -120.4375 101.78125 -95.59375 -114.46875 90.4375 27.7890625 -95.109375
 313.0 -133.28125 -397.5 -161.0 -49.875 137.375 103.0 126.5 43.5 113.75
 -115.0 -17.71875 -14.375 -55.875 6.625 20.3125 16.5 72.375 -4.25 -64.625
 -2349.5 631.7421875 951.9375 787.0 -663.03125 -615.875 -222.5 127.0625 -100.84375 15.5625
 140.0 511.25 33.0 -265.0 -53.5 -84.0 -34.0 -152.0 -0.5 64.0
 344.0 -329.5 -60.5 38.0 34.5 43.0 63.0 199.0 82.5 -59.5
 -900.0 857.0 409.0 -182.0 159.5 -194.5 116.0 -142.0 51.0 22.0
 -730.0 441.5 1097.75 552.5 214.75 -418.125 -179.0 -202.0 -594.0 -16.5
 -89.6875 -141.83203125 -99.203125 -4.96875 74.8203125 21.6875 -73.03125 -55.453125 -21.6875 -44.9375
 7920.125 1946.6328125 -892.3125 -3745.40625 2151.890625 2058.71875 364.25 -322.53125 1344.578125 43.65625
 -3796.0 937.0625 1756.75 2208.25 -2474.0625 -1141.75 -836.5 580.75 -37.125 142.0
 10443.0 1437.5 2587.0 -895.0 -891.625 -804.375 -1839.0 273.25 -185.625 -1114.25
 -3020.0 -62.3125 7.25 -74.25 179.25 155.375 327.0 355.5 72.0 129.25
 335.5 -270.65625 -37.75 -279.125 -42.4375 -211.0 -157.0 -4.875 51.0 -300.75
 351.0 -62.296875 -61.25 -23.0 -76.25 -94.65625 18.875 39.375 28.53125 -16.4375
 412.0 14.0 207.5 -352.5 -202.75 -40.375 82.5 -87.5 38.125 -284.5
 -825.5 100.921875 363.0 71.9375 70.71875 -13.3125 -31.125 -10.5 9.46875 -28.8125
 -4.0 235.0 139.0 205.0 337.0 100.25 242.0 368.5 52.5 -142.5
 133.8828125 264.6357421875 809.51171875 515.193359375 86.966796875 -144.86279296875 -171.044921875 -119.259765625 -287.5087890625 40.23828125
 122930.25 66878.40625 -2552.0625 -117377.6875 53492.8125 70664.625 14451.875 -9739.4375 25693.28125 -32.5625
 92.0 517.375 -74.0 -293.0 36.0 -92.5 -100.0 -159.0 50.5 41.0
 552.0 475.625 -58.0 -344.0 -40.5 -88.5 -110.0 -100.0 73.25 -93.0
 10770.0 -720.5625 -2498.25 -1502.25 -214.75 1481.125 -102.0 176.75 393.125 -20.5
 1288.875 -86.00390625 -33.84375 -14.0625 120.703125 41.578125 -14.6875 -15.1875 -75.7578125 -21.140625
 237.0 252.9375 136.75 -217.25 -108.375 -154.625 75.0 -234.75 49.5 -247.25
 -729.5 -22.859375 -12.34375 -1.1875 -105.15625 -71.53125 -69.4375 -37.28125 -41.203125 14.8125
 -725.875 104.40625 288.125 102.0625 134.453125 -65.359375 -3.5625 -90.84375 -131.03125 39.21875
 -556.0 552.25 119.0 -46.0 18.0 -277.5 -58.0 -31.0 -59.5 148.0
 472.0 528.5 -73.0 -207.0 -37.0 -96.5 10.0 -64.0 -17.0 27.0
 -225.25 -17.91015625 52.9375 6.40625 134.8125 18.6015625 98.75 85.09375 68.9765625 -62.484375
 25.5 36.9375 -75.625 40.75 -0.9375 54.875 73.25 -47.75 18.4375 -13.25
 188.0 -6.59375 -92.5 -143.25 -4.125 -86.375 -11.0 21.0 38.0 -141.125
 106.5 -83.7265625 66.8125 247.6875 270.59375 15.640625 -66.125 267.40625 -67.765625 144.59375
 4815.3125 1267.25 -858.953125 -1643.40625 1187.7578125 309.45703125 215.625 -103.7421875 1043.546875 55.609375
 2296.0 596.875 1778.75 1829.5 -1784.75 -444.0 -909.0 341.25 -13.75 -267.5
 -158.0 108.1875 -21.5625 -2.625 14.0 -24.5625 33.375 63.9375 -76.9375 91.625
 221.9375 293.66796875 -153.6171875 174.71875 -233.765625 -75.72265625 193.6875 -156.4609375 74.34765625 102.2734375
 -721.0 0.75 -113.375 -13.5 15.5625 -34.875 26.0 -89.75 -6.75 -43.375
 64.0 327.3125 136.5 -46.5 86.125 120.875 398.0 -132.25 52.125 -101.0
 168.0 207.5 -586.0 1316.0 -14.0 538.0 554.0 -236.0 -60.5 553.0
 -648.0 554.0 -120.0 -87.0 -17.5 -347.5 -6.0 -69.0 -59.0 33.0
 -672.0 1068.0 236.0 -256.0 1.0 -331.5 28.0 -46.0 -37.0 95.0
 -128.0 2212.5 -3152.0 764.0 2732.0 -1172.0 3200.0 308.0 3087.0 -3572.0
 -44.0 -610.5 3.5 694.0 117.0 70.25 -54.0 224.0 -43.25 184.0
 -382.875 190.8359375 582.5 81.3125 486.203125 -159.2734375 24.8125 -119.71875 -153.09375 12.9375
 -308.0 11.125 42.0 -237.5 -62.0 -143.25 -118.0 -64.5 29.375 -165.25
 6298.0 4064.5625 8145.0 5424.0 620.75 -6490.0 32.0 -832.0 -7429.0 389.0
 -1879.5 176.515625 423.875 157.71875 175.921875 -114.640625 -6.75 -35.28125 -176.734375 18.34375
 1051.0 30.3125 22.0 318.0 15.5 106.75 -75.5 -102.125 -62.625 -40.0
 -528.0 -857.375 -701.0 -251.0 7.0 -64.0 -770.0 116.0 -11.25 316.5
 364.0 32.1953125 277.375 296.625 121.4375 29.5625 -263.0 17.25 -55.5 -4.125
 -5090.652683462031 -744.9545966674729 643.455719392464 1268.2136407929577 -497.1043579062427 664.2303998805828 -568.4886522201258 -651.8560220883332 -699.0937501882871 139.1718377374763
 1.5 104.453125 144.0 29.3125 -59.25 24.6875 -10.5 158.375 -80.90625 -40.3125
 -648.0 1190.0 192.0 -71.0 -115.0 354.25 1229.0 -301.5 294.25 -405.5
 -48.0 -56.25 -94.5 197.5 278.5 65.0 194.0 358.5 13.5 -52.0
 -1561.53125 -16.87109375 45.859375 -205.09375 -29.8046875 -79.5390625 -87.4375 3.234375 82.7734375 -80.15625
 -175.390625 65.5625 27.490234375 -61.484375 -14.74609375 37.453125 -30.375 -72.3125 27.900390625 25.30859375
 109.75 -17.2890625 -60.625 9.8125 -18.5 5.03125 87.5625 0.25 28.28125 -3.28125
 2739.5 435.3515625 120.8125 -385.5625 -273.59375 -30.5 -164.5 479.625 1240.8125 81.34375
 26451.0 1044.65625 -4667.625 -4050.5 -1353.125 -1233.5625 879.5 2973.0 4175.3125 -80.5
 -1167.529296875 -241.5787353515625 -217.115234375 -114.12353515625 107.1904296875 -36.330810546875 -85.978515625 -53.64599609375 -0.22607421875 -114.28125
 52.0 152.0 -55.0 111.0 437.5 30.0 440.0 537.0 48.5 -154.0
 -40.0 -29.5 -18.0 315.0 375.5 -29.25 370.0 577.0 -15.75 -92.0
 164.0 56.125 79.0 -148.5 22.25 -17.25 99.0 42.75 116.25 -206.25
 -324.0 320.25 8.0 -445.0 66.5 73.5 -176.0 -115.0 124.5 29.0
 -2100.0625 725.69140625 492.8046875 379.671875 509.66796875 -109.9921875 -71.671875 162.71875 284.515625 -117.375
 -404.0 351.125 101.0 -122.0 35.5 -122.0 -40.0 -56.0 -44.5 167.0
 134.5 -88.28125 -7.75 -141.25 1.375 -113.625 -94.0 13.25 49.25 -172.375
 566.75 61.3125 173.1875 216.4375 -65.65625 -102.140625 -37.625 7.40625 -145.546875 32.65625
 160.0 45.625 88.0 -196.0 -3.375 -111.75 -8.0 24.0 38.0 -131.75
 164.125 -35.2265625 -0.4375 41.125 41.1875 -4.09375 27.375 59.25 36.75 -35.8125
 216.0390625 -24.093017578125 14.6376953125 -40.31640625 6.3408203125 -21.03369140625 -18.59765625 38.677734375 4.58154296875 -30.64453125
 372.0 243.25 -9.5 -29.5 -74.0 -100.5 85.0 -123.5 66.75 -69.0
 1476.5 683.6875 101.5 -199.5 -159.4375 -39.625 256.5 -505.0 75.875 -133.9375
 -2576.0 1263.59375 1891.125 -304.375 887.6875 -523.125 191.0 -282.875 -620.625 -158.75
 216.0 -1259.0 -4070.6875 -2391.875 -409.09375 1227.0 879.125 839.8125 1624.0 -102.4375
 7196.5 -948.375 -1363.625 -154.5 -143.125 -20.375 217.0 304.25 -227.125 -117.0
 -401.625 68.3125 -26.4375 21.3125 -127.765625 -59.703125 6.5625 58.65625 153.859375 28.0
 -4204.0 459.2421875 665.25 658.875 -903.625 -782.671875 -98.8125 144.46875 364.34375 159.1875
 6667.0 -3614.12109375 -1308.6875 -2145.25 -2777.96875 34.125 234.625 -759.75 -469.0 423.46875
 -748.0 157.3125 -1.5 -124.0 45.5 -82.25 -35.0 -32.0 8.5 -40.0
 1286.0 5.9375 954.5 844.625 38.5625 -410.4375 -180.75 -184.625 -1116.75 -13.625
 170.0 32.125 -110.625 73.125 -33.1875 28.0625 5.75 -82.8125 16.5 -10.6875
 144.0 -344.703125 45.375 358.5 -233.5625 132.5 -181.0 -95.625 -91.59375 44.1875
 -1100.25 -6.125 83.0625 -4.5 106.65625 -27.40625 -24.375 48.5 39.78125 -7.25
 208.0 174.5 -41.0 -269.0 26.5 -44.5 -78.0 -46.0 35.5 -55.0
 -248.0 115.125 52.5 44.75 40.0 -116.375 82.5 -30.5 23.125 -9.75
 348.0 326.625 -9.0 -223.0 39.5 -108.75 -82.0 -13.0 15.0 18.5
 118.0 91.5 -6.5 -264.5 -24.5 -77.25 -66.0 -108.0 69.5 -139.0
 -18102.75 3198.1171875 1517.28125 -600.25 -849.59375 1350.5625 389.5 -1014.25 -2359.0 -173.25
 70.0 95.46875 49.75 -67.25 -3.75 -104.0 -74.5 5.5 7.25 -45.25
 146.0 111.0625 -5.0 63.5 42.25 11.25 -72.0 45.5 7.75 115.5
 44.0 334.25 65.5 -41.0 -70.5 -224.5 -323.0 32.5 -75.5 -0.5
 -112.0 676.375 53.0 -228.0 -17.5 -95.5 -14.0 -139.0 -19.5 40.0
 93.5 -64.28125 49.15625 -7.375 -38.59375 17.15625 -116.625 16.5 -4.875 17.90625
 -120.0 477.875 309.0 -168.0 22.5 -84.5 -112.0 -62.0 15.5 45.0
 263.5 -183.875 77.75 54.0 27.3125 -21.34375 49.625 79.25 12.59375 103.625
 2647.625 1381.8828125 -1170.328125 -1249.671875 -156.9375 427.3203125 145.1875 -267.046875 245.4765625 16.515625
 41.0 -112.0 40.0 -203.0 -41.0 31.0 -420.25 -190.0 -29.375 25.875
 -1411.75 233.626953125 321.9140625 299.625 -348.23046875 -353.07421875 -78.53125 22.0859375 -78.63671875 35.5703125
 220.0 57.875 -60.0 313.0 274.0 -33.5 347.0 498.0 3.25 -28.5
 -272.0 -153.5 187.0 -2.0 -140.0 74.25 -32.0 -122.0 -55.0 -56.0
 5153.0 -3650.1875 -3492.5 2016.0 -4155.0 4908.375 -1662.0 -1016.75 -2416.125 -716.0
 -596.0 394.5 -96.0 -202.0 -38.0 -56.0 -122.0 -71.0 63.0 63.0
 -390.0 26.09375 -29.5 8.0 29.125 -78.4375 31.0 46.875 -9.75 7.875
 328.0 281.1875 295.25 -365.5 -84.25 89.25 95.5 536.25 -96.375 -337.25
 -672.0 -1.0 -68.5 -103.125 47.125 11.0 68.25 39.375 54.75 -36.375
 -2204.0 152.6875 -12.25 -127.0 157.625 51.5 -73.0 173.75 29.5 133.75
 108.0 254.375 -8.0 -276.5 47.0 8.125 -299.5 16.5 -34.5 -135.75
 991.75 -124.25 -612.625 -319.375 -120.84375 133.34375 83.875 102.875 223.75 -94.6875
 -11758.0 -2071.9375 1535.0 5416.5 -4317.75 1863.625 -2471.0 -1543.0 -2732.25 156.5
 -1066.0 157.75 1077.0 345.25 82.625 -77.8125 -127.0 -264.5 -220.625 -14.75
 -688.0 462.75 361.0 -366.0 120.0 6.0 -94.0 534.0 -23.0 -353.0
 147.25 -68.90625 -68.9375 217.0625 -84.5 56.28125 34.5 -170.125 51.03125 -3.875
 173.0 165.25 -13.25 -38.75 3.75 -72.125 32.5 -84.0 20.0 -30.25
 2742.0 29.3125 230.0 124.25 154.625 -650.625 -30.0 489.75 695.625 30.5
 3.5 0.53125 65.5 119.75 -15.5625 -88.0 37.25 -16.375 0.0 36.125
 926.0 17089.0 1498.0 -33811.0 -9134.0 -3991.0 -36064.75 -23859.0 -13400.0 24335.9375
 -210.0 -302.5625 169.5 -9.0 192.5 -185.5 255.0 64.75 161.75 -346.25
 -228.0 22.78125 56.5 -81.75 52.125 -65.75 -100.5 64.5 -2.5625 4.125
 189.5 73.625 83.25 20.375 -6.5625 20.46875 46.0 -30.875 6.0625 19.0625
 348.0 374.25 188.0 -286.0 -6.0 -104.5 -102.0 -126.0 57.5 97.5
 130.0 -22.8125 -84.5 95.0 108.5 -27.625 -30.0 103.0 -28.25 14.25
 -5696.0 203.0 2975.0 4286.0 -3624.5 -273.0 -2198.0 -108.0 -380.5 336.5
 -2832.0 394.5 723.0 481.0 617.0 -38.75 -216.0 -205.5 -40.5 -83.0
 964.0 531.1875 87.5 -175.5 161.25 133.125 -59.0 1.5 -62.625 -139.25
 1504.0 1488.0 660.0 1264.0 1002.0 663.0 1256.0 1248.0 449.0 -504.0
 43.0 -14.5 -188.0 -46.5 44.625 -86.0 148.5 -67.0 62.625 30.75
 -134.5 113.9375 32.75 -32.75 88.125 -75.40625 46.625 118.0 51.25 -52.5625
 76.0 250.875 212.0 -202.0 22.5 46.0 -110.0 -144.0 51.0 57.5
 -376.0 367.25 -19.5 340.0 516.5 -31.0 489.0 669.5 34.0 -88.0
 -492.0 3176.0 480.0 2672.0 -6300.0 -6486.4375 -302.0 4296.0 -4815.0 2696.5
 46.8828125 -7.05859375 -8.046875 -7.0859375 -3.140625 0.9833984375 0.654296875 2.252685546875 0.2528076171875 -0.22271728515625
 159.4375 279.28125 42.5 152.625 -457.625 -351.890625 30.28125 246.7451171875 -189.1328125 204.896484375
 1728.0 -5296.0 1664.0 -11088.0 17832.0 13456.0 2880.0 -10564.0 8606.0 -8035.125
 108.0 694.125 427.0 -307.0 33.0 -14.0 -122.0 -170.0 92.5 -6.0
 -3051.5 349.546875 1013.5 427.125 545.25 57.9375 -109.0 -403.375 -509.875 58.375
 -1326.0 3.625 24.5 174.0 81.25 129.125 164.5 -88.25 28.5 285.25
 448.0 -786.0 -308.5 -7.0 -99.0 -132.5 -829.0 54.0 -210.25 254.5
 1052.0 -1037.25 -409.0 60.0 87.0 -441.5 -1312.0 319.0 -118.5 431.0
 131.75 -29.859375 9.25 -53.4375 -3.5625 -6.40625 25.875 4.4375 31.0 -56.625
 -20868.0 1664.125 1985.0 -1145.0 808.0 174.0 656.0 -352.0 1045.5 -31.0
 58.0 -77.625 -240.0 -24.5 -103.75 -130.0 -1.0 -110.5 -20.0 -55.5
 -788.0 419.0 -79.0 -253.0 -38.0 -205.75 -25.0 -110.0 46.75 -5.0
 204.0 -115.453125 -315.375 -28.3671875 -13.6767578125 -8.66796875 0.732421875 0.96826171875 -14.09375 -2.8310546875
 12000.0 -3024.0 -6020.0 -3664.0 -1476.0 2830.0 472.0 -116.0 5574.0 -300.0
 798.5 -651.859375 132.625 232.5 -100.9375 130.0 310.75 12.5 59.625 368.625
 -21.0 137.75 121.5 -226.5 120.375 -8.25 -117.5 -17.75 155.625 -91.25
 640.0 -128.5625 -503.625 -366.75 -93.125 -41.5625 123.75 59.75 22.875 -49.625
 12529.5 1257.375 -7259.125 581.0 -2225.875 -1200.375 -802.5 -1681.0 322.1875 320.5
 -3001.0 248.0 4067.0 488.5 2386.125 3306.1875 -3584.0 -725.5 -1301.21875 -1060.625
 1072.75 -180.015625 -139.125 -307.0 347.84375 165.09375 85.0 22.875 112.78125 -8.65625
 204.0 254.265625 30.5625 -76.8125 5.75 -64.875 -73.0 -20.59375 33.578125 -34.125
 500.0625 -78.85546875 59.0625 70.421875 -2.203125 -48.3203125 -271.90625 -22.234375 -77.2109375 15.765625
 198.0 67.03125 24.0 -48.5 12.125 -58.5 80.5 -7.5 69.25 -165.5
