-576.0 86.5 -431.25 -88.0 122.5 177.0 43.0 49.5 -30.0 -33.5
 -4196.46875 162.4296875 599.1015625 516.8046875 867.09375 -783.234375 194.5 -236.7421875 -477.5625 47.3671875
 203.0 50.125 -124.9921875 -62.25 39.375 51.75 24.5 21.875 35.25 3.25
 75.25 25.625 -22.28515625 -28.125 -7.3125 16.9375 -35.21875 -31.5625 20.3125 -41.78125
 326.0 202.75 202.40625 -603.5 131.0 -742.0 207.0 6.5 425.5 166.75
 159.0 117.75 -349.0625 -187.75 111.5 96.0 -21.25 15.5 -61.5 -12.0
 -156.0 -273.0 96.0 215.0 -324.0 -1048.5 -290.0 -914.6875 775.0 185.0
 -486.125 76.4375 18.3515625 -1.375 -30.09375 74.75 2.25 -13.34375 -12.5 26.28125
 8656.0 -2766.0 -924.9375 -300.0 -496.5 -44.5 -272.75 415.75 175.5 49.5
 1590.75 223.8125 -1273.6171875 -1135.5 -38.0 -966.125 -447.5625 1031.0625 236.0 199.8125
 32.875 -4.6875 63.52734375 53.75 -49.3125 -36.375 65.46875 -17.5 7.8125 22.96875
 -17418.34375 11672.640625 -9864.25390625 -9012.9375 16120.390625 -2215.953125 22598.484375 -11938.34375 -16180.53125 -11292.1640625
 -20064.0 4070.0 379.375 -404.0 -4.0 -188.0 -1107.0 -125.0 1838.0 477.0
 669.125 -218.078125 -21.3974609375 -135.84375 197.4375 -36.21875 131.984375 -179.171875 -146.46875 -93.296875
 57.0 -5.5 -164.96875 -52.0 86.0 54.5 -68.625 -8.75 -49.0 29.625
 358.15625 108.7734375 -56.52197265625 -267.5078125 18.4765625 102.234375 37.8984375 -6.84375 99.453125 -5.9453125
 241.5 11.125 -99.671875 -60.625 67.375 114.625 -57.9375 -42.8125 -14.25 38.5
 -13476.0 -305.5 9077.71875 5625.5 964.0 7007.0 3428.0 -6797.5 -882.0 -1171.5
 -22912.0 6160.0 808.0 164.0 -1340.0 2152.0 -1300.0 -874.0 3624.0 1654.0
 -364.0 145.5 -354.875 -133.0 130.0 107.0 -20.0 23.5 -14.0 -24.75
 -4708.5 96.0 -81.28125 -445.875 -334.5 156.5 -395.625 -165.25 163.125 103.7578125
 -569.0 -6.625 13.3046875 -78.375 -90.5625 -1.625 95.5625 51.375 71.375 -49.3125
 -1727.0 235.75 186.609375 96.75 -117.0 -15.75 -2.25 82.5 -33.5 127.125
 -7651.5 961.75 291.890625 -403.75 -125.0 275.5 268.0 429.625 441.75 501.25
 -89.5 102.5 -82.3125 4.5 56.0 111.25 -41.875 24.75 -32.0 34.0
 -350.875 -177.3125 -79.552734375 -99.625 -98.3125 68.0 -46.375 36.875 117.4375 -25.03125
 2276.0 514.0 -606.5 -9.0 170.0 388.0 -90.0 101.0 -80.0 -11.0
 -265.75 -43.21875 -27.7578125 53.0625 -60.96875 14.875 8.4375 -25.625 -14.1875 2.0625
 390.75 -32.28125 34.4599609375 41.578125 -172.1875 85.4375 -39.9921875 115.46875 89.453125 5.015625
 -299.0 56.5 -314.9375 -220.0 105.5 44.0 13.75 -18.0 -77.5 -26.75
 -1536.0 905.0 274.875 1028.0 -63.5 -398.0 326.0 -926.0 673.0 1007.0
 -1705.0 -283.5 195.978515625 190.9375 -239.171875 556.3125 142.5625 -349.53125 129.0 76.34375
 5720.25 -538.5 485.96875 690.0 255.0 -1052.5 176.0 -285.25 -1113.5 150.125
 196.75 111.5 -21.75 -30.25 -132.9375 21.1142578125 -183.71875 -149.96875 -61.59375 -64.1875
 372.0 182.5 -246.125 -12.0 166.75 0.0 3.0 20.0 -84.5 17.5
 -9636.0 1728.0 447.0 -636.0 49.5 64.0 59.0 111.5 518.5 183.0
 7.0 102.0 -423.09375 -146.5 118.5 85.5 -6.5 13.5 -63.0 -17.0
 -57.5 -164.5 -122.8046875 89.0 79.625 170.75 -113.0 -2.0 -157.0 68.875
 -1249.125 214.875 644.84375 -645.4375 711.453125 -181.875 208.9375 -975.09375 -155.5 335.765625
 -3719.0 2250.0 783.765625 900.25 478.5 309.5 -51.5 -211.75 24.5 255.75
 566.0 38.5 -289.875 -140.5 148.0 183.0 70.5 60.5 9.0 57.5
 -2.0 177.75 -264.359375 -188.25 49.25 159.0 14.25 34.5 25.75 -61.5
 120.0 342.0 -520.6875 -50.0 211.0 358.0 -20.0 95.0 -56.0 24.5
 318.0 66.125 -77.953125 -50.75 97.5 93.5 -55.0 -13.0 -71.75 31.5
 -2052.625 472.25 317.30859375 156.375 298.625 -43.5 246.90625 -618.375 -377.6875 -226.15625
 372.0 264.75 -298.9375 -237.5 97.5 158.0 -109.5 8.5 -89.5 -25.0
 81.0 -42.767578125 45.557861328125 55.8212890625 21.9765625 4.0078125 5.4990234375 -50.63671875 34.111328125 -22.6005859375
 -1952.5 643.625 61.0390625 55.625 123.5 -132.0 5.875 -219.375 -45.75 40.625
 -125.5 188.875 -67.125 15.125 59.6875 -118.375 20.5625 -18.0 -23.75 -14.25
 -1194.5625 -12.859375 254.1796875 306.234375 86.390625 -117.59375 16.671875 -15.59375 -116.46875 -10.1171875
 -468.0 246.5 -376.6875 -89.0 38.0 38.5 45.5 18.0 -54.0 23.75
 -1266.5390625 -114.115234375 1774.673583984375 1889.37890625 20.619140625 -400.76953125 -96.40625 700.984375 -384.8515625 -124.990234375
 716.0 -678.0 300.8125 536.0 28.0 332.0 -78.0 89.0 -635.0 -52.0
 1362.0 34.75 -143.234375 96.0 22.875 15.25 53.75 -22.25 -75.75 -120.625
 904.125 -393.6875 -233.66015625 142.375 -237.5 -359.625 -177.1875 458.0 77.8125 255.625
 -266.5 -753.375 -429.984375 -145.0 -453.125 -224.5 -5.625 233.125 35.0 17.5
 401.5 251.875 -209.796875 -103.5 53.5 91.75 -20.5 -41.75 -12.75 -8.0
 69.75 58.6875 20.47265625 -76.0 14.0 8.625 6.796875 97.59375 -12.0625 -29.46875
 193.5 5.25 -43.8203125 -9.5 68.375 61.0 41.125 50.5 -16.5 57.625
 -562.0 203.5 -312.5 -86.0 158.5 82.0 -56.0 -36.0 -101.0 52.75
 11796.0 -2334.0 -478.3125 240.0 331.5 -272.0 41.0 5.0 -797.0 -585.0
 586.0 237.25 -433.0625 -235.0 119.75 129.5 16.0 -15.0 61.5 -55.25
 -250.0 -311.0 378.25 299.5 -108.5 -52.0 -136.0 3.0 -72.0 47.0
 372.5 59.375 -84.8359375 -117.875 23.0 -57.25 -12.875 37.375 -11.25 -31.4375
 -815.875 788.0625 175.66015625 339.4375 54.0 -126.0625 -140.46875 35.0 -62.25 103.71875
 371.0 62.5 -178.625 -13.5 36.5 105.5 -24.75 -70.5 -28.0 72.0
 -2458.5625 140.71875 2437.8671875 1624.78125 300.953125 3.5 119.34375 414.15625 -232.3125 -152.1875
 333.0 -300.75 145.796875 233.0 157.0 -27.5 76.0 87.25 -121.5 198.125
 -67.0 -87.5 -117.5625 -75.0 -62.0 51.0 -69.625 -41.25 -106.5 -2.0
 64.75 89.724609375 -77.2886962890625 17.033203125 -60.1171875 -24.0703125 -42.83984375 58.984375 16.5859375 -3.54296875
 452.21875 -736.25 -341.5670166015625 -179.869140625 -524.0234375 32.142578125 -175.0556640625 392.916015625 296.267578125 133.181640625
 -242.5 -70.125 234.8359375 82.375 120.3125 -46.25 34.5 -119.75 210.625 170.75
 4730.6953125 359.32421875 -5300.7752685546875 3771.33203125 320.091796875 3862.94921875 260.55078125 4486.50390625 1392.078125 -3507.423828125
 318.0 198.0 -236.53125 59.5 90.5 94.0 10.0 74.0 -62.0 45.0
 1616.0 169.0 -489.0 57.0 275.0 384.0 -98.0 58.0 -137.0 102.5
 118.078125 -479.2265625 -16.34423828125 -285.890625 -242.08203125 443.703125 -10.83203125 162.03515625 404.9765625 89.1796875
 -7802.0 -4452.0 1185.9375 1380.0 1996.0 1628.0 1816.5 -464.0 1125.0 702.0
 1052.0 339.0 -374.125 -261.0 174.5 280.0 -106.0 -54.0 -107.0 17.0
 59.0 98.578125 -29.984375 36.21875 -6.609375 65.5625 -88.515625 -5.75 -84.5625 -28.765625
 -864.515625 39.69140625 -30.3046875 -295.41796875 -52.25390625 -136.9375 -114.25 55.33203125 59.4921875 -127.73828125
 -606.71875 -785.4453125 64.705322265625 157.69921875 -85.0078125 233.3515625 130.6640625 -294.1875 -36.8671875 -1.251953125
 227.0 102.5 -274.8125 -85.0 119.0 87.0 -46.0 6.5 -61.5 24.75
 -190.375 1.96875 -42.998046875 -75.0625 -10.265625 -100.4375 6.9375 2.3125 -9.96875 -3.640625
 2262.0 482.25 42.328125 502.25 324.75 -161.25 -13.375 -141.5 -358.75 -50.625
 -76.0 304.0 -371.1875 -336.5 121.25 96.0 1.5 -27.5 -4.0 -17.25
 2588.875 -1267.984375 -207.21875 -339.40625 -257.4375 380.1875 -36.296875 220.9375 295.75 71.3125
 1882.875 -699.0 56.2578125 -127.1875 -70.765625 408.90625 9.40625 102.375 262.4375 58.625
 205.25 20.0 -31.2578125 -5.5 -23.4375 28.625 -62.75 -9.375 -86.5 36.5
 555.0 154.0 -330.84375 -50.0 128.5 194.0 -107.5 13.0 -148.5 53.25
 650.5625 -117.421875 11.64453125 67.78125 -129.5625 181.453125 -100.4375 77.3046875 75.375 18.84375
 179.0 32.0 -260.59375 -75.5 97.75 154.5 -34.25 25.5 10.0 20.25
 34.4375 96.703125 -98.71875 -40.65625 -51.03125 84.625 -61.25 26.765625 -52.234375 38.9375
 1025.578125 -31.43359375 -36.646240234375 148.69921875 28.53515625 1.1953125 -50.35546875 11.88671875 -27.25 -5.474609375
 -8.0 67.75 -276.0 -136.25 75.5 166.5 -57.25 0.5 -35.0 -8.5
 4718.0 1216.5 177.3125 247.0 754.0 -1033.0 -464.5 1180.5 -78.0 113.5
 -574.25 551.5625 -75.5 153.8125 -1.96875 -334.625 -169.65625 266.28125 -107.625 19.28125
 592.0 145.25 -353.78125 -172.5 104.25 135.0 -69.0 -11.5 -12.5 13.0
 -723.0 -465.25 -84.859375 -269.75 -51.375 -134.25 62.375 82.25 24.25 -46.0
 316.0 264.5 -60.5625 -31.0 86.5 68.0 88.5 111.5 -1.0 13.5
 249.5 31.4375 -75.9921875 -101.9375 23.4375 -51.375 -25.21875 3.1875 57.9375 -25.5
 -16793.75 5945.5625 857.7578125 1301.375 2389.625 -3350.0 873.875 -2941.75 -3380.25 -1086.125
 43.0 -36.375 97.59375 259.0 164.375 80.5 -175.5 9.5 -122.0 225.375
 230.0 48.75 -252.15625 -102.5 75.75 143.5 -30.0 21.5 -4.5 -13.0
 -66.5 3.625 19.34375 82.125 -45.5625 57.75 -61.4375 19.625 -80.375 96.5625
 427.0 313.5 -273.765625 -135.25 114.0 74.0 -65.25 17.5 -21.5 25.5
 178.0 160.5 -152.84375 -64.5 88.5 131.5 -17.25 49.0 23.0 -30.0
 1454.0 581.0 -233.5 -8.5 -6.0 256.0 -285.0 -68.0 -240.0 -25.75
 6806.90625 1321.265625 -8605.236328125 5400.125 714.69140625 5789.234375 776.328125 6834.74609375 2042.8984375 -5431.15234375
 -260.0 -946.5 266.9375 612.0 28.0 104.0 -2.5 53.0 -296.0 271.5
 325.0 176.5 -249.75 -37.0 182.0 147.0 -58.75 26.0 -108.5 4.75
 -32.0 429.0 22.5 270.0 -70.0 -60.0 209.0 -126.0 576.0 12.0
 292.0 561.0 -717.1875 -216.0 255.0 182.0 37.0 28.0 -4.0 -79.5
 373.5 109.375 -177.65625 -111.5 90.375 61.5 -64.375 7.0 -10.5 31.875
 394.125 -681.5625 -204.025390625 -380.96875 -125.765625 -162.75 -216.859375 -176.0625 -72.71875 50.125
 1946.0 277.25 106.3671875 150.125 268.0 -90.125 -32.5625 20.5 -151.125 -38.0625
 1318.0 248.0 -365.875 -189.0 127.0 144.0 37.5 16.0 -50.0 3.5
 -7216.4375 7173.875 -798.0 1733.4375 1693.00390625 -5110.5703125 -532.0 1052.0625 -2279.28125 -732.5
 1727.09375 -240.2890625 -154.4912109375 37.2109375 81.43359375 -81.703125 39.52734375 -0.140625 -164.2109375 -59.08203125
 -3680.0 67.0 303.53125 -440.5 107.75 108.0 85.0 233.0 -25.0 360.75
 -986.5 -302.5 -258.53125 -423.875 -490.125 145.25 -21.875 89.75 323.25 256.125
 -133.6875 -149.0625 150.408203125 3.8125 31.625 -0.90625 45.546875 66.125 -125.78125 203.03125
 1151.5 -280.0 -67.609375 17.75 -115.6875 34.875 -43.0625 115.125 26.625 -6.0625
 352.0 426.5 -407.8125 -173.0 145.0 305.0 -82.5 -12.0 -103.0 3.0
 183.0 -303.5 27.9296875 111.625 55.75 59.875 -54.0 47.125 -47.75 138.3125
 -1992.0 -228.0 312.6875 -23.0 -213.5 -211.0 14.5 10.0 83.0 -33.5
 -255.25 404.875 180.97265625 197.3125 288.75 -47.5 38.40625 -115.0 -180.0 -105.5
 682.875 -353.25 407.47265625 283.0 268.15625 272.125 -217.09375 -322.15625 1.75 -157.25
 -1158.1015625 -61.63671875 584.1082763671875 297.58203125 -103.9287109375 235.44921875 226.9248046875 -134.744140625 -96.291015625 -55.51953125
 81328.0 -12076.0 -3302.0 -3352.0 1560.0 -2400.0 -584.0 4840.0 -248.0 -2456.0
 3487.75 1267.6875 -22.91796875 -287.1875 -431.125 -240.625 -961.75 -109.125 -506.375 -395.875
 5654.0 -561.25 468.53125 -108.25 508.75 -275.5 -256.625 283.0 -1009.75 705.0
 50.0 13.5 -126.75 -147.0 110.25 58.0 143.0 106.0 89.5 9.25
 -1240.5 159.5 -62.6640625 -103.5 -25.25 -52.25 -74.0625 32.125 62.375 -1.25
 102.0 -346.0 172.75 87.0 -177.5 70.0 54.0 48.0 -165.0 38.0
 -142.625 231.25 84.017578125 63.0 79.25 14.375 -5.40625 17.46875 -75.9375 -19.03125
 -251.75 192.6875 222.1015625 83.0 195.625 158.5 41.875 306.4375 -183.25 -223.6875
 -1722.75 899.6875 171.4609375 212.5 186.5 -188.375 12.4375 -137.625 -97.625 58.875
 -1906.0 -11056.875 -1286.015625 11157.875 14571.5 -12378.0 -3152.625 2431.375 -3898.25 925.0
 114.0 120.75 -62.71875 42.0 52.75 59.5 6.75 26.25 -16.0 69.75
 -102.0 69.5 -351.90625 -109.0 75.0 144.0 32.0 31.5 -28.0 -17.25
 2283.0 2322.4375 -402.015625 -2560.25 643.5625 382.25 436.875 62.5625 580.75 -123.5625
 1345.25 -479.5 -63.830078125 -227.71875 90.75 141.5 84.390625 -39.53125 19.28125 -62.484375
 284.0 202.5 -313.5 -214.0 213.5 186.0 -75.0 -5.5 -190.0 -34.0
 457.875 8.59375 -13.455078125 42.53125 -51.90625 -105.9375 13.6875 -87.96875 54.6875 -83.234375
 1216.0 -511.875 -151.578125 -176.0 -46.875 65.0 -48.375 69.0 64.0 -108.375
 -17.0 176.75 -225.6953125 -231.75 59.75 118.0 -30.25 -63.125 87.5 -54.375
 -688.0 197.75 -249.5 -130.0 135.25 168.5 -79.25 5.5 -12.5 -10.25
 106.46875 2.2890625 12.41162109375 13.765625 19.265625 -8.59375 -47.6015625 -16.390625 -37.625 6.81640625
 103.875 88.0625 -130.67724609375 17.1875 -77.375 75.375 41.4375 -81.0 -40.625 -4.28125
 -278.0 90.5 -170.65625 -94.0 86.5 111.0 0.5 93.5 -39.0 1.25
 -2736.0 -1675.0 -2861.25 -3889.0 -2498.5 -513.0 318.0 -157.0 1405.0 -947.0
 2332.1875 -520.484375 -1959.916015625 -1790.84375 276.5625 4.90625 119.890625 -567.453125 232.28125 122.6953125
 4628.125 -1581.0625 -97.154296875 -335.5625 -628.0625 1075.0625 -243.453125 799.90625 1020.21875 326.921875
 482.0 118.9375 170.9140625 188.875 48.3125 -60.75 -94.875 -136.625 -109.25 -17.375
 -1058.0 -67.0 -2717.875 -1920.5 -522.5 217.5 -158.0 -321.25 168.5 -214.75
 -67.5625 16.09375 -1.6875 -18.875 62.375 -110.0625 98.5 -5.90625 137.5 12.578125
 -24.0 43.5625 4.439453125 -18.34375 -13.09375 11.6875 28.96875 0.375 5.125 20.90625
 477.0 208.0 19.0 -250.5 -72.5 82.0 -114.25 -116.25 -4.5 4.0
 74.0 274.0 -473.0625 -220.0 64.5 359.0 -85.0 18.5 78.0 -77.0
 273.5 23.375 -132.03125 -43.75 107.125 11.25 68.0 43.5 15.5 57.625
 -366.0 77.375 -54.875 -435.0 -113.0 -261.0 564.0 147.5 465.0 -77.0
 -48.0 -161.0 57.75 524.0 -37.0 -42.0 621.0 115.0 766.0 -488.0
 -822.25 1188.125 148.08984375 153.25 262.9375 -370.0 -189.4375 344.625 -44.875 92.75
 557.0 168.5 -157.59375 -138.5 173.25 159.5 62.0 163.5 -16.0 -44.0
 -3259.5625 1676.625 204.46875 398.1875 438.09375 -350.25 -4.78125 -155.21875 -252.25 -47.90625
 1876.25 -55.75 176.89453125 318.75 130.8125 -14.875 -44.9375 2.78125 -154.125 21.375
 22098.0 -3882.0 -1168.375 167.0 -61.0 -235.0 129.5 175.0 -956.0 -979.0
 121.0 33.6875 -24.0234375 -20.625 10.3125 60.0 -39.8125 38.25 -80.875 16.75
 -1748.25 51.96875 63.9609375 75.125 21.09375 63.125 45.25 20.53125 144.875 56.40625
 377.9375 527.4375 -32.349609375 -957.96875 324.3125 -125.4375 137.09375 234.828125 214.65625 -42.3125
 228.0 70.4140625 -120.3154296875 -30.03125 20.625 29.03125 -35.162109375 -48.5 22.83984375 21.767578125
 -83.75 -9.125 -27.31640625 33.8125 -11.4375 -39.375 -61.1875 -112.3125 98.0 -36.5
 813.0 -94.75 157.1875 171.5 124.5 17.5 161.0 112.25 145.0 -77.25
 -236.875 33.046875 -7.875 -53.625 -10.6875 -19.5625 21.875 -5.40625 17.125 9.625
 972.75 315.0 -468.5 80.0 -191.25 -93.5 114.0 -44.0 -37.0 -109.0
 68.5 18.25 13.390625 93.75 -43.0625 -12.0 50.1875 -4.3125 1.375 -5.5
 -9780.0 -79.25 2121.1953125 4333.875 1140.375 -2453.5 -533.25 570.75 -1440.375 361.9375
 9450.5 6378.0 -1722.40625 -7860.25 784.0 1514.0 710.5 1001.75 2310.0 -276.0
 -617.65625 -217.8515625 171.7685546875 -118.109375 125.6875 70.71875 -172.109375 -81.9609375 37.359375 -145.5078125
 12.0 44.5 -234.4375 0.0 11.5 34.0 168.5 -139.5 431.0 61.0
 144.6875 2.1640625 -63.02783203125 -16.90625 -28.3671875 -33.4453125 29.5859375 -62.0625 33.796875 92.515625
 -369.5 505.875 -370.5078125 -333.5 -257.125 -119.25 -23.0 -290.125 151.25 -119.0
 400.0 63.5 -80.34375 -37.0 82.0 83.5 -64.0 28.5 -85.5 42.25
 178.75 458.1875 -267.40625 -275.625 -500.4375 -369.375 -180.8125 319.5625 -3.25 38.0625
 -647.0 161.0 -476.5625 -254.0 177.0 131.0 -73.5 4.0 26.0 5.5
 370.0 423.5 -207.5 -29.0 130.0 234.0 25.5 65.0 -52.0 -22.5
 1130.25 -456.9375 -155.71484375 -32.875 -107.25 -85.0 -27.5625 99.0 -26.25 -12.5625
 361.0 104.25 -273.4375 -154.5 190.625 124.0 -72.75 -10.0 -23.0 56.125
 88.5 64.3125 -30.234375 27.5 -24.25 68.875 47.625 -26.5 69.0 -44.0625
 -100.625 -46.65625 55.88671875 3.0625 -1.03125 -31.5 12.78125 -21.125 8.8125 -39.1875
 520.5 -31.625 509.625 -37.25 -153.5 72.75 -323.1875 100.375 -257.25 644.6875
 600.0 146.25 -87.640625 -268.0 -33.25 10.75 166.5 51.75 78.5 -56.875
 242.5 646.3125 181.5703125 -342.625 9.0 474.375 208.125 -510.0625 -4.625 -127.4375
 -4361.0 1786.5 338.90625 250.0 35.625 100.5 83.5 -67.0 250.0 255.0
 -3829.0 17258.5 7369.5 7884.0 10174.0 -17124.0 1046.0 -9205.0 -7956.0 -1285.34375
 -1865.6171875 925.6328125 323.2598876953125 152.166015625 333.126953125 29.015625 85.998046875 -192.66796875 -44.0 -10.234375
 1046.75 -271.1875 -272.34765625 375.9375 -384.0625 -388.5 -314.5 407.8125 -59.125 195.8125
 -44927.0 96812.5 -28713.96875 -43633.0 52848.0 22128.0 -13407.0 -11161.0 36220.0 14167.75
 116.5 123.5 -118.25 -30.25 85.0 95.5 -23.375 5.5 -11.25 25.625
 14774.75 -3198.1875 -1100.3154296875 271.3125 -573.40625 437.6875 -473.3984375 183.046875 -144.625 -196.4453125
 102.0 31.25 -40.171875 31.0 -23.5 34.0 34.0 -41.375 48.0 -38.6875
 -986.875 -691.34375 211.61328125 1067.65625 -102.9375 -282.75 -85.71875 -91.84375 -363.125 21.84375
 -141.5 -39.3125 0.1796875 126.125 -30.6875 -33.125 -14.625 -81.6875 12.125 -19.46875
 1024.0 162.5 -476.25 -131.5 123.0 81.0 -45.0 -6.5 1.0 -35.0
 -64.0 116.5 -1138.625 37.0 174.5 -230.0 984.0 -257.0 482.0 -1303.5
 802.0 75.5 -344.21875 -31.0 108.5 100.0 -18.5 41.5 -17.0 -1.75
 364.0 349.0 -445.9375 -127.5 140.5 225.0 -101.5 -3.0 34.5 -4.5
 78.40625 -3004.5 -1509.3095703125 -1463.25 -1520.28125 -590.25 785.421875 -1818.890625 -1044.375 247.8203125
 17.0 -58.0 -204.46875 -41.0 87.25 116.5 -26.25 29.0 -65.0 30.5
 90.5 52.125 -16.265625 59.375 1.0 107.25 -59.5 -11.25 -49.5 18.1875
 1650.0 560.0 -639.46875 -587.0 132.5 139.0 -101.5 -4.5 63.0 -31.875
 430.0 273.5 -240.59375 -31.5 128.25 145.0 -28.0 41.0 14.5 -7.25
 21.625 153.03125 -7.953125 35.4375 -86.625 -55.1875 87.3125 -33.359375 123.625 10.0078125
 314.0 196.25 -178.78125 -70.0 167.25 105.5 -41.5 5.5 -65.5 27.75
 -22.5 -41.375 172.125 -73.25 47.0 -41.0 -136.375 -32.75 -55.25 137.125
 -825.77734375 10.423828125 -129.5509033203125 54.033203125 439.6396484375 -849.296875 -1.517578125 316.19921875 -250.73046875 -54.740234375
 138.25 -0.0625 -67.5 -8.125 30.0 42.0 -30.25 -0.5 3.9375 60.21875
 -380.25 -1.828125 -169.7861328125 100.625 -219.0 -43.59375 -159.1015625 96.578125 46.34375 35.4296875
 244.0 610.0 -48.5 231.0 -90.0 -144.0 217.0 -171.0 590.0 179.5
 56.25 29.6875 -24.453125 80.9375 0.5625 6.0 42.375 10.5 -11.125 -21.4375
 -15944.0 27940.0 3065.25 868.0 10151.0 -11512.0 -1420.0 4364.0 -4406.0 864.0
 130.5 33.0 -58.484375 33.0 73.125 68.0 -34.75 25.25 -69.5 66.75
 -204.0 128.0 -631.5625 153.5 -104.0 9.0 801.0 -34.0 416.0 -1018.5
 174.5 12.875 -71.7578125 -32.75 46.125 -0.375 -41.8125 -9.25 -19.0 9.6875
 -27664.0 2154.0 501.0 -2134.0 -1038.0 1068.0 350.0 294.0 1772.0 1033.0
 1472.0 -101.0 -34.75 -84.0 -25.0 216.0 -10.0 244.0 -186.0 -572.0
 370.0 22.5 -105.65625 -64.5 -37.5 45.0 -222.0 -127.0 -37.0 -3.25
 -726.375 521.53125 143.05859375 221.96875 97.796875 -56.3125 -35.65625 20.84375 -87.9375 39.546875
 -8884.0 -2950.0 891.5625 8882.0 -336.5 -3955.0 -1420.5 175.0 -3394.5 181.75
 214.0 -98.9375 -44.44921875 -15.1875 18.0625 -99.5 72.6875 0.5 -51.625 -43.8125
 -344.0 210.5 -176.71875 -472.0 15.0 -3.0 -363.0 -238.5 278.0 -213.5
 438.75 165.25 14.4765625 142.5 -115.6875 9.0 -24.625 -70.5625 -156.0 -28.625
 371.5 122.5 203.828125 55.0 60.125 68.0 -289.75 141.375 -187.75 695.125
 -392.125 476.5625 -46.00830078125 396.65625 101.13671875 -527.265625 -224.546875 358.3828125 -151.234375 77.51171875
 533.5625 67.84375 323.7451171875 17.578125 -45.71875 -39.8125 -106.640625 3.28125 -181.0625 375.671875
 78.34375 -251.671875 346.541015625 585.18359375 354.03125 -490.578125 701.953125 810.2890625 564.6875 -177.07421875
 -20.0 131.625 265.25 -230.0 -4.75 -97.0 -125.0 8.5 287.0 -392.125
 440.0 -374.0 283.46875 227.5 210.5 -160.0 -130.75 129.5 -201.5 552.25
 -880.0 52.0 60.375 615.0 262.0 60.0 79.0 154.0 -2.0 43.0
 736.0 278.75 -152.71875 -174.5 54.75 186.25 -80.5 -54.75 -67.25 59.75
 94.25 15.6875 78.5859375 101.5 86.5625 -60.125 -134.1875 -4.75 -48.125 66.1875
 -35.0 476.5 331.859375 -355.0 401.25 463.5 262.5 -303.25 54.5 35.5
 4391.625 -1048.4375 66.517578125 135.46875 188.453125 -431.875 -10.78125 -70.59375 -461.46875 -69.46875
 586.0 300.0 -344.875 -324.25 119.25 176.0 -611.5 -45.5 -261.25 34.875
 -762.0 -17.0 15.5 -499.0 242.5 49.0 -288.5 47.0 -155.0 195.0
 88.0 -3.0 -38.984375 62.5 -110.5 29.5 62.75 -64.0 -5.5 74.5
 -232.0 -438.5 108.875 -447.0 193.5 129.0 -327.5 134.0 -13.0 316.0
 690.0 199.0 -288.59375 -59.5 185.0 73.0 -15.5 35.5 -66.5 47.25
 662.0 -371.0 -290.4375 -136.0 4.5 46.0 236.5 -223.0 374.0 -71.25
 114.0 94.0 -139.0 184.0 -29.0 -562.75 190.5703125 560.25 -268.375 84.890625
 19.953125 -0.1875 1.0 -0.125 -0.56640625 0.806640625 -0.2275390625 0.38232421875 0.009765625 -0.193359375
 166.75 134.0 -86.0 -32.0 -128.625 -285.8125 89.9375 326.7265625 -83.53125 53.34375
 92.0 -128.0 19.0 447.0 -91.5 -637.5 237.875 867.0 -446.5 113.6875
 -282.0 139.25 -241.15625 -47.0 58.25 117.5 -12.25 18.75 15.5 -46.5
 -1674.25 1239.0625 -364.484375 184.875 212.8125 -980.0 -264.75 614.75 -154.375 103.0
 2782.375 -55.40625 34.01953125 191.875 55.125 85.625 151.34375 21.0625 -284.1875 187.96875
 81.875 -19.625 -51.83203125 -92.03125 -32.09375 61.9375 -4.609375 -6.5 -4.25 -38.4375
 222.875 218.5 -22.8671875 -83.90625 8.875 67.3125 70.90625 55.84375 -153.5625 33.9375
 99.8125 -86.78125 3.771484375 -19.546875 -5.65625 37.71875 18.59375 27.03125 -58.4375 -19.1015625
 501.5 41.125 26.65625 186.0 -55.75 -24.5 12.625 -154.5 -4.5 -52.625
 328.0 69.5 -309.4375 -3.0 176.0 180.0 142.5 -30.5 18.0 39.25
 88.0 139.5 -287.5 -109.5 179.5 119.0 87.0 58.0 40.0 24.5
 124.0 -268.5 -66.5625 -29.5 0.73828125 -8.84375 8.453125 -7.390625 -9.44140625 -2.984375
 15568.0 1450.0 527.25 2686.0 2649.0 -1726.0 90.0 -684.0 -3072.0 454.0
 654.75 -231.875 -128.70556640625 -18.0 82.4375 -87.5 4.25 -6.75 136.5 85.875
 387.0 -116.375 305.0625 188.25 -8.0 -57.75 3.875 43.375 -10.0 38.375
 -3532.0 544.0 314.796875 30.0 57.5 -18.5 225.75 93.0 271.25 280.75
 -8476.5 -8234.859375 -19759.939453125 -6698.125 -5365.671875 2484.6875 -625.25 -12718.625 -1026.5625 2489.078125
 425.84375 234.65625 471.03125 -233.609375 295.828125 179.59765625 -331.05078125 -123.578125 2.6761474609375 -38.578125
 -1721.75 -143.515625 571.2783203125 708.734375 448.296875 -364.28125 100.203125 -138.953125 -365.4375 -10.53125
 -161.5 12.3125 39.125 62.1875 10.375 -54.0625 7.75 22.3125 42.1875 33.09375
 44.5 90.5 -25.78125 20.0 -8.25 -50.5 42.75 -34.0 79.25 -56.0
 272.5 -181.375 256.359375 46.5 94.0 -18.75 -13.875 162.25 -98.0 142.375
