161.5 -107.03125 -69.6171875 -15.03125 -18.15625 -97.75 27.75 27.0 -67.375 92.03125
 454.625 -209.03125 -245.2109375 2387.625 535.765625 333.9375 627.8125 -339.28125 591.5 239.40625
 -6.875 -2.98828125 52.72265625 -48.609375 4.3125 -82.375 -37.25 -26.65625 133.75 -23.71875
 39.75 64.453125 -28.5078125 -45.625 -32.6875 8.5 132.875 98.625 -41.875 -28.6875
 -259.5 25.0 -541.84375 -440.875 -165.75 -60.5 -190.0 30.5 -65.0 279.5
 6.5 -24.25 38.0078125 61.125 -0.4375 -3.0 0.125 -21.1875 29.5 -36.8125
 29.0 -295.125 -161.5 390.75 100.0 7.375 -706.9375 -314.25 -30.25 88.1875
 -100.5 502.921875 -92.421875 48.375 -61.90625 -18.0 55.125 7.6875 49.0 -43.6875
 -3704.0 -5055.625 2414.0625 -984.5 -3692.75 2850.0 -2032.0 3405.5 -65.0 -535.0
 -1758.75 -921.3828125 528.677734375 -1533.125 -898.8125 73.625 -223.5 -379.15625 -172.1875 -214.25
 104.75 205.234375 -25.7578125 36.875 25.46875 85.75 2.5 4.25 73.375 31.625
 -70.546875 -202.1982421875 13.779296875 -526.90625 -196.60546875 458.375 -504.46875 592.78515625 45.390625 127.5234375
 52.6875 -408.15234375 159.974609375 -18.9609375 -66.15625 58.25 -80.34375 115.609375 -62.09375 47.890625
 136.8125 -448.533203125 175.04296875 -59.0859375 -92.2265625 45.875 -57.34375 150.953125 56.59375 0.7421875
 83.125 71.28125 -25.1962890625 39.78125 -54.34375 0.25 -25.8125 -8.0625 -38.75 51.625
 49.8466796875 -39.00927734375 32.282073974609375 10.197998046875 -32.478759765625 31.65234375 27.4619140625 -71.22607421875 20.43701171875 1.25341796875
 151.75 -79.7734375 -87.5 -73.984375 45.671875 -41.375 -31.5625 61.0625 -91.875 3.5
 -65.125 -152.1796875 128.966796875 -110.21875 -154.8984375 -20.875 12.71875 -168.40625 -32.53125 -23.109375
 -149.625 759.7578125 -126.59765625 70.96875 -132.4375 147.625 151.875 227.4375 11.625 -114.375
 -179.6875 170.375 -256.40625 164.25 -32.28125 -115.5 -77.25 96.375 -243.875 208.4375
 -17.46875 -543.921875 547.375 181.0 18.3125 -67.0 243.125 -184.640625 25.0 110.65625
 43.0 -163.34375 -69.671875 -223.0 73.0 19.0 -14.5 60.0 -114.5 65.125
 -175.59375 -302.853515625 27.8095703125 -47.40625 -194.671875 201.78125 55.125 132.265625 -85.703125 13.7578125
 -16.125 183.6796875 150.3359375 -340.8125 224.0 115.0 172.625 20.0 -35.375 -316.1875
 64.78125 -56.171875 12.29541015625 23.359375 11.71875 4.4375 -5.71875 -10.171875 -19.96875 -3.2265625
 -638.625 94.84375 118.03125 146.9375 -27.0625 -82.25 -273.125 159.0 -40.125 62.375
 0.0 -195.0625 110.5546875 18.5 74.5625 -36.0 16.25 -79.0 160.0 -153.25
 -359.0 -403.375 -347.5625 -119.25 1011.0 -780.0 424.0 -658.25 -319.5 377.0
 -6310.0 5964.0 -2134.90625 -1106.8125 5262.1875 -5329.0 -2779.25 4770.125 -2924.5 -212.625
 37.0 -19.5546875 23.34375 3.8125 -9.375 -43.25 -35.75 -14.5625 87.75 -23.03125
 468.0 -264.5625 20.625 -108.25 -122.125 11.0 38.5 -110.25 -1.5 -71.0
 -308.796875 -29.0205078125 198.12939453125 108.21875 27.8203125 -204.375 -202.25 175.7734375 -136.875 74.5390625
 793.109375 5875.9140625 -237.0 59.25 612.5 -512.0 -500.875 -983.875 -164.0 -782.1875
 34.0 101.75 282.5 -140.0 -312.5 -134.5 861.125 388.5 -69.0 190.0
 60.875 -4.453125 -0.8359375 -41.40625 33.4375 -20.75 1.3125 -23.03125 54.9375 -9.25
 -396.84375 -128.7578125 -65.6826171875 134.625 -91.1484375 -48.25 -102.5625 42.328125 -89.0625 17.421875
 102.3125 -43.19921875 31.73828125 -48.8125 -1.8125 -44.375 -26.0625 14.4375 107.625 -11.234375
 -28.3125 -52.171875 197.3671875 -59.40625 93.859375 168.0 176.3125 2.0625 -164.09375 21.859375
 -138.03125 -182.7890625 -279.390625 -290.7734375 -4.333984375 117.078125 -119.71875 -12.26953125 19.1875 -122.015625
 335.25 394.2109375 -87.12109375 -5.90625 -66.34375 -30.75 156.25 54.875 -63.25 -119.5625
 -92.5 -241.5 -371.03125 -103.625 -51.5 -160.0 92.5 239.0 -149.5 -46.25
 -828.25 -33.34375 227.5078125 -79.875 53.5625 -42.5 -133.75 -96.25 451.25 -212.875
 56.6875 -391.29296875 146.484375 -36.46875 51.28125 -66.25 16.0625 46.53125 131.875 -166.75
 24.375 -73.9453125 109.50390625 40.6875 85.703125 -21.5 -46.8125 -58.0 144.4375 -72.6875
 1039.0 1038.875 -826.21875 249.75 651.0 98.0 367.0 -173.5 149.5 -450.25
 24.875 -103.0390625 -84.140625 -95.0 -12.1875 -64.25 -44.125 25.1875 110.75 -24.1875
 35.396484375 -0.812744140625 4.837646484375 -13.08203125 -11.853515625 -67.2109375 -36.6875 -16.37109375 53.5078125 11.69140625
 -606.0 -911.859375 -23.2265625 42.625 -145.09375 -145.25 103.125 -145.0 236.0 -1.75
 262.4140625 -480.71728515625 62.17724609375 -97.85546875 44.619140625 -74.7265625 -82.5859375 13.953125 -19.203125 -3.146484375
 2376.0 13256.28125 -2034.296875 -1742.75 4083.0 -3623.0 -1284.25 1502.25 -2060.5 -187.75
 289.5 -2.03125 280.578125 110.125 190.375 117.0 -172.25 63.75 480.5 -378.625
 1186.8671875 289.1103515625 -648.13037109375 -2024.6171875 -154.8564453125 291.765625 -425.84765625 973.26953125 -46.046875 -47.443359375
 -70.0 -270.28125 79.421875 -6.0 -64.625 -57.0 -76.5 -69.25 62.5 203.0
 83.9375 -201.30859375 73.173828125 -10.53125 71.984375 -45.78125 2.5625 -24.609375 -10.8125 47.03125
 2678.5 2755.96875 -1556.46875 128.125 823.375 403.0 456.5 -312.5 170.0 -602.875
 -123.25 -3075.515625 -136.2578125 29.5 347.875 -724.25 370.0 -748.75 -81.75 343.4375
 246.5 -81.5625 138.109375 -112.875 137.875 -141.0 -84.0 8.75 266.0 -193.875
 83.0 22.28125 -80.3125 56.375 58.4375 3.0 18.75 35.5 27.25 52.375
 193.5 257.1875 104.68359375 29.75 130.75 141.0 -20.375 -15.25 184.25 -159.5625
 -6.0 101.9609375 -80.146484375 -83.78125 -28.2890625 -55.75 -13.84375 45.046875 -14.375 33.578125
 582.0 152.625 6.140625 -35.125 256.5 -63.0 24.0 -82.25 -90.0 -91.5
 90.125 -119.5 -28.453125 -28.625 -53.0625 -37.0 -40.375 6.875 49.75 15.25
 508.0 226.375 59.75 133.25 -884.875 -624.0 -29.0 -249.5 524.0 197.25
 124.59375 -154.15234375 -56.103515625 -161.53125 50.71875 -104.5 -74.3125 6.59375 103.8125 67.953125
 1269.375 68.140625 -168.296875 -43.9375 201.03125 58.25 52.375 45.625 85.4375 -162.78125
 64.0 -0.625 -65.859375 -93.0 -27.25 1.5 -10.5 83.875 -40.0 10.125
 -1487.46875 -2655.4169921875 1471.216552734375 528.0859375 3200.51953125 -755.953125 -273.765625 -379.0234375 -239.359375 -385.52734375
 -1347.75 412.609375 -39.484375 -89.5625 -792.3125 -855.75 317.75 265.125 621.25 -191.1875
 37.0 6.994140625 10.7041015625 37.0078125 31.296875 45.0 8.1875 -50.265625 1.875 -77.6171875
 384.8125 7.94140625 64.09765625 31.921875 37.0703125 9.125 -16.625 73.6875 -0.5 -32.78125
 -354.125 -1505.3671875 495.978515625 -111.109375 -320.296875 -69.0625 -228.25 312.34375 -85.875 76.71875
 440.75 650.0625 -503.328125 -277.5 -115.4375 -558.75 136.0 525.375 664.75 77.6875
 -2207.625 -1636.0382080078125 -2771.843231201172 -580.9375 -622.7705078125 -238.4658203125 -1508.1455078125 -50.54248046875 -304.85205078125 -1727.740234375
 107.21875 -1.328125 110.17578125 -50.875 42.9375 -83.6875 -40.75 -32.875 165.5625 -103.46875
 -18.5 -107.828125 -135.359375 110.1875 -262.375 147.75 119.75 44.625 -189.0 130.625
 -134.8125 143.5546875 -86.4609375 -114.515625 -108.71875 150.6875 -41.125 74.75 64.875 -86.234375
 -83.03125 49.614013671875 93.7744140625 160.4990234375 -55.6884765625 -46.69921875 17.60546875 112.2421875 -8.072265625 -42.451171875
 265.25 56.53125 -103.359375 -15.0 21.875 -32.5 -12.0 4.25 -67.25 13.3125
 -20.875 31.390625 -37.2578125 -57.9375 19.40625 56.0 -30.625 -29.5625 -82.5 -108.5625
 -483.09375 111.939453125 -24.001953125 487.8515625 19.88671875 86.03125 -277.46875 74.46484375 21.1171875 119.96875
 -454.875 -910.10546875 586.388671875 -2079.515625 -1213.5 335.5 -451.34375 86.4375 -190.125 -227.3125
 16.125 -65.578125 -19.1142578125 3.703125 -24.703125 -1.8125 -40.5625 -40.921875 -19.59375 4.265625
 72.625 -162.7421875 65.15234375 22.125 55.1015625 -70.625 -12.40625 -25.03125 -15.71875 35.6875
 3.375 -662.0546875 66.2724609375 -21.03125 47.2109375 -162.6875 26.59375 28.28125 -72.25 86.875
 63.375 -57.1796875 -48.8046875 13.421875 49.21875 6.5625 -17.40625 19.28125 28.25 -74.5
 -588.796875 74.2998046875 -9.70849609375 -51.0546875 -339.89453125 146.9375 -45.59375 -94.6484375 69.46875 55.40625
 877.375 -139.8125 -144.46875 -155.9375 314.6875 79.0 64.375 42.8125 95.25 -87.3125
 58.125 -18.3046875 10.76953125 -32.296875 57.578125 7.3125 4.28125 -36.09375 -16.75 -26.921875
 121.34375 -3.255859375 0.185546875 0.2890625 -58.1015625 32.34375 -2.34375 -20.703125 -61.25 -2.8671875
 -158.53125 -448.697265625 94.9033203125 -3.53125 -124.21875 166.1875 -24.65625 69.671875 33.46875 71.3515625
 92.625 67.9375 123.630859375 77.21875 51.234375 -47.25 -52.5625 5.40625 98.75 -69.84375
 93.53125 -86.86328125 35.984375 -15.421875 36.390625 11.875 -16.65625 -54.734375 6.3125 -33.1796875
 33.125 -596.1875 100.875 -43.25 -23.71875 -22.875 73.75 44.625 -61.0 90.4375
 3.28125 -46.92578125 -20.32373046875 24.6875 -7.015625 -15.8125 -6.71875 -3.109375 -16.65625 35.046875
 24264.0 -11326.5 5512.875 484.0 -2321.0 7396.0 -8972.0 18292.0 -12.0 -3468.0
 -31736.0 -10234.75 -5246.0625 -7438.5 -5871.25 712.0 5703.0 -13703.0 1293.0 1861.5
 46.25 -151.6484375 93.234375 24.84375 5.25 -68.75 -38.25 -5.5625 109.125 -47.0
 -636.75 -310.73046875 169.646484375 266.25 -5.328125 -126.8125 -95.75 -56.8125 273.0 43.734375
 549.5 289.6875 299.390625 -74.0625 99.125 -2.0 -123.25 -167.875 515.0 -197.9375
 13.75 202.84375 -120.044921875 -45.125 39.71875 -106.0 -87.5 67.0 -140.125 121.53125
 47.91015625 47.489013671875 -174.281982421875 -7.1748046875 232.10205078125 -86.984375 187.990234375 -213.9697265625 -26.357421875 12.8056640625
 29.875 1.4453125 46.8203125 -186.0625 56.28125 -168.75 -86.25 4.9375 189.125 -92.1875
 324.9375 -20.9609375 -54.923828125 -17.6875 -65.75 -17.5 -24.0 -19.25 -31.6875 54.796875
 -42.5 76.3125 -28.171875 -55.75 -80.875 -60.5 -7.0 -25.5 -50.5 -118.375
 122.25 77.75 71.060546875 10.6875 -1.46875 7.5625 -16.0625 -23.75 56.59375 -70.25
 105.625 -112.765625 48.87890625 -96.375 37.625 -44.25 -28.625 -29.625 163.75 -58.5
 727.25 -87.765625 -297.03125 -16.25 -194.0625 65.5 140.75 125.625 -229.0 498.625
 -13588.74609375 -8649.3828125 -15901.945922851562 -559.88671875 -3306.9482421875 -3036.05078125 -7562.54296875 -1557.0380859375 -1949.58984375 -10494.0419921875
 1208.75 785.96875 605.978515625 221.9375 463.0625 -350.0 -83.75 -278.3125 355.25 -404.75
 -22.75 25.640625 -45.203125 -13.5 -44.34375 -66.25 -29.25 -46.75 -80.25 65.375
 -1032.0 55.75 1078.75 -561.0 -1799.5 240.0 268.0 -976.0 664.0 -2181.0
 295.125 -202.828125 57.53125 -322.0 110.75 -206.5 -91.5 -43.0 351.25 -234.5
 183.84375 -462.1875 -94.09375 88.03125 -45.75 -75.125 22.625 70.53125 -173.625 94.84375
 2656.0 -2136.125 311.375 -1140.0 150.5 1209.0 -275.0 166.5 -524.0 295.0
 -2181.4375 -1797.28125 36.154296875 -203.578125 -476.34375 37.9375 395.3125 -798.375 5.8125 157.578125
 73.125 -60.703125 -6.75 -58.453125 19.5 -24.125 -33.8125 -1.28125 19.375 -23.921875
 7353.8515625 5000.390625 -905.453125 1231.8515625 491.0625 934.34375 1531.625 -2352.859375 1107.4375 64.75
 -75.109375 25.9150390625 0.38037109375 -34.86328125 -68.1015625 57.90625 89.78125 114.7109375 14.375 -8.0859375
 -65.625 -71.015625 -72.59765625 -43.1875 -42.265625 -93.375 46.625 115.96875 55.0625 -8.53125
 62.9375 402.1640625 -85.060546875 -23.46875 44.5 -160.0 -7.25 -190.125 -59.0 -26.28125
 295.5 -87.0078125 -41.0703125 -7.28125 -64.875 6.5 90.375 -5.0 -114.125 66.84375
 -288.4375 -133.1015625 289.765625 -72.03125 -377.765625 103.5 -349.25 389.4375 -99.8125 49.03125
 46.75 -97.609375 -235.6796875 -79.0 -4.4375 -24.0 32.75 98.625 -127.0 149.875
 -293.0 -79.78125 6.46875 -94.375 18.1875 212.0 -59.75 -5.625 -153.75 -92.375
 148.5 -471.8125 -198.5625 -137.75 -87.5625 -17.5 23.75 52.5 -147.5 211.75
 339.75 -5707.296875 874.921875 -391.75 58.375 -102.0 -55.5 90.75 -4.5 339.5625
 225.25 261.65625 613.625 1061.96875 -432.9375 -464.5 -234.5 534.625 -167.75 -156.8125
 874.75 374.1845703125 -705.58544921875 -1297.5 2543.166015625 -1386.46875 -761.0859375 1998.484375 -717.703125 -22.4140625
 2288.125 394.1171875 100.81640625 -12.5625 382.3125 44.0 -375.25 916.4375 -141.75 -131.84375
 2269.0 -99.76171875 186.40625 587.53125 -270.0625 2.9375 -865.875 -284.96875 -1011.625 217.921875
 -759.0 103.140625 254.82421875 -13.5625 -216.03125 -187.25 202.4375 9.625 7.0625 -122.90625
 -150.375 -312.2890625 -432.0 -71.828125 -38.21875 37.1875 -16.0 217.71875 -123.75 73.828125
 -534.2421875 -1054.7578125 -23.08740234375 424.2109375 743.234375 -838.296875 33.37109375 -112.31640625 -336.98828125 282.009765625
 376.5 -383.125 -383.015625 -87.125 -275.3125 -184.5 -39.5 115.875 -2.5 71.25
 289.0 -664.96875 227.3203125 68.5 62.375 49.5 204.0 -42.5 -68.0 142.25
 9632.0 -36.0 10476.0 -7232.0 -9736.0 1376.0 1312.0 -15520.0 7696.0 -22680.0
 272.546875 65.255859375 137.28076171875 16.85546875 -22.125 53.875 -133.25 65.84375 -155.59375 32.49609375
 4899.25 13112.3671875 -11189.83984375 4097.0625 -2187.0625 -2743.0 1884.875 4661.34375 -581.4375 2554.21875
 -51.40625 51.0703125 74.47265625 24.5 130.875 -43.6875 -24.75 8.21875 62.9375 -115.9375
 -7.125 -137.7421875 48.40625 -60.3125 -3.3125 -63.625 -2.375 -5.5625 131.75 -21.9375
 828.390625 1208.79345703125 -504.8740234375 286.337890625 645.53125 61.9453125 144.890625 -15.04296875 83.0625 -168.794921875
 -357.96875 -68.75 29.49609375 114.9609375 12.1875 -76.21875 33.875 -76.53125 -34.34375 52.0390625
 451.75 -315.0625 32.0546875 -139.0625 108.75 -3.5 -60.875 15.4375 295.25 -120.375
 61.125 287.8515625 -20.9921875 -58.8125 -22.71875 -228.25 -5.875 82.4375 67.3125 -146.15625
 -131.75 -171.453125 -294.5703125 -219.3125 -11.625 -84.75 283.25 -252.75 237.0 -186.75
 96.625 0.8984375 102.1337890625 147.8125 32.78125 76.375 14.8125 -39.4375 14.25 77.1875
 144.34375 -64.96875 59.69921875 34.5 49.25 77.0 -53.0 29.6875 160.375 -196.6875
 805.875 -666.9609375 947.76953125 -834.8125 774.75 -1103.0 -180.0 215.8125 1159.0 -559.34375
 50.5703125 -58.501953125 1.88818359375 -17.6328125 -31.04296875 -19.9375 -3.6875 -8.8359375 4.9375 -18.86328125
 291.625 8.875 -58.73828125 37.625 -73.53125 11.0 -22.5 -22.125 -57.625 87.125
 -114.0 1373.15625 -80.8125 149.0 121.3125 157.0 79.5 59.0 46.0 -179.125
 -1139.375 -1581.03125 2209.83984375 -814.8359375 1140.3984375 103.375 -449.0625 -825.515625 -58.1875 -594.7734375
 -419.1875 27.75 -145.0390625 123.953125 133.75 -125.3125 171.125 -256.46875 -29.9375 40.671875
 117.0 -3144.25 596.953125 153.25 -30.75 394.0 288.5 -113.25 -300.0 264.25
 32.0 52.1875 59.53125 -327.875 -100.875 -35.0 85.0 327.5 46.0 -473.25
 29.34375 12.921875 -89.375 64.375 -81.25 -102.5 65.5 -24.8125 142.75 71.5625
 -694.5 105.125 -714.390625 401.625 -808.0625 -891.5 94.0 57.875 812.25 255.0
 -175.75 -24.375 -18.1484375 -204.375 158.40625 111.0 -91.625 15.4375 -119.625 -42.25
 -102.375 -128.5625 -147.078125 -6.0 -9.53125 -95.75 -16.375 104.8125 -5.25 39.09375
 -251.25 72.15625 -311.3125 -104.75 -134.1875 -241.75 24.125 165.625 -287.5 111.5
 245.0 67.5625 49.828125 -74.5 285.25 114.0 -45.0 49.5 -39.0 -122.25
 -7200.0 -16522.0 -27645.0 4616.0 7176.0 5536.0 1344.0 26816.0 -3296.0 25072.0
 -24854.0 -8536.625 -4175.25 -7683.0 -5086.0 988.0 6296.0 -15678.0 3452.0 2203.0
 86.125 -124.1875 -61.234375 -128.5625 -154.75 -124.75 127.0 -61.75 -102.75 76.1875
 1525.59375 150.1796875 297.0771484375 -132.234375 420.9609375 -134.1875 0.625 -171.625 -208.0 51.421875
 -315.21875 443.09375 -64.22265625 36.875 -136.6875 113.5625 -41.21875 58.96875 38.4375 -81.59375
 3160.0 978.875 -252.875 -67.5 558.5 36.0 -543.0 -840.0 -1047.0 240.0
 -9.875 19.375 -23.95703125 5.921875 -48.828125 -87.0 32.8125 15.65625 51.5625 13.53125
 793.25 1885.0 -211.96875 4.0 265.9375 43.75 -146.5 -101.75 48.25 -106.5625
 13393.0 -14321.5 4785.0 1587.25 -14930.0 14013.0 7289.0 -13173.5 7709.0 760.75
 303.53125 0.185546875 -112.4814453125 -235.2421875 -38.9921875 -107.28125 30.171875 246.8125 42.8125 117.53125
 -111.375 32.9765625 -126.0234375 75.09375 -73.40625 -214.625 13.375 -70.3125 175.625 81.84375
 368.0 -428.125 -643.5625 564.5 1252.5 788.0 202.0 343.0 -608.0 1492.5
 -163.875 -65.359375 -68.84375 54.0 -39.40625 -32.5 -52.625 18.203125 -70.375 -40.65625
 -9117.75 1409.75 1089.5 -534.5 -358.75 -2866.0 3321.5 -3196.0 3131.0 -1588.5
 100.25 -1.625 77.5625 -11.625 -93.34375 -6.625 -9.0 -48.0625 17.375 2.125
 -5203.5 1061.0625 2518.109375 -8916.6875 -4943.0 -289.5 -2571.0 -200.375 -1861.75 -761.375
 -2241.90625 1748.0263671875 -308.12255859375 1331.1943359375 2085.83837890625 -2115.63671875 -853.220703125 1480.0126953125 -970.314453125 218.1611328125
 -285.84375 -20.0634765625 -169.13525390625 -59.109375 128.498046875 214.9453125 -17.9375 -89.3359375 0.94140625 76.88671875
 -716.0 778.5 3648.75 -153.0 -1976.0 764.0 -72.0 -2264.0 1972.0 -3401.0
 -392.0 1135.0 2356.25 -239.0 538.0 -2160.0 696.0 -1754.0 1392.0 -4614.0
 -122.0 -25.03125 -92.96875 7.875 6.25 26.5 -19.25 -1.625 -38.75 -17.75
 47.375 -154.7890625 9.748046875 -104.25 -83.453125 -87.75 -46.1875 13.65625 85.25 -44.5
 745.0625 -142.5859375 35.939453125 -589.328125 -48.625 240.5625 -246.5625 87.9375 93.25 -26.84375
 416.9375 406.28125 339.8515625 -29.125 -14.1875 306.0 -0.25 -244.375 355.5 -177.375
 159.5 5.8125 28.8515625 19.0 -10.90625 -1.0 -31.0 -29.25 23.0 12.0625
 -36.0625 -481.1015625 133.740234375 -85.8046875 -118.7265625 56.65625 -31.0625 131.515625 69.109375 4.703125
 204.25 -30.484375 16.796875 50.484375 3.390625 -42.875 -44.3125 -54.34375 0.25 45.5625
 288.0 -131.890625 65.26953125 -33.4375 282.9375 188.0 23.75 -107.75 44.25 -145.3125
 209.625 11.484375 17.40625 24.28125 -6.09375 32.25 -5.5 34.25 41.625 23.34375
 -16.90625 -136.80859375 -17.833984375 -56.2265625 81.96875 -9.78125 -103.546875 -49.21875 -20.78125 14.328125
 751.0 226.6875 156.609375 318.5 -18.75 50.0 -567.0 -119.5 2.0 120.25
 776.75 2378.7421875 1466.5859375 928.59375 2057.375 -3265.375 -2413.3125 3468.25 -1877.5625 291.46875
 333.0 4306.40625 -780.0 -97.0 166.4375 -194.0 158.5 -389.25 -43.75 -272.625
 1944.25 -4973.125 2586.5 -9.5 -1931.0 742.0 95.0 272.75 2134.0 -243.796875
 1377.75 19.140625 -213.7265625 -341.375 -64.1875 336.0 60.75 73.875 276.0 -264.5
 2788.9375 477.650390625 -285.146484375 -795.2109375 -1086.6484375 1593.6875 -537.484375 868.46875 661.140625 -801.4921875
 -527.46484375 -192.7291259765625 -167.94778442382812 -211.6328125 -136.03466796875 -155.6953125 -6.2890625 158.478515625 -188.9765625 217.55126953125
 93.9375 5.08984375 38.6552734375 48.078125 6.44140625 -6.34375 -25.2109375 -27.234375 26.65625 -13.478515625
 -1465.25 930.234375 -160.2734375 318.3125 -816.90625 735.375 -287.875 233.0625 465.875 -71.75
 100.625 -12.54296875 21.984375 -15.359375 55.125 12.4375 7.3125 -28.09375 -35.625 -8.765625
 -195.9375 175.087890625 -218.60546875 -67.671875 189.609375 -147.5625 14.125 23.09375 -47.15625 21.5234375
 -75240.0 146094.375 -47896.0625 18992.5 -41903.25 -15556.0 37977.0 50062.0 29982.0 -31875.0
 -0.859375 -34.80859375 32.072265625 -84.140625 16.3359375 -137.6875 39.5 -41.125 160.125 53.9140625
 41.0 11.890625 88.515625 -58.375 195.8125 80.0 -16.25 -42.125 -21.375 33.8125
 71.5 -115.40625 -19.33984375 -12.375 -6.71875 -60.75 -6.25 1.9375 15.0 -20.3125
 41.53125 -62.505859375 115.138671875 -30.59375 -28.2578125 -45.90625 -10.375 -60.5625 145.0625 -1.5703125
 -1542.0 -5080.9453125 1227.765625 -4413.0 -2128.5 584.75 -923.75 581.9375 -246.0 -516.71875
 34.125 -36.79296875 -4.4599609375 12.703125 0.9921875 -19.71875 -28.28125 2.9375 17.75 -26.953125
 89.0 69.84375 49.421875 91.75 -10.25 111.5 50.125 -13.5 -69.125 15.875
 68.125 230.03125 8.078125 358.25 -221.0 37.0 -192.5 -47.75 -375.25 271.75
 -47.5 -108.2421875 160.595703125 38.75 202.59375 -116.25 -5.125 -6.3125 154.75 -107.125
 96.53125 108.478515625 58.4765625 -47.7109375 -73.0078125 23.5 123.6328125 107.361328125 -71.65625 -25.859375
 89.4375 19.4609375 -22.609375 -67.984375 23.71875 -47.4375 -24.375 12.21875 39.25 -35.515625
 148.625 0.6875 -50.99609375 3.78125 21.75 100.5 -53.375 -22.375 -141.125 -63.9375
 -16627.0 -8671.40625 -4905.390625 -1664.125 5207.375 -12252.5 -3387.0 11169.25 -5841.0 2425.875
 -13.375 10.34375 -0.125 45.6171875 -24.0 -31.3515625 28.75 -23.109375 -40.080078125 -8.4375
 -156.0625 -1042.45703125 160.54296875 -193.140625 -177.1328125 54.875 -77.0 78.328125 7.40625 32.796875
 5712.0 -8844.0 -9852.0 2392.0 8432.0 -2624.0 -2720.0 11728.0 -7808.0 16600.0
 34.875 71.28125 -198.61328125 -11.0 116.046875 113.0 5.5 147.09375 -101.25 14.6875
 -16740.5 -9433.625 -4546.5 -7149.25 -3582.125 2074.5 4871.0 -8818.0 1603.0 349.0
 561.75 63.53125 321.1953125 -20.5 -8.25 -52.5 -48.0 -155.875 307.5 -129.25
 60.0625 -38.244140625 -136.240234375 36.96875 -32.3671875 56.90625 -5.265625 74.140625 -79.078125 -53.890625
 158.0 7.921875 57.0234375 -62.96875 48.75 78.375 19.25 50.1875 -57.375 -50.4375
 -59.5 -3148.59375 307.078125 -382.5 -107.5 9.0 165.75 -9.0 -353.5 186.625
 -5274.0 5620.625 -1157.9375 2368.0 -850.25 960.0 -154.0 584.5 2092.0 1106.5
 98.6015625 -94.74462890625 52.736328125 -5.927734375 -27.8115234375 -50.484375 43.0078125 66.71875 47.02734375 -57.099609375
 -46.0 529.63671875 18.775390625 102.953125 37.1171875 25.3125 -49.625 26.875 -48.25 45.96875
 4175.875 2429.1640625 -671.953125 2578.03125 917.09375 985.5 912.5625 -882.09375 847.0625 -12.71875
 -14.125 590.328125 -7.7265625 -94.515625 -107.453125 16.0625 52.625 93.5 100.4375 -160.953125
 16.5 1.421875 -143.8125 -41.1875 165.0625 138.0 -77.25 9.25 -143.5 5.875
 -172.75 457.0390625 -24.068359375 63.453125 5.453125 38.8125 -29.5 -6.71875 4.4375 27.125
 16.0625 -140.58984375 -45.95703125 10.15625 -10.15625 9.0 -35.0 12.34375 -22.75 -21.625
 24591.0 13903.5 6588.03125 8922.0 5506.25 -3486.0 -8234.0 14469.5 -3022.0 -738.5
 39.0 -12.8046875 6.32421875 -36.53125 87.46875 49.125 -32.25 -72.0 -73.125 -48.90625
 -100.125 401.75 1591.0 -1812.3125 -104.5 -498.5 1484.125 1438.375 533.6875 493.8125
 498.0 9.125 -126.625 -21.0 287.5 -22.0 -119.0 -192.0 -256.0 302.5
 1968.0 -2792.125 812.125 735.5 -640.75 -1266.0 -1150.0 -2462.0 1700.0 -520.0
 194.5 342.03125 7.9375 -4.375 194.9375 122.5 11.75 -264.5 31.75 7.75
 222.75 -47.1875 -73.453125 -119.875 -69.59375 -112.75 12.125 8.6875 101.375 -85.59375
 212.0 -28.375 -190.65625 195.0 -226.25 -94.0 -84.0 15.0 93.5 -5.75
 -1022.75 -786.875 246.09375 -945.046875 884.046875 -1185.375 -1356.75 2498.78125 -820.1875 -298.1875
 -430.0 1783.7265625 -96.265625 418.625 132.21875 31.25 -104.25 -148.875 191.5 -165.875
 -377.5 448.296875 -45.8671875 170.0625 49.53125 -445.0 33.75 11.0 515.625 -341.625
 -12.7421875 7.732421875 130.466796875 63.5673828125 10.0849609375 -74.58203125 -104.03125 -52.142578125 11.4609375 -28.4130859375
 58.625 -24.671875 11.181640625 4.234375 33.5234375 13.9375 -13.15625 -27.125 -86.09375 -39.09375
 936.0 2816.0 3258.125 2523.0 406.0 -48.0 -1328.0 -1546.0 2204.0 -1848.0
 50.1875 9.56640625 101.240234375 19.125 71.375 11.25 -65.1875 -32.625 69.875 -70.71875
 280.0 -819.0 -3840.0 59.0 917.0 52.0 16.0 2774.0 -1180.0 3636.0
 4.0 -88.0 -676.0 52.0 448.0 235.0 191.25 697.0 93.25 -44.375
 24.4375 -9.46875 -3.02734375 -5.234375 0.8857421875 -0.5361328125 1.791015625 -1.890625 -0.86474609375 -0.4521484375
 78.0 -79.5 -325.5 43.3125 103.1875 87.78125 72.0625 375.4375 62.640625 -79.21875
 -9.0 -74.0 -343.75 -3.875 70.6875 131.25 89.96875 325.5 57.65625 -61.8125
 232.375 -432.78125 -60.5 -76.75 -154.03125 -71.75 25.75 -58.375 -76.375 131.3125
 565.0 1133.25 -882.5625 -320.5 703.125 741.0 614.5 -475.5 301.0 -289.5
 378.5 -185.578125 -37.8125 -31.0 42.21875 -27.875 12.125 -12.625 -115.0 -3.78125
 65.25 -73.3984375 70.890625 -37.21875 91.15625 54.875 -46.375 -16.8125 -50.0 -16.34375
 -642.5 263.015625 -433.2109375 258.5625 -412.546875 -549.0 188.625 -16.65625 441.3125 168.0
 -30.125 167.9140625 107.220703125 54.125 231.234375 382.5625 -244.8125 -264.25 -481.3125 -46.109375
 776.5 -1251.375 -99.609375 -451.875 308.25 -23.0 165.0 -6.5 -409.75 26.75
 19.375 -246.28125 38.015625 -15.375 237.0625 -74.5 297.25 2.875 131.5 -122.125
 -126.25 -209.4375 102.4296875 -53.6875 57.375 -63.25 -39.75 -29.125 187.25 -93.0
 -50.0 -172.84375 4.796875 -15.234375 4.109375 -6.8359375 6.24560546875 -3.5546875 -3.015625 -0.55859375
 1354.0 -159.296875 -24.3505859375 -481.375 501.5 -824.75 6.5 -97.375 96.0 -276.25
 806.25 -307.640625 -945.984375 -39.875 -52.8125 192.5 -63.0 379.25 -577.0 297.3125
 -384.75 -274.0078125 266.203125 -101.375 217.21875 -152.25 -46.25 -59.375 397.25 -241.1875
 -41.0 1267.65625 -319.40625 -190.25 -395.625 20.0 255.0 381.25 210.0 63.375
 -3688.0 -2500.529296875 2139.92578125 -90.3125 -842.5859375 -142.84375 -389.90625 -1529.7734375 -353.8125 -666.9140625
 49.28515625 3.790283203125 -127.3203125 -44.8056640625 -8.556442260742188 -55.7021484375 11.93310546875 -9.650390625 -4.13720703125 -48.8662109375
 -133.48046875 588.548095703125 -179.65869140625 -402.4990234375 94.73046875 -200.0703125 -172.8515625 185.13671875 -178.404296875 -43.5029296875
 153.5625 -58.244140625 63.6552734375 -31.1875 80.1484375 32.125 20.0625 67.40625 45.4375 -69.53125
 172.375 68.0390625 118.484375 -2.640625 23.234375 17.0 8.375 -125.5 -3.75 8.8125
 146.0 38.65625 60.328125 28.25 -58.625 -22.0 -94.5 -111.0 58.0 -109.375
