911.0 469.875 -551.875 -241.0 305.8125 -124.5 -192.0 -98.5 233.5 -76.25
 -3309.2890625 194.6796875 507.00390625 1094.27734375 151.546875 -417.640625 -140.84375 -297.4453125 -514.921875 41.66796875
 2241.0 772.75 -792.5625 -490.5 14.5 739.0 -998.0 -891.0 325.0 -461.0
 73.25 12.875 33.40625 -13.3125 -59.9375 3.5 41.65625 -25.375 -4.125 -10.0625
 514.0 -315.375 -292.5 -39.5 -66.625 175.0 -252.6875 -94.5 -313.25 -55.75
 -1117.5 -838.5 903.625 163.0 -658.25 172.5 413.5 68.0 65.0 391.0
 112.0 -171.5 152.0 -8.0 -324.0 -2100.0 -1366.0 -3149.5 2137.0 -558.25
 -508.25 -110.65625 7.625 -106.5625 -100.6875 78.625 -49.8125 30.625 24.125 42.40625
 10097.5 -575.75 -1819.75 2858.375 -2400.6875 -2211.0 -1641.0 3445.5 3212.0 1189.625
 208.296875 -1025.87109375 1286.392578125 1036.859375 -154.10546875 1090.03125 197.0625 -335.46875 -19.234375 -25.25
 -584.0 90.0 -230.5 1534.0 -112.0 122.0 1434.0 176.0 274.0 811.0
 1062.40625 -12002.796875 18815.232421875 1863.8828125 -9205.607421875 -1267.7421875 -11696.80859375 1503.1640625 7918.0625 9269.8828125
 3634.375 -1976.0 -1061.015625 257.3125 -955.03125 141.875 -205.71875 787.375 536.0 113.25
 -200.625 -1094.0625 -454.1796875 -228.4375 -231.578125 101.0 125.6875 -47.375 76.0625 9.0625
 236.25 122.28125 -231.25 -5.75 195.34375 6.0 -107.0 -13.125 35.5 -35.375
 -132.15234375 97.3388671875 -24.70849609375 115.220703125 11.29296875 -91.697265625 -39.42333984375 -10.27734375 -63.755859375 2.5029296875
 -278.0 205.125 -70.265625 -148.125 206.875 219.25 -279.0 -122.5 71.5 -61.0
 223.75 -1508.25 329.140625 254.0625 -113.8125 -806.5 14.453125 597.5 83.4375 -236.0625
 3739.5 -1513.0 -693.75 754.5 120.0 42.5 -72.1875 143.0 -518.75 95.5
 1642.0 -122.0 -1874.5 -1221.0 696.5 1255.0 -1214.0 -536.0 739.0 -920.5
 -3136.73828125 -16.0625 -259.0625 -98.875 -504.71875 163.625 137.5 127.875 375.0 149.1484375
 11520.0 952.0 -1698.5 1614.0 1924.0 998.0 1339.0 -56.0 -894.0 2275.0
 -1895.0 1720.75 618.5 -302.0 384.5 178.5 -31.125 -27.0 -152.5 -423.25
 1950.5 414.0 434.6875 -257.0 284.0 -80.0 -113.0 266.0 235.5 -170.75
 670.5 94.75 -203.76953125 -161.375 -1.09375 52.25 -98.875 -62.75 84.0 -87.875
 -754.5 309.75 367.5 -501.875 461.3125 230.25 -4.71875 56.375 137.0625 156.5625
 -483.5 311.875 -653.78125 -324.0 -180.25 -90.5 -109.125 -222.0 166.5 -172.5
 -1844.0 45.125 -50.578125 -56.0 -298.625 61.25 -140.0 138.25 -64.5 -9.75
 -992.375 -1174.53125 153.484375 -506.6875 299.84375 245.5 395.109375 -288.75 6.9375 -60.1875
 221.25 182.8125 -298.0625 -254.75 118.1875 97.0 -198.75 -159.0 118.5 -64.875
 111.75 77.1875 -305.109375 34.75 52.75 216.375 -86.21875 24.375 -8.75 -121.09375
 1424.75 903.71875 -363.2578125 1157.6875 -202.265625 -1189.1875 -470.0 427.375 -309.75 -148.34375
 4970.0 -2280.0625 -998.75 181.0 -597.4375 -159.75 -96.25 205.75 -242.0 96.0
 115.625 -85.625 338.96875 109.125 -142.6328125 -138.3359375 -410.203125 -279.7734375 -129.28125 -72.21875
 1159.875 272.125 -351.71875 -119.125 256.4375 124.5 -313.25 -90.0 11.75 -79.125
 -1317.0 -1211.9375 -64.484375 -185.25 -1059.0 136.5 -121.5 636.5 -45.75 314.5
 1700.0 360.75 -467.0625 -234.5 210.625 -80.0 -63.25 -101.0 141.5 39.25
 462.5625 97.96875 17.8046875 13.375 13.453125 51.3125 91.0390625 43.75 -139.84375 165.796875
 -782.9375 -39.71875 137.904296875 -556.4609375 317.4921875 -8.1015625 42.83203125 -283.984375 -25.9921875 125.880859375
 -2742.0 742.75 458.0625 -219.5 -209.0 51.0 105.4375 450.0 -2.25 152.5
 -498.0 107.625 518.15625 540.5 -154.75 25.0 210.5 181.0 -279.5 331.25
 3635.0 233.625 -667.65625 -912.0 77.6875 749.5 -1241.75 -617.0 95.0 -349.5
 490.0 -27.75 -330.140625 -164.0 166.375 56.75 -81.375 -96.0 268.5 -44.25
 -519.25 -349.625 194.84375 203.25 -110.0 -6.0 116.875 50.25 -117.0 63.375
 -377.25 -334.625 777.21875 -754.875 979.4375 830.25 831.375 -1009.0 -148.0 -7.8125
 -48.25 -296.25 99.390625 211.75 -98.84375 -162.0 295.1875 184.75 -147.5 112.375
 28.421875 2.17578125 6.3837890625 38.2109375 -4.576171875 -35.9921875 17.43359375 -57.265625 45.3359375 -21.890625
 3280.875 -1543.671875 -760.671875 337.6875 -664.125 -22.625 -124.5546875 329.8125 410.90625 72.5
 176.0 -638.78125 -341.5625 125.8125 -274.984375 89.375 31.34375 326.1875 100.625 12.28125
 -215.5625 -345.484375 252.765625 -6.6875 8.984375 111.46875 33.078125 60.9375 96.6875 2.296875
 407.125 164.5625 -275.078125 -210.75 142.8125 219.75 -147.75 -176.0 187.25 -221.0
 5740.15625 174.84375 5431.59375 1460.234375 284.765625 300.0 368.46875 2635.09375 1152.875 -1025.921875
 48.0 -74.25 -285.6875 157.0 160.1875 -103.0 86.1875 2.5 -67.25 16.125
 1436.125 123.4375 147.265625 253.375 225.46875 -63.5 -119.65625 -90.0 -145.75 -21.25
 -1363.5 -557.375 252.8125 -699.0 908.0625 -97.75 378.0625 -520.5 -631.75 55.25
 24748.0 -8768.0 -6646.0 2284.0 -4714.0 -1134.0 -2751.25 4718.0 2742.0 -567.0
 2333.0 506.125 -542.90625 -287.0 -173.625 236.0 -280.5 -116.0 253.0 -69.25
 -120.5 -61.5 -14.90625 109.5625 7.625 -138.25 71.546875 2.25 96.5 24.6875
 -695.5 -725.25 705.5 60.5 -753.75 -175.0 276.75 4.0 -475.0 216.0
 764.0 100.0 -1085.0 -32.5 911.5 -248.0 -112.25 -136.0 -28.5 -147.5
 740.0 -97.0 192.0625 447.0 226.0 -9.0 -170.75 -80.0 -338.0 -163.5
 88.0 932.75 -825.5625 -368.0 407.25 43.5 -402.0 -365.0 300.0 -234.75
 -85.0 -101.75 51.0 329.5 204.625 -91.0 179.1875 -55.0 173.5 -132.25
 667.0 217.875 -379.125 -192.25 3.5 226.0 -389.125 -149.0 -42.0 -155.875
 -2426.0 979.75 571.65625 -381.75 541.875 263.0 90.625 -257.25 -182.0 66.375
 341.5 1036.5 -786.4375 -405.5 131.25 560.5 -789.5 -266.0 477.0 -238.0
 4228.0625 -8578.8515625 -5866.71484375 4350.5625 8638.78125 -7472.46875 -3619.03125 936.53125 -1196.21875 1105.59375
 1018.0 -134.0 -110.25 -84.0 31.75 234.0 134.75 221.0 -224.0 85.0
 161.9375 -78.625 92.203125 -33.96875 -9.28125 53.3125 80.3671875 20.9375 14.5 98.390625
 -71.09375 466.8984375 25.568359375 52.2578125 26.46875 -137.34375 -66.4140625 71.4375 -8.90625 -4.109375
 2160.75 170.71875 -111.171875 216.5625 -2.0 -499.875 -191.90625 264.75 113.3125 15.34375
 -34.0 -425.0 725.875 183.0 212.75 -245.0 -4.5 -17.0 -5.0 169.5
 -3971.203125 -630.708984375 2683.36865234375 -4174.75390625 1834.935546875 -877.01171875 502.7255859375 -2441.7421875 -594.88671875 1427.625
 1204.0 109.0 -441.25 -280.75 159.96875 130.5 -318.25 -205.25 94.0 -116.0
 841.0 -542.25 848.8125 906.75 -216.8125 -497.0 888.5 213.5 -278.5 400.5
 1867.375 -1.28125 305.78125 179.4375 88.625 -22.5625 56.375 19.0 229.125 235.65625
 481.96875 487.96875 -236.166015625 -157.4765625 -203.4921875 -382.2890625 197.068359375 233.75 -3.59375 180.62109375
 801.25 255.625 -274.921875 -208.0 183.25 55.0 -19.0 -72.0 272.5 -180.5
 315.75 -116.8125 -43.109375 -63.5 -35.125 7.875 -50.390625 44.625 -29.5 -245.1875
 -1325.0 36.234375 -318.140625 -495.015625 -114.94140625 -226.078125 -185.46875 158.15625 185.65625 -132.109375
 -418.4765625 -1353.0625 -409.693359375 -154.658203125 -520.6533203125 406.2578125 110.43701171875 -112.18359375 187.5546875 -12.154296875
 1245.5 170.8125 -276.9375 -177.0 175.75 139.75 -263.5 -121.75 80.0 -48.25
 -1081.5 -29.375 -269.28125 -367.0 -80.625 -69.75 169.5 -14.25 338.0 -218.75
 -793.625 1050.6875 79.556640625 -98.3125 708.984375 -389.125 56.9375 -458.625 -67.25 -190.5625
 -2977.0 -313.5 1168.4375 865.0 -556.0 12.0 518.5 460.0 -463.0 384.0
 -3308.0 936.71875 813.515625 -462.6875 169.34375 962.0 161.78125 -238.8125 471.8125 227.75
 2116.375 -1240.78125 -384.8984375 219.875 -366.375 23.6875 -55.0625 82.375 10.9375 -105.125
 197.40625 81.546875 72.51171875 -2.34375 36.96484375 -20.265625 24.0859375 43.34375 -77.71875 -4.0390625
 2542.0 959.25 -1348.125 -816.5 572.0 -76.0 -639.0 -310.0 146.5 -461.25
 21644.0 -8452.0 -3614.25 1152.0 -1725.5 -1012.0 738.5 442.0 868.0 128.0
 1576.75 146.5625 -190.765625 -33.25 194.46875 15.5 -115.0 -49.0 50.0 -112.875
 308.75 12.1875 45.765625 7.25 17.1875 -0.875 -3.4375 69.5 -41.5 -54.1875
 -14592.0 -3176.0 399.0 1040.0 -5718.0 2240.0 1089.0 3600.0 3360.0 2080.0
 -152.75 221.25 -374.53125 -216.75 236.0 117.25 -374.875 -287.75 -37.0 -162.375
 39248.0 -7618.0 -12965.75 16840.0 -14265.0 -13428.0 -5821.5 5112.0 -22.0 -4170.0
 -4814.5 2249.625 556.3125 1290.3125 -23.6875 -563.75 -66.515625 -630.5 -759.5 -188.5
 2250.0 556.875 -894.21875 -54.0 512.75 -429.5 -148.25 -154.0 -174.5 -242.5
 -1884.375 -59.828125 -90.3125 -186.078125 -177.734375 -8.78125 59.0078125 -60.40625 352.53125 151.109375
 337.5 -112.8125 200.5859375 11.53125 -54.8125 -86.5625 99.984375 1.0 2.875 103.625
 631.0 558.0 -1058.6875 -633.0 -216.5 710.0 -1348.5 -1112.0 -190.0 -856.5
 -1914.0 -896.375 83.65625 -665.375 55.1875 744.5 478.1875 -638.25 -32.75 12.875
 -2776.0 2041.5 -2429.0 -920.0 1998.0 128.0 -1307.0 -734.0 744.0 -458.0
 -67.75 216.6875 -306.84375 -272.75 382.25 316.5 -414.75 -183.0 125.0 -242.375
 342.5 -318.125 -78.625 36.5 -227.5 121.75 301.25 40.5 73.75 -174.25
 114.25 -116.25 159.1875 228.75 25.4375 -42.25 111.25 156.25 -195.0 66.75
 1951.5 376.25 -706.84375 66.0 462.75 -141.0 -149.0 -58.0 241.5 -81.0
 2428.5 -865.875 750.3125 376.0 -468.5 -325.0 782.25 224.5 149.0 85.25
 28825.203125 -216.68359375 -16380.7158203125 35210.0703125 -18547.65625 6239.953125 -6622.314453125 21266.8984375 5941.578125 -10615.4609375
 -156.0 597.5 -399.8125 -347.0 292.5 273.5 -250.5 -108.0 467.0 -239.5
 944.5 400.25 -164.75 -232.5 263.125 355.0 -428.375 -175.5 88.0 -114.25
 -19.6875 57.71875 -68.2265625 138.78125 38.3125 -107.625 193.3828125 -77.875 165.46875 114.71875
 458.0 753.0 -934.3125 -821.0 455.75 123.0 -878.0 -590.0 271.0 -363.5
 319.75 202.375 -163.8125 -152.25 101.5 91.5 -162.625 -108.5 128.5 -41.75
 1724.0 -1594.0 -649.25 250.25 -242.0 -39.5 -15.25 -25.0 224.0 180.25
 -2650.75 -486.9375 -452.109375 -208.5 -476.5625 -20.25 -34.125 -275.0 -146.75 -36.75
 145.5 69.78125 -95.84375 -13.5 20.28125 -63.625 -20.875 -3.25 -60.125 32.125
 -2613.1015625 6804.96875 2417.0625 -2543.125 3580.734375 -1281.71875 -529.25 2042.890625 74.1875 1359.375
 -4230.5 3340.75 1491.875 171.25 1314.75 -321.0 311.875 -585.0 -682.25 69.5
 -460.5 -23.0 267.8125 25.25 -91.25 45.75 -85.25 96.5 -122.5 115.875
 -2200.75 2190.5 880.53125 67.25 885.875 -128.5 275.8125 -341.25 -303.25 -41.375
 -1355.75 95.9375 188.828125 -156.125 -184.875 -106.25 45.5625 6.0 145.75 -59.25
 -430.25 -941.0 52.0625 -668.25 34.8125 472.0 369.5625 -622.5 -9.0 -19.625
 349.3125 96.75 299.55859375 153.75 -93.34375 -158.0625 95.6875 68.9375 -93.75 193.3125
 504.0 185.125 -88.71875 178.75 206.875 -68.0 94.09375 67.0 82.0 46.625
 -496.0 -642.0 2201.625 1406.0 -739.0 -382.0 1071.5 530.0 -794.0 599.0
 -1455.25 64.125 87.875 -180.6875 -74.21875 186.125 -124.625 -27.875 -73.375 16.0625
 483.1875 238.890625 -38.15625 -113.078125 -99.7265625 -149.5625 -51.3046875 69.6875 -64.375 31.859375
 -1845.625 5139.09375 3324.40625 -4781.59375 -4546.734375 4495.0 2864.3359375 -484.4375 1035.8125 -858.59375
 21550.0 -6828.5 -7597.5 7843.5 -10164.25 -5940.0 -4906.0 6004.0 2879.0 -1196.5
 14847.917071264383 3544.2709007838857 1832.931108396595 -2557.7882920714474 -1504.3373591662094 -1264.7163884015754 -5163.489282361115 -652.0521706749278 -2607.5947288418974 -1377.6987378629638
 -203.5 -78.75 -127.59375 -111.75 -5.78125 123.25 -142.65625 -98.25 -1.5 -25.5625
 186.0 -320.0 215.5625 -84.0 104.125 67.75 -102.125 107.5 -4.0 108.375
 3452.0 464.0 92.25 1458.0 -535.75 -136.0 -99.0 1702.0 575.0 538.5
 817.0 582.625 112.375 -539.5 -238.75 363.0 -467.25 -49.0 146.0 -445.0
 149.875 399.65625 159.1796875 68.21875 148.0 16.0 -29.65625 48.0 -91.8125 47.09375
 -277.0 -173.5 368.25 -52.5 263.75 121.0 -412.625 295.0 -431.5 88.5
 -13022.0 7547.75 3147.375 -884.75 2755.75 -671.0 382.125 -1868.5 -1567.5 -499.5
 21548.6875 -54912.0859375 -38421.056640625 29920.109375 56671.9765625 -46221.8125 -23010.265625 3632.25 -8526.375 7684.4375
 -44.0 -43.6875 -518.4375 -93.5 181.1875 98.75 -289.25 -126.25 0.0 -5.0
 93.75 -31.0 -195.8203125 23.25 -13.75 5.25 27.6875 -102.5 113.0 3.625
 -15380.0 1354.5 2362.625 -13467.0 7740.875 1438.0 3859.625 -1738.0 2017.5 -431.25
 -1142.75 -218.8125 -61.265625 -393.375 154.90625 212.0 96.140625 -138.125 -47.6875 58.625
 2931.0 850.5 -819.4375 -460.0 10.25 1124.0 -1169.0 -651.0 446.0 -631.0
 1476.25 289.0 323.0625 -85.75 -41.5 -331.0 -12.34375 -26.0 -130.25 87.8125
 -1533.25 1650.875 699.734375 -91.0625 748.15625 -235.375 199.515625 -455.375 -149.71875 -44.875
 -934.0 -228.5 896.625 637.5 -552.0 -252.0 653.75 426.0 -450.0 342.0
 637.0 119.84375 -179.08203125 -51.0 158.875 86.375 -176.5 -29.75 -44.625 36.21875
 1.75 4.0 295.125 201.5625 62.96875 -136.25 -98.1875 82.625 -50.0 186.625
 89.25 -5.875 -906.921875 154.5 500.625 1037.0 -389.25 760.25 -955.5 -231.5
 5576.0 1003.0 -2273.0 -1490.0 924.5 -10.0 -1115.0 -1392.0 670.0 -997.0
 1836.0 -97.0 -99.0 645.0 265.0 -160.0 446.5 0.0 -50.0 51.0
 -2487.625 6219.875 3913.453125 -3972.875 -7011.84375 4717.875 2774.34375 38.25 1058.25 -1021.6875
 525.75 240.6875 -3.734375 185.1875 175.21875 -342.375 -26.328125 -47.875 -239.375 -129.5
 -411.5 309.0 103.4296875 -43.8125 74.0 -0.875 -24.15625 52.5 -83.1875 59.78125
 4193.0 -480.625 -238.90625 170.375 78.9375 -587.25 -678.8125 323.25 -383.0 -1298.0
 163.8828125 122.265625 -97.953125 127.0625 51.26171875 38.875 36.9375 46.484375 -93.5 72.0
 38.5 124.5625 -28.65625 -85.625 64.0625 156.5 64.9375 -42.25 80.875 -79.8125
 -2428.0 -1440.0 4737.0 -1228.0 -762.0 -872.0 -1952.0 2860.0 -3818.0 -3256.0
 -195.0 193.75 -322.296875 -157.75 101.0 84.0 -175.875 -195.0 79.5 1.375
 982.0 93.8125 -70.09375 -125.5 10.5 186.25 -345.875 -130.0 -199.0 -32.25
 597.75 232.875 -482.7109375 -177.75 292.15625 323.25 -395.625 9.25 -163.5 358.625
 824.0 305.0 28.0 300.0 -403.5 216.0 267.25 -104.0 -6.0 247.0
 7025.0 -4.5 -897.40625 1149.75 -1164.4375 -1332.5 -1348.4375 2061.25 902.5 333.5
 -4526.5 -862.0 1343.8125 866.5 51.75 -81.0 729.0 601.0 -626.0 283.5
 -488.6875 1590.67578125 359.8062744140625 370.546875 664.78515625 -196.328125 9.1484375 -152.46875 -207.96875 59.890625
 -877.375 933.40625 314.0625 29.8125 334.25 -7.875 -90.65625 -75.6875 -150.8125 11.75
 -2198.25 438.75 157.140625 79.0625 137.375 292.875 -424.375 15.875 -122.25 -87.1875
 85.0625 51.0 -18.640625 3.34375 -12.59375 -50.9375 -36.9765625 -10.1875 -55.8125 -15.03125
 -1056.5 93.625 151.0 -21.5 79.6875 234.5 -301.625 62.25 -184.0 -258.75
 5223.0 -341.375 -455.09375 4167.5 -3146.9375 683.625 -1256.28125 479.25 -162.875 202.3125
 105.5625 26.84375 -127.25390625 124.71875 87.734375 106.65625 -54.8203125 -102.0 -60.875 115.53125
 260.5 164.28125 51.765625 -58.375 -0.46875 -67.375 154.96875 -44.0 156.1875 -30.0625
 184.0 36.875 -64.9375 66.75 3.1875 -47.75 143.96875 -95.75 125.0 -4.5625
 10481.3125 857.0 -634.5 -552.0 825.5 104.0 198.0 364.0 228.0 -1599.5
 53.3125 208.25 -322.875 -43.5 99.46875 173.875 -122.5 -199.4375 161.25 -55.375
 95.5 -2.5 -23.1875 129.25 -4.25 90.0 216.8125 289.5 -145.0 -50.25
 4102.59375 -600.296875 -825.171875 -951.015625 -312.53515625 22.109375 -135.53515625 768.890625 667.984375 -22.15625
 1333.0 1961.375 -18.25 1214.5 -761.8125 -508.75 -871.3125 790.5 138.375 178.4375
 -1554.78125 -472.17578125 -37.248046875 -164.90625 144.94921875 277.765625 -192.380859375 3.90625 93.609375 -164.14453125
 92.0 38.0 79.0 70.0 -45.4375 9.5 93.8125 58.5 -70.75 -25.5
 253.5 -83.375 -249.90625 35.25 -9.375 -39.75 167.40625 -105.75 124.5 20.25
 21.0 -40.0 81.1875 22.25 -33.125 -132.0 -14.625 -111.5 69.5 -73.75
 -237.0 561.75 -727.3125 -220.0 252.125 -75.0 -233.5 -254.0 183.5 -81.0
 1284.1875 -237.25 341.3828125 704.96875 479.734375 843.0 -174.4921875 -436.875 100.5625 167.5625
 329.5 136.3125 -34.375 -271.375 35.828125 -10.625 -183.8125 -21.125 -70.25 -75.125
 1161.0 745.75 -967.75 -432.5 303.875 260.0 -517.5 -156.0 413.0 -298.0
 -594.625 850.390625 291.8984375 122.59375 320.5625 -133.4375 -46.421875 -123.75 -149.5625 -15.90625
 1425.0 750.5 -995.9375 -880.0 258.0 366.0 -860.0 -678.0 52.0 -660.0
 -140.25 -296.125 12.25 492.5 76.0 -172.0 311.0 -149.5 377.0 -17.5
 -1.375 -2.25 -74.9609375 -22.71875 22.0 43.4375 -24.328125 -6.9375 -51.28125 -10.625
 150.5 -130.5 273.375 -11.5 -184.375 -317.0 230.5625 -63.0 193.0 -8.75
 68.25 -150.21875 152.31640625 -39.125 70.6953125 -163.3125 -16.640625 -83.625 104.5 109.9375
 -1584.34375 5024.171875 1141.763671875 3725.3046875 330.97265625 -2995.578125 -1243.69921875 180.734375 -1617.328125 -117.10546875
 -9216.0 9202.0 3925.5 586.0 3614.5 -1138.0 1481.75 -1890.0 -632.0 305.0
 9542.58154296875 -3592.45703125 -2065.69140625 25.203125 63.494140625 -555.3125 90.359375 -46.4375 -434.421875 -526.8485107421875
 -830.0 115.5625 -17.015625 73.875 92.40625 -297.25 2.8125 -98.0 -143.625 -13.1875
 3854.0 -1336.5 307.5 -114.0 135.75 946.0 609.625 -166.0 666.0 240.0
 -814.015625 -699.25 640.771484375 8.359375 -397.05859375 -400.875 178.1328125 99.21875 -313.203125 -180.015625
 511.75 217.4375 -174.123046875 -115.25 107.84375 171.0 -197.875 -71.0 92.0 -107.4375
 -13768.0 8000.0 2526.5 330.0 1027.0 1588.0 60.5 196.0 -324.0 714.0
 139.625 -204.125 -83.96875 101.625 59.328125 -105.625 196.125 -72.125 119.5 50.0625
 46.3125 -174.125 52.5390625 -602.578125 -64.109375 335.90625 124.6875 39.125 351.59375 0.265625
 -384.5 160.75 164.59375 -16.5 -2.1875 -11.5 21.875 98.25 -153.75 302.75
 717.75 286.25 -317.046875 176.5 376.375 -186.5 270.25 -31.5 279.5 46.75
 67.375 -86.03125 30.484375 31.125 -68.96875 -92.125 -3.578125 40.75 86.875 -27.71875
 494.0 326.5 -633.125 -415.0 445.75 173.0 -406.25 -481.0 254.0 -177.75
 212.5 375.0 -835.5625 -213.0 235.75 367.0 -581.75 -577.0 236.0 -235.75
 2257.25 -10937.0625 -3321.484375 -609.0 -2331.3125 2203.5625 1650.1875 -2951.875 -1054.75 450.40625
 1673.0 277.25 -677.0 -392.0 418.5 209.5 -578.5 -328.0 2.0 -449.5
 386.25 245.125 -271.9375 -170.5 96.625 310.0 -137.75 -183.5 300.0 -111.25
 750.5 486.5 -725.25 -317.0 5.5 515.0 -820.0 -447.0 -44.5 -368.5
 84.0 -150.625 1.3125 156.0 3.1875 41.25 1.0 6.75 -150.75 73.0
 1394.671875 -1383.0 850.0 892.0 -4.0 -584.0 2052.0 2512.0 -1936.0 3447.0
 525.5 499.0 -339.859375 -121.0 107.8125 180.75 -276.125 -159.25 27.25 -104.375
 177.125 87.8125 49.6875 -10.0 -9.46875 -96.375 34.796875 -70.375 80.3125 40.09375
 -222.5 -7823.390625 14857.8671875 17242.125 -1586.2421875 -266.1875 -1578.0625 3746.375 -911.28125 -1276.25
 79.75 36.75 -29.5 -29.75 3.25 162.375 -85.375 112.875 -264.453125 88.0
 -2114.25 -278.75 -103.984375 -300.0 -96.1875 -30.75 45.484375 -274.0 -283.875 -119.6875
 183.0 -45.0 -144.125 110.5 -63.4375 -126.25 227.0625 -139.5 182.0 -14.25
 221.5 -6.6875 222.25 -182.75 -76.4375 415.0 -188.75 78.5 -137.0 -99.0
 -1993.5 2177.5 395.9375 431.125 17.0 -292.75 -224.59375 202.25 -138.75 -1.75
 274.25 -18.5625 -12.0703125 106.09375 32.15625 -7.875 74.46875 4.75 24.875 99.1875
 112.5 50.875 63.28125 -77.25 -54.8125 -74.0 -24.71875 -12.5 31.75 -30.125
 49.5 -29.5 -225.1875 26.25 266.0 142.0 -183.3125 -92.0 -28.0 -34.0
 -2132.875 220.3125 175.84375 -339.1875 -161.5 24.25 -141.4375 -11.375 177.0 31.125
 -312.0 -51.0 65.5 -173.5 -133.0 -59.0 90.625 193.0 26.5 -204.75
 442.0 612.5 -273.6875 -17.75 61.625 191.5 -669.9375 -168.0 -218.5 -63.5
 -297.125 -73.125 -51.546875 24.75 -35.453125 45.75 -58.5625 37.125 55.125 50.59375
 -9.5 -2058.0 232.40625 -4528.25 3800.4375 142.0 2487.4375 -1417.0 -492.75 -359.75
 187.75 1361.0625 600.84375 453.25 536.5 -100.25 354.0 -188.5 113.25 -24.875
 145.25 147.9765625 44.0703125 37.1640625 52.91796875 -22.515625 -12.37890625 24.484375 1.625 91.875
 -127.5 167.765625 22.7734375 11.5 38.65625 -3.0 -38.375 -29.375 -12.25 -36.78125
 80.0 -147.375 349.5625 12.0 -227.0 -301.25 257.0 -0.5 173.25 -31.75
 133.875 139.859375 -171.63671875 724.25 -80.328125 -609.8125 -225.28125 41.96875 -335.0625 -88.96875
 96.75 -219.5625 312.46875 80.875 -14.34375 -244.5 185.0 -14.125 105.25 -36.125
 156.375 193.25 -219.71875 -697.875 -438.5 780.8125 -649.625 -803.4375 -929.8125 826.734375
 336.0 629.5 340.25 -568.0 45.25 6.0 -312.0 -213.0 -13.0 -47.875
 -360.0 -1326.0 -164.0 -378.0 1766.0 1432.0 -3033.0 428.0 -1412.0 142.0
 -42.875 37.8125 65.7578125 44.0625 -15.21875 -35.4375 33.84375 35.8125 -33.9375 62.9375
 230.5 248.5 -555.6875 -324.0 -149.25 568.0 -617.5 -246.0 211.0 -172.5
 374.15625 -22.03125 -113.1015625 50.09375 197.953125 -110.40625 145.94140625 -185.9375 201.09375 -123.0234375
 -86.0 -757.625 1175.71875 -317.0 144.4375 1661.25 -312.65625 650.5 1219.5 810.5
 1313.0 313.75 -5.5625 -1.5 520.5 -10.5 -82.25 -223.0 -466.0 -171.0
 -88.0 961.0 -576.5 -286.0 384.0 552.0 -1440.5 -516.0 -42.0 -749.0
 66.0 -118.625 333.46875 100.75 233.03125 -75.875 6.5 187.875 1.375 -57.4375
 165.75 12.4375 31.53125 -78.75 -106.3125 -136.25 113.3125 -62.5 127.125 42.9375
 119.0 248.1875 -195.234375 -122.625 -56.96875 -29.3125 -285.09375 -94.0 -81.6875 125.4375
 2652.0 758.25 -1115.90625 -755.5 255.625 28.5 -692.75 -271.0 210.5 -292.5
 -22.0 -74.75 257.6875 87.0 -37.125 -5.75 91.4375 92.5 -199.5 197.0
 195.875 -63.5 249.0 -598.6875 -166.625 704.046875 -513.0234375 -1655.0546875 641.81640625 344.74609375
 23.1171875 -4.0 -1.15625 0.21875 0.1796875 0.078125 0.24609375 -0.2392578125 -0.1025390625 0.0419921875
 209.875 122.5 -111.75 -50.375 -37.515625 -147.8125 26.9609375 107.640625 -30.40234375 -15.71875
 -368.0 -32.0 304.0 -780.0 88.0 974.0 -674.0 -2556.0 890.5 528.0
 1128.0 212.0 -300.96875 -83.0 243.0 244.75 -352.0 -299.0 142.0 -100.25
 -1218.0 -1066.75 1703.0 -3023.0 2600.25 2660.5 1501.75 -908.0 592.0 579.75
 -799.0 132.125 -4.25 -64.25 -113.9375 110.0 125.5 82.5 -36.0 -31.25
 268.5 -11.625 -108.71875 -31.75 31.5 107.0 -76.0 17.5 -60.5 -69.875
 138.0 107.25 -114.1875 -105.25 46.0 206.0 -82.8125 -53.5 6.5 -49.75
 360.5 43.875 -36.75 94.625 94.625 56.25 36.9375 -64.25 58.25 -16.375
 1225.25 -170.1875 -28.21875 134.625 338.5625 147.75 190.75 199.0 -192.0 -284.0625
 -3276.0 -3236.0 3825.75 3428.0 -2911.0 -84.0 1694.0 1192.0 -1600.0 1196.0
 3216.0 559.0 -1120.375 -532.0 389.5 374.0 -1134.0 -565.0 482.0 -461.0
 131.0 -301.0 -103.0625 -4.5390625 -3.99609375 -3.03515625 15.859375 -9.3359375 -7.41015625 -0.00341796875
 22112.0 -10579.0 -5255.0 -1466.0 446.0 -2442.0 457.0 -1170.0 -1378.0 -641.0
 -97.0078125 -224.9765625 89.039794921875 72.671875 -98.92578125 -153.7265625 259.8828125 11.7578125 184.4375 5.01171875
 875.5 675.375 -237.53125 -468.25 110.0 680.0 -759.5 -376.0 301.5 -368.25
 -259.5 -2884.875 -1880.5 -272.875 -391.375 -59.75 -110.3125 -26.25 -128.5 -199.875
 -22558.5 -677.75 -9586.875 -317.375 -469.75 -826.0 -1273.0 -5763.5 -2911.25 2179.625
 310.84375 274.40625 794.625 -216.1953125 -28.2890625 484.140625 -292.43359375 -100.171875 -25.25390625 -48.171875
 906.1796875 502.9609375 50.1982421875 -780.26953125 357.802734375 -87.6796875 119.724609375 151.7578125 172.45703125 -67.69921875
 335.1875 23.25 10.3125 50.5625 25.984375 -110.125 -8.25 -10.0 113.0625 -25.46875
 -2800.0 -118.0 -171.5 263.0 -394.0 -439.0 474.0 -1116.0 1328.0 932.0
 -157.0 -273.75 128.0625 -109.5 -71.25 -140.0 -43.25 -228.0 145.0 -225.0
