90.6875 -48.90625 -15.4375 20.15625 -78.4609375 -1.015625 -35.09765625 -16.390625 43.2109375 -23.734375
 6.6513671875 4.636474609375 -93.324951171875 -164.7158203125 107.78759765625 -91.658203125 -19.770751953125 30.9208984375 2.43896484375 10.689453125
 120.5 12.625 -22.546875 18.34375 -29.875 -43.875 -56.6875 -25.125 45.0 9.9375
 178.75 -17.34375 -27.84375 3.625 -70.5625 91.625 7.15625 59.875 -108.25 40.03125
 -938.234375 37.73046875 -251.7724609375 -203.046875 72.6484375 75.953125 -119.0546875 -73.0546875 199.33203125 48.015625
 65.5 -104.0 33.6875 -123.25 79.75 -146.0 -5.5 -43.75 210.75 -106.75
 398.0 -352.0 -544.0 -80.5 469.5 344.5 149.25 707.3125 -389.25 -429.78125
 12.25 -88.498046875 -16.07470703125 -28.8759765625 -50.4892578125 48.29296875 34.0751953125 24.81640625 40.65234375 -23.669921875
 87120.0 -53432.0 -16719.0 -3014.0 -18164.0 76.0 7292.0 13028.0 4492.0 4534.0
 -1202.25 765.4375 283.8125 -814.5625 1501.34375 -731.875 -453.6875 69.125 -289.0 -139.5
 -391.375 234.71875 48.59375 -27.453125 51.65625 -147.5 -82.75 -89.4375 463.125 -212.96875
 -24144.4921875 17072.443359375 -18239.7685546875 -7095.89453125 25845.06640625 9201.3671875 -25153.18359375 -4598.234375 -10749.109375 -14402.443359375
 -1789.0 2907.375 991.5 907.0 1151.5 -160.75 -152.25 -532.0 -335.5 -186.875
 -2045.9375 932.9609375 308.505859375 -264.25 660.40625 60.9609375 -488.59765625 -528.3125 -286.328125 -40.53515625
 208.125 102.625 15.453125 -57.8125 143.625 -124.25 -32.6875 -63.25 209.125 -80.8125
 -195.75 -496.5 -24.9765625 29.796875 -186.484375 198.375 -84.1640625 -193.1875 -29.71875 -24.34375
 -766.0 -128.5625 178.0625 -208.125 377.5 -328.0 -32.625 -65.0 532.5 -244.125
 -76.9453125 354.666015625 -238.7890625 -459.560546875 214.548828125 88.71875 -139.8515625 -212.6953125 -72.2109375 -8.33203125
 23804.0 2999.5 849.0 3446.0 3793.5 -1092.0 -3515.0 -138.0 -523.0 -2433.0
 105.0 26.75 -61.0 -44.0 -97.3125 2.0 -39.25 2.5 -139.5 33.125
 -1903.5 103.9140625 -48.388671875 -390.078125 314.671875 85.40625 740.53125 -123.78125 -345.3125 223.56884765625
 1017.875 -152.5 -71.03125 62.28125 16.6875 55.625 -65.96875 70.0 -87.625 -55.5
 2224.0 188.75 145.65625 270.625 207.9375 -84.25 -75.6875 -25.5 -89.125 -397.0
 64.0 874.0 -15.0 -396.0 -256.0 20.0 -262.0 240.0 -112.0 1000.0
 -317.0 11.25 83.1875 -77.0 181.375 -226.25 -41.0 2.0 288.0 -149.875
 107.65625 -38.25 50.251953125 -49.265625 154.9140625 25.484375 -39.09375 -58.59375 10.578125 11.5078125
 531.0 215.75 73.25 -25.5 -9.5 -104.0 67.25 14.0 250.5 -154.0
 -1194.25 -85.65625 -83.671875 -141.4375 -140.859375 90.5 -6.3125 -7.1875 26.875 90.4375
 323.03125 -450.99609375 106.0 69.328125 -218.83984375 219.390625 -12.0546875 -40.1640625 76.5625 -4.07421875
 55.25 53.9375 28.25 15.875 -32.1875 -25.1875 -14.53125 -40.625 27.8125 -3.625
 -445.875 -50.421875 68.953125 -23.84375 0.4375 7.1875 164.8125 -112.9375 54.65625 -133.4375
 -828.25 -1767.953125 241.125 -464.875 -453.9375 1394.375 -286.6875 -650.4375 247.8125 59.0625
 2781.5 -614.734375 -113.267578125 243.96875 -147.75 57.125 -12.53125 17.0 -134.3125 -23.90625
 24.5625 16.25 25.59375 100.46875 -41.994140625 14.2177734375 -4.37890625 7.046875 -94.28125 -6.0
 5.5 97.453125 60.78125 -36.046875 91.9375 -83.875 -35.03125 -29.4375 160.03125 -59.59375
 -2294.5 669.375 -46.8125 -90.5 94.625 -56.25 29.5 39.5 200.25 161.375
 -60.375 -36.46875 27.7421875 -150.953125 91.703125 -169.25 -54.609375 -30.875 316.46875 -132.96875
 61.5 -2.8125 -94.8125 38.3125 22.5 147.5 -43.625 107.25 16.125 -76.625
 231.40625 -434.37890625 196.013671875 175.40234375 -453.03125 -100.640625 5.0234375 138.78125 -49.78125 -29.59765625
 89.0 278.25 122.75 184.875 192.25 108.0 60.75 440.0 -237.75 -356.0
 106.75 -94.4375 157.96875 -14.625 114.46875 -176.125 81.375 -97.125 97.375 83.6875
 -478.0 22.625 110.8125 -138.0 156.375 -134.5 46.75 -26.25 189.5 -145.75
 -181.25 -13.65625 -20.296875 32.9375 8.1875 -46.1875 1.15625 -45.75 164.9375 -59.59375
 -264.0 145.625 131.1875 -46.0 141.3125 -105.0 36.25 -22.25 195.5 -113.875
 1113.75 -2953.75 22.25 -1048.34375 -250.59375 1507.375 -587.0 -754.75 131.5 -75.375
 50.5 -187.75 -11.625 -51.375 52.125 -119.25 -47.875 -88.5 204.0 -89.375
 -22.3203125 -28.681640625 25.748046875 28.548828125 1.75 -4.734375 -13.32421875 -43.72265625 28.80859375 -14.083984375
 5729.25 -4307.0 -1534.9375 -415.4375 -1691.4375 -222.125 414.0 1080.25 490.125 597.0
 255.75 -65.59375 -45.1015625 47.703125 -34.109375 -42.875 -6.015625 46.0625 0.6875 14.765625
 -3934.5 -3615.5 597.75 1354.0 -1584.875 939.0 -664.0 -1459.75 -670.0 -202.875
 430.5 -186.375 42.9375 10.0 -110.625 -83.5 -116.0 -83.0 42.0 22.0
 -2460.328125 383.748046875 -259.005859375 -262.91796875 -398.88671875 -190.046875 -241.1171875 -346.9765625 -386.484375 4.1484375
 101.0 -76.25 -131.25 35.5 -35.75 42.5 -82.5 62.5 -124.5 -44.0
 -276.25 136.640625 -87.203125 -79.34375 23.359375 -89.84375 24.0 -131.96875 68.96875 34.359375
 390.515625 -420.037109375 -47.1640625 52.783203125 -52.546875 -195.1171875 56.654296875 140.3828125 -6.66015625 -7.9921875
 123.5 -87.875 -182.859375 147.78125 -396.6875 -94.875 120.375 150.375 15.125 -90.0625
 62.0 -77.9375 18.59375 -61.1875 12.75 -63.125 18.875 -34.75 102.0 -59.4375
 179.375 87.0625 34.1328125 -60.953125 6.890625 -66.3125 -33.71875 5.625 120.09375 -137.5625
 163.0 18.125 75.625 -46.875 94.625 -112.5 -4.0 -16.75 92.25 -41.375
 378.125 14.9375 87.15625 -55.65625 93.265625 -129.75 -51.625 -25.5 213.875 -100.15625
 452.0 -219.0 99.25 -68.0 165.0 -302.0 -23.25 -149.0 202.0 -78.0
 -394.0 22.25 192.25 -114.625 107.25 -137.0 10.5 -16.0 198.75 -140.875
 54.5 201.875 58.96875 -87.0625 -19.625 -90.25 -42.5625 -18.25 146.625 -94.5
 251.5 31.625 20.0 3.5 -153.125 24.0 -19.0 -92.5 21.75 12.0
 -1246.8515625 841.39453125 332.6015625 41.212890625 232.892578125 148.9140625 -60.60546875 -80.5390625 10.61328125 87.041015625
 -314.5 -208.0 223.0 -129.1875 305.375 -189.375 -41.1875 -18.5 334.0 -207.5
 599.62890625 -1487.0947265625 -511.1416015625 715.4375 770.49609375 -831.9609375 308.40234375 35.2578125 -186.69921875 126.376953125
 327.75 -97.1875 39.515625 -13.96875 -17.25 45.875 -73.125 83.75 -50.4375 21.1875
 -876.0 607.1875 68.25 269.96875 -101.25 -76.5 -53.3125 -315.75 113.25 165.5
 -80.8203125 -477.451171875 11.4052734375 -104.568359375 -126.3359375 334.984375 -101.708984375 -219.734375 11.7421875 -23.87890625
 -14120.0 10740.0 3188.5 1579.0 5795.0 372.0 -3516.0 -7472.0 -4832.0 -5014.0
 6284.0 -939.0 -192.5 -403.0 -451.0 500.0 -494.0 2290.0 -2366.0 -733.0
 -2800.23828125 -623.6388549804688 2979.785690307617 -3102.1504516601562 472.4922790527344 -905.14990234375 -112.50930786132812 -1695.8734130859375 -813.8718872070312 1283.9998779296875
 0.375 -65.3125 -3.546875 -82.90625 25.34375 -103.375 -14.5625 -45.25 144.25 -69.8125
 660.0 35.25 91.875 -73.75 -25.375 -202.0 -161.75 19.5 233.5 -117.75
 -557.927734375 204.65771484375 18.6845703125 28.35107421875 20.020263671875 -34.99609375 3.9111328125 -13.494140625 -11.3046875 -10.0478515625
 -9.12109375 -11.830078125 8.50634765625 -0.94140625 7.6005859375 20.2109375 18.6298828125 5.873046875 -14.7783203125 -2.220703125
 -603.0 60.75 92.875 -300.25 180.5 -265.5 129.75 18.0 332.5 -232.0
 117.625 -54.21875 4.90625 26.625 -45.21875 27.875 5.15625 -63.25 -101.5 149.3125
 -2411.53125 7.79296875 -393.40234375 -768.59765625 18.1796875 -366.546875 375.203125 262.03125 279.1171875 -290.85546875
 37.546875 -706.5625 -166.400390625 245.9296875 -524.08984375 71.0 94.76953125 5.2734375 23.140625 19.87109375
 153.0 161.5 91.4375 -126.25 98.5625 -123.0 -44.25 -17.5 204.25 -113.625
 1379.75 82.90625 62.25 159.40625 127.34375 -61.125 -106.03125 14.75 -100.9375 -167.25
 908.5 -518.5 -190.5 -90.25 -19.75 -97.0 38.25 -54.5 -321.75 -68.0
 -135.5 -133.375 47.25 -95.25 33.375 -97.0 -54.875 44.0 78.25 -79.125
 -1707.6875 473.109375 243.7890625 -252.0625 353.5625 115.84375 -47.71875 -115.5 -88.28125 140.53125
 808.90625 481.8828125 293.65234375 233.84375 337.96875 -22.03125 88.921875 -45.84375 -48.734375 -95.984375
 567.75 -176.4375 -105.78125 201.25 -52.1875 -66.875 -150.53125 -229.625 39.25 136.3125
 -497.0 -234.75 150.3125 -144.75 150.375 -286.0 40.0 -41.0 361.75 -159.25
 57.6875 138.015625 32.16796875 94.5546875 93.7734375 -31.8125 -25.3984375 8.03125 -57.890625 -4.140625
 -278.0 -222.0 223.0 -146.875 223.875 -209.5 74.375 -51.75 352.25 -113.875
 184.5 1.0 25.234375 -1.59375 -8.0 25.375 101.8125 39.125 -113.0625 13.375
 3632.0 168.0 45.625 340.5 907.5 -590.0 -625.5 -93.5 -153.5 -627.5
 -332.875 145.1875 79.09375 -138.8125 91.1875 -169.0625 -16.5 -13.4375 220.25 -94.21875
 6468.0 -13907.0 -5621.0 -2448.5 -7424.5 -734.0 2200.5 4712.0 3541.0 1248.0
 -282.0 -1169.5625 -208.09375 -235.375 -305.0 127.875 -93.5 -129.875 -42.25 -63.875
 73.5 51.15625 23.34375 3.125 7.40625 -54.625 -29.9375 -51.75 88.9375 -21.71875
 -21.0 -46.90625 -24.609375 -58.390625 89.28125 -159.6875 -120.78125 -65.6875 -60.9375 -102.3125
 163.25 -30.625 26.09375 -34.09375 49.03125 -47.25 30.9375 -21.0 63.625 -24.3125
 82.5 12.5 -12.9375 26.875 -35.5 -66.5 -55.25 -42.0 109.25 12.625
 541.3359375 -133.375 -37.34765625 76.744140625 -6.626953125 -85.5078125 8.85546875 38.828125 -23.94921875 -28.2109375
 -107.5 133.0 -69.6875 -20.125 48.875 -85.0 -98.75 1.0 236.25 -57.25
 39.5 49.375 52.625 -140.75 97.8125 -189.0 7.0 -39.5 250.5 -106.25
 210.75 -124.75 56.4375 -152.875 -24.4375 -16.75 -38.625 165.0 -4.25 -81.625
 -201.75 -46.5625 123.6875 -54.8125 134.75 -100.75 -25.8125 -4.25 201.625 -99.625
 41.5 13.0 183.875 -24.5 230.125 -155.5 8.5 13.5 261.5 -206.75
 161.5 3.0625 -104.90625 90.8125 -90.625 35.875 -150.875 -73.375 -7.375 -0.25
 -6410.25 -728.9296875 6133.541015625 -7172.28125 1541.92578125 -2023.140625 -831.40234375 -3829.34375 -1943.8359375 2739.7421875
 601.0 140.125 -28.5 409.625 -450.0 326.5 -244.0 -29.0 -379.5 212.75
 -76.0 -137.5 109.1875 -82.0 100.5 -168.5 36.75 -30.75 180.0 -104.0
 -14.0 -73.25 11.125 2.6875 -19.875 -49.5 -60.75 94.5 -75.0 -69.625
 -776.5 -325.0 329.0625 -418.5 549.75 -315.5 46.625 -103.5 785.5 -446.5
 43.125 -146.875 94.453125 -75.21875 212.625 -214.75 -27.5625 -40.5 279.3125 -96.3125
 4504.0 -1423.0 -257.75 -272.25 -350.75 -68.0 -162.0 144.0 -183.0 -488.5
 -738.0 406.3125 785.90625 -71.4375 770.0 1034.5 -483.75 -1120.0 -379.125 -214.5625
 -37.3125 112.109375 31.19921875 -61.640625 46.4609375 -75.4375 -57.921875 -29.625 114.8125 -18.71875
 95.703125 1925.0703125 56.45703125 -787.90625 769.958984375 -4.95703125 431.625 651.69140625 313.1796875 262.328125
 2822.65625 -1657.203125 -615.046875 -125.7109375 -538.7578125 188.9375 208.234375 341.5625 153.375 -115.296875
 -194.0 55.0 -43.75 -45.5 8.1875 45.5 61.25 62.375 16.0 -79.9375
 307.375 -596.03125 -261.859375 -165.03125 -197.125 -46.25 23.125 130.625 83.375 48.25
 -277.875 -92.375 9.625 -43.28125 112.9375 84.0 270.4375 92.25 -96.5625 -190.8125
 732.25 137.125 56.6875 102.15625 79.5 -78.875 75.9375 105.25 -31.5625 8.09375
 140.15625 68.671875 -26.890625 7.59375 -83.2890625 39.84375 14.296875 -2.3125 -33.59375 -3.4921875
 516.75 91.875 -123.90625 181.3125 -35.8125 -162.625 -96.6875 -304.875 202.375 107.25
 -34.5 25.0 266.84375 -139.25 279.1875 -184.25 85.625 -123.25 355.5 -98.375
 736.0 -373.6875 -34.140625 -31.21875 -84.15625 51.875 51.8125 15.125 25.0 -85.25
 6.96875 -90.1015625 95.67578125 37.21875 38.9453125 89.3125 102.234375 -59.4375 -40.765625 -54.6953125
 -29.65625 1198.671875 863.08984375 197.6953125 -908.8984375 567.75 -4.84375 173.21875 187.28125 -71.7890625
 -7141.0 1204.5 2247.25 -809.75 1259.75 3346.0 -1181.0 -2488.0 15.0 -18.25
 -269824.0 -81376.0 3254.0 40504.0 13100.0 23200.0 -80396.0 7952.0 53648.0 39176.0
 221.5 -46.8125 -215.0625 8.0 -5.75 169.25 76.78125 177.75 -170.5625 150.5625
 -90.5 -59.25 -34.28125 28.8125 -291.5625 98.5 -52.875 46.25 -242.75 176.25
 2758.0 525.0 256.875 9.0 -145.75 41.5 -334.75 -55.0 47.0 -55.5
 147.5 450.25 -180.875 -41.1875 -540.0 363.25 -300.0 72.75 -445.125 158.625
 202.5 253.875 112.5625 113.125 19.875 -7.25 -102.625 60.0 -80.25 -32.875
 -344.0 650.5 349.75 -137.0 -295.5 -212.0 -293.0 122.0 87.0 -274.5
 957.9375 -545.34375 -233.6015625 9.53125 -209.3359375 -83.3125 81.5859375 155.984375 62.0625 51.625
 -5772.0625 -13959.90625 -2649.0 14888.890625 7435.609375 -11734.5 3486.703125 602.5 -4188.03125 1312.6875
 28.25 123.0625 -3.0 -57.625 45.9375 -105.0 -40.25 -49.25 146.5 -41.625
 -0.15625 -27.0625 16.83984375 34.2890625 -107.859375 -7.328125 -64.2890625 -36.5 17.4375 -9.28125
 -1441.4375 1553.390625 190.90625 981.0546875 -171.0546875 -488.6875 293.828125 85.53125 -293.65625 85.015625
 405.3125 -246.828125 -54.2109375 -63.53125 -0.65625 58.0625 -63.34375 -43.03125 -29.953125 -0.515625
 90.0 76.75 142.6875 -130.25 136.625 -194.0 -1.5 -8.5 219.5 -131.75
 -2023.0 145.28125 -77.65625 -110.15625 57.09375 14.1875 276.875 136.0 136.4375 -330.125
 1255.21875 -468.359375 -109.19140625 -68.359375 -53.8359375 -31.96875 -51.29296875 32.6875 19.3984375 13.0546875
 -176.5 -63.1875 8.375 -97.9375 200.34375 -142.625 -28.375 -50.75 262.125 -52.0625
 -279.75 -271.65625 73.921875 -99.5625 99.875 -173.5 -63.09375 -16.5 312.6875 -129.0
 51.03125 -16.25 -14.5390625 -18.7734375 34.890625 -15.625 41.8828125 -16.15625 48.578125 -81.5625
 -299.75 -23.78125 -105.6875 -48.875 18.4375 -11.0 155.25 -241.75 20.75 246.8125
 -90.0 -48.125 -2.9375 -100.0 34.5 -60.25 81.4375 -39.75 187.5 -135.75
 -909.0 -416.25 6.125 -121.6875 20.3125 -75.5 32.5 87.0 -13.75 -89.375
 1988.46875 -1286.34375 -2872.201171875 -1372.92578125 1854.45703125 -3.09375 44.4921875 -781.46875 92.9140625 308.75
 42.390625 215.6796875 80.986328125 36.3515625 99.5703125 -18.234375 14.125 7.03125 -9.5546875 16.4921875
 403.5 -311.25 -146.5 -116.0 95.0 -9.5 288.5 -91.0 15.0 -316.25
 790.0 173.5 -53.25 -73.125 -226.0 -188.5 -810.5 188.0 243.0 204.25
 26.6171875 39.1015625 25.078125 -23.46875 -12.4140625 5.03125 -19.1875 -43.734375 -0.5625 5.8125
 62.5 -254.0 95.0625 -155.625 151.125 296.5 -2.5 34.0 9.25 82.0
 15.25 -240.375 125.546875 118.375 -13.125 -95.75 -69.6875 -182.25 140.3125 143.625
 -68.25 -58.125 38.125 -73.75 -25.875 -60.75 -6.625 -3.75 130.5 -72.625
 -10.0 52.5 -11.5 -85.75 63.125 -99.0 -27.375 -47.0 237.25 -56.5
 -536.75 258.4375 142.234375 -77.71875 -254.59375 -86.875 -99.75 -106.0 32.3125 -7.78125
 -4684.0 -633.0 154.5 -892.0 -1061.0 364.0 -320.0 -416.0 1372.0 -1244.0
 -712.625 -24.84375 301.15625 -150.46875 1.59375 667.25 1.75 -216.625 216.375 99.03125
 271.0 -9.75 78.625 20.5 -1.0 72.0 105.5 41.0 -144.5 -109.5
 1027.9375 3.3125 -23.28125 172.46875 54.96875 -32.0 21.6875 36.3125 -205.0625 39.9375
 -713.75 230.6875 68.640625 -73.78125 188.3125 -107.25 11.21875 -93.375 -48.375 -42.28125
 -951.5 130.125 79.875 -98.125 -146.625 45.25 22.625 106.5 73.25 -73.75
 81.0 98.3125 13.5703125 59.21875 -54.0625 -67.9375 -88.359375 16.75 81.53125 -77.21875
 540.75 -147.5 165.59375 122.3125 8.875 -20.375 33.8125 -8.375 -113.25 -97.625
 -2343.5 -13.5 403.125 1390.3125 -693.6875 -618.0 250.5 -48.75 -422.0 22.25
 70.25 49.875 -53.25 46.75 -39.75 9.0 12.5 -27.5 0.75 -14.375
 -59.5625 139.171875 29.359375 64.171875 -80.328125 -156.0 -144.703125 -75.0625 34.25 -19.96875
 0.0 32.625 -5.25 7.125 -55.375 16.0 -20.875 -27.5 61.25 -76.75
 -731.578125 -148.75 16.0751953125 113.90625 145.8203125 21.125 -47.125 113.53125 232.21875 -257.375
 108.5390625 -92.681640625 64.103515625 98.3984375 26.6875 11.11328125 -10.03125 -8.7314453125 7.9765625 -67.3359375
 66.5 -38.125 30.84375 10.3125 38.28125 45.5 58.9375 1.375 -73.5625 -7.625
 4513.75 763.4375 -1471.25 -3768.9375 170.25 3190.25 -220.3125 -870.0 1635.375 -93.375
 1321.75 504.5 -272.59375 961.78125 -1212.125 130.625 697.0 265.5 229.875 153.875
 -769.3984375 -160.45068359375 8.960693359375 -111.44482421875 61.67333984375 50.451171875 139.99267578125 29.87109375 41.9619140625 -81.81298828125
 71.0 -40.5 -15.75 -154.375 -55.375 -87.5 -50.5 29.0 159.0 -234.0
 -302.0 147.0 159.5 -225.75 -118.25 -140.0 -135.75 -42.0 357.5 -332.0
 86.0 -184.0 3.75 19.0 60.0 -81.0 78.75 -73.0 3.5 -138.75
 184.5 109.3125 38.5625 -125.6875 57.3125 -130.0 -30.0 -33.25 229.75 -92.625
 32.5 -949.859375 607.34375 441.953125 -299.21875 219.875 -442.734375 -175.75 -307.875 -183.28125
 -89.75 27.9375 50.09375 -67.375 273.8125 -186.4375 -12.5625 20.25 293.125 -141.5625
 589.0 -4.25 -21.375 -223.25 214.0 -185.5 39.0 -45.0 288.0 -188.25
 -7026.25 980.0625 145.0625 -395.5625 -412.625 195.375 353.6875 255.0 515.875 444.0625
 114.25 -39.3125 100.875 -2.5 71.625 -75.625 -10.0625 -43.625 139.375 -11.25
 -51.5 -254.25 -117.875 99.25 -86.375 4.25 90.0625 -315.5 -44.5 -2.5
 153.0625 -4.140625 25.953125 -20.0 98.375 36.5 122.046875 -2.75 -43.0 -31.296875
 39.46875 10.484375 -62.2890625 36.8203125 0.9296875 -9.3125 76.5625 -77.140625 13.1328125 3.4140625
 79.0 -349.0 357.5 184.0 28.25 -91.0 241.0 -156.0 -496.0 934.5
 -5830.5 -1686.375 961.625 2105.625 -1132.6875 -255.25 -597.5625 -975.75 -1198.875 2.75
 -91464.0 50688.0 15339.0 8828.0 17200.0 -680.0 226.0 -7296.0 -88.0 -384.0
 -3405.25 1431.734375 383.640625 12.125 -26.0625 462.75 181.875 -156.125 267.0 83.453125
 -278.765625 298.12890625 105.5625 59.8984375 122.0859375 8.703125 5.98046875 -64.265625 -23.796875 -54.49609375
 -2211.5 270.4375 197.875 -29.375 98.3125 38.0 42.75 -205.625 -19.5 -76.375
 -511.21875 -666.23046875 233.59375 -165.7265625 -596.75390625 -280.296875 -261.13671875 212.234375 -268.265625 -247.109375
 107.5 -71.5625 49.59375 -88.21875 117.46875 -124.25 23.46875 -36.0 163.125 -74.0
 7800.0 -1128.5 -605.5 33.5 588.0 -666.0 -337.5 -842.0 -954.0 -631.5
 166.75 59.375 39.46875 -73.203125 -55.9375 -41.8125 -140.0 56.9375 95.125 -16.65625
 650.5625 360.046875 -73.71875 -1.34375 101.03125 -420.53125 177.359375 393.375 105.1875 36.4375
 -391.625 59.2265625 5.78515625 5.2890625 24.0 -2.8125 30.96875 -52.28125 30.59375 11.125
 99.0 78.875 -9.171875 28.6875 -0.03125 -28.375 -5.34375 -38.25 38.375 -22.71875
 -84.0 47.125 -151.75 -14.5 19.3125 55.75 -5.625 20.25 -15.875 82.875
 -415.0 38.625 119.8125 -73.3125 122.875 -150.25 2.5 -59.25 263.5 -123.875
 86.25 77.3125 67.9375 8.78125 8.875 -82.1875 -66.4375 -62.5 140.0 -39.59375
 -847.625 -3555.671875 1356.40625 -363.90625 -1794.90625 105.125 -1000.9375 -398.9375 -804.5625 -100.875
 253.75 -54.5 40.0625 -113.625 157.0625 -168.875 32.875 9.0 261.25 -138.9375
 147.125 69.28125 143.609375 -17.375 65.5 -126.75 -33.375 -21.75 217.25 -69.875
 -1572.0 -434.25 128.25 -249.625 379.625 -399.5 126.25 38.0 341.0 -230.5
 -24.75 -76.0 26.1875 -89.59375 108.75 -148.375 -41.0 -78.0 222.875 -48.5625
 13.46875 -19.5625 43.1298828125 45.125 -43.96875 24.75 43.5 -10.75 -141.75 55.234375
 -111.375 48.34375 79.78125 -42.96875 105.1875 -91.25 -60.03125 -22.625 183.0 -70.71875
 77.5 7.5 -88.8125 70.5 33.28125 66.625 92.0625 -31.625 -9.625 -35.6875
 -2767.28125 850.8359375 3246.14453125 3097.2109375 102.5234375 -2545.6875 129.4140625 1564.8125 -754.65625 -316.125
 259.5 -126.125 122.5 -92.5 335.25 -29.0 254.0 190.0 390.609375 -408.0
 -852.75 -125.078125 -107.4296875 -38.63671875 -175.421875 42.015625 97.96875 16.5625 -24.53125 -40.890625
 -493.0 -46.0 45.25 -114.125 24.875 -124.5 -74.75 -3.0 180.25 -225.5
 134.0 78.75 119.4375 -16.125 -37.75 -62.5 -121.125 -17.0 63.75 115.5
 -534.0 -11528.0 3266.125 -234.75 -1748.5 8507.0 -2385.0 -6196.0 -1702.5 -507.0
 95.375 43.78125 26.09375 -7.046875 33.171875 -59.625 -29.46875 -32.9375 135.5 -38.15625
 218.5 -90.375 273.4375 -74.625 27.25 -67.5 43.25 -45.5 10.0 -81.375
 36.5 5.4375 -9.0 -18.1875 42.4375 -45.0 3.875 -59.375 41.625 -0.5625
 220.25 1010.5625 341.59375 525.125 458.8125 34.75 -70.0 30.875 109.875 -251.1875
 -6288.0 1281.0 -1637.75 -338.0 -35.0 856.0 -421.0 -192.0 776.0 828.0
 333.0 -136.875 129.78125 521.1875 76.375 53.5 73.25 -138.75 -113.75 462.5
 -351.5 309.6875 111.953125 151.6875 72.125 0.5 97.3125 23.625 -4.625 -54.875
 -165.0 -1043.40625 29.140625 -859.265625 1580.015625 -749.4375 -880.515625 -332.1875 -590.25 -293.375
 -954.375 44.21875 7.9296875 -36.4375 -50.703125 22.8125 68.765625 6.625 42.25 81.21875
 6.34375 107.03125 76.951171875 -56.46875 -0.35546875 -59.453125 -60.2734375 11.171875 140.1796875 -71.5703125
 -1108.75 310.625 11.59375 -46.1875 -8.4375 33.75 50.25 -15.0 11.875 25.0
 13.0 -37.625 39.9375 8.65625 9.8125 -35.0 24.375 -75.25 45.125 26.1875
 -824.75 995.15625 -74.984375 426.90625 7.71875 -798.875 311.34375 504.75 -8.25 85.1875
 41.3125 26.53125 -94.78125 45.234375 34.09375 -9.625 78.515625 -89.125 -4.90625 19.328125
 134.625 -157.453125 467.498046875 -551.318359375 -185.1875 -5.109375 1344.21875 -969.90625 -1158.40625 859.328125
 98.0 -72.8125 29.65625 189.875 -85.3125 -114.5 -121.0 -202.25 55.5 -52.75
 -175.8125 -39.15625 283.171875 -163.2734375 -14.59375 16.3125 -13.25 73.78125 -337.75 141.8125
 -91.5 35.125 3.09375 15.125 23.9375 -2.75 24.5625 -40.75 12.25 51.8125
 274.625 98.9375 128.359375 -90.65625 134.625 -164.625 -71.5625 -45.375 312.5 -124.25
 231.0 54.0625 22.0 73.625 19.3125 -55.25 -19.5625 54.25 10.5 5.875
 4117.0 3410.125 -517.4375 -2278.5 1002.625 620.5 1098.375 1604.25 1959.25 381.125
 1238.25 299.5 109.40625 162.8125 322.0 -56.625 -95.03125 -159.125 -82.375 -201.4375
 -122.25 58.3125 -72.65625 252.9375 -123.25 -49.125 -138.5625 -213.25 111.75 3.1875
 165.75 31.953125 18.1875 79.5625 -52.0 -49.59375 -87.78125 -73.5625 -47.6875 84.0625
 37.0 -24.1875 17.53125 -16.625 15.1875 -21.25 21.5625 -76.5 45.875 27.9375
 29.0625 -46.21875 -41.2109375 69.71875 -25.109375 -8.0625 -69.921875 -37.875 9.75 49.40625
 -12.75 -28.0 53.46875 -103.8125 108.375 -169.875 -38.875 15.125 207.0 -86.1875
 160.375 8.125 -113.671875 -25.65625 85.8125 110.125 90.65625 -24.75 -36.125 -29.25
 131.5 100.0 24.0 -8.0 368.0 -802.0 -686.5 1317.0 -590.75 -476.3125
 13.6953125 -1.84375 0.09375 0.28125 0.1484375 0.150390625 -0.13525390625 -0.1629638671875 -0.05712890625 0.02886962890625
 -73.0 -125.0 161.0 49.25 -8.25 257.71875 146.6875 -186.375 54.09375 3.59375
 85.75 -58.0 123.5 87.0 -7.0 -248.0 -263.9375 513.90625 -197.3125 -113.46875
 25.0 39.875 99.59375 -61.625 95.75 -124.125 -89.0 -47.75 192.5 -106.0
 333.125 1784.96875 -1152.8125 710.40625 -15.0 -3035.5 483.5625 1550.25 -179.0 -141.0
 -597.25 142.9375 -44.15625 -24.09375 -59.9375 33.0 7.625 -22.125 27.75 54.625
 235.5 -352.5 -50.03125 -4.6875 157.1875 188.625 326.1875 42.25 -102.125 113.375
 -391.5 -9.625 -135.34375 -97.0625 207.5625 110.125 201.25 41.25 -72.375 45.75
 -568.0 -379.5 -67.875 -170.0 203.75 -519.0 -13.25 -889.0 868.5 221.5
 2182.0 24.5 196.5 258.0 67.75 -7.0 -8.0 -114.0 -288.5 281.5
 404.5 -147.75 264.0625 -288.5 445.375 -278.0 -101.5 -16.5 579.75 -88.625
 -43.5 -212.5 -121.3125 -317.5 159.375 -283.25 61.25 -0.5 359.75 -144.875
 81.72676559479078 -203.89904794876247 -45.38510556398987 -15.292408448597357 -11.618428857858206 3.699103559504648 -8.133609121051446 -3.9507816783767105 -2.537830742650594 -0.68426001807536
 -939.0 -355.75 320.625 -508.75 -1074.5 73.0 92.5 311.0 1309.0 -99.25
 32.1875 -4.16015625 103.7421875 -108.46875 -110.859375 -25.5625 -39.046875 -3.71875 47.125 -17.203125
 207.125 48.21875 110.015625 23.25 83.125 -124.0 -54.65625 -68.125 185.4375 -20.5625
 -3762.578125 384.015625 158.2080078125 -317.220703125 -44.681640625 -72.78125 267.77734375 -50.6875 219.10546875 86.81640625
 -4759.65625 1427.453125 -1141.89453125 808.140625 -2523.6328125 -636.640625 258.46875 -476.765625 -881.265625 197.25
 -17.75 319.59375 333.375 46.3984375 -1.2109375 197.75 3.296875 -87.90625 -7.21875 -45.5078125
 -1421.837890625 50.22119140625 412.92626953125 742.09814453125 -589.234375 183.99609375 200.4150390625 -30.9375 -20.5439453125 57.53515625
 -520.25 38.25 -60.34375 -323.0 356.125 -438.0 -17.625 -42.0 598.75 -219.5
 -241.375 109.125 -63.5234375 -18.703125 31.4375 56.8125 85.265625 10.875 20.28125 -72.734375
 56.75 9.0625 78.75 -26.03125 52.8125 -30.625 123.6875 -65.0 -23.25 -22.75
