263.0 -130.375 0.81640625 -10.5 3.0 -17.75 -38.875 56.625 -9.75 -18.875
 962.3125 62.59375 -341.2451171875 827.65625 -96.09375 -354.0 151.625 299.765625 262.75 -40.109375
 142.0 -1.25 -8.076171875 77.0 -11.875 48.0 -74.75 93.125 -89.75 -1.5
 65.25 40.625 -77.8359375 42.875 6.5 38.0 -8.75 25.9375 30.5625 -59.28125
 -1792.0 728.0 653.875 3888.0 -584.0 -676.0 1896.0 3608.0 736.0 -3744.0
 164.0 -158.0 -2.734375 -171.0 -146.0 48.0 68.0 -153.0 -30.0 159.5
 -378.0 -638.0 592.0 -215.0 -218.0 -549.0 -1225.0 -452.0 -322.0 683.5
 468.0 111.3125 109.1025390625 -55.25 37.5625 112.4375 -37.0625 21.75 -37.5625 -28.5
 -13712.0 9328.0 2593.3125 104.0 3860.0 -4276.0 2816.0 -4516.0 -2224.0 -1064.0
 521.625 1005.15625 517.2265625 -315.5625 -37.9375 -1904.40625 145.0625 1554.125 129.0625 -92.3125
 50.25 -50.6875 19.2001953125 155.125 -91.625 11.5625 6.0625 86.8125 -59.5625 -48.125
 18.453125 -916.046875 912.2185668945312 -274.9921875 -472.22265625 58.27734375 -730.234375 214.8984375 802.6875 469.96484375
 350.125 -75.5 -144.9677734375 -98.75 -154.6875 1.875 -54.5625 134.3125 119.875 21.0625
 817.25 -33.25 -79.51953125 2.625 -8.3125 98.4375 -12.5 71.0625 28.375 -44.1875
 126.0 -48.0 -44.40625 -32.0 -66.5 135.5 -78.5 -65.0 -161.5 130.5
 255.8046875 -41.80078125 -57.29229736328125 71.85546875 -17.03515625 37.453125 14.48046875 -17.71875 17.6171875 -7.7392578125
 134.0 -124.5 12.375 -170.0 -181.5 82.0 48.0 -134.0 -104.0 234.0
 -19013.0 -6342.0 -1972.3046875 -6103.5 1155.0 -129.25 -942.75 -4239.0 -3114.25 396.0
 -936.0 445.125 73.580078125 129.625 137.9375 25.5 -164.0 -88.125 -198.75 13.1875
 -336.0 269.0 68.375 592.0 118.0 -71.0 -93.0 449.0 165.0 -400.0
 -153952.0 15280.0 -6288.0 4832.0 -4288.0 -2880.0 7328.0 -18192.0 22368.0 -1772.0
 -16816.0 937.0 377.59375 575.0 -1260.0 144.5 518.0 -902.0 748.0 671.0
 -494.75 130.46875 47.0126953125 -12.0625 -56.875 134.78125 -115.25 39.5 132.96875 32.84375
 -6274.0 856.0 401.453125 322.0 -181.0 418.0 209.0 -39.0 379.5 172.0
 336.0 34.0 66.90625 -58.0 -113.5 124.0 -15.0 -57.0 -130.0 74.0
 -3434.25 2120.6875 223.81640625 -307.0 76.25 -1037.25 -189.0 386.5 -154.875 12.0
 171.0 31.75 48.03125 -100.5 12.875 -177.625 231.75 115.0 258.0 -185.75
 -113.0 -378.25 -214.8671875 -90.0 -278.25 209.75 -145.875 203.875 201.625 57.5
 -937.7734375 154.75390625 195.4046630859375 -281.578125 -19.19921875 -117.56640625 -23.3671875 94.384765625 -14.869140625 2.3828125
 12.0 -85.5 45.3828125 -71.5 -67.25 62.5 -34.5 -35.0 -120.0 82.5
 264.0 -954.0 1924.0 -540.0 -1316.0 -56.0 -896.0 -1160.0 -236.0 990.0
 -2015.25 56.5 -41.609375 -155.625 -146.375 145.625 -69.8125 -30.96875 49.90625 5.484375
 -1692.0 2655.25 1457.75 -585.0 474.25 -639.0 40.0 -635.5 -1026.5 76.5
 -33.0 -237.5 1172.0 -410.5 -576.0 -433.546875 229.375 -280.375 315.15625 -37.625
 199.0 38.0 5.365234375 27.0 -42.75 98.875 -93.5 55.0 -165.0 5.375
 6464.0 4720.0 3510.125 -2400.0 2288.0 -682.0 -164.0 -132.0 -3004.0 32.0
 155.0 50.25 41.21875 98.0 -23.25 96.625 -111.0 19.25 -98.5 29.5
 304.0 380.0 660.0 -1352.0 1344.0 500.0 600.0 372.0 -408.0 832.0
 -113.0 2990.4375 -1818.8125 1787.375 437.1875 497.75 -61.75 376.5 696.375 -495.3125
 -1732.0 -422.5 -64.84375 144.0 -187.0 -374.0 338.0 -190.0 657.0 -40.5
 -168.0 -282.0 -322.71875 -363.0 2.5 -168.0 187.0 -194.0 58.0 208.5
 108.0 82.0 87.84375 -155.0 -180.0 73.0 -53.0 -79.0 -252.0 197.5
 256.0 -28.0 -51.3125 43.0 136.5 -252.5 132.0 161.0 311.0 -212.0
 210.0 29.5 7.72265625 22.0 -44.75 69.5 -80.75 48.25 -102.0 -3.375
 4536.0 -919.5 797.7421875 486.0 1109.0 711.0 825.0 -1257.5 -31.5 -321.0
 160.0 -94.0 5.75 -126.0 -138.0 96.0 -184.0 -67.0 -404.0 245.0
 187.0625 -184.0078125 117.1025390625 -110.984375 156.6953125 73.921875 -20.234375 -122.890625 35.40625 -70.5546875
 6376.0 -2280.0 -854.953125 -34.0 -180.0 177.0 32.0 202.0 -179.0 -186.5
 846.5 -328.875 -199.119873046875 -27.1875 -107.5625 -74.921875 26.96875 99.390625 52.671875 0.9375
 555.25 -373.25 77.166015625 150.125 85.46875 -88.25 122.9375 103.84375 60.46875 -33.5
 378.0 -5.0 -16.90625 -71.0 -70.5 66.0 -145.0 33.0 -220.5 115.0
 -2451.875 146.6875 282.7666015625 -1656.6875 243.59375 178.984375 -544.375 -126.625 -79.8125 137.4375
 -110.0 -159.5 -101.0859375 71.5 -440.0 -80.25 457.5 -218.0 178.0 -151.5
 1658.75 25.59375 -62.5048828125 -152.53125 45.6875 -99.71875 10.34375 -20.3125 -89.40625 -88.5
 2179.0 -949.25 -450.671875 312.5 213.0 -494.25 100.25 263.75 -11.0 -87.875
 -13832.0 -7314.0 -8166.5 628.0 -8986.0 1896.0 -5204.0 7688.0 9716.0 -336.0
 86.0 61.75 -60.30859375 170.75 -20.5 114.6875 -88.875 71.875 -154.75 40.25
 162.5 42.625 -75.0078125 123.5 109.25 15.875 -45.875 70.625 -31.625 61.4375
 -504.0 -128.0 -74.40625 -88.0 -46.0 152.5 -21.0 -75.0 -230.0 106.0
 56.0 -33.5 -18.78125 23.0 7.5 148.0 -150.5 65.5 -171.0 23.25
 574.0 156.0 93.765625 -86.0 33.5 -48.5 24.0 45.5 -218.0 60.0
 108.0 -47.0 -40.4765625 -78.0 -37.75 -19.75 -6.5 -7.0 -66.0 55.25
 -1024.0 -370.0 -826.9375 134.0 -142.0 -467.0 1117.0 176.0 601.0 -283.0
 112.0 -143.0 128.34375 192.0 -170.0 320.5 -381.0 76.0 -380.0 94.5
 822.0 1396.75 461.25390625 -864.75 -39.125 -291.5 -220.0 285.5 -331.25 157.25
 136.0 -282.0 -40.25 -402.0 -454.0 424.0 -184.0 -140.0 -378.0 396.0
 -6554.75 1846.375 7307.048828125 349.5625 -3937.890625 4623.0 1896.1875 974.4375 -471.15625 -842.515625
 3838.0 -368.5 207.65625 -443.0 29.5 -85.5 29.5 237.5 -335.5 204.5
 66.0 113.25 19.216796875 27.75 185.5 -0.375 -72.625 60.5 95.5 -46.125
 481.5 197.71875 -228.3193359375 487.75 -73.96875 -192.734375 75.1875 240.40625 114.40625 -39.578125
 6706.5 -638.875 1187.4140625 612.0 1416.75 825.625 805.25 -1230.5 -547.625 -140.125
 340.0 120.0 60.1640625 37.0 36.25 -21.75 80.5 149.5 -66.5 -75.5
 -2297.90625 164.671875 2574.1011657714844 1673.927734375 -178.9423828125 -1932.2978515625 -300.1796875 -2752.216796875 -449.283203125 1611.5390625
 23.25 138.0625 -14.109375 72.375 42.9375 -23.625 -48.125 100.0 -19.5625 -49.3125
 -68.0 -224.5 56.5625 -188.0 24.5 -39.5 93.5 -72.5 63.5 115.5
 -891.5 -174.59375 -319.29248046875 20.75 -412.40625 123.46875 -258.75 473.53125 445.15625 170.875
 -420.9375 102.6640625 -135.75897216796875 77.36328125 -108.966796875 -55.240234375 96.24609375 105.6328125 -10.21484375 84.240234375
 156.0 6.5 20.125 -42.5 -50.0 53.5 1.0 -41.5 -63.5 -4.0
 27.0 17.0 24.98046875 67.5 18.75 128.25 -151.0 -51.25 -61.0 -75.75
 1501.625 153.03125 21.716064453125 -279.15625 68.0625 153.453125 21.46875 -31.09375 -107.59375 137.46875
 3601.6875 -660.25 -775.26123046875 1236.65625 -424.421875 229.546875 177.421875 126.890625 294.265625 -91.8125
 -28.0 -251.0 41.609375 -62.0 -95.0 202.5 -14.0 -151.0 -40.0 69.5
 1687.0 53.25 -62.15625 -119.5 10.625 -125.0 40.25 -8.0 -102.375 -57.875
 3910.0 253.5 330.59375 -556.0 303.0 -318.0 -8.0 92.5 -670.0 -57.0
 -66.0 -160.5 57.03125 -55.0 -52.5 9.5 -19.5 -5.5 -67.5 38.0
 1689.5 -1417.125 -314.54296875 476.25 11.75 373.875 154.0 -237.125 227.5 -106.125
 4848.0 -3081.5 -953.80859375 314.0 -362.0 456.0 237.5 -272.25 277.5 -281.25
 -18.0 14.375 12.47265625 -42.75 73.75 -11.5 -64.875 70.75 -43.625 -20.125
 168.0 -38.0 47.65625 -106.0 -96.5 93.0 -98.0 -63.0 -104.0 83.0
 488.5 -16.625 -39.294921875 -152.25 -42.25 -56.25 35.75 11.0 -87.25 72.875
 102.0 60.0 16.8125 0.0 40.75 71.25 -39.5 38.5 -17.5 30.75
 167.0 201.5 30.1328125 194.5 -73.25 -9.25 -61.5 -5.5 44.5 -179.25
 -11450.0 -556.5 -575.734375 899.0 -464.5 95.0 205.0 -163.5 1375.0 19.5
 188.0 72.5 -41.6875 -97.0 -74.5 44.0 -75.0 1.0 -174.0 44.5
 -13347.0 4003.0 1582.28515625 -1950.25 -1361.0 2641.625 -1270.25 -654.75 -40.5 -319.0
 1299.015625 -1582.546875 -439.0919189453125 -47.25 -230.37890625 402.3828125 1.85546875 -41.2890625 101.0703125 -20.37890625
 270.0 -90.5 -0.4765625 -18.0 -46.5 49.0 -105.0 38.5 -153.5 73.0
 -112.125 349.109375 205.21630859375 -145.40625 103.859375 -21.328125 -20.71875 -37.484375 -99.03125 4.296875
 14.0 -183.0 15.359375 25.5 -79.75 154.25 -165.0 -37.0 -92.5 94.25
 111.75 -14.125 -97.92578125 -28.25 -14.5 11.3125 0.75 56.125 -0.625 34.5
 -33.75 -1230.5 722.052734375 468.6875 195.5 2054.78125 277.125 -1031.25 357.875 -223.0
 -16.0 158.0 -75.828125 54.5 -84.5 147.0 -233.5 252.5 -122.0 99.5
 406.0 -143.0 -132.328125 -42.0 -98.0 114.5 -35.0 -44.0 -148.0 133.5
 -496.0 150.0 157.875 132.0 384.0 391.0 324.0 130.0 -398.0 -29.0
 482.0 -115.0 -45.953125 -128.0 -17.0 56.5 -40.0 -70.5 -163.0 163.0
 354.0 156.0 -122.046875 187.0 181.5 -144.5 17.5 237.0 -5.5 -156.25
 72.0 -270.0 151.171875 -284.0 -215.0 134.0 196.0 -239.0 150.0 10.0
 -3013.15625 823.75 2329.917724609375 2148.875 -156.6015625 -2243.7265625 38.375 -3060.4375 -687.265625 1703.3125
 1984.0 -604.0 -419.21875 -888.0 -154.0 8.0 70.0 -502.0 -464.0 536.0
 125.0 85.25 14.48046875 96.75 27.125 87.125 -81.25 113.25 -87.0 -52.625
 -3696.0 -916.0 -337.375 2816.0 3092.0 2404.0 -3112.0 3440.0 -2892.0 1208.0
 -36.0 257.0 -83.90625 261.0 86.0 -150.0 -79.0 316.0 -265.0 -33.0
 88.0 269.0 84.625 193.5 95.5 -10.75 -26.5 197.0 68.0 -235.25
 -5056.0 470.5 268.5546875 257.0 98.5 85.5 30.5 -171.5 265.5 344.0
 -1257.25 810.90625 178.3984375 82.25 175.96875 -241.28125 0.375 71.0 -37.75 144.71875
 -20.0 179.0 12.515625 -170.0 -60.5 65.0 0.0 -142.5 -87.0 143.0
 301.4375 -1962.09375 102.75 1497.34375 347.578125 1529.734375 343.625 -504.16796875 401.4375 169.5625
 502.375 -183.0 -69.45458984375 -95.3125 -23.40625 219.0625 -27.28125 106.78125 40.625 18.375
 -642.0 22.25 -13.666015625 59.75 99.0 63.75 26.75 53.375 62.75 28.25
 1408.0 979.875 263.890625 -340.0 233.5625 -324.0 -42.0 -151.375 -248.375 -189.75
 1426.0 -613.0 450.5234375 -32.0 -208.5 18.5 -170.0 97.5 -97.0 -103.5
 -830.0 103.875 301.89453125 213.125 173.375 413.5 57.25 -199.0 64.875 -24.0
 384.0 -95.0 -54.828125 -10.0 -52.0 189.0 -200.0 -124.0 -148.0 175.0
 260.0 -413.0 -323.375 -91.0 -201.0 -62.0 173.0 -80.0 89.0 -194.0
 126.0 62.0 -10.65625 103.0 -112.25 144.0 -202.5 20.0 -326.5 135.75
 -468.5 -900.5 -135.240234375 209.0 128.0 447.125 315.125 -213.875 -47.5 -14.375
 338.6875 -234.015625 189.798583984375 -67.109375 216.03125 120.0 -154.6875 -120.75 -19.796875 -86.8515625
 1627.25 1608.0625 399.564453125 5515.625 -4437.34375 4602.53125 1575.6875 -904.8125 433.1875 -478.46875
 1492.3125 -795.5625 -517.01611328125 -263.75 -896.84375 102.765625 -355.0 728.15625 573.53125 19.78125
 33536.0 9856.0 2084.0 -1856.0 -6176.0 -3584.0 -3232.0 -1920.0 1216.0 -3648.0
 190.9375 -98.890625 -5.852783203125 80.125 12.5625 0.1875 -10.09375 0.9375 -5.90625 -5.328125
 278.5 -35.125 112.23828125 -4.875 -14.8125 3.0 120.625 -18.0 23.5 83.9375
 8675.0 -3842.5 -1932.421875 374.0 -863.5 294.25 -56.0 1115.0 1002.0 150.75
 25.0 33.0 7.9375 -136.0 -240.0 -183.5 193.0 140.5 -28.5 95.5
 9536.0 -1033.5 -50.515625 -565.0 463.75 -272.5 -14.0 305.5 -387.0 148.75
 -11088.0 3836.0 903.8125 4360.0 2232.0 788.0 -2468.0 2240.0 -1652.0 1060.0
 3022.0 -1314.5 -317.015625 164.0 -109.5 326.75 55.0 92.0 -153.5 -132.5
 -194630.46875 63744.4375 173014.05444335938 14419.21875 -97696.18359375 126532.953125 44653.28125 13698.09375 -10330.8984375 -19558.42578125
 284.0 24.0 75.125 23.0 -92.5 199.0 -139.0 -69.5 -185.0 86.0
 122.0 -54.0 -36.2890625 69.5 90.75 -175.75 53.5 147.5 127.5 -108.5
 418.125 -328.1875 -240.45947265625 -9.5625 -4.15625 -111.125 56.6875 -82.4375 -85.0625 -38.703125
 898.5 15.453125 67.049560546875 -64.0 90.5 1.59375 29.46875 -45.71875 -82.0625 31.125
 388.0 134.0 289.734375 534.0 35.5 52.5 -236.0 402.0 -240.0 -232.0
 1782.0 -108.0 -61.6953125 -183.5 103.75 -179.5 6.5 -37.5 13.0 -144.0
 -281.9375 83.4375 56.9404296875 147.5 43.4375 49.9296875 32.265625 -50.734375 26.90625 -15.390625
 -226.0 -173.0 34.875 -160.0 -106.0 100.5 -29.0 -128.0 -148.0 163.5
 47.0 -55.25 12.5703125 1.0 -110.5 131.75 -56.0 27.25 -132.0 13.75
 182.5 57.625 -36.283203125 79.25 -21.875 -22.875 -137.5 45.25 -113.75 -35.5
 -226.25 -157.34375 177.71875 5.0625 152.6875 100.25 -226.125 81.5 -92.375 43.6875
 30.0 -32.5 53.0234375 36.0 -119.25 160.5 -141.0 30.0 -261.0 117.0
 1672.0 -15.5 22.21875 -160.5 95.5 32.25 90.0 200.5 -94.0 -158.25
 1477.125 -555.21875 -1127.1611328125 -73.0 236.4375 -45.75 -225.65625 -484.375 -88.5625 59.4375
 4547.0546875 1671.7392578125 -3172.350814819336 -1214.04296875 -532.00390625 -6717.4609375 -518.595703125 3094.376953125 -1335.927734375 692.3447265625
 25492.0 -4056.0 -559.625 -1944.0 734.0 -1349.0 -270.0 1002.0 -1396.0 587.0
 -16.0 33.0 -146.25 -176.0 -107.5 83.5 -237.0 57.0 14.0 -16.0
 156.0 27.25 -2.125 -21.0 36.6875 -26.5 -46.0 56.5 -20.5 -29.375
 180.0 267.0 -268.6015625 103.5 76.5 91.0 38.0 -135.5 53.5 31.0
 -29.0 -365.75 -45.01171875 89.0 -201.0 15.25 -86.5 245.75 -192.0 89.0
 237.0 -121.0 -78.58203125 13.5 -39.5 51.0 -55.5 -7.0 -76.5 55.5
 448.0 276.0 -18.125 -350.0 -137.0 102.0 0.0 -251.0 -136.0 316.0
 -527.0 60.75 122.5 -382.0 -295.25 -285.5 295.0 -34.5 144.5 9.875
 -16512.0 320.0 5687.5 9568.0 4496.0 5732.0 -4496.0 5936.0 -4888.0 2740.0
 -1423.5 2123.5 627.796875 159.25 293.5 -716.0 -32.75 575.875 253.625 300.5
 130.0 59.875 134.34375 13.75 123.625 -155.375 94.0 236.375 131.875 -175.0625
 207.53125 579.9140625 -4.12890625 -313.515625 114.96875 -242.671875 -101.953125 1.765625 -107.265625 52.46875
 -3038.0 1639.75 577.03125 -113.0 329.75 -300.75 137.75 -342.25 -183.875 81.1875
 7536.0 4720.0 -161.25 -1448.0 1600.0 600.0 -2024.0 -768.0 376.0 -1160.0
 148.5 44.0 -62.94140625 -52.0 11.125 8.625 7.875 -3.625 -21.375 -9.0625
 615.5 -68.75 297.515625 -382.5 274.375 152.0 -140.5 100.375 -170.25 259.125
 -2492.75 232.296875 263.30322265625 -966.84375 241.6796875 -750.9453125 -61.40625 33.546875 -379.953125 -12.8984375
 -551.25 -506.4375 189.84912109375 -252.0 79.578125 350.828125 -421.78125 298.15625 -480.5 231.0625
 -25.0 45.125 49.3828125 10.75 45.5 -87.875 -42.25 -6.125 45.625 -32.0
 -5016.0 -428.0 -35.34375 3132.0 1360.0 2166.0 -1652.0 1738.0 -1898.0 720.0
 351.6875 -118.40625 -14.34375 -11.625 -28.0625 -16.59375 -3.5 -19.4375 -50.0625 -7.6875
 598.0 130.5 -43.0 197.0 292.0 -64.5 -162.0 354.5 -3.0 -24.0
 417.0 -143.0 -60.130859375 -99.125 -52.5625 7.375 54.5 29.5 -49.875 57.9375
 37833.625 -1883.4375 -5142.56103515625 12197.5 -2476.640625 -3025.5 2195.5 4407.46875 3296.96875 -904.78125
 -3572.5 230.375 364.099609375 -144.125 704.875 -939.5 265.25 -159.0 -405.875 -110.8125
 -29.921875 -296.859375 144.7353973388672 -33.484375 246.5263671875 140.3564453125 -110.4921875 -81.3388671875 -34.791015625 -37.6806640625
 -5856.0 -840.0 -1110.5625 3728.0 1898.0 1224.0 -3044.0 2480.0 -1988.0 824.0
 -820.0 977.5 5.28125 604.0 93.5 499.0 -348.0 435.0 -75.0 96.0
 -328.0 -61.0 30.3125 -90.5 104.0 81.0 -184.0 -52.5 -74.0 118.0
 928.0 9.0 -12.34375 -140.0 -213.0 205.0 40.0 -236.0 -108.0 170.0
 518.75 537.90625 -238.248046875 261.875 309.46875 186.0 -7.1875 -129.9375 74.0625 -85.21875
 16.0 -18.75 62.71875 -39.5 -83.0 91.875 -82.25 -34.75 -144.0 65.5
 224.0 69.0 124.81640625 -24.25 74.5 -27.375 105.25 32.375 108.75 -9.25
 1320.5625 -162.3125 -150.4990234375 -163.1875 -12.375 -304.640625 40.6875 -17.40625 -137.65625 39.6875
 48.0 68.5 107.15625 377.0 199.0 -14.0 -137.0 408.0 17.0 -324.0
 809.75 109.4375 -42.7578125 -29.5 128.0625 -106.875 -165.375 -414.625 245.125 152.9375
 -192.0 94.625 -19.822265625 17.75 -73.875 63.1875 51.875 -33.75 -53.0 -8.5
 197.0 56.125 -33.51953125 12.5 28.5625 -63.125 -70.125 -2.4375 25.75 4.4375
 24.5 24.34375 -3.3125 4.25 34.09375 -13.9375 -81.125 1.75 20.0 30.4375
 3001.75 1284.875 -242.455078125 1125.875 -360.375 -824.125 70.75 141.25 -360.0 -392.3125
 1164.0 228.25 28.765625 -143.0 25.75 -137.25 -60.5 66.5 10.0 53.25
 -504.5 -2878.375 -1471.25 1222.5 -567.75 163.75 209.5 218.75 533.75 77.21875
 -18.25 -410.25 273.7587890625 577.625 187.59375 763.09375 206.1875 -238.6875 417.4375 91.25
 34624.0 -6856.0 2394.4375 1072.0 824.0 7080.0 2588.0 -4348.0 2848.0 -1402.0
 -178.734375 -277.421875 156.943115234375 -54.2890625 -20.220703125 -37.884765625 -93.671875 0.484375 -58.421875 -46.4765625
 -22.75 131.625 17.83984375 127.875 66.625 47.5625 -65.0 135.875 -65.125 -99.875
 -14126.0 4289.0 3506.15234375 -1198.0 1066.5 -1591.5 470.75 -1693.5 -2155.25 2275.0
 368.0 125.0 13.765625 113.0 167.5 -50.0 -199.0 -162.0 61.0 33.0
 -1088.375 69.4375 102.419189453125 -560.0 -38.421875 -226.421875 -164.046875 149.40625 0.453125 62.1484375
 -969.625 126.03125 53.65283203125 44.5 16.125 17.59375 -31.4375 8.46875 12.4375 42.875
 716.0 42.0 221.6875 210.0 -78.5 -131.0 45.0 196.0 57.0 -206.0
 273.5 -38.125 -80.27734375 -69.5 64.375 0.375 119.5 74.625 -37.25 -7.75
 164.0 54.5 -26.9765625 -37.5 -33.25 35.75 -11.0 -14.5 -52.0 54.75
 131.5 -62.0625 41.10546875 37.875 -17.625 -9.0625 -8.375 96.375 -35.25 -39.1875
 -1715.25 -2661.46875 3160.1015625 -2476.25 -632.15625 -1887.34375 1225.25 18.71875 -2477.5625 -268.59375
 103.0 0.0 25.2421875 84.5 -39.25 123.0 -72.5 34.75 -116.5 -26.75
 170.0 117.5 -39.0625 -31.0 -27.0 122.5 -3.5 7.5 3.0 58.25
 104.0 -101.0 -106.53125 -502.0 -152.0 82.0 52.0 -324.0 -113.0 334.0
 -79.75 81.125 29.6875 60.125 -13.75 52.375 -48.375 84.0 -156.125 -30.0625
 118.21875 98.8125 -110.6875 -43.09375 -4.265625 2.9765625 65.75 23.390625 27.65625 13.91015625
 -12.0 57.0 -59.3125 246.0 97.5 24.0 14.0 170.5 18.0 -170.0
 226.0 78.25 17.794921875 89.0 -2.75 49.625 -43.5625 15.75 44.375 -62.625
 1392.25 184.875 -674.814453125 699.125 -203.375 -1113.90625 255.6875 564.6875 -7.6875 -79.53125
 193.0 -78.0 63.0 -5.0 -34.75 11.125 -76.125 62.375 -73.0625 -50.0625
 295.0 536.875 326.740234375 -112.0 328.5 -145.625 70.375 -420.75 -432.25 -234.5
 -638.0 287.0 453.859375 1066.0 229.0 585.0 -495.0 284.0 -284.0 89.5
 1120.0 175.5 8.09375 356.0 383.0 -2.5 -470.0 -444.0 284.5 108.75
 13245.0 -1872.5 308.63671875 -155.5 735.75 -673.25 -64.0 786.75 421.0 420.5
 70.0 120.03125 29.3369140625 54.0625 37.65625 30.875 -22.125 61.46875 -4.5625 1.734375
 432.0 -44.5 -213.8515625 108.0 53.5 -36.75 237.5 149.5 36.0 -75.5
 206.5 -374.375 27.427734375 -113.875 33.578125 252.3125 -407.25 236.96875 -548.03125 272.078125
 2024.25 -183.3125 86.53125 -32.75 -131.875 -184.625 88.125 -25.875 -35.625 -68.625
 -986.0 -204.5 69.03125 214.0 -52.75 -6.0 -60.5 -110.5 -30.0 245.5
 763.0 72.1953125 -33.1466064453125 -266.4921875 -220.46875 -120.74609375 -152.90234375 250.29296875 -155.125 26.91015625
 -807.125 554.71875 144.44482421875 -125.0625 73.0 -106.03125 -78.90625 49.34375 -27.90625 18.875
 -5672.625 1539.84375 596.38818359375 487.59375 1018.21875 -1320.40625 454.8125 -177.09375 -420.25 -50.171875
 -1458.25 494.375 60.6455078125 -72.5625 106.25 -97.03125 27.625 -175.5 -101.125 13.34375
 196.0 298.0 -201.71875 -84.0 -247.0 -138.5 518.0 -260.0 184.0 270.5
 -776.0 199.0 61.375 -144.0 -6.0 19.0 -137.0 -9.5 -6.0 71.0
 235.25 -19.1875 -19.8701171875 76.875 4.8125 -10.625 20.375 41.3125 35.125 -12.375
 1041.90625 -733.40625 -472.41357421875 -906.34375 -453.53125 -105.984375 -394.9453125 319.890625 24.453125 -2.0859375
 158.0 60.46875 -16.775390625 -3.40625 34.078125 -15.4921875 19.640625 36.796875 -15.0 4.3828125
 -362.25 -4712.5 9420.5625 -5247.5 3000.625 -7712.125 2320.4375 3857.6875 5165.375 564.0
 -125.0 -172.5 341.0 -156.0 -225.25 -466.0 17.0 -25.0 283.0 -225.75
 -54.0 -176.25 -202.037109375 -149.375 -430.75 71.375 111.5 -13.25 -235.5 161.1875
 -52.0 29.5 3.23828125 29.25 65.1875 8.4375 -37.5 52.625 13.125 -78.8125
 -372.0 63.0 12.125 -230.0 -109.5 56.0 17.5 -221.0 -31.5 215.0
 -149.0 94.25 23.533203125 118.125 125.75 2.3125 -33.75 48.75 19.5 -29.4375
 -470.0 2310.875 149.79296875 -1701.25 -77.0 -1746.375 -679.5 1013.5 -348.375 145.5
 6652.0 148.0 236.09375 -80.5 308.0 -67.0 -342.0 178.0 -976.5 -130.5
 28.0 -14.0 -50.1171875 10.0 109.75 138.25 258.5 225.5 120.0 -221.75
 -332.0 73.0 -616.4375 -743.0 612.0 811.5 1374.0 -243.0 -1.0 544.0
 -152.0 -56.78125 -48.0625 83.25 89.78125 25.59375 71.625 85.4375 15.8125 -24.25
 -85.0 -203.0 191.13671875 121.5 -63.25 -1.25 35.375 77.25 294.375 -358.6875
 108.0 338.0 -17.875 327.0 119.0 23.5 -120.0 311.5 -34.0 -299.5
 -7360.0 -4920.0 -908.5625 3852.0 2680.0 1620.0 -2868.0 2844.0 -2572.0 932.0
 400.5 -260.0 776.0 2474.0 -690.0 3702.125 211.5 -6077.75 1232.5 -1199.28125
 70.7890625 -5.625 3.6875 2.515625 -3.26171875 3.84375 -0.642578125 2.62109375 0.52392578125 -0.87109375
 1048.0 4392.0 -3480.0 -4.0 -1858.5 -8361.0 1670.5 9343.0 -695.75 2332.5625
 676.0 -312.0 992.0 2976.0 -342.5 3905.0 204.0 -6631.625 1133.8125 -1580.875
 52.0 -70.0 -97.015625 -140.0 -112.5 64.5 -15.0 -74.0 -121.0 172.0
 -5700.5 1902.75 457.2734375 -289.5 432.75 -73.5 -79.375 -491.25 -468.375 -206.8125
 1026.0 -33.25 105.30078125 191.0 73.0 17.0 -193.25 79.75 -136.5 -6.25
 328.0 245.0 -209.59375 68.5 109.25 23.5 -41.0 -36.75 112.0 -83.0
 556.0 300.0 -558.3046875 109.0 174.0 64.0 46.5 -169.0 131.5 -36.75
 341.0 71.25 -26.234375 -159.0 9.0 -65.75 126.75 -62.25 110.75 -21.0
 20856.0 -1028.0 -151.75 -448.0 2056.0 -398.0 -1002.0 892.0 -672.0 -546.0
 -2576.0 452.0 208.0625 -680.0 -48.0 -226.0 4.0 -74.0 -232.0 566.0
 320.0 22.25 -3.15234375 193.5 83.5 38.5625 -93.5 158.75 10.0 -123.0625
 176.0 -279.0 -106.75 4.1796875 10.83203125 -18.6171875 2.15234375 -5.435546875 -11.759765625 -1.760498046875
 9572.0 -2888.0 -1559.6875 32.0 -364.5 601.0 -150.0 900.0 624.0 -417.0
 612.0 -99.5 180.625 338.0 -132.5 41.0 -491.0 186.5 -324.0 -23.0
 92.0 158.0 -20.9140625 -55.0 -2.0 63.0 -103.0 -96.0 0.0 78.5
 -12108.0 1472.5 12.2265625 1193.0 -136.5 511.0 -19.0 31.5 614.0 35.0
 149527.875 -9260.328125 14625.340576171875 36679.0625 -10438.21875 2453.6015625 15775.71875 27568.359375 13255.0 -5950.4609375
 525.125 232.875 649.625 183.3125 167.21875 142.7421875 -108.6328125 -151.59375 20.7587890625 20.0390625
 480.34375 540.6640625 213.5313720703125 949.796875 129.390625 17.890625 269.921875 100.4453125 190.0625 -50.5234375
 -800.0 -581.0 -495.03125 -520.0 -123.0 -44.0 282.0 -419.0 -148.0 430.0
 42.0 141.25 -2.99609375 39.0 62.0 36.125 22.25 16.125 -8.25 -21.0
 130.5 -3.375 -72.375 84.0 25.125 25.625 -165.5 -70.5 1.25 93.375
