19.5 -115.078125 48.359375 30.875 -31.15625 -11.0 -62.875 -107.0 107.8125 37.125
 -18180.0 7035.5 3520.5 6720.5 4387.5 -15618.0 2762.0 7756.0 -1969.0 -86.5
 73.625 -3.1875 103.03125 -56.03125 -0.96875 4.0625 -56.84375 -22.125 31.5 18.125
 -328.0 -689.0 337.5 516.0 920.0 -604.0 322.0 -434.0 296.0 46.0
 688.0 471.0 -88.5 -1221.0 -20.0 16.0 1152.0 -536.0 472.0 80.0
 -93.0 95.0 -90.5625 -111.75 -58.75 51.5 -0.75 15.0 -19.25 97.5
 -1396.0 -250.0 -920.0 816.0 792.0 931.0 -1735.0 1939.25 -265.0 -102.625
 -3940.5 864.875 39.53125 -297.4375 41.0 -35.0 238.1875 -152.25 472.0 143.625
 2113.0 -786.5 -129.5 581.5 -1824.0 437.0 1170.75 1631.0 667.5 -7.5
 1347.25 -643.578125 1060.875 669.03125 -268.03125 793.25 47.9375 83.0 219.8125 -82.875
 106.974609375 -99.23291015625 33.64105224609375 75.1826171875 -155.637939453125 121.71533203125 -260.2265625 272.38525390625 -40.380615234375 76.0966796875
 3321.7109375 -3771.53515625 4196.69140625 1039.4482421875 -4873.3583984375 -1510.9765625 4570.0400390625 789.51171875 1942.099609375 2690.22265625
 4500.0 117.25 54.5 440.375 767.75 -482.75 -357.75 -294.0 -1108.25 -229.375
 495.75 -215.3125 -19.28125 -95.1875 206.875 73.5 -246.125 -251.25 11.0 -23.625
 147.0 140.9375 -82.84375 -111.5 -46.4375 41.5 81.125 70.75 -59.75 38.0
 57.5625 16.69140625 -38.589111328125 -42.3876953125 -3.55419921875 34.33984375 -1.56787109375 -11.154296875 21.798828125 -0.052734375
 35.0 -112.875 68.75 -19.3125 33.5 -32.5 -85.5625 -18.5 92.375 -53.5
 -73.875 696.1875 350.234375 632.625 -487.0625 -229.75 287.5 289.5 59.0625 63.125
 2920.25 -323.875 9.6875 283.375 230.75 6.0 -51.9375 19.75 -165.625 -242.3125
 -45.25 -76.75 99.59375 -19.0 25.5625 -55.0 -79.625 4.25 52.375 31.875
 -185.822265625 6.646484375 -100.5364990234375 3.498046875 -22.65771484375 27.37890625 -52.16015625 86.1259765625 83.23046875 45.06983947753906
 -141.5 -39.25 -105.375 -27.875 -10.75 28.75 -50.5 -10.0 46.75 26.875
 18560.0 -1531.0 930.25 1894.5 1069.0 -244.0 -1197.5 121.0 -967.0 -1342.0
 272.0 -8.0 -376.5 116.0 -55.0 314.0 226.5 -150.0 -262.0 32.0
 315.0 117.125 94.9375 -80.71875 -43.0 11.5625 61.75 33.125 -56.25 73.875
 1638.75 320.65625 -114.4375 436.25 29.71875 -791.125 205.75 262.9375 -73.25 -11.59375
 263.0 32.875 -2.25 -136.75 -139.75 -35.75 55.0 6.5 5.5 115.75
 1452.0 -223.0 477.125 384.5 -551.0 140.5 38.0 207.5 372.0 260.5
 -1003.94921875 462.4111328125 266.68017578125 664.63330078125 -265.009765625 -307.861328125 169.251953125 133.537109375 -104.947265625 12.7890625
 85.875 -23.9375 47.703125 -25.359375 -11.609375 17.25 -56.1875 -41.5 38.4375 18.9375
 4.0 -345.5 103.25 12.75 -174.0 53.0 132.5 188.5 -227.0 -173.5
 508.0 1613.8125 82.78125 1006.125 -211.8125 -1244.375 706.25 795.625 171.75 197.3125
 7189.0 -6912.875 -1910.53125 -432.0 -3717.0 1055.0 731.0 1512.0 2188.0 341.5
 253.0 254.5 -714.875 -152.125 5.1171875 656.0546875 761.28125 -35.625 -841.875 44.3125
 394.5 86.25 -65.78125 -45.0625 -13.125 23.75 82.1875 63.0 -77.0 30.1875
 -2781.125 1040.34375 31.53125 -121.5 159.15625 -59.25 134.5625 -93.875 -107.1875 241.625
 75.375 -57.796875 -40.15625 -11.875 -29.40625 -7.5 -82.625 -22.75 62.375 21.75
 63.5 301.375 -177.375 536.875 -48.625 168.25 -167.375 -74.5 73.5 108.75
 2175.125 -942.4296875 -670.0625 2324.625 -1320.359375 509.5 555.1875 1056.4375 530.46875 -472.609375
 1969.0 -725.25 -427.5 -71.0 43.75 -69.0 -158.75 -42.0 189.5 -0.5
 223.5 69.125 -19.8125 -3.125 -72.0 34.75 99.5 -67.5 -110.0 139.75
 -171.125 213.53125 69.625 30.25 46.34375 -89.4375 -154.0 -42.5 184.75 -64.46875
 299.0 -39.9375 -107.6875 -144.375 -149.625 32.25 126.25 27.0 -134.0 32.5
 105.25 96.34375 57.265625 -71.40625 -50.53125 6.25 25.0 35.75 -42.0 33.6875
 9293.5 -10497.375 10780.125 -8258.5 6642.75 22762.5 -6662.375 -10897.0 2895.5 933.5
 17.0 115.71875 198.53125 107.0 81.59375 -31.125 -174.5625 -116.875 90.625 12.25
 -210.28125 -159.76171875 101.14453125 90.5390625 46.1875 81.234375 7.6640625 -92.3125 40.671875 -34.8125
 -3281.0 1585.25 310.5625 -69.625 611.875 -496.5 -60.125 -223.0 -461.25 -41.75
 -974.25 161.0625 -29.921875 -22.875 -3.3125 -54.5 134.0625 -62.625 70.375 118.9375
 -140.125 -203.890625 111.5625 1269.25 -577.921875 -965.375 411.90625 560.5625 -219.625 95.9375
 405.25 44.03125 -37.140625 -59.5 -70.65625 48.0 -12.8125 -17.875 -4.25 63.9375
 1464.20703125 -584.04296875 1643.7587890625 680.1953125 246.732421875 -327.1171875 -54.8359375 758.23828125 156.15625 -233.615234375
 128.0 -229.0 -1161.0 -144.0 -182.0 1062.0 748.0 -444.0 -580.0 458.0
 1996.0 -267.16796875 -76.20703125 158.16015625 136.375 -89.3359375 -98.9375 -58.0625 -8.875 -92.0625
 -3682.0 4278.0 1254.375 1255.0 -772.75 610.0 2441.75 2808.0 2016.5 1079.0
 -3243.0 1702.125 1042.1875 -645.5 1905.875 392.0 -1309.75 -1765.0 -629.5 -361.75
 31.0 -115.75 189.78125 5.15625 -65.09375 -116.125 -69.8125 -66.5 93.4375 73.5625
 304.0 -70.0 -517.0 -270.0 734.0 904.0 638.0 1848.0 -1680.0 -574.0
 21.0 9.375 148.4375 -37.6875 12.4375 16.5 -23.625 -0.5 37.75 75.25
 143.0 80.875 -5.328125 -26.0 -9.28125 18.5 -19.5625 11.375 0.375 39.125
 -206.0 -154.75 -56.125 -53.0 67.0 -253.0 -205.0 -89.5 308.0 -36.5
 75.125 -11.9140625 26.5390625 -26.125 -33.265625 -4.6875 -78.078125 -65.96875 94.71875 38.0625
 -1648.0 -23986.0 -11277.0 -5534.0 -2152.0 -3400.0 -324.0 2464.0 11076.0 -12096.0
 -14.25 40.78125 -2.8125 -4.625 12.78125 49.625 -94.625 27.875 7.0 -20.6875
 909.75 127.0 121.65625 102.90625 85.1875 148.5 96.40625 112.5 101.6875 3.3125
 171.5 115.8125 -65.78125 9.875 21.0 36.375 21.0625 57.5 -51.75 -14.8125
 6203.5625 -9471.3125 -5900.921875 3106.625 7039.0625 -5629.5 1736.46875 -15.0 -1086.875 844.75
 -171.5 -143.5 19.625 39.75 -7.0 69.0 35.0 19.5 -7.0 33.0
 286.0 14.75 -140.6875 -7.25 63.5 21.25 61.625 -88.5 66.5 97.625
 414.46875 -174.5 61.98046875 -24.921875 61.484375 157.78125 -71.1484375 -121.28125 -20.09375 23.2421875
 -1972.5 1131.75 586.125 -302.5 888.5 122.5 -481.25 -774.5 -334.5 -99.1875
 154.5 -3.375 45.0 -51.875 142.5 -10.0 -89.25 62.5 115.25 -30.125
 -2713.3125 -328.779296875 2656.078125 -2949.39453125 763.01171875 -861.80859375 -141.69921875 -1671.85546875 -704.5234375 1198.080078125
 174.4375 16.171875 18.296875 -46.96875 -34.96875 16.5625 24.0625 22.875 -20.3125 26.71875
 956.0 92.6875 -76.3125 -156.0 -97.75 91.0 338.5 27.5 -191.5 112.5
 -455.125 335.3125 248.0859375 -49.328125 293.234375 71.96875 -173.1875 -246.9375 -24.6875 -11.515625
 315.609375 346.41357421875 -259.753662109375 -167.95751953125 -120.75830078125 -237.0986328125 -140.20947265625 194.166015625 -3.1904296875 112.482421875
 131.875 70.6875 31.1875 -76.96875 -6.1875 13.8125 49.25 -23.5 -48.6875 31.59375
 279.5 344.0625 -557.90625 193.3125 355.875 -4.5 564.5 -432.75 452.25 118.25
 -1054.2890625 109.1640625 -263.763671875 -434.0068359375 -35.5478515625 -245.00390625 152.38671875 180.97265625 130.025390625 -117.458984375
 514.5 -54.03125 -290.3828125 -797.703125 68.90625 722.875 -159.234375 -268.875 226.4375 -2.5
 -182.0 70.40625 -36.4375 -104.5625 -52.90625 72.0 63.5625 65.125 -17.875 71.1875
 346.5 76.125 58.2109375 83.03125 56.046875 -70.8125 -50.40625 -36.59375 -60.78125 10.09375
 -708.625 -17.25 -120.015625 -120.59375 -52.59375 -15.4375 32.40625 24.875 -27.15625 40.40625
 -1.625 -43.21875 6.28125 -110.75 -51.9375 20.75 25.625 82.5 -89.125 44.0
 -64.8125 313.3828125 191.328125 -4.6640625 252.2734375 -21.09375 30.6171875 -43.9375 -22.234375 -13.90625
 -169.0 117.375 486.5625 -58.8125 83.0625 614.625 6.5 -135.25 222.125 44.4375
 522.25 145.625 -188.25 66.25 103.625 17.5 226.5625 -169.0 146.875 56.5
 96.03125 114.2578125 33.1328125 -24.28125 -45.796875 -8.78125 36.296875 14.1875 -8.84375 53.125
 1204.0 316.5 102.1875 180.625 331.875 -107.5 -71.375 -93.0 -190.25 -156.0
 184.25 4.640625 -11.890625 -28.21875 -41.84375 13.6875 51.34375 10.625 -26.21875 63.5625
 435.0 93.5 -247.8125 75.5 135.75 40.0 249.75 -167.5 159.25 30.5
 8642.0 733.0 650.375 2279.25 1048.0 121.0 -1465.0 -993.0 713.5 -543.0
 121.9375 89.484375 19.359375 -36.5625 -18.53125 42.1875 0.25 32.375 -36.125 29.0625
 2343.5 579.125 -187.09375 754.375 126.0625 -1414.25 213.875 620.75 -449.0 -3.375
 8.375 -125.53125 -54.59375 -75.5 -25.15625 -40.25 15.84375 39.5 -12.0 -22.3125
 95.0 88.3125 -1.359375 -45.71875 -21.375 46.875 -0.03125 12.125 -30.0625 8.8125
 21506.0 -1397.5 1466.75 2458.0 1196.5 -435.0 -1167.0 60.0 -1213.0 -1576.5
 185.75 -10.375 142.71875 13.375 -53.3125 -23.125 -17.1875 -50.25 -23.625 98.5
 5.5 64.8125 -66.90625 5.78125 -17.25 28.75 -17.46875 70.875 -5.5 -5.40625
 -384.03125 54.5 146.12109375 -65.8984375 95.8828125 180.375 -62.8359375 -107.9375 4.78125 24.2421875
 40.5 -47.375 106.3125 65.625 83.5 -46.0 -30.75 57.25 41.75 -51.625
 237.5 -3.90625 50.4921875 -43.03125 -29.34375 2.8125 -37.03125 9.9375 18.0 41.96875
 354.25 210.875 -491.4375 57.25 86.75 -6.375 319.09375 -171.3125 101.625 86.875
 309.25 81.125 29.5546875 -84.0 -21.3125 28.6875 56.6875 53.8125 -35.125 62.8125
 79.6875 -71.921875 14.65625 -6.25 0.953125 7.0625 -41.234375 -29.6875 65.125 13.609375
 711.0 9.375 106.59375 -62.0 -57.0625 114.0 192.375 199.25 -184.5 111.75
 -8365.625 901.140625 5875.4150390625 -8915.828125 3571.556640625 -2296.8046875 -1280.052734375 -4773.3984375 -2080.0078125 2974.55859375
 157.25 51.8125 199.703125 -81.5625 -74.984375 -36.25 181.6875 74.71875 -182.5 18.78125
 173.9375 22.296875 29.109375 -8.4375 -25.34375 2.875 21.3125 40.5625 -40.5 20.28125
 23.0 -17.875 32.0 -49.75 -18.0 -7.25 11.875 -58.25 -84.75 77.25
 -14.5 -358.59375 92.328125 105.375 -59.34375 -147.125 -229.9375 -189.625 241.0 -124.375
 66.0625 76.109375 34.1015625 -64.9375 -15.953125 1.96875 17.40625 80.0 -41.28125 35.84375
 -32984.0 6205.0 647.5 -2839.0 322.0 -1054.0 1497.0 -1720.0 3876.0 1201.0
 843.5 -1283.25 875.5625 -914.0 836.5 2033.0 -1118.75 -1737.0 -56.25 -202.375
 15.25 -19.6875 70.625 -39.15625 -10.59375 9.25 -21.0625 17.3125 -32.25 32.84375
 -3277.81640625 2733.2421875 948.1875 1778.5 1251.2646484375 -1547.93359375 -898.9375 -1283.640625 -1658.890625 -502.75
 -1414.4375 345.03125 -17.1640625 -9.234375 64.1875 142.625 -11.1875 8.0625 23.28125 28.65625
 -618.0 148.0 67.984375 -72.9375 28.25 28.25 19.34375 115.25 22.0 0.875
 3668.0 -9321.0 -2475.5 -1806.0 -5767.0 4462.0 2080.0 3336.0 3784.0 -1271.0
 1612.0 -559.5 -571.75 303.5 370.75 -101.0 -102.0 -379.0 483.0 25.0
 -203.3125 182.5078125 -37.359375 45.796875 33.3203125 -177.78125 36.6875 99.40625 -115.5 22.34375
 66.625 -30.53125 153.046875 15.40625 -20.21875 -36.8125 -86.15625 -69.0 30.5625 5.21875
 151.5 -133.5 -8.90625 52.3125 96.625 -67.5 223.25 -1.75 69.625 -27.9375
 62.0 71.875 -104.875 -33.625 29.875 66.5 -68.875 -39.5 16.5 35.75
 1927.0 -1871.875 -536.625 -220.0 -893.5 721.5 212.375 488.5 648.25 -164.25
 -78.09375 -115.015625 93.4609375 45.921875 46.1171875 97.078125 77.328125 -55.84375 -23.453125 -43.1015625
 1070.671875 2396.828125 58.109375 -2157.33203125 -883.921875 2166.546875 -509.05859375 -464.671875 656.8203125 -90.0546875
 -56.75 1309.625 -212.4140625 814.1875 -176.15625 -1470.8125 452.6875 804.875 -220.0625 77.21875
 1140.5 335.1875 6.0 -179.625 -65.9375 -96.75 351.625 -31.0 -225.125 -156.125
 -1042.84375 3.5546875 14.56640625 -64.609375 -22.6796875 -34.59375 61.0234375 -75.0 121.3125 147.328125
 236.0 -122.5625 45.5 -183.625 -165.0 186.5 342.375 230.0 -128.5 29.875
 30.796875 -633.62890625 -288.01953125 -139.6328125 -228.4140625 19.1796875 52.359375 163.5 337.734375 -17.734375
 -13.0 29.78125 269.203125 -192.5625 -128.8125 5.5 -187.0 36.125 34.5 -69.0625
 11452.0 -768.0 738.0 1736.0 -134.0 104.0 -1149.0 248.0 -1142.0 1416.0
 218.0 179.75 -96.9375 -12.875 240.75 166.5 -166.125 -63.75 86.75 154.875
 -1831.25 456.4375 147.75 -107.0625 8.90625 -25.875 94.75 -38.0 4.5625 16.0625
 21098.5 -47900.375 -31696.125 20361.1875 37665.4375 -34697.75 9759.3125 568.5 -7873.125 4582.625
 176.9375 48.359375 28.6875 -5.15625 -23.0 -11.0625 -68.90625 -19.0 22.8125 56.25
 98.75 -20.0 -50.75 -28.5625 -53.21875 29.75 -39.75 -14.875 20.375 38.5
 271.1875 437.3125 -330.453125 918.734375 -996.203125 -256.8125 554.1171875 377.8125 112.0 143.546875
 437.1875 -89.984375 111.6875 -113.9375 232.4375 196.28125 -124.453125 -170.4375 -52.9375 -49.015625
 69.0 205.5625 166.859375 47.96875 -5.875 -44.4375 -11.59375 -67.4375 25.125 -3.28125
 -1849.5 326.078125 123.98046875 -173.34375 -105.859375 -113.4375 8.1484375 -48.40625 168.796875 -8.359375
 -6531.0 1038.75 121.75 -583.5 -63.25 377.0 491.5 -65.0 71.5 176.75
 138.0 77.0 62.53125 -82.21875 -9.8125 25.5 16.75 60.75 -71.75 41.5
 51.0 -7.125 22.0625 -12.875 3.125 15.5 -30.8125 27.75 -5.75 20.25
 99.0 167.125 -101.59375 -41.9375 68.9375 36.0 108.625 56.5 -49.75 -113.625
 78.6689453125 25.984619140625 21.5758056640625 7.32373046875 0.94580078125 -30.61328125 -50.3408203125 -24.041015625 42.7490234375 -9.3642578125
 31.375 -24.5 19.0625 -24.875 -25.40625 12.25 -42.96875 -17.25 5.375 22.96875
 -2370.75 786.4375 13.40625 -156.9375 71.4375 -78.0 140.75 -199.5 255.0 161.125
 1059.875 -592.75 -1899.125 -805.1640625 1270.875 -251.234375 59.91015625 -423.609375 14.0625 172.21875
 -309.3125 212.5 -55.0078125 120.0546875 -169.265625 -117.125 149.1171875 193.28125 96.046875 35.90625
 8452.0 -150.0 636.0 1126.0 -30.0 -100.0 -929.0 196.0 -804.0 1198.0
 182.25 -162.4375 143.4375 98.3125 -298.875 -115.125 145.0 39.125 -129.25 62.3125
 -33.25 -51.0 158.625 -42.5 -140.4375 -95.75 -20.0 -37.375 -52.75 2.875
 357.0 138.5 -378.0 20.75 -146.5 67.0 -54.5 -221.0 151.5 15.5
 10.25 -140.75 175.453125 48.625 -68.75 49.5 -70.03125 82.5 -34.375 63.0
 162.25 -31.625 16.546875 -39.53125 -27.78125 24.5 -48.5 -17.75 46.875 37.5625
 135.5625 78.0625 14.71875 -57.125 25.625 50.6875 -61.0 24.6875 36.0 -65.78125
 -200.0 -97.53125 275.15625 -57.625 9.0 109.0 73.25 170.0 -249.875 17.6875
 39.0 -106.0 156.5 -124.25 -168.0 -369.0 117.0 -294.0 35.5 24.0
 -567.25 217.875 266.90625 -53.875 -72.3125 376.375 81.125 -11.125 292.875 33.5
 68.625 155.59375 -13.734375 -77.125 -16.59375 20.5 -96.5625 -0.125 49.5625 14.09375
 2855.1875 340.0 -213.1953125 574.15625 414.59375 -486.1875 -162.46875 36.0 -249.25 50.578125
 180.875 230.03125 100.921875 97.0 128.21875 -8.1875 -49.21875 -8.8125 -89.875 -13.59375
 5402.0 -1737.0 -271.25 71.0 -339.5 -15.0 -259.5 -17.0 -478.0 1.5
 498.0 284.0 -479.875 -154.5 -68.5 171.0 24.5 -290.0 45.0 2.0
 -2724.5 600.0 239.3125 -44.625 21.25 -141.0 27.75 -175.0 469.75 142.25
 153.9375 224.5234375 -68.6875 561.6953125 -450.84375 -332.90625 288.09375 280.0 -7.140625 63.921875
 166.5 22.6875 32.15625 47.90625 5.59375 -2.0 -54.125 -56.5 -24.9375 133.25
 -366.0 -37.5 680.75 2.5 122.5 -178.0 -32.0 186.0 -105.5 7.0
 160.28125 -63.828125 15.1953125 -1.7109375 -20.4921875 -3.640625 -18.359375 -35.140625 -8.46875 20.7109375
 -109.2890625 -15.40234375 37.24365234375 19.703125 -74.34375 -80.1875 -43.625 -153.5625 31.875 104.78515625
 714.0 -68.625 -302.75 -85.0 185.8125 348.5 290.0 20.6875 -517.0 19.0
 23.25 -132.375 -80.9375 2.03125 15.6875 16.75 59.65625 17.875 35.4375 -131.9375
 1434.015625 -252.73828125 -430.767578125 844.546875 -810.29296875 -1796.5703125 719.48046875 1362.6171875 176.125 -9.0859375
 65.5 -1811.375 425.5625 -2461.3125 2378.5 935.25 -1428.625 -1072.5 -186.75 -333.125
 -697.55078125 -225.59521484375 72.41357421875 -39.0712890625 84.3427734375 117.705078125 132.5087890625 -16.9609375 28.9326171875 -81.8994140625
 162.125 -34.59375 -3.796875 -0.625 -76.0 -0.5625 -29.0625 -89.25 -21.9375 116.8125
 55.75 -55.09375 5.859375 -23.75 -95.40625 0.25 -11.84375 -38.25 -88.0625 45.75
 120.0 -50.0 106.9375 26.25 -66.375 8.0 -24.375 34.5 -88.25 70.0
 281.0 48.546875 14.71875 -19.4375 -23.78125 -3.5 -31.75 32.5 -11.875 71.375
 -128.296875 1120.9140625 -907.4677734375 -316.984375 900.46875 157.59375 -370.953125 -107.984375 -93.9609375 -296.181640625
 82.0 -112.75 70.25 -30.875 -5.1875 -44.75 -43.375 -15.5 51.0 -21.5
 158.75 -21.0625 29.28125 -28.1875 -9.6875 45.25 -29.5 -33.75 33.625 50.9375
 8395.5 -8656.140625 -2772.6640625 -845.3125 -4985.96875 1770.46875 2034.453125 1884.40625 3074.03125 661.4375
 118.0 -50.5 84.625 -42.125 -12.875 -23.25 -33.125 -43.25 28.5 -10.625
 712.0 -124.0 -612.0 -246.0 749.0 1164.0 206.0 872.0 -142.0 -42.0
 37.3125 -6.890625 -24.92578125 -3.4765625 7.046875 11.25 1.1484375 4.4375 -1.28125 2.890625
 -146.0 318.25 -65.6875 -180.875 -152.125 123.5 -62.5 -25.0 6.25 -92.5
 13.625 -47.59375 123.140625 16.8125 -67.9375 -93.125 -75.125 -51.0 2.0 40.5
 -867.875 2335.5 -129.6953125 -361.390625 173.765625 -598.5 306.921875 489.9375 167.5 108.96875
 -11299.0 5849.75 1823.1875 -195.25 2065.0 -692.0 -388.625 -943.5 -1177.5 -60.5
 7037.40625 -4164.33203125 -1229.60546875 -16.75 -1301.34375 304.21875 150.34375 1074.71875 741.8125 257.259765625
 -148.25 -122.78125 -49.8125 -56.671875 -127.53125 46.3125 43.171875 37.6875 64.6875 10.5
 -9998.0 -7557.0 -6499.25 -1477.0 -4609.0 -8222.0 -2470.5 -2146.0 -3581.0 -497.0
 -95.71875 -443.345703125 301.5380859375 142.19921875 -133.30859375 87.3203125 -60.89453125 -61.234375 -142.9765625 -93.99609375
 189.375 94.65625 11.25 -60.40625 -23.125 28.5 20.5625 22.125 -25.9375 42.09375
 1521.0 -269.75 78.75 143.5 554.25 -602.5 -565.5 -419.0 -505.5 -357.5
 430.0 7.0 -142.375 -84.5 295.0 437.0 82.0 211.0 27.0 -51.0
 -247.8359375 -71.2333984375 136.73291015625 70.62451171875 52.279296875 -4.056640625 -65.2353515625 -69.91015625 -63.865234375 -29.3798828125
 -15997.0 2562.25 -1806.125 -748.25 -876.0 -21.5 -38.0 352.5 1849.0 931.25
 61.0 -59.75 -115.75 1.125 62.0 -26.0 -124.125 -44.25 33.25 -27.125
 144.5 -114.5 23.40625 38.0625 61.375 46.375 89.4375 62.75 -95.125 26.6875
 95.6875 -27.265625 31.26953125 -19.828125 -22.0 -8.421875 -39.2265625 -30.578125 23.625 32.0546875
 5.75 -49.140625 26.96875 13.0 -28.4375 -12.5 -95.5625 -37.0 54.25 1.78125
 2227.0 -3705.90625 125.5625 -171.84375 -2543.65625 240.125 -469.125 -322.5 -536.375 59.25
 23.875 39.1875 74.96875 -53.875 -35.1875 -8.5625 37.78125 27.0 -28.1875 59.875
 230.25 56.75 49.78125 -21.875 -67.90625 -37.125 37.4375 -31.5 20.25 70.3125
 138.0 111.5 55.4375 -84.125 -36.5 46.5 30.75 33.0 55.0 67.375
 79.5 -58.0 -5.75 -34.5 -10.375 34.125 4.125 8.0 -69.5 1.875
 -66.94921875 54.4609375 52.5361328125 36.390625 -74.0625 -91.984375 -8.75 -100.015625 44.578125 45.68359375
 70.875 67.59375 73.25 -33.0625 -31.09375 3.3125 5.03125 23.75 -2.1875 15.84375
 329.0 149.75 -65.4375 -56.5 -34.75 109.0 -12.0 22.5 -16.75 -79.75
 -1969.0 -1075.75 3539.5625 3386.5 -195.75 -2305.0 216.5 1863.75 -527.25 -493.25
 113.0 19.796875 138.0 -70.625 21.0 -42.5 274.375 -266.625 -320.009765625 277.375
 -850.3125 48.578125 -21.84765625 -64.90625 -10.27734375 -93.234375 -75.9375 -113.828125 -75.3515625 -39.3515625
 105.75 -77.4375 -33.625 1.21875 -26.0 -51.75 -125.625 -26.0 -59.3125 84.375
 179.0 16.0 -200.6875 -50.0 134.25 274.25 10.75 170.5 -25.5 -40.375
 4604.5 -1708.625 365.0 1450.625 -1329.875 927.75 523.5 397.5 587.75 261.375
 123.25 48.125 0.4375 12.125 -26.9375 -10.75 -43.0 -27.75 32.375 45.75
 115.5 -7.25 -6.5625 -33.375 -14.5625 78.125 31.3125 101.75 -113.375 -36.6875
 -312.0 -2.625 36.40625 103.25 -43.4375 -38.25 -80.3125 -104.875 -66.125 266.875
 8479.0 -1625.75 356.5625 687.25 72.125 -120.5 -118.75 108.5 -914.5 -427.5
 -178.0 -140.75 667.0 -161.0 -218.125 -327.0 -222.5 -8.0 -130.5 -93.5
 -306.0 136.875 208.8125 19.375 -316.875 -184.0 9.875 -484.0 24.5 363.25
 -2307.5 139.625 -2.78125 -306.875 -130.0625 158.75 196.9375 -8.0 33.125 15.0
 -2432.0 -496.0 537.4375 -2459.25 2627.375 343.0 -1257.0 -886.0 -200.25 -337.75
 -453.0 8.125 -166.4375 7.25 -86.09375 101.125 46.25 27.0 115.5 58.875
 155.625 -52.46875 252.34375 -13.34375 -136.96875 -168.3125 -116.1875 -163.125 73.3125 149.625
 -161.75 149.78125 90.296875 -19.25 16.6875 1.75 54.125 -19.375 -18.75 -3.0
 101.5 -62.6875 -51.5625 -114.34375 -28.3125 78.625 59.84375 50.5 -114.6875 -52.1875
 39.25 333.0625 -350.65625 611.5 -550.1875 -766.75 419.8125 618.75 96.625 24.625
 125.5 -104.125 24.046875 14.15625 28.78125 10.9375 87.1875 68.5 -90.625 20.625
 94.25 234.71875 -462.0400390625 -621.637939453125 -148.921875 450.5078125 986.890625 -896.7109375 -576.6875 454.134765625
 173.75 147.4375 -156.75 -161.5 231.25 8.0 19.5 -218.5 181.0 129.875
 -455.0 451.125 -140.25 -496.125 286.1875 -82.5 400.1875 -228.75 660.375 -418.5625
 22.0 34.21875 -30.140625 11.5625 29.875 -35.875 17.375 -53.875 18.875 -1.3125
 83.875 -70.90625 172.03125 13.71875 -36.375 10.4375 -71.375 -86.0 -5.4375 87.25
 52.875 57.7421875 140.53125 0.3828125 -7.3046875 0.90625 -45.46875 28.40625 -29.78125 5.796875
 2930.90625 -1114.609375 53.29296875 -554.859375 285.69140625 871.6875 -323.40625 -301.09375 105.765625 5.015625
 22181.0 -5032.5 612.375 1943.75 -719.0 -113.0 -267.0 2.0 -1060.5 -288.0
 -148.5 30.125 157.0 -100.375 66.375 -13.0 -94.625 113.5 -108.5 -27.625
 -21.75 -195.5 245.1875 -1.25 106.625 -73.5 -10.25 405.0 -194.875 -228.875
 16.0 148.0 -58.875 -90.875 -95.25 48.5 -98.0 -43.5 31.0 -44.75
 52.0 -380.0 -3829.5625 846.25 1961.625 1515.0 -246.0 3162.0 942.0 -3399.75
 93.0625 3.8203125 99.06640625 11.5703125 -39.953125 -33.8125 -21.0859375 -26.375 -13.40625 46.21875
 12.0625 -31.109375 29.96875 -1.28125 19.734375 9.25 61.328125 3.8125 -40.75 -2.1875
 260.6875 77.5 -192.1875 -459.0 -5.875 979.8359375 934.40625 -1482.859375 584.1171875 172.412109375
 16.671875 -1.875 0.1796875 -0.078125 -0.33203125 0.529296875 0.22412109375 0.125732421875 -0.043212890625 -0.198974609375
 -43.0 -155.0 178.0 55.625 11.3125 288.4375 144.09375 -207.375 58.5390625 6.90625
 336.0 -64.0 -288.0 -1376.0 -508.0 3507.0 3227.25 -5014.5 2101.0 767.5
 42.25 36.8125 -1.8125 -22.1875 -56.0 2.625 -23.625 -8.375 39.125 21.4375
 -1580.25 -911.34375 685.3125 -1186.125 1048.90625 1882.0 -989.0625 -1428.625 -155.0 -212.9375
 -34.25 20.4375 40.34375 7.78125 17.40625 7.0 -18.3125 62.5 8.1875 9.4375
 -430.0 76.5 -514.0 -60.0 -247.5 392.0 55.5 -256.0 193.0 -66.0
 536.0 -212.0 534.0 -193.5 235.5 -162.0 68.5 202.0 -170.0 55.0
 135.25 -27.28125 -11.7734375 -32.359375 29.9453125 33.0 19.9296875 9.46875 4.34375 6.234375
 -2198.0 -187.5 386.125 -54.5 -734.25 101.0 286.5 -300.0 -936.0 365.0
 416.5 172.75 10.125 -319.25 12.125 215.0 75.0 93.0 -120.5 166.25
 78.5 21.375 158.125 3.375 -52.875 -22.25 -63.75 -38.25 35.25 43.875
 73.75 -179.0 -42.1484375 -12.390625 -8.458984375 2.291015625 -7.45703125 -3.7626953125 -2.6216139793395996 -0.5928955078125
 2445.75 -1626.5625 -382.453125 -47.96875 -990.9375 505.375 319.5 486.375 650.625 56.75
 740.0 263.5 -765.25 189.5 297.0 -135.0 422.0 -916.0 792.0 859.75
 33.0625 -42.5 66.0625 141.0625 81.0 -13.0 -174.8125 -46.6875 18.625 -3.25
 180.5 -442.5 -206.53125 -82.1875 -10.0 -8.75 -24.6875 87.0 76.25 -128.625
 -10676.0 2098.0 41555.0 52293.5 -17342.0 -8088.0 10015.5 15337.0 -905.0 -1894.5
 -5.859375 59.45703125 4.8828125 171.05322265625 -3.80078125 16.90234375 -122.978515625 -1.634765625 1.62841796875 -18.09375
 297.5 6905.125 -1254.46875 2961.9375 -2273.125 -3042.75 2467.375 2435.0 324.5 514.625
 263.75 67.5 97.375 -151.3125 -44.0 17.75 27.625 56.25 -20.5 66.75
 -489.0 -72.0 79.0 -75.5 -171.5 -37.0 66.25 106.0 -274.5 -249.5
 180.25 -40.125 23.5 -34.4375 -40.25 50.5 45.75 40.75 -98.125 28.0
