172.0 -524.375 -189.09375 134.5 -24.625 -90.25 193.8125 -165.0 165.5 117.625
 1624.875 1541.15625 -132.9609375 -489.5 254.59375 -109.4375 -70.234375 85.4375 -29.0625 -5.8125
 493.5 370.25 16.75 -24.25 -204.9375 -26.25 75.3125 -193.5 252.25 115.375
 -43.25 70.875 -7.78125 39.375 81.0625 -4.375 -17.8125 -48.75 116.125 -42.25
 1038.0 476.875 -19.4375 -219.5 43.625 -264.5 -452.8125 -510.5 373.5 193.5
 131.0 86.875 -166.765625 -1.75 -19.28125 2.5 -8.9375 -150.0 89.875 55.6875
 390.0 -655.625 -868.0 -214.5 639.0 766.0 -1.0 1507.25 -1514.5 188.1875
 -855.6875 82.421875 110.9375 -25.65625 -21.375 54.3125 -8.8671875 -2.125 44.0625 9.65625
 -1198.0 393.5 37.375 691.0 -9.5 -478.0 -120.125 89.0 290.0 -63.0
 -4553.5 44506.5 40363.4375 63614.5 -14424.125 49062.0 -13059.75 -17784.0 -1679.25 7073.0
 218.5 -63.75 -190.09375 239.0 -62.1875 -238.0 257.59375 -329.75 351.25 -199.375
 113.4375 -3312.390625 4925.65185546875 595.33203125 -2384.916015625 -567.31640625 -2409.05224609375 364.69921875 1368.984375 1927.1298828125
 2337.3125 -1546.40625 -645.1796875 7.40625 -724.21875 -98.1875 -41.7578125 346.125 222.4375 -61.59375
 -800.75 674.25 233.0 10.4375 174.03125 -1.375 21.625 -34.25 -78.25 -75.8125
 -102.0 163.875 -9.75 44.5 -57.375 -54.25 64.1875 -168.5 149.5 138.25
 -517.4375 357.953125 57.7109375 -1127.90625 546.734375 203.5625 421.859375 -270.0625 66.5625 -131.34375
 149.0 218.125 21.15625 50.25 55.3125 81.0 20.875 24.0 -89.25 42.625
 61920.0 463769.0 92100.5 110676.0 -67292.0 327420.0 -14383.5 -174580.0 -10080.0 37736.0
 3231.0 613.75 543.375 490.0 351.375 195.5 30.25 -19.0 -161.0 -154.75
 636.0 196.75 -15.0 -78.0 -40.0 -260.5 238.75 -191.0 254.5 236.75
 1886.75 41.0 -13.5 514.0 -79.5 -442.0 162.0 20.0 164.0 212.875
 692.8125 -304.751953125 -27.626953125 172.1953125 85.5302734375 23.2578125 34.4580078125 91.82421875 -71.64453125 -75.662109375
 504.75 -136.75 -111.9375 53.125 -190.25 25.25 5.375 124.0 129.5 -40.625
 -7079.5 2134.625 735.890625 -369.25 -307.25 543.25 -585.75 -147.5 -33.75 126.0
 151.25 172.8125 -12.71875 -41.25 -146.75 7.75 -41.375 -189.0 226.5 73.125
 -929.5 1737.625 -307.15625 528.375 -77.8125 -1365.5 -687.625 806.0 38.0 -38.5
 -132.5 -130.25 -37.4375 39.0 -115.375 -228.0 154.625 -239.0 129.5 149.25
 -749.375 104.8125 -33.7734375 109.125 -176.25 -71.5 -53.65625 11.5 -0.875 -15.15625
 288.125 -19.40625 -94.8671875 -157.25 -106.0 -242.25 -53.6875 269.8125 148.28125 -62.4375
 647.0 62.5 -127.71875 15.75 -182.5 31.75 25.0 -278.0 247.0 87.0
 1708.0 -2297.0 -362.25 1922.0 -983.0 -852.0 1004.0 -208.0 -1702.0 -303.0
 861.75 -316.6875 105.296875 184.75 -218.984375 320.25 -141.546875 169.8125 201.0 167.3125
 -3973.0 -1738.0 -906.8125 -756.5 -1516.0 224.5 -82.0 538.0 579.0 -231.125
 540.0 245.5 -528.0 -276.0 -106.3125 147.09375 -529.875 -454.875 159.8125 -209.625
 -146.0 247.0 48.65625 127.25 -37.0 -199.75 160.1875 -112.5 153.5 64.5
 -2822.0 -217.5 -195.4375 -434.75 -393.125 -7.5 -95.375 164.5 279.5 -173.75
 321.5 66.0 -209.59375 57.5 31.125 3.5 -36.125 -71.25 61.25 -15.25
 -18.0 -116.75 609.3125 -30.0 -221.625 41.0 268.3125 42.0 -42.5 -99.75
 -430.90625 -269.015625 244.65625 -59.609375 -12.96875 24.0 -62.8984375 -36.46875 32.8125 61.15625
 1449.5 -130.25 132.4375 -122.6875 -207.75 -191.125 -175.109375 -74.5 -231.5 -89.125
 182.25 -11.9375 -116.3125 -66.5 -72.0 33.5 -69.3125 -229.0 214.375 119.125
 241.0 217.25 -180.859375 128.0 -49.59375 -29.0 60.8125 -284.0 47.25 141.875
 186.0 -151.75 -140.59375 181.5 45.25 -94.25 51.375 -133.5 115.5 59.75
 121.125 375.5625 -57.53125 84.0 -73.4375 -61.375 54.8125 -133.125 185.375 50.75
 -1471.625 412.7578125 581.125 5.96875 821.29296875 191.375 653.4375 -808.1875 -701.828125 -232.7734375
 187.0 -39.875 -113.25 92.25 24.375 -74.0 76.875 -137.5 272.25 31.0
 32.9921875 59.34765625 -37.654296875 25.9765625 -28.353515625 -87.69140625 70.591796875 -18.9453125 56.578125 11.642578125
 2929.875 -3018.75 -1160.234375 -79.3125 -1201.625 171.625 -97.34375 589.4375 561.4375 -89.84375
 -61.0 2654.5 1219.75 40.0 1363.625 -526.0 -49.375 -466.0 -725.0 325.25
 -5059.5 2075.5 472.9375 -4984.5 2117.375 522.0 1518.5 -663.5 570.5 -465.25
 -386.0 531.25 189.375 -103.5 -348.0 -71.0 207.5 -355.0 649.0 283.0
 20075.5 -2545.46875 11449.359375 -6561.9375 4102.3125 1589.0 4829.40625 4962.75 3277.75 -3215.375
 1808.0 2062.0 -1968.0 -1184.0 354.0 -525.0 540.25 -127.0 3083.0 -2335.0
 1729.78125 -252.203125 -24.169921875 135.15625 142.796875 -95.578125 -3.5234375 -27.453125 -65.921875 -141.25
 -2005.75 -286.0625 222.3671875 -310.25 11.234375 -115.75 -15.46875 49.0 184.0625 218.21875
 2048.625 -811.25 -114.296875 -191.90625 1573.5 -494.375 1421.046875 -1616.5625 -1032.75 -539.5625
 -136.5 171.0 -87.0625 72.875 -145.5625 3.5 55.0625 -209.0 134.25 79.75
 -675.5 -1651.5 1036.375 228.25 251.125 1329.75 -308.25 1961.0 -2330.125 1109.375
 77.75 25.375 -0.03125 -149.4375 -83.125 -54.625 120.875 -52.25 145.5625 36.46875
 225.5 -21.0 -147.90625 45.25 27.1875 -36.25 42.625 -97.0 79.25 64.875
 -1872.0 45.5 164.75 3.0 -136.5 -120.0 -84.5 -222.0 -286.0 278.5
 282.5 -231.125 -203.375 34.5 -108.125 18.0 105.375 -249.5 232.25 95.625
 5424.0 -1622.0 1328.5 -2134.0 -1056.0 -1156.0 2616.0 4288.0 -1076.0 -2534.0
 -40.5 -107.0 -111.8125 110.5 96.0625 117.75 -80.0 0.5 -168.75 39.0
 636.734375 486.8359375 424.8681640625 -76.046875 135.6015625 369.578125 -116.298828125 225.359375 243.4609375 144.3828125
 234.0 -135.5 -42.46875 139.25 -47.5625 22.25 -15.375 -190.0 43.25 89.25
 -8844.0 10785.75 -5732.125 5369.0 -4564.75 9400.5 -3760.5 -6762.0 -163.0 2625.75
 -1630.5 -304.4375 260.40625 362.6875 192.1875 -122.875 132.21875 23.75 -93.25 317.8125
 531.0 -273.5 15.125 -42.25 -6.0 -77.5 -84.125 -149.5 23.25 46.25
 75.875 -1241.15625 -135.578125 -462.0625 -38.71875 624.3125 478.734375 -519.375 64.3125 -84.4375
 -15390.5 1676.375 847.875 -1920.5 -1858.375 1904.0 -699.3125 846.5 1457.25 125.875
 -822.5 -168.75 395.0625 -145.0 199.5 -85.0 -50.1875 261.5 186.25 -111.875
 -950.130859375 -822.309326171875 1372.8057861328125 -633.807373046875 -32.1851806640625 -293.07373046875 -119.59912109375 -421.54248046875 -87.5830078125 429.48974609375
 474.5 -27.875 -255.125 123.0 -84.125 -96.75 71.4375 -223.5 67.75 97.625
 83.0 12.25 17.375 226.5 100.125 -72.5 85.875 -71.0 222.5 -77.5
 317.875 72.125 61.125 8.75 168.21875 74.125 49.734375 -49.1875 23.9375 97.1875
 872.578125 784.18359375 -350.8076171875 -255.66796875 -328.9609375 -613.0625 267.5537109375 340.8203125 -14.17578125 262.78125
 221.0 294.5 -33.125 33.25 -34.5625 18.5 -134.625 -182.0 64.0 38.25
 246.0 -102.375 -175.0625 -78.0 -153.375 47.5 -227.8125 -75.0 -287.125 -69.25
 1014.25 337.9296875 -0.345703125 68.3125 -103.83984375 -177.328125 132.12890625 62.796875 -97.078125 141.0546875
 583.38671875 500.7919921875 -518.68212890625 -722.9140625 -167.6669921875 -299.599609375 -116.31396484375 492.2421875 277.15625 -122.2275390625
 397.0 -214.625 -11.4375 106.0 -67.625 83.0 39.0 -179.0 296.0 57.5
 1104.9375 -443.25 -214.3515625 170.90625 -16.0859375 -170.6875 91.859375 -71.78125 -52.8125 -135.78125
 -116.0 396.34375 126.765625 50.875 291.328125 -185.375 24.5 -78.625 -133.0 41.1875
 879.0 -470.25 -549.3125 -19.0 -486.25 54.5 52.25 -493.0 510.0 204.25
 738.28125 -396.203125 88.984375 -196.78125 125.70703125 316.765625 90.021484375 -46.921875 55.34375 4.6640625
 390.6875 38.3125 78.9375 29.875 505.84375 -140.3125 156.9765625 -185.4375 -206.9375 -54.84375
 552.75 35.0 85.96875 33.375 -75.1875 -62.0 -62.21875 -93.25 -26.75 -10.125
 320.5 71.625 110.6875 -126.0 -242.875 -212.5 209.125 -188.0 287.0 97.25
 -134.75 -300.78125 -141.078125 7.875 -334.21875 139.875 -86.0625 173.125 180.125 9.75
 444.0 269.125 -63.75 -107.5 -106.0 3.5 -6.3125 -194.5 244.5 113.625
 318.75 96.6875 22.140625 -19.625 32.34375 -14.25 -119.5 -53.875 76.5 -72.0
 126864.0 28580.0 9455.0 19696.0 30206.0 -18936.0 16151.0 -19328.0 -2708.0 -19830.0
 212.0 -263.25 -191.75 83.25 -50.5 -116.0 72.625 -161.25 114.0 87.0
 -5535.0 9620.25 625.1875 1844.0 842.5 -5388.5 -2719.0 3626.5 -331.5 720.25
 826.53125 -91.6875 48.171875 466.234375 -219.9296875 -178.3125 -291.9453125 260.03125 32.78125 142.1796875
 114.5 124.9375 -217.1875 36.0 -85.3125 48.75 -17.5 -259.5 152.25 102.625
 -817.25 -368.9375 -213.375 -120.875 -82.25 -92.625 49.0 -34.0 134.25 151.5
 261.0 17.5 -298.3125 -47.0 -50.3125 -117.25 -8.4375 -169.0 393.25 -34.0
 337.0 -272.375 -174.28125 35.0 -86.8125 -83.75 44.6875 -163.0 97.75 163.875
 -50.0 279.390625 208.53125 13.25 202.7265625 -25.90625 -2.6796875 -5.5 -59.34375 35.21875
 248.75 165.0 -157.359375 105.875 48.0625 -63.375 3.0 -77.75 97.375 78.5625
 576.0 -276.25 -222.65625 77.0 -104.0625 -118.0 101.5 -193.5 117.5 94.25
 475.9375 -214.84375 -90.8984375 148.125 -48.34375 -63.8125 -123.890625 -147.1875 -12.1875 -62.46875
 295.0 130.625 -84.9375 -18.5 -117.3125 -123.5 -26.125 -249.5 204.5 119.625
 361.0 24.375 -177.96875 21.25 -35.25 36.25 -35.375 -164.0 180.25 4.0
 -84.5 -548.75 202.15625 18.25 -173.125 463.25 -176.8125 -21.0 -5.75 -75.5
 5867.75 204.55859375 -3702.1787109375 7140.65625 -3866.244140625 1166.3125 -1312.205078125 4505.75 1276.6171875 -2232.12109375
 891.0 617.5 333.375 -372.0 -524.25 266.0 66.25 -854.0 718.0 401.5
 88.5 149.125 95.3125 177.0 0.875 42.5 33.75 -87.0 161.25 -8.5
 -634.0 -1291.0 1487.5 841.0 -709.5 282.0 -77.75 -170.0 -649.0 -595.0
 747.0 -275.0 45.4375 725.5 294.875 647.0 -69.25 178.0 -507.5 -335.75
 -33.5 271.625 -74.25 -85.0 -1.1875 -37.5 31.0 -198.5 259.0 95.75
 -2375.0 -903.25 -211.3125 -369.5 -441.375 -69.25 -78.9375 108.0 193.75 199.75
 2020.25 3219.875 1123.125 810.625 1688.46875 -739.5 19.125 -320.5 -772.75 -149.375
 315.5 0.0625 -45.984375 -41.5 -16.9375 -92.5 17.75 -98.0 64.5 142.1875
 -2345.4296875 -16431.1875 -2516.0 -2916.5 -4162.0 8373.4375 3952.0 -5261.09375 1151.75 -770.25
 -218.75 -345.59375 -228.765625 -43.59375 -154.09375 79.9375 93.1875 126.25 95.1875 11.3125
 556.3984375 -179.58203125 -93.1484375 35.875 31.70703125 -74.046875 125.583984375 -8.78125 70.74609375 -49.68359375
 1148.5 -200.5 8.4375 60.9375 -90.671875 -67.625 -8.90625 17.375 28.75 -6.09375
 -1864.5 75.6875 -235.6875 -33.375 -87.78125 30.625 34.40625 -67.75 79.125 62.4375
 102.5 199.03125 -98.109375 69.1875 60.21875 -264.0625 -90.09375 114.375 -82.0625 7.46875
 -152.5 16.625 -118.625 -135.375 -11.4375 -159.0 16.375 -57.0 470.25 -104.5
 323.875 -171.15625 -155.5078125 25.6875 49.921875 -94.9375 -155.875 -120.25 188.4375 -130.6875
 213.0 497.5 46.6875 -126.5 207.375 249.0 -319.375 35.0 -388.0 14.25
 -769.8897705078125 -461.0977478027344 30.194122314453125 -222.67913818359375 -442.3103942871094 251.9957275390625 -44.20277404785156 128.374267578125 185.85479736328125 -34.6236572265625
 -154.5625 -211.51171875 120.1787109375 41.328125 90.0703125 192.0 -132.39453125 -86.59375 -35.9296875 -83.12890625
 -35.1181640625 -75.896728515625 -603.8577880859375 1425.0947265625 -615.415771484375 -180.84130859375 -771.21435546875 281.08837890625 61.68017578125 243.7255859375
 -1235.875 -140.25 1092.78125 -428.0 693.3125 1206.625 619.171875 -895.875 -193.625 26.875
 14940.485289572505 3566.848063368263 1833.9967026252743 -2579.3560042233585 -1514.8141712272773 -1271.7877895626298 -5195.529166952343 -657.5301961136574 -2623.4496282835025 -1386.1687476791922
 -100.0 -3378.0 -667.5 2848.0 -2075.0 1000.0 -424.0 616.0 -4294.0 256.0
 228.75 -191.625 222.84375 39.75 -26.625 -64.25 180.25 172.75 -24.25 -67.0
 -13359.88671875 11692.791015625 3790.394775390625 777.98828125 5544.0908203125 -1195.99609375 892.177490234375 -1997.93359375 -1603.8193359375 -26.837890625
 -81.0 -50.75 145.8125 -641.75 -280.4375 -231.5 311.75 -30.0 452.5 84.5
 654.25 -81.3125 -82.546875 72.375 39.375 -94.75 46.1875 -77.0 -125.875 51.4375
 -2.0 259.0 543.375 -278.0 -384.375 -316.0 -231.0 -323.0 -393.0 -30.25
 -448.5 884.625 248.46875 152.875 305.3125 -90.0 -70.875 7.75 -42.5 -15.6875
 -318130.75 755464.25 603912.546875 -342079.6875 -794167.6875 622086.25 314286.625 -35779.75 103548.5 -109225.125
 29.0 -55.25 304.875 -224.0 -321.25 238.0 -67.4375 -275.0 315.75 120.5
 465.5 -94.25 -279.90625 160.25 -6.375 -19.75 27.5 -135.25 -6.75 65.375
 -3104.625 408.4375 416.6015625 -993.71875 1395.296875 -232.1875 635.90625 -716.5 -396.6875 -58.375
 692.73046875 -364.3251953125 -78.7684326171875 -69.4853515625 -107.948486328125 151.4912109375 -37.15771484375 98.251953125 153.21484375 52.3916015625
 -494.0 9.625 -27.71875 -198.0 -236.25 66.5 142.0 -248.0 330.0 80.5
 13644.0 -2212.0 -902.5 1595.0 509.0 -288.0 1252.5 -276.0 -936.0 -464.0
 -889.5 260.0 226.90625 -234.125 253.6875 218.0 47.46875 -308.75 -200.75 -11.875
 279.25 196.75 0.125 -161.875 -121.75 0.5 -36.25 -197.5 69.25 138.375
 341.0 8.375 -69.15625 42.5 -104.75 42.75 35.5 -225.5 187.5 87.25
 445.375 14.25 60.9609375 18.359375 -6.5546875 -44.59375 64.66796875 67.9375 -37.921875 16.6796875
 -812.5 1897.25 -1410.96875 -905.0 1288.0 -949.0 -874.5 -3353.0 2985.0 1149.5
 605.0 -355.0 -92.875 -220.5 -287.375 -52.0 193.0 -267.0 323.5 212.5
 -2971.5 -1541.25 -238.28125 93.5 -818.75 -541.5 -79.0625 19.0 -165.5 721.625
 2435.125 -3168.15625 -10099.26171875 1589.90625 3897.90625 -1211.625 -3390.9375 -2414.75 -486.84375 1947.1875
 -285.1875 161.34375 144.37109375 -167.78125 213.0390625 23.046875 44.5234375 -42.5625 -21.578125 59.6328125
 -110.0 663.0 568.0 236.0 276.5 223.0 -24.0 259.0 -197.0 210.25
 157.0 -135.375 -27.25 239.9375 -274.96875 -155.25 -53.234375 158.625 97.0 -185.4375
 189.2763671875 133.0 -9.5 -273.75 -104.90625 -181.0 34.5 -1.75 121.5 -174.375
 88.4375 61.625 48.90625 -1.0 24.3125 32.4375 -8.3203125 -4.9375 29.53125 -14.46875
 -103.0 -610.890625 100.5263671875 37.8984375 -119.775390625 -142.2109375 72.115234375 32.9140625 268.1171875 -310.4765625
 433.0 -29.625 -151.8125 43.5 -147.25 -47.5 56.125 -205.5 271.25 76.0
 226.375 -108.53125 -173.546875 11.9375 145.375 65.75 -21.875 -108.75 23.625 84.125
 216.5625 39.53125 -196.43359375 -46.125 34.984375 83.625 145.5625 13.0 8.75 13.0
 4272.0 7916.0 -4800.0 -6840.0 624.0 776.0 726.0 768.0 5152.0 1888.0
 -2080.0 -1154.5 -549.5625 -321.75 -1304.875 504.5 -257.375 536.5 784.0 182.75
 229.25 -127.875 125.484375 -60.375 -131.46875 121.0 -178.25 -137.5 -218.75 131.0
 4332.5 612.5 -256.96484375 764.0 849.5 -480.25 114.875 -259.75 -274.75 -90.625
 -1507.0625 483.25 163.50390625 -46.5 -200.1875 371.0 -143.0 191.0 144.25 45.9375
 -486.0 653.5 323.75 27.0 242.5 112.0 -362.0 -96.0 474.0 -495.0
 127.5 -11.4375 10.046875 27.8125 -13.71875 -41.25 31.015625 -8.875 -15.0625 19.8125
 4031.0 -281.5 158.6875 695.75 416.625 77.5 44.25 -81.0 -308.5 -186.5
 10148.0 -2296.0 -2148.9375 2502.25 -2144.0 -1921.5 -1240.3125 1911.0 191.5 -38.0
 232.5 119.625 0.21875 38.0 104.3125 -85.5 -35.0625 -163.5 104.0 107.25
 3.0 155.796875 41.21484375 58.421875 24.1328125 -30.78125 26.73046875 -5.84375 -30.625 -65.90625
 -78.0 -489.0 876.625 834.5 40.75 114.0 -182.375 -111.0 -564.0 -105.5
 -742.0234375 53.6875 30.625 -90.5 -96.125 3.25 -62.25 0.5 9.125 13.609375
 -1547.4375 -729.25 328.5 644.5 237.03125 -240.75 -506.0 66.0 -504.5 -344.5
 258.125 -188.3125 45.3203125 84.4375 -29.328125 -8.625 25.7734375 21.4375 -81.5625 89.71875
 -22912.0 -1778.25 8713.75 19111.0 2983.5 -2856.5 178.125 -7208.0 -8907.5 543.0
 -2929.0 -76.75 2024.046875 998.8125 2443.75 -80.125 837.59375 -1684.875 -1537.875 232.375
 -2660.4921875 -311.16357421875 -369.799072265625 -777.4541015625 -34.01025390625 -42.23828125 -489.74853515625 175.04296875 252.3681640625 -328.849609375
 328.0 -1430.0 1118.0 382.0 -834.5 -566.0 -202.5 -508.0 -888.0 -322.0
 -758.0 -1388.0 988.875 622.5 -613.25 142.0 -87.0 -252.0 -690.0 -53.5
 362.0 -362.5 -570.125 533.0 -447.0 -126.5 -321.25 -313.0 -1138.0 350.75
 275.5 -129.5 -212.0 -75.0 -110.625 -94.75 103.0 -142.0 213.5 50.5
 557.78125 1530.40625 -1972.607421875 -311.28125 1152.78125 884.1875 -53.12890625 -243.21875 225.375 -248.6875
 262.0 90.125 -35.96875 -177.0 -64.0625 33.25 -17.625 -192.75 195.75 104.125
 548.0 551.0 -18.25 48.25 -224.625 118.0 -53.375 -332.0 408.0 106.0
 586.75 -417.65625 -242.3515625 63.6875 -130.3125 -96.0625 0.4375 93.0 60.0625 -10.03125
 -285.0 146.125 -133.75 -238.0 -155.75 -215.5 67.25 -284.0 500.5 106.75
 39.0 -467.0 -82.75 471.0 318.25 -48.0 -2.0 -152.0 464.0 -85.5
 384.0 92.8125 -236.53125 -191.75 -198.625 44.25 -43.46875 -352.25 191.5 46.4375
 155.71875 -187.640625 67.1015625 242.828125 158.046875 -69.5 27.56640625 -260.34375 300.828125 31.625
 201.5 132.0 -183.8125 -88.5 -100.5 91.0 74.5 271.0 -249.0 -15.5
 7488.0 -3572.375 -1928.71875 -1990.0 -1667.5 1115.75 550.53125 232.25 810.0 -450.5
 1576.0 872.9765625 239.388671875 307.0 222.98046875 -20.4375 -410.25 225.890625 -70.375 356.4609375
 -3803.5703125 1544.5625 1228.375 523.25 -131.65625 251.75 246.25 -10.5 -119.5 -361.037109375
 505.5 261.53125 15.953125 118.4375 28.34375 -105.125 -70.28125 91.75 -47.75 -17.0
 -525.0 -1716.0625 -462.21875 -363.375 -368.0 83.4375 123.703125 -114.3125 113.6875 57.4375
 597.609375 1816.234375 -1883.04345703125 -834.484375 716.998046875 643.90625 -810.384765625 118.703125 781.15625 285.76171875
 151.0 -99.5625 -105.546875 -6.625 -97.75 -8.75 0.875 -218.0 134.25 68.75
 -4264.0 -8929.0 -6034.0 -670.0 -5921.0 3990.0 -723.0 2328.0 3618.0 454.0
 475.5 -160.875 113.59375 152.75 115.5 163.5 -84.40625 161.0 -181.5 21.875
 -184.25 824.53515625 339.78857421875 12.115234375 435.9140625 -383.19140625 -42.4072265625 89.5234375 -122.33203125 -19.837890625
 134.34375 27.4921875 26.126953125 51.90625 29.765625 -11.921875 22.58984375 -26.890625 -8.5 14.25
 -211.0 675.25 -17.875 276.5 -57.0 -103.0 4.375 -307.5 170.5 215.0
 -193.25 606.0 -455.40625 -262.875 -46.9375 263.5 -329.0625 -94.5 -238.75 237.9375
 190.0 235.75 -52.53125 12.75 -226.75 40.0 77.5 -255.0 185.5 109.25
 84.5 -150.0 -260.1875 86.0 -160.75 -75.75 117.875 -271.5 202.5 141.25
 5561.625 -6193.4375 940.09375 3039.8125 -6073.625 -1813.0625 87.90625 1717.0 -613.8125 -115.59375
 178.0 -37.375 -117.1875 97.25 -40.6875 -129.0 216.9375 -175.5 181.5 115.5
 81.5 -108.625 -85.8125 46.5 -223.75 87.0 69.3125 -212.0 202.25 147.875
 1312.0 286.0 -94.125 28.0 -393.5 -26.0 81.625 -435.0 462.5 327.0
 18.25 355.5625 111.453125 -27.875 -56.40625 80.25 -75.46875 -198.625 70.5 64.0
 -1.1771240234375 23.578125 -18.4453125 97.140625 -25.78125 64.875 94.328125 129.6875 -192.609375 56.5546875
 241.625 -15.625 -163.7421875 26.21875 -8.140625 11.75 5.71875 -171.25 38.0625 61.15625
 244.5 507.0 -532.625 -410.75 -199.875 393.25 -575.5 -72.0 -403.5 327.625
 -1040.78125 -1786.375 1454.4140625 2321.859375 327.4453125 -1179.4375 -433.44140625 939.59375 -147.96875 -129.4609375
 -1018.0 -303.0 -395.0 -206.0 25.0 -27.5 -26.5 -152.5 202.4375 14.0
 -1470.25 158.8125 11.5546875 -0.125 -334.828125 -75.375 -157.375 33.625 -60.6875 45.5625
 -128.0 -379.5 346.625 209.25 -183.5 65.0 -25.125 -4.5 -235.5 -106.0
 415.0 -206.5 162.5625 196.75 128.9375 55.0 -42.25 208.5 -120.75 16.625
 433.0 11876.5 3286.625 1755.5 2877.0 -3516.0 -2659.125 3044.0 -997.5 1199.5
 378.25 -133.4375 -171.96875 69.625 33.625 -7.375 -1.1875 -75.0 129.625 31.8125
 95.0 478.25 -608.8125 -469.75 -137.125 390.0 -397.0 -112.5 -331.25 271.0
 532.375 254.8125 22.5 96.375 127.25 -24.25 -77.53125 -58.5 -43.0 -21.4375
 -7680.0 -3692.0 544.0 136.0 -2440.0 -1744.0 192.0 -1360.0 -944.0 1712.0
 88.0 272.0 120.40625 -390.0 -130.3125 -9.25 146.5625 139.0 8.25 157.125
 363.4375 206.515625 91.376953125 -60.296875 6.234375 55.640625 -37.4921875 -64.984375 87.578125 51.3984375
 -3248.0 1008.75 539.9375 -325.25 -13.875 167.0 -22.875 -318.5 -193.0 145.25
 -1339.25 1320.25 717.328125 -538.4375 2955.96875 -2243.25 391.9375 -3.75 -1002.375 -66.0
 -119.5 -17.375 167.09375 75.625 35.625 -71.25 -13.1875 -218.75 -448.5 -45.0
 389.0 -1422.0 1813.375 1620.0 -190.625 -474.0 314.375 -169.0 994.5 212.0
 9539.0 -592.75 -100.03125 636.0 328.25 6.0 384.5 -90.0 -664.5 -29.25
 281.375 -47.5 -111.46875 69.1875 74.71875 15.625 -56.109375 -271.375 161.6875 117.1875
 -26.5546875 -262.345703125 -92.970703125 559.03125 -167.533203125 -254.90625 -183.556640625 101.98828125 -106.17578125 61.927734375
 624.0 302.5625 -295.5625 -79.875 0.8125 187.5 -241.25 -184.25 -107.5 188.25
 -64.0625 -235.75 -104.625 1875.890625 556.875 -1401.75 2014.5625 1396.875 2018.375 -1562.765625
 -2.25 -1.5 7.03125 -237.0 322.3125 -104.0 -492.5 -219.0 326.0 -161.25
 -44800.0 -12032.0 -24256.0 -23616.0 2080.0 -22784.0 4896.0 21888.0 1664.0 -43840.0
 -375.0 29.5 -176.25 217.0 -14.0 -57.0 1.0 -8.0 -36.5 189.25
 16.3125 191.90625 132.6953125 46.5 -60.6875 -10.375 83.0625 -110.0625 233.25 50.3125
 223.0625 138.25 -92.5 -98.28125 101.921875 2.25 -68.546875 -31.0625 52.96875 91.0
 7257.0 -8871.0 -2849.9375 -1068.25 -3960.4375 3100.0 9.0625 898.5 2435.75 242.75
 -1173.75 596.25 121.8125 -132.375 235.6875 45.25 17.53125 -138.25 -153.75 233.375
 188.0 132.75 -35.875 -117.0 -102.25 -1.0 -206.75 148.5 -122.5 136.0
 260.5 310.6875 -263.96875 -218.5 135.53125 -8.125 -110.03125 132.5 207.25 -58.5625
 -17.5 -9.125 123.875 233.0 193.625 -137.25 115.625 -187.0 295.0 38.875
 128.0 247.5 -224.140625 -262.5 -41.9375 63.75 -59.375 -110.25 -2.375 247.25
 125.5 99.125 123.453125 20.875 -142.03125 -22.25 57.5 -127.375 111.75 49.375
 22.0 -104.625 186.21875 133.5 81.25 -266.5 91.1875 50.0 -131.0 -160.75
 130.40625 -275.5 770.625 -1160.875 -822.40625 1712.9296875 -1123.283203125 -2835.82421875 1257.4140625 544.322265625
 19.453125 -3.875 -1.375 0.265625 0.359375 -0.25 0.38671875 -0.3671875 -0.11328125 0.1640625
 252.25 202.0 -186.25 -92.875 -75.375 -239.125 38.0625 186.203125 -49.64453125 -31.48828125
 22.0 -208.0 20.0 699.0 220.0 -349.5 434.0625 1133.0 -459.4375 -185.875
 23.4375 77.53125 -64.90625 32.125 -0.421875 -2.0 -39.75 -166.75 65.1875 17.3125
 -26822.0 24460.0 -4369.5 6721.0 -874.5 -19227.0 -8494.75 8791.0 -2902.0 -458.5
 -805.0 87.9375 86.078125 -46.25 74.21875 57.0 -80.28125 24.625 13.25 30.1875
 158.875 -70.0 -41.71875 -7.1875 -5.5625 -27.5 -13.125 -29.75 12.9375 15.65625
 230.75 75.0 56.46875 -19.375 111.0625 19.75 31.34375 94.75 -57.75 -55.875
 493.25 -1.75 -132.71875 -53.375 24.09375 -17.875 -29.9375 -235.375 297.875 80.25
 2972.0 -753.75 -437.25 359.25 -20.875 -83.0 97.375 -430.0 -747.5 -299.5
 307.5 -125.375 13.34375 40.25 -170.6875 120.0 127.875 -212.25 -275.75 212.0
 168.5 331.0 -271.0625 83.25 -162.4375 -235.25 96.625 -64.0 443.0 24.625
 139.0 -327.4375 -111.25 -4.88671875 -4.33984375 -3.29736328125 17.23046875 -10.142578125 -8.0400390625 -0.001220703125
 4139.5 -3651.3125 -1219.3125 -61.125 -1202.75 -294.25 -59.5 541.75 290.5 145.875
 255.875 -413.28125 73.37890625 370.75 7.0 -128.25 163.25 -160.25 95.875 59.9375
 164.25 -200.8125 -170.609375 -88.25 101.4375 -173.0 132.9375 -102.5 366.625 102.0
 -2072.0 3671.0 2331.0 14.5 463.75 568.0 -55.25 254.0 -310.0 503.5
 154066.5 -881.4375 82083.9375 -66849.625 39751.71875 9438.0 37544.1875 42435.875 29496.125 -26250.3125
 503.375 197.375 52.6875 474.53125 -45.34375 -93.34375 447.015625 -97.703125 31.0234375 -69.3359375
 23.125 1026.609375 1.1435546875 349.1953125 -513.8671875 -263.8203125 -464.0771484375 536.3046875 216.953125 -16.5
 -27.5 -248.0 -205.1875 -10.125 -104.8125 -88.5 54.75 -194.0 203.75 28.0
 -557.75 -284.875 175.53125 568.75 -403.875 -153.0 -241.09375 -409.25 12.5 -234.9375
 1.0 282.5 -392.46875 -174.25 -3.375 -32.25 -124.65625 -94.0 -158.75 96.125
