-975.0 -175.75 387.75 234.75 63.875 143.0 -39.25 23.0 334.5 -276.875
 -1072.0625 16.65625 33.03125 -346.90625 -248.078125 155.5 -89.1484375 -247.125 -58.125 38.53125
 1263.0 315.25 986.5 30.75 385.25 341.0 -404.5 -305.0 950.5 -409.25
 16.5 -28.15625 -27.859375 -12.5 9.015625 11.1875 -33.0859375 4.828125 -36.1875 -18.9375
 -1224.0 -2856.0 -5600.0 -3588.0 1361.0 -3508.0 826.0 1314.0 -1476.0 2552.0
 412.0 304.0 -1556.0 -158.0 -24.5 -831.0 261.75 331.5 -926.0 693.5
 -1900.0 8.75 920.0 289.921875 438.0 2110.0 3692.5 2290.4375 -1477.0 174.75
 -1024.25 358.125 -140.09375 -13.0625 -79.421875 22.1875 19.6953125 16.4375 34.4375 83.125
 -232.0 -2200.25 895.625 1074.5 -634.875 191.5 -911.875 964.75 407.0 3.625
 1170.03125 -81.6875 -210.453125 -512.5 7.5234375 77.90625 45.23046875 63.328125 -42.75 -77.76171875
 49.0 133.0 -63.0 -155.5 34.0 -106.0 25.375 206.0 302.0 -278.75
 37830.75 -21729.5 -25404.875 -56083.375 -40649.25 30144.5 -58004.59375 69177.8125 31442.375 24922.46875
 -6195.0 4356.125 -381.625 32.125 176.4375 -245.75 -136.53125 -355.25 498.75 230.6875
 -2170.25 384.5 -1.5625 208.0 -71.09375 -95.5 16.53125 -49.5625 92.25 -22.1875
 309.5 95.625 -252.9375 -89.125 -74.625 -123.25 22.75 73.25 -187.0 90.0
 -90.3125 -24.7421875 43.70703125 -17.9375 -34.5625 5.140625 -9.05078125 -49.1171875 -6.3125 -8.08984375
 -152.75 -58.9375 -280.359375 88.375 -156.96875 -196.75 221.59375 27.8125 -207.0 63.5
 781.84375 460.671875 476.984375 472.640625 -234.890625 -292.234375 -97.482421875 26.3203125 -63.40625 2.08203125
 -5690.0 -7795.0 371.0 1719.5 -1647.75 803.0 -285.5 1225.5 -80.0 -115.75
 -170.5 -25.375 -31.125 81.5 25.5625 133.5 -31.078125 32.5 -205.0 61.625
 -5412.5 1367.25 1392.0 491.0 -241.0 1402.0 391.5 803.25 -1180.0 -426.125
 96.125 -55.28125 77.2265625 255.65625 -99.53125 137.4375 -34.0625 26.796875 300.375 -32.84375
 -1757.5 -198.25 -129.75 18.0 -617.875 -108.5 -127.9375 163.5 196.0 281.0
 -357.5 2525.625 -650.6875 -230.25 -144.875 726.0 23.53125 280.375 -975.0 274.625
 302.75 99.125 46.75 -96.25 57.65625 -33.125 20.36328125 4.5625 64.875 -16.5625
 -4572.0 -1871.0 -3.0 -2284.0 -3381.0 2176.0 -2073.5 -1278.0 -1124.0 -1508.0
 987.0 -494.5 447.125 -73.5 73.625 346.0 -549.5 -176.5 720.0 -495.5
 1197.5 -706.375 250.0 -109.25 -116.40625 -58.0 -133.265625 233.1875 -90.75 -30.6875
 91.734375 521.65625 -60.67578125 -126.1953125 -23.98828125 -34.5234375 -46.8564453125 129.54296875 21.359375 0.14453125
 435.0 -69.625 -221.25 -111.0 -44.875 -219.0 75.4375 75.5 -266.5 77.625
 26.0 294.5 639.5 -81.0 -243.5 -142.0 -78.9375 -543.0 168.0 210.5
 -468.25 1233.34375 -121.6875 -140.875 152.5703125 27.4375 -69.625 108.34375 32.3125 120.765625
 5117.25634765625 -11317.640625 381.46875 -44.875 -3279.953125 1272.25 109.34375 1946.625 470.0 154.546875
 -39.0 -28.0 308.0 124.0 72.75 243.4375 -114.375 -42.4375 -128.75 -158.375
 681.5 -340.5 632.5 -117.25 60.625 278.0 -427.875 135.25 440.5 -251.0
 -4633.25 578.375 -3.5 221.0 -214.0625 511.0 -416.375 561.875 86.5 300.375
 101.0 -253.75 317.375 99.5 -137.0625 263.0 -180.3125 75.875 -145.0 -131.375
 17.375 -7.375 386.53125 -415.6875 98.734375 31.625 43.09375 -145.53125 -24.375 535.6875
 -252.67578125 -66.80078125 -333.1962890625 278.71875 107.3447265625 12.9765625 -134.632080078125 -158.76953125 104.328125 225.8369140625
 277664.0 -123640.0 13288.0 -13424.0 6872.0 -1888.0 15384.0 5872.0 -45984.0 -14840.0
 1046.0 757.0 -1508.5 -601.0 527.5 -838.0 987.0 172.0 -1314.0 951.0
 68.375 -134.625 6.375 120.0 56.90625 64.0 11.28125 34.125 -64.75 -149.125
 -639.0 -99.0 1087.25 -34.0 137.125 280.0 -771.0 42.0 916.0 -539.75
 51.5 70.5 116.65625 -10.25 33.515625 47.4375 32.15625 -19.5625 27.0 -46.5625
 3170.109375 -3513.978515625 1281.6875 -29.59765625 1.826171875 -1479.5703125 -364.6201171875 672.16796875 -825.1796875 -452.19140625
 -523.0 3.0 425.75 360.0 46.0 629.0 -101.5 -57.25 202.0 -460.25
 3.484375 32.00390625 51.029296875 -2.40234375 -40.58203125 -93.8046875 21.26171875 1.4375 64.1328125 -3.685546875
 -22435.25 6415.4375 -1965.59375 414.5 -3271.5 1855.0 -1138.546875 328.0 2175.25 1012.0625
 301.0 -1106.0 95.75 48.0 35.875 -75.0 8.75 282.25 -82.0 -52.0
 -179.03125 -1489.8125 -163.234375 -394.0625 -108.578125 51.3125 65.03125 -135.40625 -47.8125 -65.609375
 113.0 -90.125 -537.0 -260.0 -96.375 -172.0 311.625 153.25 -387.0 79.375
 1558.859375 222.0 -2209.296875 -3918.125 -239.359375 774.1875 -288.416015625 1821.828125 129.8125 -180.3671875
 -865.0 -186.75 132.75 413.0 111.5 286.0 50.625 223.5 -646.0 65.5
 1335.5 -488.125 75.75 -13.625 66.71875 -109.5 64.265625 -21.75 -100.5 -101.09375
 936.25 -2547.0 439.8125 -116.625 -1055.9375 208.0 -649.375 1387.625 -28.0 204.75
 -3556.953125 -656.5 -198.046875 120.1953125 -1668.2890625 749.421875 -794.53515625 1193.9453125 666.375 377.87109375
 -1196.0 -199.5 1138.5 -56.5 200.875 355.0 -269.75 136.5 752.0 -424.75
 752.0 74.5 29.125 -196.75 173.75 244.5 235.625 188.75 -420.5 -23.875
 -297.75 -75.375 182.25 84.75 39.375 182.25 50.6875 52.25 -110.25 -68.0
 -78.75 -68.125 27.5 85.25 -123.25 122.0 -46.125 54.75 -137.5 -50.125
 -4757.0 1497.25 -194.0 340.75 -631.875 -280.0 317.75 112.5 58.5 585.5
 99.0 7.375 277.8125 76.0 130.75 95.5 -2.0 -30.25 335.0 -188.5
 824.75 -929.3125 -265.6875 -996.125 394.859375 -1350.9375 1328.8125 894.59375 653.25 1229.21875
 73.0 -58.75 1274.5 276.5 167.0 321.5 -629.25 -246.0 888.0 -495.75
 -705.9375 190.546875 -280.890625 -42.3125 -493.34375 852.75 -124.6484375 419.40625 225.0625 302.1875
 321.0 -3.5 -887.25 -224.0 -176.25 -142.0 451.0 -22.0 -678.0 303.5
 47.15625 -1601.16015625 722.59375 -596.265625 890.16796875 -219.40625 -648.4765625 155.890625 3.65625 387.6484375
 1560.0 -470.5 287.0 127.0 34.75 120.0 32.25 -15.0 -68.0 -301.0
 70.59375 317.3203125 197.125 -400.140625 284.5625 -246.5 -570.1875 -96.34375 -487.625 323.09375
 686.75 -259.34375 81.0390625 289.265625 -167.4921875 127.65625 -13.64453125 37.796875 -5.375 -59.90625
 1212.5 -2804.375 351.0625 88.75 -813.125 362.0 -217.75 602.125 14.75 103.375
 291.0 65.875 -579.6875 132.5 55.4375 34.0 -245.25 179.875 -528.0 -50.875
 -793.5 -2163.5078125 -4876.5 34.734375 92.9375 -1549.4375 -855.80078125 -949.6328125 154.53125 2501.6875
 655.0 -57.25 365.625 337.0 78.75 163.5 -20.625 50.75 318.0 -197.25
 161.0 -138.5 1165.0 214.5 240.25 344.5 -167.5 -444.75 867.0 -550.875
 3650.0 -788.75 839.0 367.0 2419.5 -2495.75 1246.5625 -1639.75 -1527.75 -823.0625
 213.3125 -325.92578125 -461.896484375 -463.59375 455.21484375 544.5703125 -127.8505859375 -296.4140625 29.859375 -117.4296875
 -902.0 35.5 -1515.0 -88.0 -178.25 -499.0 468.25 132.0 -996.0 638.25
 74.0 697.0 -36.75 504.0 -360.5 366.0 -424.25 -416.0 -984.0 554.25
 -1083.796875 -5.0234375 -27.888671875 630.4453125 -178.390625 -207.6328125 -307.49609375 118.6171875 61.2890625 -146.83984375
 263.640625 -873.580078125 -14.69140625 807.4296875 110.544921875 -62.5 212.2958984375 -15.17578125 92.6796875 -79.099609375
 -394.5 -46.625 -483.5 -198.5 -172.6875 -284.5 93.0 163.25 -572.5 256.875
 434.5 406.125 -14.75 97.5 55.6875 -70.25 3.8125 -16.375 -72.25 -13.5
 15096.0 -6006.0 761.0 -2096.0 -483.0 472.0 116.0 -160.0 -72.0 -1506.0
 744.0 489.0 -773.0 -737.0 61.75 -872.0 620.25 -102.0 -978.0 713.5
 256.875 -323.6875 192.625 58.0625 2.515625 -207.875 -164.359375 206.65625 -66.0 -33.96875
 199.59375 -1943.609375 210.46875 53.375 -461.890625 78.25 -111.53515625 135.71875 -75.90625 -166.3203125
 154.25 70.9375 5.734375 -204.5 69.5625 -1.4375 -358.0703125 -96.90625 -399.75 141.71875
 -228.5 -120.0 17.5 83.0 -26.09375 52.0 -16.1875 8.0 -74.0 -7.5
 67.0 92.15625 18.28125 -68.3125 -10.625 14.5 -0.859375 48.8125 -38.0 6.625
 -23.0 243.0 -617.25 -51.0 4.375 -154.0 359.125 10.25 -314.0 226.0
 95.5 -26.5 20.4375 -34.5 91.4375 177.5 -290.6875 -78.5 -468.25 174.0
 574.5 -2250.125 201.875 65.0 -749.75 359.5 -216.3125 328.25 247.5 -87.25
 6.5 86.375 199.8125 43.25 31.46875 90.25 -66.6875 8.03125 19.0 -78.3125
 2626.0 -2596.75 773.625 1041.5 -542.75 -879.0 -539.75 2694.0 161.0 460.0
 -75928.0 45228.0 3163.0 -28550.0 16163.0 -22748.0 -3774.5 6374.0 2604.0 10498.0
 -3.0 -113.5 -283.375 52.25 -119.0 -243.0 286.9375 101.125 -400.0 151.5
 -9074.0 2339.0 -473.5 283.0 -1704.0 -1044.0 -160.75 -320.0 1038.0 1346.5
 -263.75 -218.0 -614.5625 -138.5 -10.8125 -252.25 289.875 63.625 -461.0 150.875
 830.0 -520.0 692.5 989.0 131.25 568.0 -7.875 -221.0 284.0 -406.25
 -292.34375 -218.234375 -381.1796875 -0.6640625 72.4296875 357.703125 295.607421875 -457.703125 130.921875 -13.98828125
 308.0 -504.0 1104.0 2720.0 2513.0 1140.0 -1070.0 251.0 3808.0 -1184.0
 80.0 85.3125 -29.25 54.375 19.15625 137.0 25.34375 57.0 -12.25 -93.90625
 -206.0 297.0 -201.0 557.0 -256.75 519.0 -256.875 -107.0 -1154.0 488.75
 -852.0 -54.75 -893.0 -412.5 -160.375 -289.0 279.5 51.5 -628.0 244.75
 -1505.5 -199.75 -905.875 -264.0 45.375 -235.0 263.75 185.75 -488.0 182.875
 -296.0 810.5 1698.5 721.5 -44.5 616.0 -329.5 -445.0 1282.0 -758.25
 1784.3125 4375.734375 10441.984375 -745.5 -628.234375 3694.25 1319.8984375 2846.5625 -158.6875 -5466.109375
 -3248.0 1186.0 4458.0 4030.0 698.0 1352.0 -2552.0 -738.0 4448.0 -2717.0
 -151.5 -231.5 -99.5 -21.5 -46.8125 22.5 -35.875 54.25 -194.5 -16.0
 139.0 22.875 -157.5625 189.0 -203.0625 90.5 -226.21875 -16.0 -191.0 -86.1875
 -642.0 -1067.0 2560.5 1142.0 308.5 966.0 357.5 -1060.0 592.0 -1151.5
 -34.0 -83.375 154.625 193.5 74.8125 183.0 -69.6875 92.0 -16.0 -58.6875
 -3306.0 3335.5 -371.5 458.0 349.0 174.0 -152.5 -310.5 160.0 28.5
 -549.125 998.5625 -32.34375 41.375 -58.0 129.125 -151.0859375 204.625 81.0 162.21875
 3.0 -99.078125 -328.75 -83.3125 -62.03125 6.0625 103.734375 33.15625 -253.8125 45.171875
 -1855.0 -5250.0625 -1363.0 -59.5 -560.8203125 2412.375 1122.75 -2631.0 59.59375 -410.375
 -4157.75 -502.0625 -105.6171875 421.125 -831.3125 517.875 -155.734375 359.34375 648.4375 218.453125
 516.0 -45.4375 -72.25 -28.0 73.875 15.75 4.34375 24.875 8.5 -56.3125
 -2505.5 2395.5 -381.5 -95.0 158.25 -118.0 5.4375 -377.0 135.0 -40.375
 -614.0 -54.25 284.75 352.75 -179.375 -64.5 -161.8125 -381.75 281.0 -192.875
 2841.5625 3372.34375 -551.921875 -91.375 1620.546875 138.3125 118.953125 -261.46875 -429.625 57.15625
 -508.0 750.0 711.75 -68.5 156.875 349.0 -373.25 281.75 510.0 -433.25
 389.5 -1143.25 -187.75 391.0 -75.75 200.5 108.625 117.25 -372.5 89.0
 -1578.0 587.5 -807.5 -771.0 -741.5 -622.0 194.5 104.5 -1270.0 589.0
 85.5 -839.0 8.375 3.25 -452.75 440.5 -101.25 256.0 173.5 106.875
 368.875 -119.21875 -274.234375 -251.75 229.671875 273.375 -157.828125 -191.09375 -19.5625 -85.984375
 -1238.78125 1348.46875 -458.0859375 -1899.078125 -2035.578125 1347.71875 -271.8515625 64.46875 209.1875 116.578125
 -410.5 -849.125 -251.0625 -424.25 -3.5625 368.75 220.90625 -635.3125 47.25 -120.75
 854.0 251.5 -72.4375 244.25 -125.875 32.5 -365.21875 26.5 -420.0 -10.875
 1500.5625 -404.75 162.296875 -379.78125 218.859375 104.8125 -223.7109375 23.09375 -193.4375 151.953125
 -3588.0 929.0 -4657.0 -2800.0 -90.0 -3352.0 -332.0 1010.0 -1980.0 1922.0
 -1210.875 796.28125 -23.484375 199.75 301.328125 -61.5 78.65625 -208.5625 -38.875 -129.375
 -839.0 15.75 -1716.625 -285.75 -538.5 -355.0 697.625 392.5 -1291.25 501.125
 1817.5 -195.59375 31.6875 -158.375 130.109375 -85.3125 76.9765625 -9.78125 -150.25 -39.8125
 54.0 157.0 38.5 850.0 -720.5 218.0 -837.0 -794.5 90.0 -552.0
 1874.25 -158.0390625 225.70703125 -102.140625 488.58203125 -351.484375 130.171875 -135.3125 -279.859375 -142.2890625
 -8061.0 8095.5 -11824.5 -16826.5 -19696.75 9712.0 62.75 3938.25 1454.0 -747.75
 -383.0 28.25 537.75 251.0 7.875 199.5 -74.75 -46.375 122.0 -206.375
 483.0 39.5 -158.5 -49.25 56.75 -205.0 91.8125 2.5 23.5 -14.0
 1405.0 1956.34375 291.390625 752.9375 246.96875 -162.0625 -59.6953125 206.65625 44.1875 20.65625
 145.375 -134.546875 -10.375 86.1875 44.828125 32.0625 13.4296875 -32.6875 15.125 -6.21875
 -446.5 136.25 -161.25 326.5 98.625 181.5 279.625 139.0 74.0 -63.625
 -9511.0 393.5 -34.75 595.0 -227.3125 -175.5 -141.0625 -203.125 745.5 145.25
 158.46875 347.328125 -183.6640625 -146.703125 80.1328125 34.03125 53.85546875 -109.546875 38.875 61.1640625
 780.0 -129.0 -1415.0 -597.0 35.5 -526.0 289.75 -290.0 -1370.0 499.0
 178.875 33.15625 84.25 81.75 -6.578125 77.25 0.890625 -29.40625 52.0625 -76.828125
 175.0 -11.0 -33.0 291.75 -232.25 -214.5 98.875 -186.5 173.5 72.875
 -72.625 44.875 -250.375 -46.5 -17.5 -39.25 -99.4375 46.5 -139.25 64.5625
 -285.5 81.5 -647.6875 10.1875 -305.75 -156.5 371.1875 40.0 -509.625 189.3125
 1375.5 -180.5 52.625 -73.0 267.625 141.5 -100.8125 33.25 -254.5 -192.5
 478.125 842.5 4021.34375 4339.5 -1364.0 1976.125 -105.21875 -3420.0625 734.75 552.0625
 395.5 1002.546875 -108.890625 -132.03125 572.4609375 -213.5625 229.30859375 -419.609375 -61.125 -44.625
 1745.5 -149.375 -24.4375 -93.375 141.6875 -110.5 59.765625 21.125 -152.0 -29.4375
 -270.0 47.25 186.75 497.0 -155.5 -123.0 252.5 63.5 -106.0 -210.0
 68.6875 -89.5078125 82.6875 20.5625 65.671875 -12.875 -2.875 -72.96875 115.625 -49.6875
 54.0 57.25 44.34375 121.875 4.03125 61.5 -38.5 -16.3125 -64.25 -40.0
 -35.0 -265.25 -84.5 116.5 50.125 56.0 -88.6875 3.75 -191.5 -4.75
 -180.75 -206.25 -423.71875 -14.25 -51.1875 -115.375 86.40625 107.625 -282.875 64.53125
 665.5 -275.75 364.75 -106.75 -18.375 234.0 -115.25 102.25 127.0 -177.25
 405.75 119.125 -191.5 -86.5 -37.1875 -88.0 13.5625 55.0 -82.0 -155.375
 477.0 -402.25 -566.75 -310.25 102.125 -142.5 277.5 316.0 -285.0 49.25
 -750.375 1558.125 -116.0625 34.5 75.34375 6.125 -55.28125 82.0625 42.5625 -19.625
 482.0 -141.0 527.6875 -57.25 360.375 242.5 -478.0 -1.875 560.5 -334.4375
 1787.4375 1375.6953125 381.578125 -426.65625 722.54296875 -632.28125 263.8671875 -320.703125 -43.9375 63.0234375
 -174.625 540.84375 -77.09375 -58.625 85.125 26.625 -64.44921875 26.25 -14.75 46.8125
 1025.0 -96.125 -116.75 -187.0 117.375 132.5 -66.875 19.75 -236.5 -119.25
 103.25 -9.125 -8.15625 -57.375 34.1875 -76.625 44.25 -21.125 33.0 -14.71875
 8276.0 -2332.5 532.875 -1411.0 1169.5 15.5 135.75 -675.5 223.0 -497.25
 1032.0 5545.1875 -273.78125 1166.125 1275.65625 -483.25 -5.828125 409.0 2.375 112.53125
 40.75 63.46875 57.15625 30.9375 -17.34375 12.0 -43.9375 -48.9375 47.0 -38.9375
 -99.5 158.875 169.3125 115.0 44.5625 50.5 -96.125 -109.375 -47.75 -87.25
 63.0 44.125 -16.4375 -72.125 36.8125 -59.25 48.25 38.5 41.75 -12.8125
 -511.015625 -25.09375 -20.28125 17.375 -38.7734375 -33.3125 22.53125 7.5 71.75 -5.3671875
 1464.0 320.4375 772.75 591.75 -609.15625 -452.5 11.0 -450.6875 954.0 40.375
 275.5 -1.0 -55.6875 -13.5 21.375 -43.0 71.53125 20.0 -73.0 -45.25
 1311.375 -2828.53125 -114.15625 -1003.9375 247.609375 -265.5625 -53.6796875 269.0625 -121.9375 0.109375
 -2691.078125 -1985.7421875 -395.357421875 -586.3046875 521.79296875 -439.109375 149.4052734375 -173.09765625 -216.90625 114.1640625
 -668.5234375 -205.380859375 -242.2021484375 144.4765625 141.818359375 200.4375 -190.2724609375 -51.0 31.90625 -120.583984375
 86.0 13.0 -7.125 -212.0 129.5 -39.0 267.625 331.75 97.0 66.5
 846.0 -498.0 267.25 -730.0 692.0 -250.0 833.5 466.5 10.0 269.5
 203.75 -80.125 23.0625 39.0 -28.4375 -117.5 -142.625 -286.125 361.75 77.9375
 -595.0 -357.75 -25.375 104.75 -107.9375 37.5 75.75 171.75 -255.5 -32.125
 2560.8125 -1616.0 -1621.5625 -3735.5625 -223.359375 841.375 -525.40625 932.875 142.375 239.875
 -54.0 23.5 -1193.5 206.5 -179.5 -568.0 791.25 321.0 -947.0 579.0
 -410.0 61.0 -856.5 -188.0 -31.25 -254.0 101.375 145.0 -90.0 227.75
 -12337.0 4786.5 -842.625 440.75 -447.875 -425.5 171.0 -691.0 1053.5 -8.25
 -349.75 241.625 -113.75 181.25 -168.1875 139.5 143.84375 103.25 -408.0 50.75
 204.0 12.0 -271.375 -75.5 -136.25 -103.0 4.6875 -81.75 -58.5 380.0
 -112.0 -166.25 -167.25 -66.5 81.125 -41.5 147.0625 193.75 -147.5 -195.0
 -486.0 646.75 -356.75 -46.5 32.0 187.0 57.5 52.0 -537.0 351.0
 -300.0 253.875 -694.5 90.5 -336.75 -487.0 290.625 277.25 279.0 -324.25
 -268.5 -1806.25 429.8125 -958.625 -903.3125 -81.75 -491.8125 155.078125 -316.5 -22.734375
 3511.0 2042.25 167.875 66.0 2217.75 -1437.0 688.875 -992.5 -1261.0 -496.25
 815.0 -5697.8125 -13.0 400.5 -3880.25 3246.5 -1209.0 2326.625 1355.0 1234.5625
 17.125 -691.828125 139.1875 -0.875 -405.34375 164.8125 -188.609375 302.375 50.5 48.359375
 -6123.25 -7502.375 82.09375 2256.25 -1559.53125 505.125 -456.734375 653.5625 -127.625 -465.0
 -542.00390625 -482.4443359375 -390.577392578125 -346.80859375 -109.56005859375 -264.5703125 27.076171875 108.0263671875 -234.080078125 -202.134765625
 -21.5 -9.5 -204.625 83.75 -89.75 7.5 69.859375 41.0 -211.5 59.0
 -5065.75 1021.3125 -2.0625 341.5 -320.25 208.75 -121.3125 -115.5 784.75 114.8125
 -14.5 -54.25 203.625 118.25 1.75 152.0 -96.28125 -77.75 57.0 -358.375
 416.25 83.421875 3.87109375 296.4375 -49.1640625 -77.15625 -15.92578125 224.5859375 83.171875 -17.7890625
 -293.875 133.5625 21.984375 -73.5 26.546875 -36.125 -4.171875 -43.40625 44.0 55.6875
 164.5 36.625 -646.75 -71.25 -103.1875 -282.0 374.3125 109.75 -521.5 173.25
 -10.5 173.5 102.375 -35.75 49.25 152.0 5.375 -70.75 -176.0 140.875
 126.5 -47.875 247.4375 113.0 76.5 39.125 -38.875 -96.0625 182.375 -137.25
 58.5 -12.75 478.46875 138.375 -33.375 145.5 -14.5625 -186.6875 218.75 -240.75
 6283.25 -1113.375 -9911.875 -21154.75 -1279.375 5160.5 -2218.375 9759.5 1078.0 -751.25
 -109.25 15.75 -261.46875 -31.75 -100.15625 -73.75 156.015625 142.625 -274.125 77.1875
 543.5 -233.5 308.125 73.25 29.375 279.0 -257.875 43.5 342.5 -240.0
 744.0 -1618.0 -3067.0 -178.0 -744.0 -1016.0 1027.0 188.0 -2632.0 1210.0
 -842.0 -86.75 1028.25 450.25 617.5 443.0 -6.75 -27.75 1004.0 -421.875
 0.453125 187.0625 -16.46875 60.125 -13.796875 81.3125 81.15625 40.375 -28.875 93.453125
 21.0 62.09375 215.4375 132.25 49.5625 166.75 9.234375 -28.3125 25.75 -114.0625
 480.125 -104.875 70.0 13.3125 47.78125 39.25 -58.984375 173.0625 112.625 -290.84375
 -629.3125 -819.25 -3005.28125 497.875 3247.796875 -3099.0625 1367.0859375 1812.0625 -680.9375 -860.21875
 -38.0 -195.8125 7.0 529.125 63.5 346.0 177.0 538.25 -1127.375 -300.875
 1110.5 -981.1875 203.6875 -108.4375 -167.71875 22.125 -53.1875 87.6875 -8.25 -23.8125
 0.5 -64.5 25.875 -285.0 155.4375 -66.0 162.5625 141.5 82.5 62.0
 -106.0 6.25 128.0 -51.5 63.125 109.0 -82.6875 -1.25 -68.0 -129.5
 6958.5 -3992.125 1862.3125 -1550.5 -202.6875 -1687.5 -1042.46875 1701.5 -1110.5 -33.625
 -635.5 155.625 440.0 240.75 175.875 301.0 -116.0 -146.25 224.5 -208.5
 -98.5 239.5 -502.125 -90.5 -179.25 52.0 61.3125 -2.5 -385.0 317.625
 251.96875 14.125 -18.28515625 -29.4453125 80.69140625 4.46875 12.646484375 21.9296875 -125.5 57.55859375
 -450.0 973.0 -125.375 -362.75 -3.25 -112.0 148.75 -74.5 32.5 316.125
 -3045.0 682.25 265.0 -79.0 182.0 367.0 -910.125 -73.5 -50.0 730.5
 603.875 -66.328125 -27.984375 -178.125 70.390625 -23.8125 35.1953125 -48.96875 -179.125 118.84375
 -552.25 958.6875 201.125 181.875 391.9375 -172.25 -122.5625 -21.875 -209.0 -68.5
 -24204.0 -15995.0 -5425.5 -15410.0 5985.5 -319.0 2474.75 -9778.5 -3480.0 213.25
 6291.0 -2840.375 -80.375 -485.25 -162.0 129.0 194.625 132.5 -600.5 -52.25
 52.0 -125.375 76.5 24.625 80.25 117.0 -53.4375 9.25 -173.0 29.25
 -3132.75 516.5 -229.75 -161.625 133.9375 276.75 -49.8125 160.25 -562.5 248.125
 325.0 204.75 -535.0 109.0 -254.25 288.0 -19.875 69.0 -587.0 249.5
 1490.25 3067.5625 -1321.65625 532.25 959.5625 1549.0 398.203125 -585.75 332.25 131.25
 53.0 166.0 -159.625 -116.25 -100.875 70.5 51.625 -69.0 -278.5 216.875
 126.0 22.0 -2070.25 918.30859375 478.0 -988.0 -188.25 660.0 479.5 256.25
 1580.0 1603.0 226.0 -1332.0 1483.0 1440.0 -838.0 424.0 -1608.0 -278.0
 60.0 111.5 37.0 239.75 -151.5 31.5 15.78125 -52.875 -62.5 -62.9375
 -75.9375 150.0703125 16.35546875 -8.6875 8.375 -12.2578125 -68.6796875 -36.77734375 19.78125 50.5
 559.5 398.0 194.125 67.0 108.875 39.5 -209.9375 -152.0 240.0 -10.25
 62.0 136.0 83.875 269.0 -350.0 213.5 -251.3125 -196.25 -31.0 -179.75
 3557.0 5309.25 -517.875 4607.125 -515.0625 1681.5 759.0 796.5 1675.25 75.1875
 -709.0 384.5625 -67.9375 266.375 170.25 -111.5 18.53125 -271.875 45.5 -42.75
 19.0625 134.671875 180.125 324.40625 -104.265625 85.5625 -136.9140625 25.03125 127.8125 -101.796875
 -41.125 -30.375 43.859375 89.4375 -76.859375 -102.75 -67.171875 -20.53125 12.75 -43.28125
 307.0 118.25 -272.5 -130.0 54.1875 196.0 13.0625 37.25 -299.25 101.75
 -280.0 -268.125 82.0625 124.5 122.25 32.25 156.71875 -260.0 276.75 59.5
 -812.5 248.0 388.625 -6.0 87.625 450.0 -299.125 52.5 409.0 -352.375
 8.0 -106.0 -37.375 270.0 -206.375 57.5 -294.1875 -230.25 -144.5 -101.0
 208.0 128.0 194.0 100.0 -208.0 90.5 -363.875 -826.0 109.0 -124.5
 23.765625 2.8125 -0.7109375 -1.921875 1.4375 -0.08203125 0.2919921875 -0.6875 -0.33837890625 0.2734375
 233.375 84.0 71.5 116.5625 -3.71875 -222.1875 136.0546875 447.625 -15.60546875 93.703125
 114.0 97.0 352.0 348.25 -309.5 251.25 -604.125 -1241.59375 176.734375 -295.78125
 130.5 -243.625 -83.625 47.625 -70.3125 -19.25 10.703125 37.5 -92.0 -37.875
 1496.0 -1003.0 -400.5 288.5 537.75 839.0 527.875 -869.0 -20.0 -279.25
 -2156.0 583.5 -483.0 107.0 -132.5 -322.0 -352.25 -145.0 868.0 -191.5
 125.5 -129.6875 -62.140625 -17.5 2.71875 -88.0625 27.484375 -26.53125 56.25 5.828125
 115.0 15.4375 -101.09375 21.0 23.75 -84.5 148.40625 41.125 109.375 46.9375
 17.5 0.375 -48.5 111.0 4.0 53.75 -97.25 -2.75 -224.0 34.75
 2026.0 -287.25 59.75 -210.0 227.0 20.5 92.3125 -85.0 -139.5 -28.25
 1478.0 -596.0 1782.0 -241.0 1206.0 630.0 -638.0 -622.0 2210.0 -787.0
 -1292.0 -333.5 1416.5 1156.0 531.0 922.0 -314.0 -437.5 1288.0 -907.0
 83.0 -264.6875 9.382095336914062 -2.6328125 6.80859375 -12.150390625 6.7705078125 -8.392578125 -6.0126953125 -0.223876953125
 9640.0 -6813.0 734.0 106.0 6.0 448.0 25.75 673.0 -448.0 -970.0
 85.25 -22.875 -52.5 9.0 -1.375 36.5 -213.75 6.5 -39.0 -79.5
 -125.0 97.0 -47.75 -76.25 -53.75 -40.0 28.375 34.0 -235.0 85.0
 -13582.0 -5525.0 -293.0 -94.5 -167.375 -142.0 748.75 1334.75 422.0 455.25
 -1847.5 5662.5625 -3725.625 1448.25 394.0625 -2125.5 2002.90625 656.375 -882.75 -1395.25
 561.125 174.1484375 346.96875 -712.015625 -179.9296875 -401.1953125 725.84375 -16.03125 273.619384765625 -80.3125
 -53390.0 -38034.0 -31903.75 23703.0 55955.0 -21476.0 26389.0 -22837.0 -6268.0 -4865.0
 125.0 50.75 347.78125 -83.0 189.0 83.25 -107.375 -82.0 452.875 -196.1875
 -239.0 23.875 -153.125 103.5 18.625 137.75 147.53125 268.375 -160.25 -292.25
 116.0 -32.9375 -25.15625 -2.375 56.6875 -93.25 33.78125 -51.0 72.0 44.71875
