-61.0 3.5 -24.75 -130.75 -188.8125 30.5 -96.4375 -110.5 -281.5 44.5
 -4190.5 1092.5625 593.4375 706.5 882.0625 -234.5 -25.78125 -389.0 -241.875 156.90625
 295.0 -4.15625 -30.4375 -13.65625 -60.109375 -44.625 18.12109375 64.6875 -20.625 -56.4375
 28.5 9.28125 -57.21875 5.4375 -1.1953125 15.125 4.72265625 25.21875 -46.875 -27.390625
 -266.5 110.5 68.875 -18.875 -58.74609375 -251.3125 64.9375 22.765625 229.875 -72.875
 121.5 -40.625 -1.5625 8.0 1.484375 -33.0 65.953125 24.9375 20.75 -12.34375
 133.375 6.8125 -29.84375 -225.88671875 -54.0 43.171875 -274.0625 -106.7822265625 -210.921875 -155.71875
 1439.375 -129.921875 -56.71875 29.796875 -17.736328125 62.75 0.66015625 -20.734375 -5.09375 -72.21875
 19760.0 17438.0 956.0 1844.0 21363.0 -664.0 12051.0 -20320.0 -3108.0 -5804.0
 -283.84375 108.2265625 -93.75390625 -101.6796875 81.833984375 -23.046875 60.025390625 13.52734375 19.78125 2.19921875
 85.75 44.0 31.21875 -3.25 -51.3515625 9.375 25.671875 -43.875 18.3125 -27.6875
 11572.25 -6356.546875 -1492.28125 22518.9375 -3867.677734375 14622.40625 -34010.49609375 17152.8046875 11143.890625 8241.859375
 692.5 -87.6875 60.25 61.6875 22.1953125 -113.5 0.28125 111.9375 -78.5 20.875
 16769.28125 -3166.640625 -1758.0 -956.2734375 -2062.8232421875 861.15625 428.068359375 -169.15234375 914.375 231.63671875
 121.0625 13.0625 -48.7265625 -7.84375 13.513671875 -29.375 16.115234375 16.6015625 -26.21875 -7.359375
 -348.875 511.21875 411.765625 -131.90625 22.1953125 120.125 25.890625 -73.5625 53.53125 6.6875
 72.5 61.9140625 -46.46875 -31.125 -2.328125 19.28125 0.078125 14.6953125 -55.171875 -15.30078125
 33022.0 -1526.25 8690.75 7483.0 5405.875 -599.0 -3117.5625 -4371.0 -2779.0 1993.5
 487.3125 -49.578125 -22.5546875 -69.7265625 38.1279296875 46.78125 -7.3291015625 -5.234375 -65.1328125 -82.08203125
 344.5 5.3125 -94.328125 -58.8125 36.7265625 -88.4375 60.4921875 111.328125 27.9375 -47.46875
 318.5 43.625 -348.25 80.0 -45.234375 4.0 -170.5 -120.25 -186.0 66.8125
 936.0 -58.53125 -497.125 255.21875 28.94140625 -47.375 30.234375 -38.09375 -114.625 284.671875
 -6808.0 65.9375 -84.5625 -158.0 -306.9296875 106.5 -212.203125 61.375 248.125 231.78125
 -5926.0 -112.5 -556.0 -79.5 722.0 463.0 -1032.0 -581.5 1037.0 -363.25
 300.0 -44.4375 1.75 -17.625 -72.8125 24.0 20.515625 -46.75 -42.125 4.34375
 -2205.125 408.25 325.484375 -147.0 223.84765625 -196.75 -140.90625 164.21875 -60.8125 -24.21875
 -700.0 149.5 110.75 -98.5 -388.8125 22.0 -91.25 -145.5 -316.0 56.75
 637.75 -218.421875 -77.51953125 3.7734375 -81.384765625 -23.828125 19.72265625 -27.5546875 33.046875 -32.5625
 298.9375 1268.328125 709.8125 -349.34375 340.2578125 291.78125 374.658203125 -527.2421875 130.28125 -40.5
 244.0 -3.8125 -112.625 -43.5 33.8125 -80.5 51.421875 70.0625 7.75 -74.0
 -623.0 15.8125 407.96875 -274.625 -197.7734375 81.75 125.125 -63.5 78.0 -261.875
 -76.625 279.9140625 71.6484375 141.65625 215.6484375 32.125 -22.37890625 6.75 -48.9375 30.546875
 1162.25 -190.63671875 -111.5 225.625 -203.9921875 -34.0 -28.6875 -13.015625 90.75 -4.421875
 42.0 -20.75 241.5 17.5 -4.5 -69.1875 -268.3125 -288.625 104.25 86.75
 227.0 -0.5 -25.25 18.875 18.46875 -44.0 60.125 25.25 37.0 -28.75
 -4018.5 338.3125 220.40625 -36.125 -35.0 113.625 -122.4921875 52.90625 112.0 185.75
 4.5 -33.375 -24.9375 -3.25 -49.25 13.25 0.90625 -5.375 -6.25 27.25
 167.625 -4.0625 10.875 -24.0 66.64453125 16.4375 -34.84375 26.390625 -20.25 -18.09375
 -2.546875 -70.25390625 -196.25 34.92578125 -49.35009765625 -68.2421875 -62.6689453125 -3.19921875 -39.5703125 54.005859375
 -248.921875 68.05859375 24.4453125 76.30859375 -92.9013671875 -60.7890625 119.111328125 71.03125 -75.5390625 133.58203125
 -188.0 101.375 107.125 -32.25 -97.5625 64.5 -43.90625 -49.875 -134.25 -1.5625
 -6.5 -20.90625 26.828125 -0.71875 -18.1875 -86.25 20.41015625 41.25 71.5625 -62.46875
 -1768.0 37.5 335.5 -276.0 -260.875 118.0 -267.5 -314.0 -278.0 60.0
 63.8125 16.1796875 14.3984375 -39.0625 -54.00390625 -11.78125 11.63671875 35.578125 -25.6875 -70.96875
 3228.90625 -1199.24609375 -378.984375 367.21484375 -1294.8427734375 487.3125 -506.3525390625 344.890625 396.3828125 78.703125
 -684.0 -116.5 -125.5 79.5 82.375 -332.0 159.0 198.5 92.5 -78.75
 156.859375 -9.48388671875 -78.123046875 56.095703125 50.73681640625 -3.7421875 12.7236328125 -44.8466796875 48.62890625 -12.6005859375
 -201.5 -13.25 64.734375 43.46875 -7.55859375 -98.125 -65.96875 82.234375 -91.9375 -0.5546875
 -179.28125 -70.9921875 22.59375 -26.7265625 -51.6328125 -22.21875 -26.072265625 46.21875 17.828125 21.4609375
 -712.0 -525.25 -607.0625 82.0 408.46875 -632.0 -393.59375 831.9375 -275.25 100.6875
 30.75 -20.0 3.1875 -72.8125 -128.140625 -58.5 9.765625 -1.125 -68.8125 -64.25
 1872.984375 -39.322265625 -346.203125 530.3359375 126.97021484375 214.3125 -84.291015625 71.236328125 41.96875 -7.4921875
 12.25 -116.40625 60.65625 -41.4375 27.84375 95.625 -11.734375 -101.03125 -68.8125 -61.3125
 -1704.25 155.015625 6.78125 -60.125 -9.7890625 0.875 -54.984375 -0.453125 -21.625 -1.59375
 1408.6875 -408.609375 -124.8515625 89.421875 -437.279296875 121.875 -323.2265625 375.1875 144.71875 89.7890625
 5775.5 -578.625 -394.3125 41.625 -136.28125 427.5 285.71875 -566.6875 311.5 -271.8125
 154.5 -130.75 -29.875 5.0 -95.0 -105.75 56.5625 8.75 -4.5 17.5625
 -12.5 113.0 132.875 -88.125 141.625 5.0 -61.8125 -77.5625 140.25 178.1875
 340.375 28.109375 -39.1796875 15.75 -11.44140625 -44.78125 104.4140625 69.75 45.6875 -22.453125
 112.75 7.34375 -28.28125 -0.75 19.625 -32.5 38.6875 31.625 10.125 -11.34375
 -4164.0 532.75 293.5 -59.5 67.4375 -38.0 132.0625 33.0 49.0 145.75
 248.5 85.75 32.75 -105.875 -155.375 98.5 -52.625 -113.75 -153.0 -68.875
 319.5 -28.1875 -53.75 78.0625 60.8515625 -47.125 101.1875 194.8125 30.375 -114.71875
 512.0 -41.5 -299.0 38.0 76.6875 -343.5 222.125 245.75 62.5 -111.0
 -1117.453125 251.4453125 22.26171875 -73.6640625 318.2978515625 -80.16796875 183.30078125 -129.142578125 -103.06640625 -53.220703125
 -84.875 45.765625 55.1875 -4.9375 -57.29296875 85.625 -51.80078125 -54.703125 -27.3125 -33.46875
 -1762.46875 680.91796875 -30.53125 522.57421875 -606.3251953125 279.1796875 -15.2626953125 -24.212890625 87.3125 -4.263671875
 6432.0 -29.125 1041.75 -477.375 -22.9375 186.0 149.4375 -39.5 -184.0 -554.5
 -282.0 439.75 36.375 -644.25 -46.625 742.0 -391.5625 -232.25 90.0 -364.375
 498.21875 -150.046875 27.62109375 -32.5 -59.1845703125 -73.84375 -31.978515625 65.08984375 5.859375 1.0625
 1931.5 21.0 56.875 -4.4375 341.7734375 -159.625 206.546875 -254.28125 -148.5 -134.09375
 83.5 72.75 -165.375 -124.0 -18.8125 64.5 28.09375 166.25 -5.125 47.75
 -747.755859375 -359.185546875 4562.2265625 1723.39453125 1533.7979736328125 3272.2939453125 1385.95947265625 1866.4140625 1006.11865234375 -3495.360595703125
 33.25 -2.75 -1.90625 -18.5 -56.875 9.875 10.0 -10.8125 -65.8125 -13.625
 -47.0 -9.125 -30.6875 -21.0 -145.578125 61.75 -41.90625 -102.5 -268.25 22.625
 3066.0 -572.6875 -79.9375 55.875 -525.609375 241.75 -203.453125 352.375 142.75 139.125
 140.09375 5.84375 -44.05078125 18.046875 29.7529296875 40.2578125 -11.5615234375 -31.5625 -22.0703125 -8.97265625
 38.0 57.5 204.25 -86.0 -167.25 131.0 -111.0 -152.25 -204.0 31.875
 284.0 -266.0 -363.0 600.0 206.4375 -1125.0 212.0 303.0 194.0 594.0
 -548.1640625 6.1923828125 -48.5869140625 -122.498046875 -39.527587890625 -15.109375 -87.36328125 -17.7255859375 20.798828125 -71.703125
 -10436.0 2655.75 3262.75 2360.25 -1582.078125 1094.75 -2107.4375 1200.125 381.75 573.875
 146.5 6.375 -42.484375 -23.9375 -37.2890625 26.0625 -8.6640625 18.046875 -129.5 -22.3125
 3247.0 -501.875 -143.3125 -123.9375 -31.0078125 71.5 -66.859375 -29.5 -44.375 -244.6875
 335.0 -82.375 9.8125 -20.75 -32.828125 -41.0 2.359375 37.0 -3.875 2.84375
 29.5 -17.375 -55.3125 -57.0625 -73.328125 -67.0 40.75 45.625 -49.125 -121.875
 -3988.0 1912.0 10.8125 26.125 1533.40625 227.5 1080.4375 -1673.90625 -179.875 -270.75
 -1525.75 585.34375 -104.765625 -3.984375 613.64453125 42.8125 461.98046875 -591.0234375 -84.59375 -96.9609375
 -8.71875 6.43359375 3.91015625 -11.40625 33.5390625 -23.21875 -26.244140625 -22.671875 12.1953125 12.05859375
 -171.5 147.875 68.9375 -20.875 -102.546875 137.5 -89.75 -89.3125 -124.0 -15.5625
 -601.765625 28.1455078125 26.138671875 -37.3671875 -18.63427734375 -42.37890625 16.69580078125 41.25 3.009765625 10.2421875
 713.75 45.5625 59.78125 -52.4375 -67.35546875 46.9375 -54.875 -42.78125 -94.6875 -40.015625
 369.71875 133.8828125 10.56640625 -203.46484375 123.41455078125 49.484375 -140.80859375 -140.38671875 28.234375 -78.03125
 1164.125 -181.03125 -53.390625 -41.90625 -74.20703125 -8.0625 5.78125 49.3125 -23.0625 -7.984375
 82.875 72.15625 1.578125 9.53125 -20.6484375 20.9375 26.8671875 43.25 -59.75 -49.109375
 13351.0 -1538.125 -477.65625 494.6875 -452.8125 292.625 -400.1171875 672.9375 196.8125 178.8125
 -2687.125 540.1875 -282.875 538.8125 242.12890625 503.1875 388.1796875 -729.125 76.25 -2.3125
 101.25 0.84375 -38.75 -19.40625 -3.09765625 -63.75 34.359375 58.015625 -18.75 -44.375
 2335.0 -213.5 -159.625 -133.875 44.03125 -240.25 84.75 -64.8125 -186.75 -159.3125
 464.0 7.125 54.8125 -101.75 -279.890625 -7.75 -88.25 -59.875 -183.75 -76.25
 62.75 5.375 -53.90625 -52.3125 -41.375 -55.125 -9.4296875 110.0 -109.25 -61.6875
 1807.0 -44.0 -241.921875 -177.390625 203.283203125 -85.90625 276.19921875 -199.6875 50.34375 -16.125
 233.5 -28.375 -162.0625 20.625 61.453125 -69.25 29.984375 171.25 -66.5 -2.09375
 -258.0 15.75 7.125 -39.0 -91.9375 73.0 -29.8125 -30.3125 -106.5 -45.15625
 1656.0 483.25 204.5 -1133.0 -123.3125 1037.5 -177.1875 -351.875 23.0 -623.25
 -215.0 -33.71875 -141.875 -28.0 92.453125 -65.0 114.2109375 117.84375 146.875 -54.875
 -7.8125 -26.296875 -31.578125 1.0 -46.953125 -28.5 45.40234375 40.890625 26.40625 -35.203125
 391.5 -30.25 -51.1875 55.0625 38.3828125 86.375 9.3515625 9.625 21.625 4.34375
 2614.5 1513.15625 -20272.109375 -7378.1875 -6795.220703125 -13953.375 -6979.23046875 -7985.4140625 -4129.8125 15496.8828125
 -2026.0 143.5625 67.875 -235.5 -397.078125 212.5 -107.796875 -156.125 -470.75 -176.75
 -384.75 126.0 6.40625 -80.5 -100.484375 77.625 -64.46875 -25.34375 -239.0 -46.96875
 108.25 -31.96875 -111.40625 17.25 7.0390625 -120.25 60.2265625 34.875 116.1875 9.21875
 -1020.0 74.0 410.25 -267.0 -427.5625 26.0 -184.0 -303.0 -566.0 76.0
 123.5 43.8125 28.015625 -45.4375 -18.6015625 46.0 -63.9296875 -25.375 -106.75 15.15625
 9474.0 -982.25 -447.625 106.75 1.75 234.5 -111.9375 -4.75 -67.0 -427.875
 -349.625 -34.9375 100.46875 -97.3125 -98.4609375 -39.5 -112.45703125 127.40625 8.875 70.5625
 163.0 -18.375 -18.4375 -1.25 -27.3125 -65.25 62.53125 39.125 32.75 -43.3125
 -1177.1171875 392.375 256.0 -148.234375 -485.2890625 664.046875 -102.25 -119.4375 307.90625 131.8125
 861.25 -30.5625 46.3125 49.6875 155.203125 -68.875 109.4765625 -25.6875 -36.25 -59.59375
 8940.0 -462.25 467.25 -52.25 476.03125 -187.0 -296.9375 -233.625 361.0 -157.5
 20262.5 -3268.125 -969.5625 -535.75 -1410.5 -223.5 -98.109375 1032.375 156.0 33.8125
 783.75 -37.6875 -143.75 149.9375 140.953125 -241.875 35.953125 -20.625 163.875 32.6875
 1565.25 -274.421875 -82.859375 -80.53125 -136.26171875 -23.625 -57.203125 153.640625 31.5 34.984375
 -638.75 209.6875 172.84375 -124.0 -96.078125 -5.5 -89.71875 -104.9375 -340.375 19.875
 380.0 604.5 -392.0 -1853.0 -462.75 2398.0 -1183.5 -596.0 -198.0 -1385.5
 688.0 -26.875 -4.5625 100.0625 55.6875 -19.75 136.796875 16.125 185.875 -10.5625
 -5812.5 1247.25 277.6875 223.25 785.3515625 -67.625 82.015625 -476.9375 -120.875 -84.59375
 283.5908203125 6.3492431640625 -99.1497802734375 48.438720703125 66.19082641601562 65.723388671875 -14.840118408203125 -67.14849853515625 -20.50341796875 -18.97222900390625
 203.9375 61.21875 202.8984375 559.796875 -76.525390625 224.0625 -87.546875 -177.6875 36.421875 83.3828125
 2459.0 -546.8125 -499.1875 341.625 -264.2734375 304.0 135.625 -269.28125 63.375 23.75
 4594.0 1116.3125 1126.5 -76.4375 -250.140625 -187.5 -947.421875 -308.78125 -940.9375 -367.59375
 -634.25 -49.84375 4.171875 0.0625 -14.1171875 61.3125 -47.234375 -48.15625 -78.4375 41.234375
 -96.0 -69.5 -179.5 -40.5 44.375 -106.0 172.0 105.75 285.0 -174.0
 2368.28125 -289.0078125 -63.5703125 -25.21875 -5.12890625 -147.984375 -40.63671875 173.09765625 -31.46875 11.69140625
 607.0 49.5 -112.25 65.125 -80.28125 -201.0 207.78125 259.9375 265.0 -80.5
 3.75 73.4375 10.3125 18.0625 82.515625 -36.0 18.984375 -8.5 -45.75 -5.15625
 105.25 31.15625 52.625 28.96875 -129.1328125 -7.0 41.3046875 -52.296875 26.75 -32.3125
 -1106.6875 54.921875 3.9921875 -21.890625 -37.619140625 52.25 -27.03515625 13.0546875 49.375 20.75
 -61522.0 28113.5 -7310.5 14176.0 -12196.875 3315.0 2828.8125 8468.75 -320.5 -3066.5
 50.0 12.9375 23.9375 -77.0 -66.453125 -29.0 -23.046875 -31.3125 -106.75 -9.1875
 -283.5 10.8125 -24.0625 -53.75 -84.671875 7.0 -3.765625 40.875 -97.375 -56.875
 81872.0 -30308.0 -34146.0 13276.0 12919.875 -5322.0 12296.5 -12789.0 -4122.0 -958.0
 -920.6875 212.9609375 80.484375 -6.234375 208.896484375 -47.9375 63.23828125 -64.4765625 -85.4375 -34.3828125
 109.5 131.125 129.328125 -46.3125 -153.1875 90.875 -71.796875 -134.875 -192.75 -21.6875
 -75608.0 30462.0 -2586.0 -3008.0 11862.125 -2852.0 -4827.75 6451.0 9632.0 21700.5
 2715.0 189.6875 54.125 120.375 508.296875 -125.5 170.921875 -129.75 -114.5 -48.375
 654.0 -46.25 -105.75 62.0 73.28125 -10.5 46.0 72.875 117.75 -67.8125
 -312.0 -180.125 23.625 -76.0 -211.375 43.5 -15.40625 -84.25 -241.0 -10.0
 190.875 -2.875 -19.25 30.5625 10.734375 -26.25 30.0390625 23.46875 -11.4375 26.859375
 176.75 -21.0390625 -23.55859375 -26.875 18.54296875 0.375 -36.11328125 -10.90625 -24.40625 -12.4140625
 -55.0 40.484375 72.0 -57.875 -76.1015625 4.5625 -14.7890625 -28.90625 -16.3125 -12.84375
 6126.0 -886.1875 -262.125 -114.9375 -81.828125 36.375 71.484375 -48.75 -161.5 -54.15625
 1402.5625 -337.203125 82.125 -1556.9375 1276.875 -708.34375 119.66015625 348.171875 -156.15625 -39.71875
 -975.0625 198.8125 66.20703125 -19.1015625 207.845703125 -74.84375 54.1640625 -27.2265625 -83.921875 -2.83984375
 -1072.0 85.53125 24.96875 -4.5625 4.0390625 -83.625 17.80078125 -22.6875 15.375 43.296875
 97.0 -110.375 246.25 14.625 -220.96875 -72.0 -186.90625 -93.9375 50.25 15.875
 66.171875 7.25 89.84375 -30.4375 44.671875 60.125 -2.0625 -7.34375 -32.0625 12.40625
 -178.5 56.8125 -70.8125 -8.125 -12.703125 -82.5 -67.28125 -40.625 -56.875 130.6875
 -4.0 46.1875 57.375 -41.5 -23.0703125 -36.625 -58.5625 -32.3125 54.9375 -38.8125
 114.4375 18.96875 9.796875 -42.515625 -75.59375 -19.3125 -6.00390625 6.796875 -62.9375 -38.015625
 175.0 -17.875 -128.4375 -53.875 42.125 12.25 32.203125 103.5625 -0.625 -72.25
 287.5 31.5 -38.9375 163.375 -41.5625 -48.75 155.0625 87.5625 176.5 66.1875
 580.0 40.0 -307.875 93.75 3.59375 -393.0 286.875 289.375 286.5 -8.75
 94.75 -81.0625 249.59375 -0.25 -319.21875 -14.375 -360.015625 447.3125 59.25 12.5625
 318.0 -8.625 -234.875 63.75 58.0 -60.0 64.4375 204.125 18.0 -145.25
 -4925.0 223.734375 131.9453125 -87.40625 -257.265625 370.125 -94.25 -134.40625 268.5625 57.25
 -1333.5 222.9375 89.125 86.3125 126.234375 26.75 -45.21484375 -21.46875 26.9375 28.328125
 -36992.0 6973.0 2327.0 2076.0 3012.3125 -1247.0 -537.25 -473.5 335.5 2699.0
 185.75 -8.875 102.90625 -53.0625 -22.9921875 31.5 49.4296875 2.0 50.0 -97.25
 -9886.0 1442.5 667.0 263.5 342.5 -4.0 81.75 -18.0 147.0 187.0
 -26.0 2244.5 1514.234375 -524.46875 574.109375 426.375 391.359375 -710.8125 141.4375 4.0625
 115.0 -35.125 56.40625 14.5 -87.2734375 18.875 50.9375 -48.40625 -61.75 -98.6875
 187.0 85.9375 56.5 -29.375 -7.34375 -55.75 -48.484375 -48.71875 28.6875 -21.53125
 116.712890625 15.859130859375 -19.324462890625 9.941650390625 4.369873046875 -42.7236328125 19.874267578125 1.4986572265625 35.45361328125 12.1082763671875
 -406.9375 555.47265625 254.640625 92.5 -256.853515625 -139.125 149.0 44.83203125 226.125 52.0234375
 -43.5625 -114.75 -118.875 -99.0 -242.5 -55.5 159.25 152.0 -171.75 -154.75
 141.8125 -49.6171875 -6.7734375 -18.453125 9.978515625 30.078125 -8.6328125 19.13671875 -2.96875 -60.953125
 701.0 747.375 -911.1875 -2021.75 2166.3046875 -887.625 1514.296875 -908.65625 -300.0 -227.03125
 -5971.0 3891.375 4446.25 -2248.0 -1606.0625 879.0 -1071.09375 1008.0 672.5 20.6875
 -475.9921875 -28.4150390625 -187.59765625 -89.6328125 29.912353515625 81.16796875 -75.71484375 -69.326171875 8.96484375 -76.4267578125
 -80.125 -46.8125 4.328125 -8.25 -27.50390625 -23.75 24.0390625 -34.71875 -32.96875 69.46875
 166.0 60.125 8.96875 46.6875 -3.9765625 -38.75 21.515625 19.0 79.3125 -1.6875
 137.75 -28.125 -10.96875 17.875 76.09375 17.375 -14.0 32.84375 -13.0 33.3125
 178.0 -3.5 -32.6875 6.5 -34.390625 -38.25 18.578125 30.5 -48.875 -4.75
 8567.0 -3936.25 -2361.1875 5571.5 -1758.5 -2022.25 -346.50390625 3082.0625 -2288.75 -1116.5
 157.5 -42.0 -27.3125 -9.0 158.734375 -88.375 33.25 46.9375 158.625 -32.96875
 -94.0 201.78125 169.8125 -205.8125 -81.4375 53.875 -143.7890625 -153.53125 -410.375 48.96875
 -594.0 -340.3125 -395.53125 819.625 -287.171875 741.5 -859.21875 -0.125 565.8125 -63.015625
 521.5 3.25 -99.375 -5.25 38.59375 -106.0 24.78125 103.375 -51.5 -15.375
 255.5 -190.75 -429.0625 248.125 81.375 -113.25 96.03125 265.1875 -19.75 44.8125
 125.015625 30.2548828125 23.873046875 -16.9453125 -30.077880859375 20.67578125 6.476318359375 -20.0810546875 -5.671875 -30.6650390625
 -156.5 -61.78125 -128.1875 -5.875 -9.84375 -56.0 -178.140625 -41.6875 -87.4375 14.25
 -906.0 -585.5 101.9375 -441.0 -39.0 140.0 -338.25 -111.25 -117.0 50.5
 -2447.5 121.75 -630.5625 638.625 2566.390625 -2124.0 -716.59375 1787.875 -1098.25 350.0
 46.0625 -420.39453125 64.22265625 -210.9453125 -505.68408203125 138.953125 -124.833984375 365.25 219.65625 108.111328125
 -10792.25 609.625 30.25 -41.5 -392.375 1218.0 -719.5 -17.625 101.0 351.6875
 -233.75 -278.1875 -97.015625 -32.984375 -244.771484375 -31.3125 9.91796875 7.0546875 70.40625 -28.390625
 2812.75 -760.03125 -132.1875 75.0625 -475.484375 25.5 -274.2421875 311.15625 125.0625 58.125
 110.7265625 -258.3408203125 -266.88818359375 225.05859375 -105.751953125 -135.8125 -4.9287109375 119.30078125 -171.2578125 -160.306640625
 234.0 22.46875 -12.53125 -4.9375 16.8984375 -27.125 40.0859375 19.4375 12.1875 13.75
 -2676.25 266.3125 310.0 82.875 462.390625 -335.75 284.5625 -105.34375 -35.0 -75.0
 90.5 29.5 108.46875 -50.5625 -8.9453125 -46.25 60.453125 27.90625 28.75 -41.53125
 -1073.84375 729.15234375 359.58203125 -131.69140625 168.140625 119.8359375 86.2900390625 -101.3046875 54.421875 14.298828125
 -175.0 34.40625 151.375 33.84375 -75.3671875 -78.75 78.0078125 -13.453125 43.4375 -20.53125
 -561.0 -49.0 41.9375 -110.125 -84.296875 112.75 -56.90625 -69.3125 -122.5 -69.125
 57.25 -69.15625 -64.46875 -9.34375 62.76171875 6.75 -77.484375 -0.890625 -85.4375 5.359375
 -8.0 40.75 -7.75 -56.875 -127.375 40.5 -29.71875 -18.625 -112.75 -37.125
 -86.0 -1.875 -22.0 -19.75 -55.0703125 -47.0 5.265625 9.53125 -70.1875 -42.5625
 -4032.0 -6459.0 -4324.625 -11615.0 -5585.3125 -6142.5 5409.046875 -8130.875 -1794.0 2282.375
 -69.25 13.09375 19.328125 -40.3125 -92.02734375 61.625 -13.28125 -43.109375 -103.78125 -26.3125
 295.0 31.25 18.75 -10.5 -47.3125 -29.5 -18.375 -58.25 -71.0 63.5
 270.0 63.625 -92.75 -57.25 4.40625 -4.0 -83.25 75.875 -170.0 -168.625
 -251.0 9.0 8.5 -38.125 -187.296875 61.0 -19.4375 -81.6875 -193.25 10.0
 123.734375 -3.296875 -3.515625 42.65625 30.1112060546875 41.625 18.875 19.759765625 -40.125 21.07421875
 199.0 84.25 124.5 -80.25 -152.875 15.0 -41.5 -64.0 -157.25 8.625
 264.625 13.0625 112.0625 25.9375 22.94140625 77.625 75.0703125 28.5625 54.125 -21.625
 -2458.25 929.34375 -2858.84375 -507.125 1495.3828125 -1739.0 474.46875 2509.09375 -850.3125 -591.78125
 308.75 233.125 171.375 143.40625 50.875 24.9375 96.875 48.8125 40.5 55.6875
 5636.0 41.5 -222.0 -148.5 720.3125 171.0 1033.625 -1257.25 138.0 -398.0
 158.5 -23.046875 51.734375 5.625 -35.2109375 -31.8125 35.0390625 -22.640625 23.40625 0.296875
 45.875 -19.34375 124.484375 -63.84375 -18.40625 2.5 34.34765625 9.578125 1.0625 -30.6875
 5974.0 -3226.5 -2705.5 1504.625 -1156.8125 887.5 1106.90625 -1918.125 247.25 -431.375
 69.0 -6.9375 -46.4375 28.5 53.765625 -98.25 53.359375 91.9375 62.75 -19.28125
 84.125 -53.390625 82.453125 31.25 -9.01953125 24.4375 102.265625 42.25 40.8125 -3.9375
 48.0 -75.3125 -32.5 102.375 -89.390625 17.0 172.9375 -19.5 -107.875 -64.9375
 -174176.0 27156.0 7799.0 1224.0 4683.0 6128.0 -5226.0 1204.0 1248.0 739.0
 -19.0 42.1875 156.4375 -43.0 1.6875 -118.25 59.3828125 -42.8125 36.5 172.1875
 81.5625 -11.796875 -8.265625 49.125 -45.734375 4.46875 18.95703125 12.75 -63.390625 62.34375
 -4902.5 196.75 -39.8125 -264.375 -287.421875 113.5 -13.4375 -125.3125 23.375 -36.9375
 -768.0 1466.75 250.375 -1661.625 1326.890625 -356.75 262.4375 358.125 30.0 196.5
 -1222.0 53.5625 56.3125 14.125 -79.234375 11.0 8.09375 3.3125 31.75 22.3125
 -183.5 46.625 -36.0 120.25 -69.65625 -97.25 123.53125 -34.125 1.25 3.3125
 383.0 39.375 7.5 51.625 56.875 -24.75 -11.46875 -13.375 -52.5 -44.875
 -23.5 33.6875 -145.4375 -30.625 -19.2265625 -63.625 -218.40625 -92.8125 -134.125 21.3125
 -745.734375 -143.26953125 -136.46484375 242.623046875 127.659912109375 -100.4453125 -84.6201171875 126.84375 -121.41015625 34.6298828125
 42.75 29.8125 -9.84375 -33.6875 -0.3515625 -28.5 -122.78125 -42.125 -103.5625 8.90625
 524.5 -2528.125 7486.09375 -5276.75 -337.0 9705.5 3362.625 -7855.25 -3067.9375 3577.625
 96.5 107.34375 -172.34375 -221.625 205.0625 208.75 -207.84375 -43.25 -73.75 -5.9375
 264.0 44.375 -224.0 -131.125 73.796875 54.25 -153.96875 29.5 -70.375 5.625
 -118.0 35.875 42.8125 -7.0625 -19.7734375 -29.75 7.78125 -10.40625 8.0 -36.28125
 -129.5 -17.0 -115.9375 -32.875 -51.75 -8.5 -10.65625 47.5 -70.625 -55.875
 5.25 -43.71875 118.5 -85.375 26.744140625 79.46875 -98.7890625 -86.125 -142.8125 18.1171875
 -13614.0 1903.75 -3941.75 2420.5 11371.53125 -6379.0 -701.1875 4549.25 -3736.5 1736.625
 -1085.5 379.34375 141.96875 -28.15625 252.1875 -159.6875 114.4921875 -102.59375 -68.6875 -88.0625
 285.0 -38.75 -59.6875 10.875 98.078125 146.75 -49.984375 28.4375 -181.5 172.4375
 277.0 8.53125 51.703125 -33.71875 22.0 -10.1875 6.328125 -24.03125 37.46875 -71.75
 112.5 -20.25 -28.40625 5.96875 7.82421875 -7.0625 -20.90625 -0.015625 -26.3125 -12.046875
 302.875 -23.234375 47.5 14.03125 16.689453125 -72.21875 14.8984375 58.1171875 52.625 69.1796875
 171.9375 29.125 2.84375 -10.84375 -85.66796875 15.3125 8.25 -23.71875 -93.65625 -26.703125
 344.0 -6.125 -102.8125 97.0 121.703125 -150.0 135.3125 131.25 204.625 -12.5
 166.5 1064.5 -1352.375 -646.875 -109.5 -900.1875 130.4375 1334.625 -1053.0 100.0703125
 24.03125 4.15625 1.296875 1.328125 0.875 1.05859375 -0.078125 0.2021484375 0.037109375 -0.15185546875
 30.5 60.125 -323.875 85.4375 45.375 16.8515625 38.3662109375 194.40625 -172.38671875 2.82421875
 472.0 3136.0 -4816.0 -784.0 -792.0 -2136.25 375.0 4532.5 -3379.0 643.0
 -300.75 59.65625 -20.78125 2.25 -81.296875 14.0 -32.140625 -8.3125 -146.75 -51.84375
 -4830.5 -138.75 -1079.71875 279.875 -558.625 1101.75 825.390625 -1322.65625 162.25 -7.28125
 317.96875 118.859375 177.7109375 -129.015625 -94.998046875 -84.9375 13.146484375 -13.7265625 -39.28125 -151.52734375
 214.0 -108.1875 -39.3125 86.5 19.84375 1.25 45.515625 46.4375 11.375 -15.625
 199.0 -53.625 21.1875 86.125 104.5 42.0 50.71875 48.75 -48.25 -11.1875
 148.1484375 -7.05126953125 -19.16357421875 -9.81640625 3.7584228515625 9.8046875 3.57177734375 7.01513671875 -3.2529296875 -7.5224609375
 -329.25 149.78125 -13.234375 31.6875 123.9296875 48.875 88.234375 43.8125 -47.0 -14.09375
 32.0 22.25 46.5 -130.0 -198.75 -108.0 156.9375 35.0 -130.0 -129.0
 99.0 226.375 28.125 -237.0 -365.5625 76.0 -87.0625 -109.5 -380.25 16.625
 136.63814993854612 -281.86478306807385 -126.63909418100923 -35.44525398328818 -32.92881062260318 -13.249447739014634 12.14684545062974 -9.34870184891711 -10.41240956379517 -2.854473624024554
 2210.0 -436.0 9.75 -85.0 -806.1875 538.0 -165.0625 139.5 299.0 237.75
 146.9453125 -0.396484375 -65.181640625 24.126953125 -64.11962890625 37.7734375 18.474609375 -29.41796875 -88.4609375 19.99609375
 208.75 89.75 58.5625 -30.9375 -98.96875 103.375 -82.796875 -72.15625 -125.0625 -11.375
 -20368.0 -6762.0 -3294.0 -11400.0 -15019.5 2672.0 -4714.0 3458.0 400.0 4294.0
 -3274.0 -18608.25 6492.75 -2941.5 -418.6875 -917.5 -652.5625 -12066.375 -83.25 3070.625
 859.875 354.53125 -150.8125 -546.17578125 259.53564453125 318.5546875 -428.953125 88.1875 -162.560546875 45.1875
 -8185.0 4428.875 3390.25 -1406.25 286.96875 452.5 -321.125 200.875 294.25 99.5625
 62.0 6.5 -17.75 -14.25 -39.15625 -34.5 48.75 7.375 61.0 -14.25
 -161.5 30.125 -9.125 31.5625 16.3828125 -3.375 -39.78125 -34.21875 1.625 9.9375
 -97.0 131.25 292.5 -83.25 -58.625 88.5 -89.0625 -81.5 144.5 -106.25
