187.6875 202.8046875 68.1796875 -56.59375 -54.265625 5.375 59.4375 -88.8125 44.75 -11.96875
 -1481.53125 -7.85693359375 -153.3515625 -256.5 290.46484375 -550.80078125 -296.53125 -52.0625 -187.21875 -46.140625
 309.0 116.859375 -104.125 -72.0 -21.171875 18.5 89.5 -33.0 23.5 2.0
 1476.0 131.8125 25.5 67.5 39.4375 24.5625 -160.0 -132.0 196.0 -149.5
 6032.0 2526.0 168.0 572.0 407.75 1839.75 176.0 4208.0 -1356.0 1178.0
 375.0 322.1875 43.5 -139.5 -52.3046875 3.25 106.0 -81.0 28.25 -4.0
 -270.625 600.75 124.75 36.375 -436.5 -354.25 -54.8125 -304.875 136.25 123.453125
 -52.5 2.462890625 -10.234375 -49.0 -12.1669921875 8.57421875 35.015625 7.140625 2.484375 11.984375
 3520.0 -1525.125 -4950.0 -1626.0 -2356.0 829.75 -734.0 446.0 1001.0 -258.0
 -775.25 -628.54296875 -198.4375 1095.5 -843.478515625 318.9765625 173.75 -34.875 -380.625 -23.5
 923.375 748.861328125 -288.84375 16.5625 178.46484375 137.9140625 -322.0 327.8125 -57.5625 -9.8125
 518.02734375 270.98773193359375 16.5546875 -170.994140625 -421.65252685546875 -173.1636962890625 -592.216796875 538.837890625 -461.8681640625 -308.529296875
 343.5 -44.1552734375 -132.71875 29.5625 -170.572265625 27.08203125 -11.78125 18.8125 74.84375 19.65625
 306.3125 -7.24609375 -78.765625 15.59375 -64.322265625 37.6875 20.875 -0.8125 55.125 1.0
 53.5 176.453125 62.875 -19.25 -50.45703125 -31.0 138.5 -95.5 6.25 -40.0
 218.734375 0.771240234375 -102.984375 -89.296875 1.0146484375 -5.0654296875 -26.6328125 14.625 43.59375 1.1640625
 10.0 103.9921875 73.375 -78.5 -37.640625 -20.9375 127.5 -110.5 -20.125 -26.0
 -1474.03125 -384.8203125 573.8359375 1746.5625 -836.078125 -320.888671875 236.78125 196.09375 -101.375 -0.40625
 -383.875 -260.466796875 -768.28125 -274.8125 -449.09375 121.8046875 14.6875 114.625 260.0 19.125
 24.0 205.4375 -31.125 -52.5 -33.1796875 -40.65625 95.25 -73.0 5.25 25.375
 -722.75 209.75 116.4375 -454.25 -48.28125 -133.0 334.75 306.5 -110.9375 95.6328125
 77.5 -73.98046875 -51.71875 36.53125 11.32421875 19.921875 -81.28125 0.9375 44.796875 -10.3125
 -1302.75 229.658203125 497.75 -82.9375 42.32421875 -246.4921875 313.75 -244.375 -227.71875 148.3125
 -181.0 515.875 426.0 -47.5 409.5 41.5 -361.0 -496.0 263.25 33.0
 196.5 154.92578125 -8.5 -39.5 -18.82421875 -24.65625 75.25 -63.25 -3.375 0.875
 -431.875 254.265625 440.21875 677.3125 -301.560546875 -236.96875 98.3125 5.5 -84.8125 -20.75
 280.5 217.125 -130.375 -1.5 -75.4921875 50.875 -50.5 -31.5 60.0 45.75
 -328.453125 15.06005859375 -64.6171875 29.0 -146.810546875 43.748046875 15.421875 -17.671875 48.3828125 10.859375
 -23925.0 -2691.4765625 3687.25 6937.0 -335.46875 -41.3125 525.5 -3251.25 -7132.25 -496.75
 57.5 117.609375 29.75 -79.5 -25.671875 -19.1875 91.25 -36.5 0.625 -9.25
 -277.0 -102.2265625 91.0 -109.5 -100.3515625 -81.375 318.5 29.5 -164.375 141.0
 2499.9375 -672.4658203125 -1094.15625 -926.8125 336.705078125 343.5390625 -154.1875 -71.4375 -115.0625 7.75
 1497.625 2618.359375 6600.4375 2528.25 3961.359375 -2057.03125 -576.875 -1125.25 -2814.9375 -688.9375
 46.3125 350.0 -9.609375 18.75 31.94140625 111.3671875 1.6171875 71.3828125 -41.421875 -85.6953125
 47.5 74.828125 38.8125 -33.875 -28.3671875 -22.6875 93.25 -108.875 12.25 -17.0
 -3630.5 762.8828125 1622.125 307.5 595.28125 -552.125 21.0 -449.5 -380.0 172.25
 48.0 146.14453125 -18.625 -41.25 -40.08203125 -3.421875 83.25 -84.0 28.25 -10.5
 138.75 -88.18359375 -46.75 206.875 154.984375 13.65625 -153.75 202.375 -23.0625 84.375
 -375.96875 212.61572265625 -48.3984375 61.734375 47.8291015625 -24.845703125 107.25 45.1875 208.80078125 10.046875
 1285.0 -401.0703125 -292.25 -68.75 -350.953125 -2.90625 -111.0 -84.0 2.0 -108.25
 36.0 191.828125 35.25 -88.0 -8.625 -2.0 102.5 -9.5 -1.0 -14.75
 158.0 134.84375 -5.75 -74.5 -85.53125 -44.375 164.0 -133.0 20.5 -65.0
 271.5 191.2578125 -65.75 -47.0 -51.87890625 35.0625 18.75 -73.25 46.625 40.25
 119.0 80.8828125 -14.0 -90.25 -11.0859375 -11.25 100.25 -43.75 -24.0 -20.5
 2983.0 646.3671875 1763.125 4066.125 -1770.640625 -1041.078125 607.0 666.5 238.25 56.875
 131.5 53.27734375 -73.5625 -47.75 -42.69921875 -14.4375 86.0 -72.75 -11.0 14.5
 -37.6962890625 -2.3628997802734375 -12.8564453125 19.197265625 9.808502197265625 12.25439453125 -29.05859375 -14.9736328125 7.90234375 -2.6416015625
 2092.0 -501.96875 -909.5 111.5 -342.78125 144.6875 -161.0 224.5 -83.0 -80.5
 412.03125 37.146484375 -96.96875 18.703125 -92.236328125 -73.75390625 -82.078125 45.28125 -32.0625 -3.15625
 -800.5 -256.833984375 236.25 190.125 124.8798828125 166.796875 31.6875 -164.375 -264.65625 -47.46875
 85.0 227.5546875 -60.5 -73.5 32.18359375 29.0 15.5 33.0 -15.5 14.0
 -9615.4375 -1227.865234375 3796.703125 8772.625 -4387.2666015625 568.6640625 1753.28125 11.0625 -1802.65625 1.21875
 131.5 -86.1875 69.25 -67.25 -116.0625 -56.9375 96.75 -141.25 -27.125 36.25
 505.5 -10.697265625 -55.875 45.53125 -20.693359375 -29.80859375 -24.21875 6.1875 -45.53125 -28.25
 773.375 -176.673828125 52.59375 327.0625 -75.55078125 -159.28125 134.0 52.375 64.34375 84.4375
 -6531.0 877.21875 1075.75 -556.0 395.71875 98.875 212.5 -262.0 250.75 174.5
 81.5 142.26953125 -52.125 -0.9375 -21.125 32.9375 -67.0 1.25 37.375 33.125
 -1036.0 167.5625 -625.0 1025.0 939.5 805.75 -342.0 1662.0 -974.0 379.0
 255.0 203.8359375 -8.0 -8.75 5.009765625 5.34375 63.0 -28.5 4.5 -34.0
 129.5 56.6953125 -63.5625 -16.0625 -54.09375 11.625 123.25 -99.8125 30.75 -31.21875
 1007.0 -293.59375 -1505.75 -440.5 -671.1328125 -105.25 -258.5 -35.5 -34.25 204.5
 17.5 221.3203125 -33.125 -151.5 -55.66796875 -14.5 75.5 -35.5 -1.125 -11.75
 22.5 -533.09375 -1479.25 -128.5 -27.640625 568.1875 -528.75 -57.0 -24.625 -220.75
 51.0 84.5703125 -30.875 -8.75 -50.1640625 -20.125 103.75 -113.5 20.0625 -28.375
 137.5625 -184.3369140625 -423.828125 -453.875 83.314453125 169.05078125 -59.1875 -33.96875 39.671875 20.59375
 102.5 -47.80078125 11.875 21.0 -22.51953125 -9.3125 56.875 -47.5 -53.625 -6.75
 4124.609375 2716.90087890625 -3187.1796875 -3700.203125 1194.56787109375 -1118.046875 -638.8515625 -610.09375 445.2890625 173.078125
 160.0 -45.8125 -50.0 0.25 -19.75 35.28125 -61.75 -11.75 -3.25 44.5
 -154.625 36.15625 1.96875 -65.375 -64.40625 -21.6484375 77.125 -68.25 0.3125 -10.375
 -15.53125 20.3603515625 -6.70703125 -64.7890625 58.11474609375 -5.46630859375 -28.703125 -32.9140625 -49.30078125 -9.3984375
 -2829.0 637.46875 8342.125 1028.5 6272.3125 -1262.71875 409.0 -12.0 -1306.5 -735.5
 276.0 -271.59375 -29.625 15.25 99.0625 -117.34375 -26.25 -70.5 113.25 -62.75
 5557.1875 -4943.49072265625 -2661.6796875 918.265625 -3243.7529296875 3736.744140625 559.265625 -567.25 -1400.1640625 -18.65625
 238.0 120.046875 -138.5 -62.625 -63.16796875 -19.859375 44.25 -33.5 -1.0 -9.625
 143.0 211.7265625 -25.9375 -30.75 23.5390625 26.90625 31.5 -78.125 43.25 -28.125
 -335.8125 58.7841796875 109.359375 -47.84375 101.16796875 -49.95703125 -25.40625 -42.0625 -37.015625 -20.3125
 209.265625 50.09771728515625 61.3603515625 11.1640625 -25.7266845703125 -17.50634765625 -23.6015625 16.2109375 9.5576171875 42.19921875
 219.25 210.59375 -19.3125 -73.875 -50.25390625 -51.15625 55.5 -7.5 26.3125 -0.75
 64.75 3.14453125 67.5 -92.875 -45.73046875 -18.84375 61.875 -72.125 -19.5625 24.375
 -227.6796875 165.30126953125 51.265625 -48.3828125 -154.2921142578125 -116.2919921875 -49.7109375 96.22265625 117.765625 -23.45703125
 858.3125 -66.3544921875 -452.46875 -371.03125 -130.654296875 342.61328125 10.3125 9.25 185.0 16.40625
 161.0 165.53125 41.375 -115.75 -44.79296875 -17.5 105.5 -41.0 -8.625 -15.5
 -774.0625 92.8232421875 -43.5625 -124.5 -96.365234375 -64.3203125 37.0 -12.0 5.484375 18.75
 206.5625 44.525390625 287.78125 195.90625 147.982421875 -49.3359375 48.6875 -50.5 -79.96875 -30.3125
 296.5 179.796875 16.375 -93.5 35.4765625 58.9375 35.5 44.75 -28.75 -6.25
 -2228.5 -141.7265625 141.0 -1303.0 1222.390625 257.125 -203.75 -444.0 -525.875 -90.75
 1299.71875 -126.818359375 445.265625 246.703125 419.494140625 -181.21875 60.09375 -16.0625 -108.890625 -11.84375
 85.25 10.36328125 9.6875 -67.125 -53.4921875 -18.296875 85.75 -51.375 -31.25 33.125
 203.375 92.384765625 -29.890625 -27.34375 -34.75 -9.125 65.875 -79.0625 -7.109375 -26.9375
 1223.0 123.4765625 393.25 260.5 321.7734375 55.65625 109.875 42.75 -199.5 -69.125
 256.0 185.484375 18.0 -153.0 -27.001953125 -37.1875 116.0 -27.0 -10.25 -16.5
 7.65625 46.98779296875 65.34375 -65.3359375 -44.681884765625 -21.88671875 124.15625 -0.9140625 -20.27734375 37.359375
 1418.5 -163.82421875 -441.1875 -12.5 -222.734375 133.09375 13.125 20.5 129.125 13.0
 83.0 130.421875 34.25 -65.5 -33.609375 -23.1875 100.5 -79.0 -15.75 -8.125
 1812.5 -648.4921875 -1648.75 -345.375 -992.3203125 469.96875 -92.0 154.5 680.375 91.25
 780.53125 -152.18603515625 -431.9921875 -101.34375 -218.13330078125 -4.19140625 -26.609375 80.90625 132.3515625 11.546875
 174.0 231.9609375 26.0 -85.75 -48.1875 -26.875 99.25 -68.75 9.875 -15.25
 8660.5 -1845.6015625 -2877.75 1284.5 -286.40625 1670.3125 -2042.25 1526.5 1644.25 -944.25
 594.25 186.6953125 -104.125 -73.3125 9.4453125 34.875 -5.625 78.75 5.125 13.125
 106.5 62.140625 85.125 -77.25 -55.875 -24.0 114.75 -131.0 -0.625 3.125
 -1281.125 -26.203125 516.40625 -510.5625 945.11328125 11.1328125 -102.625 -263.5 -528.375 -126.4375
 218.0 41.78125 8.25 61.5 -23.02734375 -48.96875 102.75 -80.0 3.625 3.0
 182.5 109.171875 -63.625 -82.125 -19.04296875 -9.96875 81.0 -61.0 9.625 2.0
 11.5 52.6796875 -9.4375 -44.375 -30.8203125 13.890625 71.0 -15.75 -6.0 -5.625
 87.5 135.21875 29.1875 -87.5 -33.345703125 -22.59375 104.25 -56.5 -3.25 -11.125
 209.5 166.98046875 -91.8125 -74.0 -36.1484375 -6.625 91.0 -79.5 12.0 -11.0
 268.0 -239.21875 -197.0 118.0 -120.15625 -22.75 -111.0 -88.0 126.0 51.0
 8594.9375 -2279.10888671875 -3495.7421875 2537.828125 -4393.19384765625 4581.15625 1041.09375 874.84375 185.484375 -284.5625
 59.0 -61.97265625 -56.9375 30.75 -85.6328125 -18.09375 94.375 -69.0 -73.375 25.5
 133.375 68.8203125 -7.328125 0.28125 -5.26171875 -3.5625 86.53125 -46.0 -18.0625 -14.75
 128.5 -136.359375 -184.125 114.75 220.296875 82.6875 -271.0 -34.25 217.0 -86.75
 134.625 118.52734375 -211.40625 -110.5625 -66.3671875 -6.125 73.75 -104.25 31.6875 -19.0
 83.125 116.541015625 14.625 -26.28125 -11.5546875 -32.3515625 52.25 -73.25 16.765625 -4.890625
 1528.5 -198.8984375 -221.6875 25.0 -42.51171875 242.78125 -17.25 104.75 214.125 -81.375
 230.0 547.6484375 1389.6875 1164.625 -35.1328125 -495.25 335.5 183.625 -73.0 -29.75
 198.75 145.578125 7.875 -27.5 -29.375 9.65625 82.9375 -81.25 9.75 -18.6875
 3872.03125 232.78125 -484.7734375 43.625 -425.625 -913.84375 -98.75 839.8515625 994.26171875 147.53125
 -1006.84375 136.349609375 331.796875 34.265625 187.62890625 37.9921875 57.328125 14.75 21.453125 33.484375
 -186.75 49.326171875 66.3125 -236.4375 -96.1484375 -162.2734375 207.125 -27.75 13.53125 12.4375
 -204.6875 92.34765625 181.34375 10.125 83.44140625 -17.875 52.5 -18.75 -33.9375 -23.4375
 136.5 -10.3046875 -125.75 205.0 131.03125 89.4375 -145.5 4.0 126.375 -235.0
 20032.0 -7377.625 -11398.0 -9892.0 7492.125 4403.5 -4248.0 -2048.0 -2039.0 10.0
 174.625 83.9140625 -8.1875 1.0 -4.318359375 2.640625 48.75 -16.5625 -4.59375 8.125
 111.5 80.71875 -38.0625 23.625 -5.421875 6.21875 40.125 58.0 13.5 -11.25
 116.0 32.28125 0.5 -132.0 -52.96875 -31.625 124.0 -159.5 11.5 -32.0
 -128.875 62.72265625 199.71875 54.5625 148.61328125 -9.9609375 28.5625 7.875 -62.84375 -15.03125
 -296.8125 -79.15234375 -84.578125 -44.359375 29.4921875 12.6171875 78.0 -5.375 -26.71875 -64.671875
 1019.53125 -1685.8583984375 -1410.90625 3855.2109375 -1220.8466796875 -535.228515625 1122.734375 -114.75 -110.7109375 160.5625
 836.1875 -37.3251953125 703.796875 -126.40625 763.7109375 -240.4609375 141.78125 20.5 -191.109375 -23.125
 10872.0 237.125 3323.5 -2192.0 -1916.5625 -2123.125 3764.0 26.0 -445.5 -1634.0
 104.75 -19.302734375 -23.046875 -25.25 -5.041015625 0.6328125 -38.59375 7.5625 23.890625 -22.40625
 115.5 20.015625 117.75 -23.5 -126.4375 -86.3125 180.75 -76.0 89.5 -74.0
 394.0 89.671875 439.75 255.5 54.109375 -160.03125 108.5 -70.0 -8.75 54.75
 174.0 -140.671875 246.0 -53.0 -159.40625 1.125 -116.0 42.0 -5.5 36.0
 121.78125 12.3125 59.19140625 42.578125 35.2100830078125 -20.4375 16.265625 -21.515625 -18.4296875 -7.953125
 39.0 -127.328125 -174.25 128.25 196.625 -19.0 -122.0 -125.0 178.75 -117.5
 -2684.5 432.2578125 603.75 -226.75 208.0078125 17.8125 61.5 -205.25 213.25 8.25
 -23381.25 -8730.869140625 15587.3125 12801.0 -5055.4453125 5663.6328125 1934.625 2068.875 -2620.3125 -796.1875
 182.0 177.1328125 12.5 -23.75 -29.54296875 5.75 97.25 -59.0 -5.75 -23.0
 176.0 155.796875 -68.125 -82.0 -17.58984375 -8.1875 130.0 -71.0 17.5 -42.0
 5384.0 -56.828125 -1531.625 -265.6875 -1259.8046875 610.71875 163.0 575.5 1132.25 109.125
 171.96875 -216.72607421875 -538.8515625 -524.859375 84.04638671875 167.181640625 -115.9375 -76.109375 7.828125 4.359375
 193.5 -74.78125 -64.625 -21.25 22.39453125 20.15625 112.75 -35.0 -67.375 -1.25
 137.0 -84.734375 10.625 46.5 -28.9296875 -3.84375 49.5 -15.75 -100.0 34.25
 -700.3125 166.693359375 461.6875 42.5625 257.451171875 -73.36328125 57.8125 -64.3125 -54.296875 -1.875
 100.0 45.65625 31.25 -164.0 -21.61328125 -10.8125 137.5 -59.5 -48.5 -62.5
 219.75 153.4140625 28.875 -99.125 -20.39453125 15.25 82.5 -13.5 -10.9375 1.0
 110.0 -20.546875 128.25 27.5 12.90625 -12.46875 -102.5 -52.0 80.25 -30.25
 43.4375 -58.98046875 -14.8828125 -11.21875 -9.73828125 -3.875 18.875 -22.40625 2.84375 20.625
 79.0 278.265625 184.5 -55.0 -1.046875 -33.25 138.0 -70.0 4.5 3.75
 -638.0 128.09375 35.5 -134.9375 -13.73046875 -58.453125 32.875 -18.875 50.3125 19.0
 5280.8125 77.556640625 -5144.5625 1232.1875 5.099609375 -2173.5 573.875 -704.625 173.140625 300.53125
 176.875 -164.517578125 -621.03125 -457.125 -149.1328125 217.5546875 -81.75 -34.0 184.71875 60.3125
 539.3125 -5.041015625 24.75 56.5 38.462890625 -38.7890625 23.4375 -22.8125 -43.671875 -10.9375
 47.5 -24.359375 -33.3125 209.4375 -236.2421875 -65.1953125 364.0 -129.5 -15.1875 -33.9375
 69.5625 58.70703125 -6.7421875 -38.5 13.0703125 -53.9296875 52.40625 35.5078125 8.71875 -43.0859375
 -44.25 -47.0625 44.875 -35.1875 40.8359375 -31.109375 7.5625 35.5 -3.71875 24.5
 90.0 369.828125 -67.5 -279.5 -165.734375 -80.3125 344.5 -357.5 12.25 -4.0
 100.0 164.015625 45.5 -88.0 -27.47265625 1.90625 112.0 -65.25 3.5 -28.25
 208.0 36.546875 -68.25 -173.25 -58.671875 -7.0 206.5 -131.5 -13.25 -66.25
 136.75 92.09765625 -149.9375 -2.5 1.8203125 -41.03125 213.0 151.5 -47.0 72.75
 -178.0 477.96875 825.5 -748.5 -534.9375 -329.9375 729.0 43.0 -728.0 230.0
 -1993.0 928.3046875 867.5 1984.25 -1624.53125 -410.6875 275.0 300.0 290.5 52.75
 226.0 129.8125 -194.5 -254.0 -22.71875 -92.75 131.0 58.0 14.0 -25.0
 -395.625 195.638671875 437.421875 239.84375 135.19921875 -88.265625 133.90625 20.5 -83.296875 35.15625
 2012.0 114.8828125 656.0 339.375 449.78125 -276.0625 89.5 -185.75 -388.625 -14.0
 -5302.0 1995.625 3388.5 656.0 1493.9453125 1117.5 -562.0 -68.0 620.0 -565.0
 140.625 25.7734375 14.0 -8.0625 -1.75390625 -6.390625 -21.8125 -9.5 6.9375 -14.25
 -519.25 -163.1015625 252.875 227.625 137.953125 33.796875 215.75 -14.25 -67.75 -64.25
 -167560.0 -19874.4375 24114.0 50834.0 -4983.5 1248.75 4314.0 -23636.0 -51711.0 -3710.0
 46.0 55.359375 -2.875 11.25 106.421875 75.0 -129.5 9.5 74.875 19.75
 67.1875 24.9697265625 64.15625 37.34375 24.052734375 -4.07421875 3.34375 -25.9375 -13.5625 -13.65625
 55.5 -33.3125 -26.0 145.0 123.9921875 40.1875 -152.25 -44.75 131.75 -57.375
 -60.453125 -10.58203125 -17.4765625 -14.21875 -12.1875 -9.28125 9.0625 4.203125 -12.375 21.4765625
 -157.4375 66.03125 -26.5859375 -93.5 64.0 -119.5 -102.875 -175.5 214.46875 -164.125
 11.0 17.234375 -26.875 16.875 -1.171875 39.1875 -43.25 35.0 -7.25 -19.75
 -5928.5 239.53125 4392.875 12278.0 -7506.1875 153.4375 3646.75 1794.5 1981.0 385.25
 35166.0 -2316.078125 -8597.0 4095.5 -12052.5 7885.125 3605.5 3132.0 6096.5 860.5
 -707.892578125 -29.62677001953125 -143.16796875 -69.1376953125 -12.6561279296875 -16.009765625 47.8134765625 58.693359375 22.3408203125 -71.21484375
 -51.0 -113.609375 -231.375 227.0 186.234375 47.625 -256.0 -87.75 198.375 -93.25
 35.375 -10.94921875 -70.875 87.0 9.6953125 47.21875 -116.125 -88.625 57.6875 10.3125
 12.0 8.671875 42.25 -62.625 -149.9609375 -113.71875 207.5 -245.75 -95.375 16.25
 168.25 39.515625 -106.4375 -57.625 -47.6015625 -42.484375 82.625 -68.0 18.8125 -30.25
 -322.0 3255.74072265625 421.37890625 635.703125 425.857421875 -789.908203125 281.78125 977.578125 1577.5 -117.5
 182.8125 -28.23828125 25.75 22.15625 -35.162109375 -9.0546875 99.9375 -62.875 -0.71875 -39.5
 165.25 189.40625 -144.25 -94.625 -71.80078125 2.046875 67.625 -69.75 25.0625 -21.5
 348.125 -31.794921875 -115.21875 49.8125 -103.04296875 27.3828125 7.375 3.875 37.875 13.125
 45.0 159.73828125 25.625 -70.0 3.8671875 -0.125 81.0 -53.75 -4.25 -41.625
 152.0 76.279296875 0.125 -71.875 -86.6796875 -29.78125 93.625 -77.5 -30.125 32.5
 64.109375 92.256591796875 -89.5859375 -3.421875 15.69873046875 35.82421875 -70.3671875 2.015625 63.84765625 -63.078125
 -80.625 -48.8046875 -13.46875 -11.6875 -10.82421875 1.4921875 -26.125 -74.125 28.875 47.4375
 308.0 361.421875 146.125 -115.25 -92.875 -89.3125 216.5 -106.0 -32.0 90.375
 -13636.0 289.6875 7194.0 252.0 5440.75 2713.0 2126.0 -3888.0 -5394.0 20.0
 2200.75 -196.390625 25.6875 363.125 -21.25390625 -81.25 34.25 150.875 -21.75 -81.4375
 -18677.0 4078.75 10996.625 2825.0 6921.25 -3799.5 -834.0 -1057.0 -3940.5 -194.59375
 -696.75 98.755859375 496.5 -46.9375 387.28125 -36.53125 14.375 -76.6875 -104.375 -10.875
 567.5 -290.76953125 196.75 -275.875 695.0078125 62.515625 -32.0 -152.125 -302.4375 2.8125
 -278.890625 -544.236572265625 -2.26953125 -218.35546875 -281.950439453125 18.05859375 -15.890625 -145.859375 -130.1328125 41.40625
 156.0 147.453125 -7.25 -44.25 -34.390625 -35.71875 131.5 -70.5 -1.875 -24.75
 -5377.25 823.79296875 1374.375 11.25 691.2734375 -341.375 85.75 -69.5 -547.75 30.25
 78.75 -33.521484375 -3.5 14.09375 47.59375 32.6171875 -35.03125 13.1875 6.4375 -3.125
 -586.75 -21.99169921875 350.515625 569.2890625 -204.955078125 92.619140625 153.625 -41.046875 -120.96875 -6.25
 764.875 -68.177734375 109.46875 159.375 39.775390625 64.09375 -180.5 53.5 64.03125 -191.875
 219.0 85.6640625 -170.75 -45.0 -104.7421875 -7.8125 107.125 -148.5 33.25 -25.0
 150.0 -46.265625 -35.375 -74.0 7.828125 -32.046875 74.125 91.25 -45.375 2.375
 106.5 174.59375 -40.5 -89.5 -84.3828125 -23.625 106.5 -109.5 22.75 -24.75
 129.75 130.3125 10.9375 -45.25 -56.50390625 -15.75 119.0 -104.5 13.9375 -30.0
 15846.5 -24769.625 -1120.875 25024.25 -8781.9375 -3268.21875 4157.0 4800.0 268.5 -44.75
 131.0 108.328125 -33.5 -68.25 -40.9453125 -15.875 83.75 -52.0 3.0 -10.0
 177.0625 90.115234375 -21.828125 20.5 -21.759765625 5.859375 61.375 -80.0625 13.0 -14.1875
 76.0 458.5625 78.5 -211.0 -172.0234375 -72.875 194.0 -49.0 -19.0 -91.0
 106.0 99.41015625 -13.25 -30.25 -17.3671875 -15.921875 111.625 -79.75 -3.0 -34.5
 -3.5 -13.9375 46.390625 95.875 52.015625 48.078125 -42.625 32.625 -25.21875 15.5859375
 181.75 129.609375 29.9375 -45.375 -7.390625 0.625 80.125 -47.5 -1.625 -18.25
 374.0 255.4375 222.75 -138.0 -9.234375 -134.375 335.5 332.5 -184.25 -134.5
 584.28125 1357.64697265625 -522.984375 -1332.71875 189.166015625 -283.52734375 -418.515625 -129.1875 -34.90625 1.171875
 -3228.0 -1592.0 -500.0 -338.0 1076.0 284.0 2214.0 3688.0 -2222.875 522.0
 792.25 -121.203125 -288.25 200.875 -354.1953125 142.953125 114.125 142.25 99.6875 6.625
 17.25 -0.162109375 -82.6875 115.65625 85.16796875 22.8125 -110.6875 -49.6875 109.53125 -58.75
 155.5 104.7119140625 40.140625 -82.375 -83.4765625 -28.5625 101.5 -49.5 -55.875 41.625
 -1991.0 1410.84375 1792.6875 -248.375 1116.3125 -1401.078125 -258.375 96.25 -17.375 -70.75
 88.5 126.20703125 98.875 -46.0625 -4.96875 -28.609375 103.75 -68.75 30.625 -32.0625
 72.0 -92.7734375 -17.6875 -51.75 -22.6484375 2.5625 13.125 7.25 -10.6875 61.375
 132.5 -31.2890625 81.5 -107.5 -54.875 -110.875 120.75 0.5 -124.375 4.75
 -238.25 -56.580078125 97.78125 88.375 83.40625 37.109375 -10.3125 -58.125 33.53125 -14.25
 -56784.0 -3244.75 4628.0 6248.0 -1617.5 -1370.0 2608.0 1024.0 4360.0 -2144.0
 169.4375 37.041015625 26.75 -86.5 -26.833984375 -5.06640625 39.96875 16.75 -26.71875 9.75
 -323.75 59.73046875 148.09375 58.1875 52.15234375 31.09375 54.125 52.625 15.5 25.5
 -2444.125 375.650390625 284.125 -2276.8125 2576.458984375 -1492.5625 -1003.4375 -337.4375 -604.9375 -131.375
 34.4375 -84.2919921875 -397.171875 -144.875 -229.697265625 12.296875 -139.40625 10.53125 110.71875 23.96875
 3.0 12.875 104.0 -70.5 -6.53125 -57.5 37.0 -67.0 12.0 -25.0
 -260.0 34.32421875 30.125 -95.5 -16.421875 -71.90625 160.25 -56.25 -48.3125 123.75
 -27.5 -70.9296875 -14.8125 -43.75 -3.78125 -15.953125 -9.125 -49.875 30.0 31.0
 666.75 -610.806640625 -445.625 777.1875 -762.404296875 694.7421875 356.0625 -6.625 -24.8125 57.0
 93.0 42.9560546875 24.8125 -51.9375 1.0859375 -43.69921875 60.75 46.21875 -31.34375 -4.53125
 -628.0 17024.0 -6172.0 51623.0 -27248.0 26638.0 776.0 -32125.0 -3440.0 -23660.5
 643.0 -605.1875 202.75 -970.0 -522.1875 -144.5 729.0 505.0 -737.0 1049.5
 702.5 -228.0234375 189.625 281.0 90.953125 81.375 76.75 82.5 -86.25 -37.25
 -1443.5 -312.03125 43.6875 226.25 -153.4765625 70.84375 248.75 40.0 -329.375 369.25
 5.25 242.265625 42.0625 -184.25 -44.578125 0.03125 52.0 26.25 12.0 12.375
 86.0 -109.431640625 -103.1875 158.4375 49.046875 -5.65625 -41.875 -81.625 39.5 4.25
 -1341.625 -1531.078125 -2292.46875 -829.03125 -620.85546875 1884.70703125 82.1875 -770.9375 -829.4375 3.125
 2902.0 -30.65625 317.0 785.0 818.3125 388.625 400.0 -489.0 205.0 30.0
 205.5 -19.234375 -48.0 -3.0 -19.53125 4.25 111.25 124.5 -79.625 19.75
 609.5 373.765625 168.25 -235.25 -272.359375 -12.0625 3.0 -139.0 61.75 58.5
 63.5 15.84375 51.75 -94.0 -28.0625 -85.4375 104.25 69.5 -56.125 -17.75
 230.8125 -42.0634765625 -84.71875 30.3125 -37.521484375 30.36328125 136.28125 95.0625 -135.546875 12.9375
 267.5 123.1796875 -34.25 -17.25 -16.09375 8.3125 96.25 -71.5 0.25 -26.75
 13.75 89.703125 -123.125 18.625 63.44140625 104.265625 -208.375 23.375 130.375 -27.125
 -67.75 -197.0 -50.0 -51.5 -36.0 173.5703125 69.0 -18.125 82.5625 48.75
 25.06494140625 -3.69140625 -6.125 -3.34765625 -3.7890625 0.572265625 0.134765625 1.122802734375 -0.06695556640625 -1.09619140625
 -15.5 -576.0 -676.0 -749.0 1174.0 639.875 608.0 -899.25 616.1875 254.3125
 53.0 268.0 -136.0 206.0 42.0 -145.5 -143.0 -44.1875 -34.75 78.125
 219.0 138.7109375 -130.125 -117.0 -80.87109375 -3.21875 74.25 -63.5 -1.625 -17.75
 -42188.0 -7845.625 4657.0 -30104.0 37462.625 5483.0 -6572.0 -18632.0 -28016.0 -2272.0
 -72.375 0.57421875 22.1875 -4.6875 43.494140625 -60.265625 7.75 46.625 30.40625 -70.9375
 90.0 -64.6484375 -43.8125 48.875 -7.3359375 4.796875 36.0 -25.25 -28.1875 -0.625
 47.125 69.1953125 61.3125 -54.625 60.80078125 -51.2109375 -28.6875 0.0 39.65625 -5.6875
 122.0 -17.8984375 -27.75 11.5625 8.6484375 -7.0078125 -47.625 -5.625 28.5625 -28.3125
 -1044.25 52.8203125 368.265625 116.6875 99.484375 13.625 -59.875 59.625 55.6875 -9.71875
 216.0 136.5 -78.5 -171.0 2.75 6.0625 45.0 25.0 -28.5 36.0
 277.0 192.25 -41.75 -78.0 -35.8125 -10.4375 75.0 -6.5 23.25 -27.5
 107.5 -60.98828125 -203.625 -23.03125 -27.0703125 -0.5227508544921875 -8.783203125 0.4970703125 -6.340087890625 -0.586181640625
 3636.0 -920.15625 -1656.75 -78.0 -708.109375 895.375 214.0 300.0 838.0 95.0
 -2172.0 -2310.8125 -312.0 247.0 -1039.25 -891.0 1820.0 336.0 -1221.0 -551.0
 -2.0 -0.5 91.5 -35.0 -18.671875 -43.78125 72.5 -33.75 -56.25 13.0
 -1286.5 29.7578125 -78.5 -61.75 -56.609375 -12.46875 -55.5 8.5 145.625 15.5
 10941.1875 490.8076171875 -2740.28125 -4182.078125 1127.56982421875 537.400390625 -205.234375 413.0625 1939.171875 166.328125
 342.25 -162.75 127.0390625 -333.8125 341.9375 55.125 143.859375 -57.5 66.875 49.359375
 -570.0625 -254.07958984375 250.1796875 670.0234375 -234.05810546875 241.130859375 187.6875 -82.5 -248.3125 7.8515625
 142.25 77.822265625 -14.875 -29.1875 -67.515625 -15.1171875 101.9375 -116.25 15.734375 -14.46875
 -402.375 -6.505859375 -129.1875 -87.125 -40.81640625 -41.265625 165.75 54.1875 -38.15625 -77.875
 -58.375 24.04296875 63.5 -73.5625 -81.514892578125 -57.546875 107.25 -127.4375 -5.90625 4.3125
