-89.5 -212.3125 20.6796875 -25.5 45.75 -87.0 6.9375 -36.5 116.75 -62.1875
 1114.75 -429.6875 144.6171875 -82.625 -255.71875 618.625 267.125 -405.4375 123.1875 -91.28125
 36.5 121.8125 123.5234375 -160.875 40.0 42.0 25.875 7.5 20.75 -62.5
 347.0 -293.5 -366.59375 -24.0 308.25 22.0 34.125 -137.0 -46.0 -400.5
 76.0 671.25 -57.125 -79.0 -427.5 -94.0 742.75 133.0 149.0 -293.5
 7.5 40.5 -58.296875 144.5 150.75 70.0 -157.90625 -14.0 -29.0 57.75
 1336.0 -769.0 -40.0 -880.0 408.0 906.0 -1066.0 385.0 -961.0 614.5
 -209.5 252.85546875 -48.7060546875 -35.28125 -13.2265625 64.28125 -2.26171875 -37.90625 23.390625 -46.9375
 -2452.0 2341.40625 -831.37109375 -549.9375 1892.875 -162.125 1828.03125 -2396.75 -773.875 381.4375
 -993.375 1343.640625 -715.30859375 -2188.125 2603.125 -1930.25 513.2265625 377.625 -449.25 296.9375
 -274.0 -988.25 -485.21875 -60.5 655.75 444.0 163.25 361.0 -188.0 217.0
 -477.109375 -421.884765625 -801.728271484375 275.25 -209.041015625 20.8671875 -299.078125 205.0859375 -4.9453125 -24.66015625
 1188.90625 -1665.0390625 255.1650390625 151.265625 -401.8984375 61.125 -169.453125 394.1875 147.375 -28.984375
 -5495.5 1999.5 -440.78125 -451.875 -569.25 175.0 -61.5625 -155.0 463.75 121.25
 53.625 -120.4375 15.275390625 -2.40625 59.59375 37.25 -30.4453125 11.875 -114.3125 -65.375
 7.2841796875 -64.18597412109375 15.101783752441406 -20.1121826171875 -29.05029296875 73.14208984375 44.0457763671875 -64.4619140625 20.134765625 0.54052734375
 -44.75 105.75 119.673828125 -73.25 -76.5625 -217.25 74.8125 17.25 222.625 -16.0
 1328.5 -570.65625 769.22265625 -2144.875 1297.3125 -990.25 554.34375 -219.0 -352.125 159.125
 -317.25 -333.125 33.03125 -90.125 -159.5 102.25 -3.59375 240.875 -61.25 -61.8125
 -174.8125 -69.28125 -1.6640625 14.421875 96.53125 11.3125 -101.171875 7.75 37.6875 -59.015625
 -2756.6875 1389.375 -234.25 -551.5 -954.25 -11.0 -151.5 168.5 143.0 -120.96875
 -2082.0 1163.5 255.53125 -352.5 -472.5 -122.0 23.5 91.0 366.0 158.5
 -175.375 14.390625 -38.30859375 113.84375 -62.9375 37.625 -1.9375 11.75 73.1875 -50.90625
 380.0 1210.25 1365.75 -387.5 517.5 1292.0 267.25 -621.0 306.0 112.5
 289.0 -122.421875 92.6640625 -107.25 -10.5 71.5 49.6875 1.0 -76.75 -84.625
 1388.625 679.96875 -90.16015625 81.3125 555.0 -283.0 -71.125 63.75 -108.0 1.75
 160.0 320.0 148.9375 -25.5 -216.75 -11.5 160.75 -52.5 -138.75 27.25
 -458.5625 92.59375 5.767578125 52.875 -55.984375 -47.09375 9.375 -67.8125 -51.65625 33.6328125
 -1293.4375 121.046875 -336.6708984375 -111.1015625 629.5390625 -608.71875 185.71875 -139.6875 -336.59375 167.3984375
 37.25 -7.53125 43.31640625 -34.125 25.875 -0.5 -26.9375 -47.125 35.5 -52.6875
 -512.0 196.75 387.09375 319.5 -347.0 -124.0 612.8125 -352.0 360.0 -240.5
 16114.0 27372.75 -2229.59375 -641.5 9261.25 -4780.0 -251.546875 678.0 -2230.0 -1082.0
 -451.0625 4031.6875 -559.625 -287.25 757.625 -612.5 278.5 -425.0 -312.5 297.625
 92.0 103.0 1056.0 -13.0 132.5 648.87109375 -283.0 -252.75 -424.25 -247.75
 212.625 323.375 99.36328125 -124.25 -30.84375 -36.25 57.375 44.0 -91.625 -119.0
 -801.0 -968.75 310.703125 -866.25 -683.375 239.5 -401.875 424.5 -87.0 95.0
 129.75 -64.8125 49.6015625 -74.125 76.3125 44.75 -41.3125 -16.75 25.25 -100.0
 -33.0 10.3125 69.9130859375 -1.6875 78.078125 -31.03125 -8.3203125 65.3125 -59.84375 36.1875
 -84.171875 -132.39453125 -251.5908203125 114.078125 -153.5859375 -96.9375 -97.310546875 124.5 -39.0625 25.8359375
 331.0 -616.25 -12.90625 -229.5 -140.75 -76.0 215.625 277.0 -136.5 -144.75
 315.0 -14.5 -46.46875 102.25 212.25 169.5 -200.75 -45.5 -70.5 -203.75
 -112.0 -19.453125 41.6328125 -1.1875 57.546875 -15.4375 -43.59375 -8.0625 119.75 -2.875
 -237.0 -284.5 11.53125 -172.0 -150.5 -303.0 253.875 -6.0 284.0 -4.5
 179.75 0.71875 70.96484375 -73.3125 -36.125 -39.75 9.375 -13.875 2.75 -9.75
 -3102.875 -1676.140625 -941.59375 -445.09375 7.6875 859.75 1470.359375 -1647.5 -254.1875 242.46875
 444.0 161.1875 372.9375 -366.875 -122.625 170.25 -3.0 68.0 -181.5 -163.5625
 49.9296875 -4.3115234375 -21.4200439453125 46.306640625 0.2568359375 -45.375 -14.9306640625 -69.2421875 52.23046875 33.27734375
 -882.5 1169.5 -146.21484375 21.09375 128.28125 -107.875 25.78125 -186.875 -29.5625 -41.15625
 230.8125 -801.859375 99.279296875 90.625 -399.765625 120.0 -109.109375 205.1875 149.59375 -14.234375
 -220.375 52.15625 -328.466796875 196.9375 156.1875 -140.3125 -96.09375 182.625 -4.1875 -76.46875
 57.0 -270.625 204.859375 -122.75 -62.125 -35.0 45.625 -66.0 -40.0 -107.75
 3414.15625 89.63671875 -3233.25830078125 738.453125 -320.66796875 -343.15625 430.5625 1701.109375 279.6640625 797.5078125
 -186.4375 -259.7109375 150.0791015625 52.9375 134.296875 -51.375 -252.96875 -297.34375 -10.78125 -38.484375
 -185.0 796.0625 -78.0078125 38.0 134.4375 6.5 -52.625 -4.5 -51.0 -45.125
 2176.75 937.875 -195.0390625 308.125 622.9375 -353.75 -148.625 375.0 -173.0 -132.5625
 -1154.0 1793.0 390.765625 -2.5 -28.375 -809.5 -322.125 119.0 -8.0 379.0
 -385.0 145.375 120.8125 -189.0 -131.5 -203.0 45.5 -124.0 355.0 -113.25
 804.0 492.0 410.6875 -1156.0 -256.0 -190.0 571.0 26.0 376.0 -654.0
 410.0625 -124.40625 137.93359375 -95.375 -38.875 55.0 84.34375 -29.125 -87.75 -191.65625
 94.375 281.6171875 92.267578125 -75.5625 45.328125 33.0 -19.6171875 5.6875 -27.75 -70.453125
 594.75 405.125 385.4375 -26.25 314.1875 227.0 -306.34375 -63.75 -337.25 33.25
 111.0 -6.25 -31.5546875 -19.125 32.6875 -23.75 -8.125 4.0 101.25 -18.125
 -103.75 139.78125 -5.68359375 -106.0625 -89.4375 66.0 -126.6875 -1.75 129.375 220.9375
 264.0 -558.5 105.546875 -64.0 -63.0 -38.0 167.0 -11.5 -125.5 0.5
 465.84375 -888.4921875 207.74609375 183.59375 -432.71875 145.09375 -286.71875 391.78125 161.1875 -84.84375
 243.8125 23.609375 148.48046875 -71.3125 42.625 47.75 -71.421875 -11.125 -51.25 -57.0
 -639.25 -2731.265625 -632.458984375 2531.5 4151.15625 -1373.125 -1193.65625 444.5 -373.0 -433.109375
 -1206.75 214.1875 56.9609375 -137.25 -311.3125 51.5 89.625 19.5 11.25 -212.375
 266.0 -1058.625 71.59375 207.75 331.5 191.0 200.125 47.5 251.0 -226.0
 1121.0 -21619.9375 76.7734375 -3150.625 3370.3125 -808.0 3695.4375 -2526.0 -501.75 1200.5
 -11450.0 1045.875 -461.125 -2121.0 -240.25 827.0 1752.875 -3379.5 -427.0 732.75
 26.296875 74.47265625 -201.84716796875 -220.5859375 248.21484375 -17.984375 105.9453125 240.625 277.328125 72.296875
 6083.09375 1203.3984375 7061.69580078125 8279.59375 -2403.1875 1795.9375 -712.54296875 6537.515625 1007.78125 4591.0546875
 137.0 7.3125 40.46875 -1.0 53.375 -39.0 25.75 -15.5 31.0 -26.625
 -1.0 -547.875 106.9375 -298.0 124.875 210.5 72.6875 107.0 -422.0 -145.0
 497.0 820.375 -171.1484375 10.125 427.625 -105.0 204.6875 -319.75 -259.25 22.875
 406.71875 341.3984375 453.04541015625 -397.875 -314.0546875 -480.71875 78.2265625 283.671875 -53.546875 -187.296875
 37.75 -206.875 -41.359375 -114.375 86.46875 2.75 -107.28125 -33.25 70.5 -24.25
 -20.1875 -149.828125 -105.2021484375 -336.171875 -351.734375 23.625 -73.4140625 -24.3125 -224.375 34.4375
 1337.125 72.0625 -136.94921875 494.84375 -13.9375 -48.0 255.921875 -126.59375 -203.71875 -143.03125
 -5714.0 -1945.25 -1190.75 5538.0 -273.5 -2530.0 -1495.625 378.0 -1770.5 -48.75
 120.5625 -84.40625 -24.35546875 57.9375 111.0625 15.125 -79.7421875 -51.125 14.875 1.6875
 140.59375 251.81640625 -23.70166015625 12.5625 61.03515625 -136.515625 0.72265625 4.140625 -23.484375 -11.1875
 -143.5 1133.5 -66.4375 300.75 612.03125 -296.375 124.90625 -280.375 15.625 -44.4375
 31.5 84.75 158.75 -209.5 -89.75 -63.0 -5.375 -111.25 51.25 -141.125
 -5159.25 66.75 -1381.5234375 -1437.75 -168.0 2197.5 1150.4375 -1074.0 639.5 -106.5
 1196.5 1801.25 419.5390625 568.875 370.4375 -1185.75 -652.875 436.5 -309.0 -4.875
 206.75 -160.5 7.0234375 161.125 244.5 87.5 -5.6875 53.5 188.75 -57.375
 82.25 158.0625 82.125 -155.25 1.4375 -3.0 9.375 22.5 -52.5 -150.5
 -2328.0 -1564.75 465.09375 -381.5 -1046.75 237.0 -203.5 318.0 747.5 36.5
 77.25 -54.0 -3.3671875 -40.5 -27.5 -70.25 41.0 2.5 91.5 -13.4375
 114.375 141.5625 53.90625 21.8125 57.90625 -12.875 58.65625 76.25 62.125 -87.5
 505.5 -1379.375 201.40625 71.3125 -334.3125 66.25 -35.21875 178.5 137.75 11.75
 169.375 15.53125 90.185546875 -29.34375 42.25 36.3125 -50.9296875 -19.625 -93.0 -54.09375
 2345.625 2402.65625 1861.298828125 -1732.59375 3055.640625 -5899.4375 -1354.5 1423.0 -1090.9375 309.890625
 -2998.0 3591.5 1374.265625 -500.0 101.125 -2279.0 -979.25 647.0 -673.5 224.5
 77.6875 10.203125 6.3544921875 24.875 67.5546875 -2.1875 -60.9375 -25.25 5.84375 -51.2109375
 -764.0 1114.625 -18.125 75.25 349.5 171.0 -66.0 -285.0 198.5 -194.0
 78.0 22.125 175.03125 -152.5 -43.125 -179.0 -40.125 -124.25 275.0 -145.25
 -24.375 47.6875 72.0 55.375 81.875 86.0 -102.75 -32.875 -94.0 -54.875
 -33652.0 14195.375 -722.359375 -3377.5 -4101.0 2834.0 -1431.875 37.5 2317.0 -1026.5
 240.75 202.8125 151.359375 -342.75 -358.3125 109.5 158.65625 222.0 -109.25 -323.5
 80.0 19.46875 -7.310546875 -20.28125 31.8125 -74.625 -58.59375 -19.375 90.0 -20.0625
 183.25 206.59375 -111.9375 -137.75 -259.625 205.5 -48.9375 33.5 -281.375 -119.75
 174.875 139.75 36.09765625 -22.5625 48.0625 14.125 -49.71875 -14.125 -34.5 3.25
 11.625 -12.578125 -6.35546875 32.65625 35.140625 -145.6875 -42.03125 -73.34375 223.875 -46.859375
 -1076.5 342.625 182.484375 93.0 130.5 290.0 -26.125 21.5 -428.5 175.75
 -35975.25 -8401.296875 -44242.431640625 -46759.1875 12983.71875 -10000.375 2222.953125 -36883.875 -5179.5625 -27275.6875
 418.0 256.5 373.8125 -80.25 133.5 202.0 370.75 -28.0 -286.5 -47.75
 66.625 130.484375 69.1015625 -53.0 -13.375 -39.375 -36.28125 -18.0 -19.875 -113.3125
 200.5 -255.125 10.515625 174.75 178.375 -211.5 975.5 620.0 472.0 -313.0
 95.0 -14.125 -7.875 -278.5 -222.0 -232.0 249.1875 -34.0 243.0 -268.5
 61.5 150.71875 36.3046875 -98.125 79.75 32.75 -22.3125 32.0 -84.25 -108.3125
 71.75 -642.5625 -7.0234375 38.375 -3.1875 41.5 -24.3125 -37.0 -89.75 -29.375
 1411.0 -1275.65625 320.12890625 478.40625 -974.96875 324.5 -592.15625 824.125 636.8125 -112.90625
 143.5 -224.4375 50.42578125 -36.625 -33.3125 14.5 12.40625 15.25 -97.375 -10.0625
 134.15625 -2204.09375 -480.75 -1118.25 -448.6640625 1735.0 1291.75 -1070.625 507.875 106.5
 -206.0 -291.8125 -100.75 -74.5 -254.125 103.25 8.8125 272.25 20.75 -131.9375
 -330.25 110.375 20.890625 -75.375 5.0 86.0 -14.375 45.75 -62.5 -62.375
 -25.0 809.0 -81.109375 -63.5 204.375 -104.0 127.25 -263.0 -113.0 13.25
 -436.5 436.625 142.75 -321.5 -84.875 77.5 -2.0 54.0 -105.0 -87.75
 1422.25 -826.6875 422.3046875 818.96875 -1496.875 543.375 -1202.0 1555.5 935.625 -266.25
 155.5 71.46875 131.5703125 -200.5625 -13.21875 -22.0 42.5 7.875 88.625 -165.4375
 361.5 -1069.125 122.2734375 -280.5 -779.75 73.5 -653.125 -134.0 -821.5 -253.0
 -76.5 88.375 -30.296875 253.0 60.375 71.5 -209.625 0.0 -99.0 263.375
 -548.25 2911.78125 -253.53125 -14.3125 866.71875 -277.25 265.1875 -470.5 -311.0 63.875
 692.25 305.125 312.5 -336.1875 -273.3125 -389.0 -91.0 130.0 -99.375 -78.5
 654.5 -3791.75 -417.875 -3920.0 8354.625 -5414.5 684.625 1094.5 -1449.0 848.5
 378.984375 1461.8125 160.39794921875 336.4296875 -27.8125 -523.25 -548.47265625 488.578125 -54.2265625 -25.046875
 7491.75 1208.71875 -90.37109375 -1629.625 -900.59375 -76.5 -2880.6875 -590.625 -2050.875 726.125
 -858.25 202.96875 -28.6875 -68.1875 -102.75 26.0 -13.09375 7.25 100.875 15.75
 103.0 400.0 -136.75 156.75 -164.0625 -308.5 -217.84375 -244.75 477.0 -160.5
 82.0 255.1875 22.71875 -68.25 244.6875 -229.625 138.6875 -221.25 -40.125 93.125
 402.5 157.375 288.96875 -720.0 -538.375 27.0 276.375 -110.5 15.0 -229.0
 6342.0 -2878.625 352.6875 1219.75 1259.75 -180.0 -0.375 -107.25 -723.5 221.0
 248.75 296.5 207.19921875 -237.0625 42.4375 128.375 -252.5 -9.25 -20.5 -150.875
 -510.5 -88.375 11.59375 -78.75 -217.125 -9.0 166.5 -217.5 117.5 9.125
 -23944.0 69902.0 -176387.625 120246.0 70680.0 -14016.0 -274.0 43160.0 -1832.0 12592.0
 97.453125 -24.90625 69.74755859375 -38.890625 75.03515625 81.734375 -53.2265625 -38.90625 -52.546875 -47.6484375
 -1.0 -96.625 11.59375 80.75 -8.25 -105.0 -1.625 -35.0 125.5 19.125
 -860.1875 -78.0 49.189453125 -677.46875 227.828125 3.6875 197.234375 -93.75 119.75 34.84375
 831.46875 503.88671875 -68.51708984375 76.890625 277.15625 -12.28125 61.953125 -64.609375 -78.84375 9.515625
 10.0 -110.125 278.78125 -241.75 -105.65625 147.0 113.5 -21.375 -162.75 -86.625
 -939.0 401.8125 -47.24609375 -144.125 -182.125 -80.5 -74.3125 80.75 70.625 141.25
 -465.69921875 750.56884765625 -108.196533203125 -101.8798828125 272.6376953125 77.40625 252.22802734375 -347.029296875 70.36328125 11.8154296875
 -64.0 -7.75 -135.28125 158.25 163.875 80.5 -293.75 -104.0 -55.5 52.5
 -31.0 8.75 163.546875 -217.75 -97.0 -139.0 99.875 75.0 73.5 -107.375
 198.5 86.125 -1.953125 33.875 96.375 16.0 23.25 26.25 -38.5 -165.5
 81.5625 -8.890625 40.630859375 -28.859375 53.46875 81.03125 -46.171875 -13.875 -26.9375 59.546875
 92.25 89.21875 135.140625 -246.875 -74.875 115.75 159.15625 -17.875 -267.75 -261.1875
 -3857.5 1841.75 175.65625 -512.5 -366.25 150.0 -239.8125 -19.5 435.0 -95.625
 664.5 5038.125 -5617.2265625 1460.8125 -169.0 444.0 1150.09375 1185.25 284.125 903.75
 -12128.25 3658.6875 -193.27734375 -769.875 -2183.03125 1227.25 -471.21875 -86.0 904.5 -238.625
 4005.5 -1599.0 124.3125 621.375 835.75 -183.5 -23.5 -84.0 -488.25 77.0
 664.0 220.5 -90.25 -43.75 277.0 397.0 503.25 456.0 -257.0 548.25
 14.375 20.9375 9.125 59.75 164.6875 102.0 67.0 64.5 78.0 108.9375
 27.125 102.90625 150.3828125 26.1875 131.03125 -61.75 149.75 -59.375 177.625 74.4375
 -444.0 -518.5 -324.40625 40.5 -30.0 133.0 -152.5 -97.0 -152.0 106.5
 30.125 -47.390625 57.28125 20.5 86.3125 96.75 -110.953125 -45.625 0.125 -24.0
 147.5 -382.6875 -23.171875 90.25 177.5625 2.5 -102.25 -62.75 11.5 -103.25
 41.34375 -424.6640625 120.453125 -245.25 -165.5625 14.75 42.23046875 -59.71875 -54.6875 -25.265625
 5208.0 208.0 1026.0 -326.0 2151.0 -664.0 3433.0 2164.0 1624.0 -704.0
 1176.25 662.3125 277.77734375 413.0 -263.09375 -167.5 -484.65625 584.125 144.375 -31.75
 -130.75 329.171875 -254.65234375 -76.59375 71.625 -29.875 -298.40625 -54.4375 4.1875 -45.25
 1897.376953125 -897.90380859375 649.64990234375 298.6796875 232.31689453125 -269.45703125 -105.06298828125 153.189453125 -29.6015625 -4.1298828125
 -293.0 -786.625 40.203125 -76.0 -395.25 125.0 -107.25 166.5 75.0 -15.0
 -2157.5 840.875 17.078125 -336.0 79.0 524.5 -44.25 -26.5 419.0 381.5
 87.8125 50.25 34.107421875 90.53125 33.546875 -40.75 123.96875 -43.1875 95.625 53.34375
 -525.5 521.21875 165.1796875 77.75 113.75 348.5 -302.609375 -111.125 -80.5 -32.875
 -6441.4375 2001.484375 -870.3515625 -1617.78125 2437.421875 -2153.1875 467.203125 -217.625 -870.5625 509.375
 352.1875 106.1171875 5.2880859375 22.484375 41.3125 -30.0 -23.3828125 -27.0625 -33.53125 34.484375
 111.0 121.28125 1.388671875 7.9375 75.234375 -55.25 22.015625 3.125 51.8125 62.28125
 250.75 98.4375 -12.1875 16.125 -10.875 51.25 -208.875 -143.75 -90.5 5.75
 -132.0872802734375 65.63671875 21.8984375 -34.6171875 -6.66796875 -11.390625 -14.34375 33.421875 5.78125 74.6171875
 38.875 -110.625 57.25 50.75 -60.234375 109.75 2.75 -40.2109375 -197.625 -5.125
 207.25 -32.9375 -23.4609375 -95.125 -58.125 -1.5 27.3125 100.0 -94.5 90.25
 -551.4375 3654.140625 -586.849609375 1580.7734375 -431.171875 309.71875 -503.76953125 -79.15625 -160.734375 -285.0078125
 759.5 -3285.65625 -268.7890625 1702.6875 -751.65625 664.875 163.078125 -603.625 -184.5625 -175.84375
 -642.8125 -161.2890625 -125.559814453125 -39.39453125 135.349609375 262.109375 -104.1015625 -11.2890625 34.6953125 93.14453125
 -2900.0 -514.0 616.0625 560.0 1118.0 -1030.0 2065.0 1200.0 896.0 -499.0
 -452.5 -614.3125 -16.1171875 -73.125 -121.25 381.5 -506.75 -436.25 -325.25 170.125
 44.3125 31.84375 9.677734375 11.75 -49.25 -16.75 33.0078125 -30.0 -16.4375 -50.6875
 88.0 35.9375 121.078125 -71.6875 32.75 0.375 -106.28125 -90.25 41.6875 -60.0625
 -1367.75 386.0625 1967.6171875 -1238.75 497.4375 -1269.5 2252.59375 -1030.25 -1937.0 1570.1875
 180.0 -13.3125 65.0234375 98.25 144.25 168.5 -150.75 -64.25 -22.75 18.875
 124.75 18.0 -123.90625 82.75 1.625 -122.75 101.0625 42.5 83.25 -14.5
 -22.96875 -86.28125 75.2119140625 119.078125 -90.484375 -1.34375 -60.0234375 98.5625 68.03125 -27.375
 41.0 -309.625 103.78125 -191.5 12.625 -52.0 73.59375 -35.0 32.5 -175.0
 26.0 -13.25 -59.75 140.125 73.5625 20.625 -79.4375 -31.3125 73.75 -53.0
 253.75 -54.5625 4.3359375 -149.25 19.3125 75.625 4.3125 81.625 -78.0 101.6875
 79.25 -49.9375 -31.0546875 36.125 26.3125 -57.5 -8.875 -1.5 -12.625 -9.0
 4.5625 -36.765625 -51.48046875 16.46875 -64.34375 -2.1875 -28.140625 -1.75 -22.75 55.625
 78.1875 -435.46484375 -1332.2568359375 3015.8125 772.71484375 -720.09375 243.33203125 -1337.5625 -1540.59375 -139.078125
 392.0 8250.0 -99.78125 1276.0 2442.0 -934.0 256.75 -950.0 -13.0 -74.5
 -24817.5 25269.125 -2979.75 -2166.5 670.25 981.0 -292.0 -2039.0 787.0 -233.796875
 3098.25 60.9921875 -27.6650390625 375.109375 496.6484375 -141.21875 70.671875 60.15625 -338.875 39.90625
 -1102.0 -742.375 -185.46875 -283.75 -82.6875 88.25 82.65625 -51.875 26.0 -76.0625
 -6220.5 -4712.6328125 -7516.3984375 2650.625 -3605.140625 -5534.25 1777.41796875 1129.8125 -3876.375 2069.125
 -33.5625 -40.1953125 2.5 -18.1875 -7.3125 8.625 6.1484375 -17.5625 -54.625 -50.40625
 -2130.0 1781.6875 29.4921875 -168.875 408.375 -132.0 -80.75 -459.5 -170.0 417.75
 -254.0 -336.75 -63.3046875 167.25 19.1875 94.0 -106.4375 -42.0 -103.5 -23.5
 1643.0 -9085.875 -20.03125 -1433.0 -2058.25 3054.0 1601.25 -773.5 1488.0 23.0
 -80.57421875 178.158203125 -15.584228515625 -74.9287109375 -36.2041015625 13.48828125 -25.01513671875 -2.42578125 -13.171875 16.8740234375
 269.5 -162.5 -23.890625 121.625 -32.0 -275.25 -24.875 -26.75 201.0 52.0
 -56.75 60.875 117.1875 -61.25 63.875 35.25 -35.3125 15.5 62.75 120.125
 -40.25 28.9375 -5.5625 -12.3125 -1.25 -100.25 -39.25 -52.0 88.5 -61.6875
 154.125 -99.46875 71.4453125 -30.25 51.109375 -17.625 -11.453125 -57.375 82.25 -150.40625
 -5756.875 -9880.875 -351.640625 1575.375 1257.03125 4442.5 1687.671875 -4580.25 629.375 -1521.5
 171.625 61.5 89.5 -121.625 6.5625 -52.5 39.25 -29.0 45.75 -129.1875
 221.75 445.9375 41.703125 -202.0 -218.125 -80.5 78.25 -26.5 78.5 -104.875
 615.25 -270.625 -186.296875 465.75 242.875 -298.5 -268.40625 -173.0 151.5 291.5
 154.25 192.96875 44.3359375 -252.0 -115.1875 62.0 97.59375 47.5 -69.25 -162.75
 -34.125 -56.0625 -63.75 196.5 90.875 160.5 103.75 220.0 -336.5 -372.9375
 76.0 35.25 3.859375 -1.75 40.0 -149.75 84.375 -50.5 137.5 -99.25
 218.5 93.0 161.796875 42.5 -60.75 -30.5 -56.75 -101.5 158.5 1.25
 -2415.25 612.1875 -4458.8828125 3781.5625 537.0625 -1646.5 -584.34375 1928.375 -507.25 494.125
 337.0 -162.75 -324.0 -181.0 106.0 71.0 -682.0 -58.5 -633.4375 50.25
 -694.875 486.9375 5.67578125 54.25 -24.15625 -46.125 -64.0625 -119.125 -71.0 44.5625
 114.25 -257.0625 102.46875 15.6875 130.0 -88.5 137.0 181.625 137.125 -168.4375
 -80.0 70.125 36.9296875 75.25 -16.8125 -57.5 57.125 50.0 -62.5 -13.0
 -2084.75 -4071.78125 -856.13671875 49.0625 -1030.875 2076.0 918.71875 -1004.5 602.375 48.9375
 116.75 -55.8125 -7.2578125 39.5625 96.5625 -1.125 -6.25 -2.375 9.375 3.875
 90.0 202.5 7.359375 -76.5 2.75 -136.0 48.875 117.5 32.0 -103.75
 107.53125 -19.953125 -33.1728515625 38.015625 63.78125 -39.53125 -16.0390625 -9.46875 -16.09375 -38.328125
 80896.0 164000.0 -95608.0 76416.0 45280.0 -14976.0 4272.0 21248.0 5504.0 -63424.0
 -699.75 141.1875 10.8203125 -122.375 -200.0 117.25 -16.0 -14.75 -89.75 -126.625
 209.5 -205.375 504.765625 -173.875 -165.875 330.0 306.125 -326.0 6.5 0.75
 -65.5 242.53125 -27.859375 -19.0625 21.28125 -22.125 -41.28125 43.75 -62.875 22.625
 -4602.8125 39.4453125 -1226.7958984375 24.875 1967.9140625 -916.46875 1050.50390625 -1432.6875 -1022.6875 296.25
 -1817.0 -887.8125 26.3828125 242.125 -1179.125 594.0 -182.875 484.25 777.25 -441.5
 -301.78125 180.53515625 4.1474609375 2.9375 149.10546875 55.484375 90.91015625 74.671875 32.640625 -94.3203125
 -1221.875 545.625 61.4765625 -137.125 -61.125 -2.25 -108.1875 23.875 6.75 -195.0
 166.625 -46.15625 -94.8203125 -11.625 22.09375 -41.625 23.625 66.875 5.5 1.4375
 396.125 108.93603515625 11.98321533203125 484.7392578125 -61.05029296875 -118.845703125 -353.52685546875 345.197265625 -63.44921875 -100.013671875
 196.0 115.0 12.265625 10.25 109.375 -124.0 12.5 78.5 75.0 -2.75
 327.0625 13.0 -890.71875 -2143.5 -1354.0 663.75 -2286.5 -2181.75 -2100.75 -868.875
 -31.5 1411.125 -193.875 -269.5 156.75 -125.0 -298.375 4.5 620.0 706.75
 105.25 -131.390625 -27.20703125 29.9375 -1.6875 -230.125 217.296875 9.625 216.375 -27.78125
 -38.375 46.53125 -13.08203125 40.4375 28.5 -2.875 28.59375 -12.375 -16.125 20.25
 66.0 34.1875 58.609375 70.5 146.0 164.5 -125.5625 -67.0 0.0 93.625
 1601.0 977.625 -157.3125 -460.75 -432.25 235.0 -436.25 -258.0 -249.0 175.75
 3873.5 2153.09375 2134.13671875 -2246.5625 -1076.703125 -358.875 -1607.53125 2971.5 1456.1875 -106.65625
 -7735.0 7692.25 -1478.28125 -298.0 -5.25 221.0 -791.25 -36.0 -147.0 -586.0
 -13.5 -37.28125 -29.53125 -30.0625 -1.9375 100.75 -31.28125 77.625 -166.875 -25.375
 -15.0 11.375 -81.96875 -141.75 -19.5 4.0 -93.875 82.0 -86.0 -69.75
 83.625 -84.625 49.94140625 78.0625 21.4375 -42.125 -38.640625 -79.75 112.1875 128.90625
 -15.875 -196.21875 142.130859375 -32.71875 -3.4375 -47.625 72.15625 -60.625 31.125 -188.28125
 110.5 67.75 36.9296875 -90.75 -12.875 -85.0 61.375 -27.5 58.0 -74.0
 -386.0 -11.0 -175.28125 196.75 306.5 -283.0 478.0 268.0 256.5 -280.5
 16.0 224.0 1332.0 680.0 -3320.0 1321.0 -1736.0 -5236.0 236.0 -200.0
 31.25 -8.125 -1.71875 2.2109375 0.5546875 1.0625 0.80078125 -0.720703125 -0.322265625 -0.029296875
 368.0 92.0 325.0 -327.0 129.5 -425.0 37.875 426.5625 25.171875 -39.5625
 240.0 64.0 572.0 104.0 -918.0 850.5 -780.0 -1997.0 8.0 226.0
 194.875 111.53125 72.85546875 -109.0 -89.3125 46.125 -54.7421875 -72.625 -8.0 -46.375
 -3976.0 -807.75 -1802.390625 -1992.25 2040.375 1611.5 2990.625 -3267.0 -342.0 361.0
 -104.5 108.25 -22.234375 -79.0625 -21.03125 -46.5 6.796875 46.375 -7.5625 6.78125
 154.625 -67.96875 47.51171875 -43.1875 83.203125 31.875 -9.28125 25.25 -28.9375 -75.84375
 65.1875 31.640625 17.0439453125 63.265625 30.71875 -43.90625 127.8671875 -75.3125 97.578125 36.9765625
 32.375 -75.6875 21.14453125 -29.625 41.90625 32.125 21.5 14.0 25.9375 1.5
 437.3125 78.46875 -29.189453125 52.3125 7.109375 10.25 59.7421875 60.875 -85.125 145.09375
 -1320.5 1012.3125 46.96875 -994.0 -237.125 515.5 560.875 445.5 -590.5 -51.25
 140.0 -66.375 206.0625 -352.75 22.125 148.0 30.15625 -54.5 35.0 -412.5
 32.0 -279.125 9.1875 9.484375 2.21875 -6.142578125 11.52734375 -8.6171875 -5.2626953125 -0.9833984375
 2793.0 -3014.5 319.8125 322.5 -788.0 627.0 -95.0 369.0 -82.0 -207.5
 352.9375 -20.2890625 10.8984375 -67.375 -49.234375 -56.25 -13.4375 -42.1875 32.625 -156.65625
 -101.75 220.90625 197.7421875 -136.8125 -22.0 81.0 36.71875 -77.75 -69.75 -45.1875
 -3173.0 2034.75 -372.46875 -279.5 -571.0 -34.0 69.375 117.0 78.5 -103.25
 -4349.1875 -2696.5546875 5159.08203125 343.890625 -1749.09375 -663.0 -1220.9375 -2280.65625 -1283.65625 -1154.96875
 445.0625 274.20703125 -505.34375 -12.95703125 -49.63671875 255.90234375 -41.52734375 -166.76953125 -48.8623046875 30.34765625
 -1231.5625 -303.90625 -455.6015625 -398.796875 374.671875 -0.0625 325.9375 -198.6875 -4.21875 100.796875
 387.375 -355.03125 16.9921875 -94.5 -30.65625 142.25 50.90625 -22.25 -153.875 -87.5
 192.0 116.5 74.6015625 6.125 193.75 -53.75 -40.40625 -131.25 69.125 115.5
 249.5 47.5 -13.68359375 -114.6875 38.25 4.875 -32.0625 -9.125 56.4375 -3.4375
