102.0 -106.75 16.5 -62.0 -78.8125 28.0 20.0 -3.375 34.5 -20.75
 -928.25 64.125 11.875 -697.125 436.40625 -298.75 -271.5 305.5625 -254.5 -211.5
 170.25 -34.0 56.625 -3.375 -65.4375 24.75 29.0 -13.75 7.75 -42.1875
 -90.5 -88.625 14.53125 13.1875 -3.296875 29.75 -63.25 -19.53125 -73.125 46.40625
 876.0 -513.5 -181.75 78.0 -191.5 -268.0 -160.25 -185.25 223.0 -97.5
 615.0 305.0 191.25 -57.0 -150.25 60.0 168.0 -83.0 -4.0 -129.5
 3536.0 -1206.5 -1322.0 456.75 -146.0 -1255.0 -2164.5 -561.875 778.5 293.5
 -3956.75 736.25 -80.1875 114.5 -262.5625 -63.5 132.5625 2.75 445.5 -6.5625
 -2894.90625 180.421875 -557.0 178.125 524.45703125 -459.875 502.90625 -1153.8203125 232.125 343.3515625
 -840.46875 -366.671875 -243.10546875 -1053.8125 -85.41796875 563.578125 67.671875 -614.12109375 52.03125 -106.015625
 11.25 -71.875 -7.671875 76.71875 -18.7578125 -13.6875 -38.03125 -27.84375 87.5625 -9.75
 3832.5859375 -540.654296875 -1571.525390625 -6163.09375 -3763.42236328125 4348.72265625 -5893.58984375 7865.037109375 2376.49609375 -2107.3662109375
 559.71875 -45.296875 87.4453125 -19.0 8.49609375 -69.0625 -1.484375 57.46875 -54.875 -7.2421875
 218.9375 63.25 99.1640625 -40.890625 19.30859375 10.375 -46.0703125 91.640625 -9.875 2.890625
 88.5 11.28125 17.890625 3.40625 -3.25 10.6875 28.359375 10.421875 -21.8125 -14.671875
 25.7890625 89.01953125 3.4306640625 51.076171875 -37.63427734375 61.46875 19.9775390625 -47.8232421875 25.41796875 3.1171875
 61.5 102.1875 -121.0625 -31.5 45.703125 -76.0 -48.9375 22.0625 27.5 -11.875
 58.716796875 74.6025390625 25.2646484375 -5.2099609375 -48.615966796875 -115.740234375 5.12548828125 -87.8212890625 -57.232421875 17.52783203125
 6500.0 -3029.0 308.875 92.5 -226.9375 62.5 45.25 170.25 -596.5 242.75
 193.0 11.5 90.25 -1.5 -117.375 31.5 105.75 0.0 -2.5 -67.875
 8223.0 94.8125 1105.0 -404.0 273.75 -372.0 -16.0 -505.75 -124.0 296.0
 1945.0 -355.0 172.5 -192.0 167.0 108.0 251.5 -22.0 -126.0 -181.5
 2746.0 -83.5 -56.0 99.25 33.625 -14.5 -35.0 124.0 -90.5 47.75
 5670.0 -1080.0 141.0 -191.0 177.625 242.0 -282.0 -311.0 628.0 765.0
 81.5 43.75 23.21875 28.6875 -22.828125 32.875 36.15625 -9.65625 -38.5 -18.4375
 -567.25 -457.03125 -1.9609375 142.09375 -237.6796875 115.40625 -107.109375 214.0 79.25 -51.03125
 78.25 -72.3125 0.6875 0.625 -87.59375 71.0 35.625 0.0 -107.75 -3.8125
 450.0625 -356.484375 127.37890625 -19.6796875 -133.0078125 -4.890625 -106.6875 94.4765625 -9.359375 19.1796875
 -311.25 297.2265625 6.37109375 -310.171875 -240.685546875 171.859375 -39.6015625 -62.65625 34.890625 -1.0390625
 -10.5 -54.78125 44.875 -37.5625 -62.1015625 -14.875 29.90625 12.09375 8.25 -42.234375
 131.25 -29.875 21.0 43.0 169.84375 22.0 -118.25 36.4375 -149.25 26.6875
 436.875 628.3125 67.8515625 -136.78125 199.8623046875 -77.4375 -54.2890625 119.0625 -62.28125 -55.96484375
 17423.90625 -10535.6875 1749.75 -1952.0 -1960.375 2671.0 -952.5625 204.875 -821.0 999.25
 131.65625 132.5625 -57.3984375 9.4375 -0.1875 -50.2421875 -85.71875 -85.5546875 -178.77734375 19.203125
 77.5 204.25 32.0 -25.5 -3.5 -64.0 9.75 15.375 -9.5 -12.375
 -1012.5 -267.34375 -154.90625 434.75 -255.4296875 -110.0625 -175.8125 132.5 54.875 -119.421875
 188.625 -11.59375 38.859375 -21.375 -95.2578125 17.6875 51.1875 23.71875 37.75 -26.578125
 -72.5 -54.375 -92.21875 1.5625 -5.71875 7.75 177.8125 142.875 -123.875 -154.8125
 -189.619140625 -65.72607421875 -149.6796875 90.626953125 30.6383056640625 4.087890625 -49.4453125 -42.0458984375 22.26171875 -58.19677734375
 2568.0 -828.875 98.5625 -415.375 148.0 -148.25 430.5 82.625 -352.0 -211.8125
 136.0 133.0 39.75 -69.0 -162.75 7.0 191.0 -64.5 72.0 -98.25
 169.0 46.5 66.875 -84.75 -97.3125 64.0 100.25 8.75 57.0 -55.375
 -123.0 593.5 17.0 -79.5 45.625 -55.0 -28.5 86.25 8.0 5.5
 120.75 27.4375 12.75 -7.125 -44.6484375 -14.0 35.8125 -10.71875 -14.25 -21.28125
 7148.875 -2095.921875 793.65625 -408.84375 -51.87109375 -448.25 -123.546875 431.25 -339.8125 263.109375
 42.0 -13.25 -37.8125 -74.625 -29.0625 -121.25 -39.75 -40.25 34.0 -39.1875
 41.421875 -15.20703125 -17.91796875 -68.375 30.142578125 -0.0703125 -4.283203125 -35.37109375 61.984375 19.353515625
 1315.625 -216.625 157.96875 -65.625 -186.25 42.625 -129.28125 279.5 8.0 -74.875
 826.25 -641.34375 63.375 -30.4375 -188.4140625 103.125 -43.9375 100.03125 37.25 7.265625
 -274.625 -95.96875 -76.0546875 -124.375 165.1328125 -220.0 -63.125 155.84375 -81.3125 3.421875
 168.5 32.375 55.125 -38.25 -69.34375 -3.5 31.5 -18.625 -30.0 -59.5
 -1830.984375 39.09765625 -452.9609375 -827.9375 26.49609375 -854.875 -112.03125 408.6875 -411.28125 19.703125
 27.0 4.375 176.875 -47.375 204.5 214.0 -207.125 47.0 -217.5 148.625
 241.8125 103.578125 28.15625 -16.625 83.0625 -15.1875 -27.359375 7.21875 -68.375 3.984375
 -1412.125 433.59375 -215.609375 31.8125 266.84375 -99.1875 99.625 -78.78125 -10.75 -46.421875
 -921.5 656.375 -69.0 294.25 591.40625 -458.5 222.625 -664.25 -202.0 313.25
 81.0 -91.875 62.0 -17.5 15.96875 -34.75 -19.75 2.375 7.0 7.75
 984.0 672.0 451.0 -232.0 293.5 268.0 74.0 -121.0 -172.0 -492.0
 95.0 35.9375 138.0 -4.875 -69.671875 37.75 81.0625 -19.5 -36.0 -40.0
 112.75 90.6875 11.625 -26.25 -10.984375 -49.125 -1.15625 -6.84375 31.125 -17.625
 1395.0 -704.0 155.5 375.5 121.25 -46.0 -365.5 -175.75 -9.0 -11.0
 184.0 151.375 104.5 12.0 -138.34375 40.0 63.625 -7.25 11.0 -54.125
 84.5 -8.125 -42.875 4.25 -87.125 -60.75 -7.8125 -50.1875 27.0 -16.6875
 247.5 -137.5 98.125 -34.25 -130.75 -65.5 62.875 -22.0 172.5 -59.25
 -2214.25 955.96875 -219.21875 131.0625 -4.125 235.25 9.34375 28.625 102.5 -137.3125
 -3.5 60.1875 -45.125 -15.875 17.65625 -22.75 30.75 30.125 4.5 33.0
 1811.375 274.1875 311.9375 1204.5625 214.3671875 -443.75 180.09375 -359.4375 -142.25 128.28125
 -636.0 7.125 28.9375 67.625 -90.5625 7.25 29.75 11.5 117.25 3.25
 249.125 -50.9375 37.90625 -45.4375 -3.234375 15.5 -49.3125 -89.3125 131.0 66.90625
 -172.875 -113.484375 -125.25 -66.671875 -63.828125 204.59375 118.171875 -240.78125 68.53125 -2.5
 740.125 -706.3125 32.109375 64.75 -142.4453125 -30.625 10.046875 52.40625 3.3125 27.0625
 584.0 -3.25 -106.0 467.0 -73.625 -45.5 20.25 160.375 -162.5 -71.125
 57.171875 679.529296875 2042.998046875 -336.337890625 -237.18798828125 800.90234375 191.970703125 618.7265625 -72.19921875 1148.1650390625
 38.0 84.625 80.3125 -51.5 -21.84375 -36.0 33.875 7.8125 -12.25 -33.1875
 124.0 -108.5 -92.5 49.0 -1.875 -105.0 -78.0 24.25 -81.0 25.5
 23.328125 68.53125 -24.021484375 2.47265625 13.478515625 19.8671875 11.41796875 -7.388671875 23.7890625 16.0390625
 -268.18359375 41.333984375 127.2109375 175.5703125 -115.857421875 -143.7265625 59.716796875 116.41796875 -29.12109375 -53.25390625
 224.5 98.0 82.0 16.5 -50.0625 67.0 55.625 -40.25 -72.0 -57.875
 1240.0 410.0 -323.0 -78.0 -112.0 -234.0 140.0 404.0 672.0 542.0
 -925.78125 -131.451171875 -127.9931640625 324.2265625 -13.56982421875 14.44921875 -208.8935546875 20.2216796875 57.28515625 108.4453125
 1078.5 -1004.375 124.5 79.0 -1298.46875 883.25 124.875 -393.3125 378.5 135.0
 7.5 270.5 21.5 11.0 -116.375 1.5 39.5 -9.0 -2.5 -20.0
 -28.25 95.046875 28.8828125 6.078125 56.1015625 -44.25 2.390625 11.0234375 -20.53125 -36.140625
 160.40625 97.2578125 35.0234375 -1.90625 64.82421875 -52.40625 -20.78125 31.4140625 -29.59375 -21.875
 75.5 196.25 29.125 80.75 -135.875 40.0 96.375 -4.0 -9.5 -59.375
 2350.75 2338.125 1665.3125 -162.625 1277.6875 -2199.75 -513.9375 972.0625 -1337.875 262.75
 336.875 -606.484375 -475.234375 -79.125 -112.6015625 577.4375 214.9375 -328.25 247.1875 -18.65625
 160.0 22.5 -74.5 -97.0 50.25 -131.0 133.0 67.0 70.0 135.5
 34.5 99.0 -42.6875 20.875 51.03125 -5.75 -63.375 -10.5 -66.25 7.6875
 101.5625 -425.21875 -197.8125 -52.3828125 -510.26171875 232.328125 -38.3515625 306.1796875 0.640625 -223.7734375
 201.875 -11.4375 7.28125 -13.75 -20.78125 43.625 57.25 19.65625 -20.25 -37.125
 19.0 352.5 -73.75 6.5 -3.25 -66.5 -36.75 127.25 137.0 188.125
 -213.0 -705.34375 2.703125 210.03125 -399.7890625 177.75 -83.28125 155.875 120.9375 -33.34375
 77.4375 23.78125 26.2265625 11.453125 -34.17578125 -5.09375 65.6640625 8.3203125 -15.96875 -26.8203125
 -11592.0 -6360.0 5195.5 14163.0 -8988.75 -4486.0 -10174.0 25120.0 2006.0 -5309.0
 -12748.0 -5662.0 -9276.5 -3173.0 -1521.0 11658.0 6268.0 -10158.0 2876.0 -870.5
 60.25 -34.0625 38.03125 -13.125 -54.625 -27.25 67.25 5.6875 -3.5 -33.0
 -485.5 176.125 -351.375 688.875 157.5625 -670.25 -86.625 10.125 326.0 -539.25
 87.5 131.125 123.75 -21.0 -117.46875 12.25 43.5 -68.75 -6.5 -61.6875
 103.5 -177.375 26.1875 12.5 -58.1875 -25.25 28.875 57.5 22.25 -49.6875
 3120.125 -1431.9375 493.15625 -240.421875 -136.67578125 -517.09375 -68.0625 228.453125 -366.21875 216.390625
 -159.0 74.0 -78.0 51.0 34.5625 -188.0 -141.0 71.25 103.0 42.5
 23.5 -63.125 -2.5 21.25 -55.34375 13.0 78.375 -15.5 -18.5 -17.125
 164.0 30.75 -249.5 -36.25 -62.0 -113.5 35.75 80.875 123.0 130.875
 98.5 113.75 69.875 -0.5 -74.53125 14.75 90.625 -18.125 -2.5 -52.625
 208.0 -249.0 105.75 -18.0 -59.625 20.5 113.875 -40.75 -1.5 -52.625
 -31.5 39.625 -315.1875 131.4375 115.21875 72.875 -238.75 11.875 12.75 236.625
 -241.00390625 1478.6572265625 4386.22705078125 -279.798828125 -428.541015625 1297.111328125 720.11328125 1031.1796875 -170.982421875 2327.85888671875
 -26.0 44.0 -17.0 -16.5 19.5625 -88.0 -60.25 4.75 -72.0 37.75
 109.0 78.25 -12.34375 36.625 -4.71875 -17.5 -2.25 34.9375 -57.75 12.875
 271.25 -232.75 -11.0625 -50.625 8.09375 -81.5 4.25 9.25 -63.5 -39.375
 -520.0 1089.0 -7.5 88.0 -10.375 -215.0 -134.0 106.0 74.0 -3.0
 75.0 36.109375 -38.140625 71.21875 9.52734375 23.1875 -4.71875 37.40625 -41.6875 -14.9375
 14715.0 -3890.0 421.5 -68.0 463.375 203.0 -555.5 -91.25 -1774.0 56.25
 34.25 -286.6875 267.3125 234.25 -156.171875 -264.875 -194.21875 242.6875 -24.5 17.9375
 169.5 67.625 29.125 6.25 15.21875 33.25 51.375 -6.75 -7.5 -46.375
 -2556.09375 7079.84033203125 806.5 1784.75 1274.552734375 -1179.96875 -1360.875 3041.875 -368.09375 -644.34375
 -11780.5 4072.25 637.0 879.75 333.8125 180.5 -688.75 -1227.0 820.0 94.75
 -362.25 53.96875 -54.078125 104.46875 74.1640625 -20.875 -102.25 33.0 210.125 6.578125
 -329.28125 43.0234375 -61.2734375 30.109375 -100.48828125 32.3125 -9.5390625 -11.9296875 83.78125 3.0703125
 -208.9375 -14.28125 -9.125 26.5 -89.9375 13.9375 -1.25 2.375 -14.625 46.546875
 -5436.0 6582.0 38.0 -977.5 3365.75 -2037.0 1122.75 -2764.75 -1884.0 1153.75
 73.5 128.5 -85.375 -10.625 16.34375 -62.75 -108.25 -52.125 35.75 46.375
 -167.0 54.5 73.75 128.75 -84.5 68.5 -27.5 48.0 -241.0 -80.0
 403.0 360.0 272.5 -8.0 -58.625 118.0 207.5 -95.0 21.0 -217.75
 -1521.5 781.875 -93.0625 16.5 252.625 -11.25 -14.75 -227.875 10.25 28.4375
 203.25 53.609375 -13.859375 16.5 -13.5546875 1.21875 -63.7109375 -14.6328125 -52.3125 9.421875
 8233.5 -15071.25 3521.9375 -6391.5 19107.40625 -5197.25 -5063.75 6235.625 -1303.0 -2882.0625
 1179.0625 226.03125 16.0859375 -478.25 220.796875 -30.84375 108.671875 -312.734375 -102.90625 157.9609375
 4950.5625 1524.0625 -32.625 560.40625 -576.8515625 -546.5625 -1572.671875 -252.390625 -1027.25 219.21875
 -1902.0 327.5 131.0 284.0 -284.5 181.0 -231.0 -182.75 46.0 114.5
 -37.0 -123.5 119.75 36.5 -159.5625 60.0 187.0 -22.75 127.0 -88.75
 630.5 -673.96875 20.4375 127.15625 -154.6171875 38.4375 -74.75 61.1875 34.375 52.84375
 190.0 44.515625 -3.46875 69.0625 -567.984375 -238.9375 65.59375 -132.9375 271.0 -100.671875
 97.5 7.3125 88.5625 9.0 72.8125 80.0 -59.5625 12.875 -162.0 -43.375
 43.625 99.0625 -16.359375 75.21875 -94.4140625 -38.125 10.875 33.21875 -81.875 -35.703125
 1219.75 -326.75 145.96875 -86.6875 -219.640625 125.25 -127.28125 326.96875 -32.875 -84.96875
 -4590.5 7742.75 -3480.625 4992.625 -12912.15625 1883.75 4142.625 -3967.125 322.0 2598.375
 109.5 47.0 56.9375 -2.0 -41.15625 26.0 92.5 7.75 -7.75 -62.5
 100.5 -68.9375 69.0625 -66.375 -27.875 17.125 74.25 -18.625 11.75 -58.5
 -221.5 -2237.625 20.90625 -130.125 1307.375 -1517.375 -232.5625 712.25 -489.125 -45.6875
 -2408.75 429.375 -264.1171875 192.09375 1.87890625 131.59375 71.796875 -150.890625 85.125 -90.578125
 55.0 64.8125 5.15625 -58.75 -30.3984375 -37.0 -41.375 -68.46875 17.125 -15.21875
 170.0 -324.9375 41.4375 -30.5 -94.546875 -155.0 136.25 30.75 22.0 -41.625
 -160.5 117.40625 -78.078125 56.21875 63.5625 22.28125 38.796875 -65.296875 37.921875 -15.0546875
 239.0 -56.75 86.0 81.25 -51.0625 124.5 111.5 32.0 -65.5 -77.0
 152.0 262.5 62.25 144.0 -85.25 98.0 56.5 -1.5 -10.0 -64.5
 292.0 -89.125 -136.4375 -224.125 94.9375 -195.25 73.125 127.25 177.0 27.1875
 94.515625 7.41015625 28.140625 11.546875 -15.3330078125 -17.84375 41.01171875 17.0234375 40.3125 22.265625
 100.0 -189.75 23.75 46.0 -38.9375 -35.0 14.75 67.25 -15.0 -18.0
 758.375 -1008.34375 124.90625 226.75 -188.96875 -67.0625 -103.6875 3.15625 119.5625 28.953125
 -11182.0 32995.5 18982.25 31106.5 -41086.5 17344.0 8711.5 -37088.5 3542.0 1135.5
 1177.87109375 -452.9638671875 275.5791015625 -87.048828125 -41.62158203125 -243.75 -53.8125 104.2626953125 -146.509765625 98.0029296875
 878.25 -220.1875 127.5625 37.625 116.90625 55.0 -13.3125 25.5625 -228.75 10.0
 -26.75 201.0625 -6.0625 -40.125 -64.78125 129.0 -234.1875 173.625 -173.75 -32.625
 55.1875 35.0439453125 55.6875 39.6875 -6.02734375 20.40625 -20.5625 -3.703125 -50.25 -31.390625
 99.0625 55.5625 3.234375 39.625 21.703125 -19.8125 -48.046875 -21.40625 -1.125 -0.078125
 4672.0 -816.0 2572.0 -8960.0 -818.0 4960.0 15056.0 7808.0 -12176.0 -3504.0
 167.5 -59.53125 47.546875 -19.25 -55.171875 -4.0 34.3125 -11.359375 22.125 -51.25
 77.125 -64.9375 25.21875 -126.75 -51.71875 -59.875 43.1875 -19.5625 29.0 -130.25
 352.0 -1452.5 -111.75 -1626.75 1642.234375 982.5 1824.5 2569.625 -657.0 -1151.25
 178.5 179.59375 -103.734375 -117.375 48.3671875 -85.3125 -16.65625 86.5 35.1875 80.875
 945.5 2512.625 721.5 403.25 641.6875 -868.5 -542.625 1162.625 -380.5 -68.625
 684.0 110.0 169.0 178.0 -240.75 89.0 377.0 72.5 -108.0 -74.25
 -0.125 -44.21875 90.25 28.5 152.046875 -17.25 79.578125 -142.9375 -93.0 24.5
 34404.0 -23192.0 1921.0 -60.0 -3963.75 2388.0 -847.0 1137.0 -512.0 2144.0
 -1193.5 70.75 116.125 219.25 12.625 215.0 -255.75 -39.5 -36.0 -48.625
 82.40625 -89.38671875 38.33984375 5.3671875 -15.2294921875 49.3515625 73.765625 52.736328125 -108.375 33.021484375
 177.0 -156.5625 -31.875 -84.125 86.921875 -32.0 -159.1875 -47.25 -33.0 -19.3125
 -478.34375 -4390.962890625 -465.32421875 457.27734375 2285.845703125 -2589.09375 -83.63671875 1171.4462890625 -677.64453125 43.958984375
 104.0 168.0 104.75 385.0 434.875 -88.0 -1065.5 -401.25 539.0 310.75
 45.5 100.875 -10.0 -27.875 -11.84375 -93.0 155.4375 -5.6875 22.25 -98.75
 68.9375 46.4375 -9.171875 -43.0625 27.0625 -8.875 1.484375 15.15625 14.6875 39.0625
 125.921875 -72.5810546875 -35.15625 -21.0 10.830078125 -18.9375 15.8125 7.6484375 -49.0 10.3984375
 129.34375 -13.58203125 89.5625 -42.3125 9.296875 -48.625 -23.1875 -61.640625 77.5 -11.21875
 -8.875 -72.3125 -43.6875 46.75 -3.2734375 -38.4375 -14.640625 37.96875 52.625 -10.328125
 -1275.0 -1565.75 -749.1875 1166.75 -1032.3125 1173.0 768.875 -1141.125 678.75 309.9375
 -1698.5 -3493.8125 31.71875 -1957.9375 2265.9375 -2582.875 -665.0625 907.3125 -1103.0 -135.96875
 -194.126220703125 -86.65911865234375 -110.718994140625 9.349853515625 67.37469482421875 133.5623779296875 -53.05401611328125 -37.95550537109375 -12.775146484375 39.7486572265625
 123.0 -121.9375 -8.28125 -56.375 8.34375 -17.25 8.0625 28.0625 78.75 30.3125
 94.3125 -14.4375 6.265625 -15.625 1.671875 -28.125 22.109375 2.90625 -17.9375 -5.59375
 69.0 29.3125 13.625 -1.5 17.90625 -15.5 -9.5 -7.875 16.75 -18.1875
 107.71875 -2.515625 7.6328125 -18.203125 -22.06640625 -36.59375 -16.390625 -25.515625 20.6875 -33.1796875
 879.953125 495.99609375 330.375 422.6796875 298.1572265625 280.8125 122.359375 -512.76171875 132.5625 -91.609375
 33.5 89.59375 -84.546875 35.8125 79.4765625 21.1875 -7.71875 62.625 -60.9375 -3.203125
 239.0 -191.0 47.5625 -45.25 0.375 87.25 68.625 60.6875 -104.25 -40.25
 437.90625 -263.28125 19.078125 8.0 -135.0234375 50.09375 -54.7578125 102.6015625 17.3125 0.4453125
 102.75 22.78125 28.03125 15.28125 -43.94921875 -25.625 -2.8125 -12.390625 30.375 -50.28125
 262.0 114.25 -147.5 -221.5 189.5625 146.0 -140.5 68.0 -116.0 43.25
 -72.134765625 -53.634765625 -46.150390625 40.6064453125 10.682373046875 49.173828125 -14.35546875 50.7802734375 -58.853515625 27.1015625
 -5.375 -46.875 6.265625 -45.34375 50.8125 -39.1875 -95.21875 -32.453125 39.6875 0.328125
 105.1875 61.25 -54.8125 -1.125 -68.3515625 -36.0 88.96875 99.375 -81.75 5.34375
 1536.0 974.375 -799.75 682.5 -941.0625 1788.0 1259.5 -2203.25 619.25 479.0
 -928.0 -4118.0 -297.5 416.0 -3286.25 698.0 -493.0 1741.0 1210.0 -608.5
 -1835.65625 1418.703125 -63.125 70.9375 472.1796875 -108.125 -180.84375 -297.90625 -198.5 -110.33984375
 -780.75 634.8125 -133.75 36.1875 80.921875 124.0 55.375 -65.125 38.875 -58.875
 -1550.375 -2727.8125 -115.96875 117.625 -553.671875 -159.875 155.25 -59.1875 -191.125 -10.78125
 -676.984375 -1161.375 -966.54296875 -1386.546875 -42.6982421875 -645.71875 182.15234375 195.3984375 -497.28125 482.44140625
 130.75 -14.6875 65.0 -13.125 -55.40625 -43.25 74.375 8.375 -10.5 -50.375
 -4515.0 2667.25 -111.75 -34.0 903.90625 -890.25 332.75 -432.25 -123.25 -54.9375
 6.75 45.8125 49.9375 31.5 9.046875 31.75 -63.9375 -34.375 -34.5 38.375
 57.3125 -149.3046875 53.23046875 -170.6328125 141.728515625 -256.328125 -138.234375 269.84375 -96.890625 -35.46484375
 -50.16796875 68.9501953125 41.83544921875 -2.7431640625 26.175048828125 10.884765625 1.185546875 -5.6025390625 -11.94140625 21.29052734375
 37.25 -51.125 58.59375 -44.1875 -27.34375 14.625 54.34375 11.3125 -33.125 -43.8125
 38.0 95.5625 38.21875 -67.3125 29.625 18.5 -2.625 -18.8125 39.625 7.96875
 154.0 25.65625 20.125 -8.4375 -30.875 -1.9375 47.09375 24.9375 -14.625 -34.6875
 90.0 -214.25 -9.125 -39.75 -35.1875 -92.0 -9.25 13.25 13.0 -8.25
 -6850.0 -4864.4375 -686.1875 4126.8125 -441.359375 -4281.375 1203.9375 -2103.875 -1253.875 110.5625
 29.75 165.0 10.3125 7.25 -6.5625 12.25 1.625 12.1875 -44.0 -18.625
 124.75 40.25 -25.21875 48.875 30.3125 40.125 -43.0625 8.9375 -23.25 55.5625
 244.0 71.0 173.0 -40.0 -122.75 158.0 293.0 -74.0 44.0 -94.0
 169.0 69.5 25.125 -8.75 -5.21875 9.25 38.25 -78.0 38.5 -40.625
 86.5625 16.1875 -54.125 -4.875 -24.484375 -10.5 155.375 126.0625 -74.25 38.4375
 92.0 -32.375 -9.375 1.3125 -46.640625 -29.5 18.875 -30.9375 36.125 -21.75
 189.75 165.625 -99.3125 101.625 -24.59375 91.5 -513.0 -151.5 -12.25 69.5625
 241.0625 -1000.75 -200.1875 782.875 1123.29296875 -1082.90625 125.734375 499.6875 -239.59375 142.21875
 200.0 -72.5 18.0 -324.25 201.5 -132.0 434.0 402.0 331.75 234.0
 9798.0 -10596.5 1650.25 1541.5 -4026.625 574.0 -1445.0 2675.0 204.0 -176.75
 37.75 -29.6875 -3.5625 -115.5 23.359375 -63.625 26.5 107.90625 60.25 43.4375
 129.5 19.625 21.25 25.875 -0.46875 -9.75 -1.625 4.25 -40.0 9.0
 -1008.75 1246.625 95.625 380.875 445.9375 -363.0 -6.8125 67.875 48.0 -107.6875
 73.125 -11.625 13.625 -33.5 -5.546875 -40.5 28.0 21.875 15.875 -35.75
 494.5 -36.875 -100.0 95.75 0.390625 -18.125 203.1875 113.6875 6.375 -26.8125
 -46.5625 11.7890625 37.796875 2.078125 92.81640625 -19.359375 -73.8046875 -35.59765625 5.5 -9.12109375
 -346.0 -443.0625 -56.78125 112.75 -128.0703125 -35.125 4.28125 -4.21875 82.375 9.78125
 -2830.0 151.75 -319.125 162.125 -248.78125 -184.25 262.0 170.875 20.25 50.1875
 167.8125 -10.890625 25.9375 -59.6875 25.7734375 -17.5625 7.640625 0.796875 45.9375 15.125
 -1440.5625 -254.375 -166.078125 96.875 -93.0390625 32.125 96.953125 -241.03125 60.25 101.546875
 3792.0 -10333.0 1375.25 -2523.0 3314.125 -5587.0 -1884.0 3718.5 -2192.0 -443.5
 19.5625 16.28125 59.21875 -24.375 17.0078125 -20.625 55.609375 10.015625 -17.0625 -33.015625
 -187.5 174.375 114.6875 74.25 -73.71875 -54.0 77.0 -23.1875 140.5 -59.5625
 -337.9375 148.90625 22.375 -7.375 3.828125 -15.5 -24.84375 -17.0 12.75 11.828125
 -11.0 -54.125 51.0 -25.3125 31.640625 -30.375 -194.1875 -47.25 83.875 44.03125
 159.71875 -999.4765625 -20.43359375 -232.5625 -421.68359375 264.8125 -60.421875 152.609375 171.421875 -78.1796875
 -28.4375 29.71875 -3.8203125 -23.3125 72.205078125 -40.15625 -136.5390625 -50.2578125 48.078125 49.7734375
 179.125 226.25 10063.6875 1289.4140625 -4336.5 4339.75 -5235.875 -11988.75 -1263.0625 -2542.09375
 -7.375 -84.875 -272.25 -262.75 148.8046875 -135.0 -107.6875 107.8125 130.75 -92.3125
 252.6875 -139.171875 1.859375 66.15625 252.765625 -204.375 -266.46875 -36.109375 212.0625 -171.546875
 306.0 -305.0 -184.125 281.25 -274.1875 -35.5 -111.0 -70.0 6.5 94.625
 23.0 133.25 -15.625 80.25 0.125 65.5 63.75 14.0 -25.0 -43.375
 219.5 64.875 22.09375 -22.375 80.78125 -10.875 -34.8125 27.6875 -16.375 52.65625
 1877.0 -4519.625 82.84375 -476.9375 -1172.046875 390.625 -431.4375 1170.03125 263.0 -329.0
 -1062.25 142.125 -78.984375 139.78125 87.5234375 -49.9375 -11.0625 -57.171875 34.5625 -69.9375
 206.0 -58.5 173.0 57.75 -89.53125 -1.0 79.875 -30.6875 -40.0 1.1875
 -1074.0 2188.0 -1464.0 3282.0 -350.0 256.0 -706.0 1961.0 730.0 1067.5
 31.25 -134.0859375 -31.046875 -40.3984375 90.15234375 13.71875 -130.57421875 -63.83984375 -17.2265625 53.9140625
 122.0 523.125 -145.5625 -627.625 -369.765625 -671.875 -118.25 -345.875 1234.75 -356.78125
 -125.5 81.5 -18.125 -33.5 6.5 -26.5 29.0 34.5 -55.5 -21.625
 63.9375 -196.6640625 -58.13671875 -112.8671875 71.880859375 4.140625 11.171875 28.40625 178.484375 41.22265625
 30.0 8.0 64.75 170.0 259.0 100.75 13.375 120.75 -68.0 127.875
 25.84375 3.875 -0.4140625 -1.25 0.578125 1.015625 0.2734375 -0.1484375 -0.068359375 0.0390625
 -219.25 -221.0 -348.875 -573.75 141.375 186.875 317.125 661.5234375 -222.4140625 -202.125
 120.0 -108.0 -417.5625 -408.5 -15.25 -364.5625 636.96875 2341.0625 -566.59375 -681.4375
 181.0 -3.0 9.8125 -25.625 -86.53125 -34.75 27.25 -26.0 -12.0 -28.25
 -512.0 -1363.75 570.625 1288.25 -674.15625 -265.0 -580.125 1736.25 83.0 -257.625
 -27.21875 -25.4375 -97.0546875 36.21875 -30.02734375 -19.625 23.484375 -5.8203125 -23.40625 -24.7890625
 90.375 -7.15625 0.9375 35.625 50.3515625 4.5625 -216.4375 -94.046875 56.9375 71.453125
 88.21875 35.3828125 51.703125 8.6640625 26.7265625 10.671875 127.25 34.8125 -41.15625 0.41015625
 47.625 -61.6875 -19.375 -133.5625 38.34375 47.125 6.1875 2.375 -57.0 1.0
 165.5 111.40625 -58.25 -49.4375 49.484375 2.625 125.5 18.6875 -22.0 -16.96875
 1050.0 -902.0 31.0 63.0 -226.0 122.0 144.0 -149.0 16.0 -101.0
 181.25 -60.0625 77.625 -46.375 -114.0 -34.75 -25.0625 -71.5 51.0 -77.75
 78.5 -201.5 -5.724609375 -6.5909881591796875 3.46923828125 -9.201171875 4.12353515625 -6.15234375 -3.884765625 -0.522705078125
 -6365.5 2609.4375 -1232.125 243.875 -754.5 222.0 106.875 453.625 130.75 -807.4375
 55.419921875 -24.9052734375 24.025390625 14.4921875 -92.766845703125 -3.203125 44.411376953125 31.39453125 47.09375 -59.044921875
 320.0 -349.5 -23.0 -42.25 44.75 94.0 26.5 1.75 -47.5 -26.125
 1704.0 -2677.5 40.75 505.25 -345.375 -19.0 -54.0 64.25 -417.0 336.875
 2256.5 -789.4375 1348.875 3097.625 -1633.984375 -1438.5 -102.375 -148.5625 -362.25 87.25
 -333.125 -26.15625 829.0 -603.75 -275.375 -823.25 577.5 138.75 154.41015625 246.8125
 -909.375 -220.0625 -305.09375 -11.75 674.765625 -480.125 4.0 279.625 -158.875 -18.25
 337.0 -323.75 3.0 101.25 -25.5 71.5 9.5 -8.5 -59.5 12.25
 73.75 135.9375 -268.25 140.875 64.109375 -24.25 -155.9375 9.25 -41.75 14.9375
 -363.5 75.5 -97.5 -91.25 139.0625 -139.5 -41.25 -18.75 142.5 -97.25
