248.0 176.5 16.5 -192.5 72.0 2.0 154.0 -25.0 204.0 -398.5
 3527.75 -506.59375 -558.125 -903.59375 -299.0 1468.6875 359.59375 -571.0625 580.3125 123.8125
 1272.0 920.0 -380.0 -73.0 256.0 52.0 424.0 -90.0 614.0 -479.0
 340.25 -5.34375 -18.875 30.8125 -23.875 -7.5 -0.75 -39.25 1.6875 36.0
 158.0 21.25 726.0 -235.0 2.75 -24.0 -237.625 74.25 -146.0 -603.0
 -256.0 1236.5 -929.0 2.0 112.0 -80.0 560.0 -200.0 950.0 -484.0
 174.0 573.0 -798.0 -160.0 908.0 1035.0 -750.0 941.25 -685.0 -587.625
 -6285.0 543.125 1310.625 360.0625 288.875 240.5 -310.125 -29.75 -130.75 464.0
 -7618.25 1506.046875 2052.765625 1369.109375 947.625 -479.5625 420.046875 -685.3125 -652.9375 -10.125
 18260.0 3789.5 -24085.0 -15617.5 -11484.0 -2800.0 410.0 -2712.0 -2843.0 1644.0
 286.5 -650.75 340.75 46.3125 -73.5 -218.0 -174.125 75.0 -344.25 228.25
 -30848.6875 18777.5859375 -7562.1953125 3975.34375 18948.890625 4500.765625 24419.3125 -246.640625 -12948.8125 -13729.875
 1490.375 -156.875 -358.40625 -177.953125 -303.53125 -6.0625 -167.125 219.375 192.65625 -6.625
 -1592.625 322.578125 355.1328125 231.3671875 190.0859375 -74.328125 88.59375 -123.5625 -117.921875 -16.34375
 323.0 351.25 45.5 -30.25 56.0 151.0 64.25 8.5 260.5 -226.5
 149.5546875 -28.0361328125 -56.02734375 4.4345703125 -46.5888671875 26.29296875 7.18359375 -40.609375 -26.044921875 -3.6064453125
 1408.0 558.25 88.0 141.5 214.5 -146.0 364.0 67.0 494.0 -350.5
 -82.75 266.484375 -215.90625 -230.953125 -370.96875 153.71875 45.4375 -276.75 -145.90625 44.09375
 -4836.5 364.25 373.5 328.8125 201.8125 213.5 232.375 133.625 227.5 403.5625
 1012.0 1170.5 -368.0 243.0 530.0 284.0 348.0 2.0 976.0 -309.0
 -14721.0 -445.625 266.9375 -15.0 -428.5 -257.0 90.0 -495.0 619.5 1220.125
 76.75 33.0625 -106.8125 -63.0 48.6875 36.5 -25.4375 18.375 49.875 -53.6875
 2379.0 -181.5625 -165.0 -98.125 -64.5 58.5 -202.25 37.375 -172.125 -175.375
 24932.0 -355.0 -6295.0 1152.0 1670.0 1254.0 -1068.0 1834.0 -460.0 -2003.0
 598.0 909.75 -197.5 198.5 -5.5 30.0 367.0 104.0 551.0 -211.0
 161.0 -299.5 -102.75 -88.875 164.0 254.75 238.25 -249.625 44.875 -27.875
 1328.0 1287.0 -160.0 -84.0 148.0 22.0 532.0 -218.0 946.0 -731.0
 -3669.25 623.9609375 810.875 582.484375 290.375 -158.1875 204.59375 -335.125 -278.875 10.3125
 -1504.16015625 -92.92041015625 283.48828125 483.876708984375 -280.2998046875 -235.9267578125 -106.357177734375 51.42431640625 -180.326171875 -33.66357421875
 248.0 47.5 -115.0 -176.0 39.0 26.0 20.5 44.0 95.0 -318.0
 56.0 452.5 159.5 237.5 -138.0 -3.0 80.0 17.0 468.0 -260.0
 407872.0 -59869.0 -105388.0 -71472.0 -80328.0 3488.0 -42064.0 59344.0 60784.0 4952.0
 2836.75 -182.984375 -96.078125 77.5625 -83.375 -215.25 34.125 -144.3125 -287.0 -182.1875
 6.0 740.0 -464.59375 11.0 109.5 432.453125 -0.75 -40.5 8.25 -77.25
 3876.0 2781.0 -209.0 125.0 507.0 -290.0 968.0 -152.0 1564.0 -496.0
 8162.0 -558.5625 -659.625 100.25 82.75 -56.25 -114.25 76.0 -561.5 -245.625
 1812.0 1019.5 -677.0 -120.0 484.0 164.0 639.0 -116.0 1010.0 -435.0
 427.5 -177.5 -149.6875 -16.625 96.8125 -124.375 -265.4375 -174.875 -303.875 13.0
 827.859375 -1243.802734375 172.25390625 -18.18359375 -550.3984375 -33.140625 -114.220703125 -191.22265625 -161.109375 147.68359375
 -4752.0 -475.8125 1799.375 989.25 -67.0 34.5 53.625 391.0 -1224.5 1529.375
 -1560.0 -1983.0 1329.0 -189.0 -96.0 -8.0 -1188.0 -500.0 -1738.0 692.0
 -388.0 703.0 -297.5 -132.0 190.0 46.0 196.0 -4.0 656.0 -591.0
 256.0 266.0 -117.5 -168.0 -43.0 -20.0 83.0 75.0 428.0 -675.0
 -4.0 476.5 3.0 -88.0 76.5 -38.0 228.0 99.5 146.0 -195.0
 142.921875 -677.0859375 -269.9443359375 -332.376953125 -90.138671875 454.041015625 206.248046875 -297.322265625 -84.095703125 -21.267578125
 1208.0 2846.0 -1262.0 130.0 1282.0 1144.0 1034.0 -460.0 2288.0 -246.0
 -16.458984375 -30.066162109375 -2.095703125 25.51904296875 -14.953125 -19.4072265625 32.07861328125 -36.3837890625 34.1904296875 -10.86328125
 -17332.0 2179.75 2523.0 828.0 1194.25 -479.0 468.75 -606.5 -888.0 167.25
 2782.0 53.25 137.1875 365.09375 65.6875 -231.875 84.875 -172.5 -122.0 -0.6875
 -757.5 209.375 186.125 206.59375 -195.3125 -518.5 -334.6875 525.125 152.125 11.5625
 -1028.0 -1910.0 903.0 -234.5 -572.0 -219.0 -620.0 248.0 -864.0 6.0
 -4127.625 -1890.25 1071.78125 1865.5234375 -1737.0625 -608.78125 -392.265625 563.75 -578.421875 -164.03125
 263.0 -214.875 -109.875 333.9375 -209.375 -143.375 81.4375 -141.375 -187.75 156.0
 1914.25 -305.328125 -157.5 -4.171875 -18.6875 -102.5625 33.625 -14.6875 -151.84375 -35.375
 -1083.25 -158.3125 185.9375 30.5625 118.625 -60.25 -52.6875 109.375 -75.125 90.0
 3981.0 1105.375 3634.25 2478.125 1973.25 1110.0 1135.5 -1055.5 -462.25 -162.0
 5400.0 3918.0 -1064.0 112.0 186.0 -200.0 1584.0 -212.0 2140.0 -1030.0
 48.0 157.8125 -62.5 33.125 97.0 -49.75 -13.5 39.0 -7.5 -15.5
 690.0 406.125 -200.25 107.0 125.0 40.0 160.0 -49.5 234.0 -159.0
 1104.0 554.5 -137.5 -25.5 73.5 106.0 196.0 81.0 382.0 -207.0
 2544.0 147.0 48.5 351.25 -45.0 -106.0 356.5 -108.0 -177.5 -247.5
 56.0 396.5 -41.0 -256.5 170.5 172.0 143.5 92.0 467.0 -562.5
 71.0 124.625 92.625 -174.625 -36.75 -27.25 88.8125 61.75 49.25 -92.0
 1368.0 1240.0 -717.0 -332.0 248.0 604.0 746.0 274.0 1278.0 -791.0
 1530.0 192.71875 64.5 219.53125 -356.5 137.875 -231.0 409.0 603.25 148.125
 -3034.0 -961.75 692.5 -276.0 -268.0 -378.0 -578.0 271.0 -933.0 44.0
 -5629.3125 1662.8125 5861.0625 -3272.578125 -1963.046875 3719.75 1661.6875 61.84375 993.984375 -416.53125
 -292.5 63.125 45.125 -13.8125 -52.25 68.25 126.0 106.25 -24.375 101.375
 -54.0 -968.5 199.5 -385.5 318.0 -151.0 -215.25 -33.5 -435.5 -125.0
 106.375 -110.84375 -50.84375 -101.3125 42.25 194.90625 117.6875 -145.4375 20.75 -19.21875
 -2139.25 170.875 -46.625 -223.5625 -51.5 -57.625 -92.6875 60.625 20.0625 47.4375
 466.25 -1130.125 722.0625 -367.0625 97.1875 -390.25 -348.625 5.625 -204.875 -3.625
 1033.109375 36.11328125 -704.89453125 365.4140625 -702.94140625 245.4609375 -369.806640625 584.98828125 364.16015625 -228.4921875
 -8.0 -258.0 -25.25 -228.375 -58.0 -45.0 -66.125 68.25 -162.0 -252.5
 4648.0 1949.0 166.0 -141.0 -320.0 68.0 480.0 -318.0 970.0 -614.0
 -6210.40625 938.61328125 948.12109375 596.609375 257.17578125 -360.734375 65.0234375 -99.15625 -68.8515625 3.5390625
 291.28125 780.55078125 76.25 -238.0888671875 -101.71484375 -397.3828125 159.41015625 356.18359375 3.4609375 206.439453125
 664.0 357.0 -111.75 -169.5 178.0 85.0 -21.0 -30.0 194.5 -289.5
 144.25 390.46875 -116.4375 82.875 -102.9375 194.75 13.875 -56.25 -71.75 167.25
 -1514.125 70.5625 -91.859375 -302.9453125 124.2109375 -136.171875 -147.390625 77.875 114.609375 -140.09375
 -5905.25 -155.21875 137.6875 1011.5 -2801.0 723.625 -860.78125 -127.25 85.875 203.6875
 -1448.0 1585.5 -284.0 171.5 281.0 324.0 465.0 -210.0 1115.0 -316.0
 -407.25 89.3828125 92.953125 83.640625 33.953125 -47.234375 59.0703125 -12.203125 -73.53125 52.6484375
 -1312.0 66.9375 83.6875 -153.5 -66.125 -80.0 -32.125 29.0 84.375 56.5
 1013.0 430.375 3.75 332.75 -2.75 166.0 167.25 44.0 168.0 -45.5
 7712.0 -449.90625 -814.71875 -200.53125 -31.5625 -439.9375 -339.6875 444.0 -143.5 -96.5
 -5907.5 19.09375 933.6875 131.375 267.875 999.5625 442.4375 -571.75 378.75 186.65625
 207.0 -698.875 4.75 -109.75 239.75 -273.5 -272.0 89.0 -254.5 -179.25
 1740.0 696.0 124.5 -28.75 11.5 69.0 349.0 -48.5 502.0 -322.25
 259.75 -154.3125 -261.25 -187.375 -166.75 79.125 -75.6875 127.125 112.25 -36.8125
 -308.0 -1103.0 610.5 -296.0 -77.0 -116.0 -598.5 20.0 -627.0 -99.5
 68.0 -351.5 58.0 -193.5 228.0 -58.0 -278.25 85.5 -85.0 -251.25
 -1128.0 334.1875 293.5 458.5625 125.875 -237.0 314.125 -157.5 32.875 205.75
 17.0 -32.375 84.25 -146.25 67.25 53.0 -45.5 8.5 -5.75 -184.75
 7615.0 -1168.25 -163.875 476.875 1321.375 265.5 1001.625 -1162.75 -1489.25 -531.0
 -2893.0 -1107.25 374.25 -221.75 362.125 1814.75 1007.25 -1595.25 -64.75 -171.25
 -1314.0 -1593.0 407.0 -508.0 -76.0 20.0 -1008.0 305.0 -949.0 -60.0
 5882.0 -888.0 -169.25 266.625 -136.75 64.0 264.0 95.25 -546.5 403.25
 800.0 1584.5 -308.0 95.0 70.0 -276.0 653.0 -48.0 1048.0 -549.0
 1920.0 1974.0 -819.0 -41.0 124.0 -112.0 1010.0 736.0 1372.0 -788.0
 7059.9375 -507.8515625 -392.1484375 14.359375 -36.9140625 253.796875 21.46875 166.09375 309.375 27.875
 -2096.0 -4397.5 -1050.0 -408.0 -192.0 -800.0 -1398.0 160.0 -2452.0 946.0
 1736.0 824.5 -276.0 -88.5 88.0 -159.0 354.0 -8.0 438.0 -498.0
 232.75 -77.9375 -25.03125 37.84375 -7.5 0.375 -117.625 -48.3125 -60.46875 25.5625
 192.0 126.9375 65.4375 63.0 9.0 16.75 36.4375 -29.0 41.25 -9.9375
 -184.0 2033.0 -637.0 141.0 102.0 680.0 694.0 -80.0 1746.0 -442.0
 11168.0 8954.0 -996.0 2972.0 972.0 416.0 3096.0 -1672.0 5872.0 -292.0
 5033.0 922.0625 -3163.65625 2092.84375 -2474.84375 1219.96875 -303.25 2377.234375 1024.0859375 -1277.09375
 1736.0 -4701.5 1135.0 -890.0 -616.0 -1328.0 -1572.0 -222.0 -3172.0 522.0
 44.0 -296.125 50.0 -111.875 -71.0 -53.75 -143.25 28.75 -197.25 -77.25
 644.0 -284.25 371.0 -295.0 -89.5 -102.5 195.0 443.0 290.0 -349.5
 3424.0 1064.0 -1390.0 -514.0 352.0 232.0 196.0 -484.0 1800.0 -1346.0
 1540.0 1263.75 -370.5 -161.5 177.5 -16.0 399.0 154.0 758.0 -273.5
 4934.0 -991.25 -2179.0 -773.5 -551.0 -385.5 788.5 -121.5 587.0 -246.5
 -35793.0 9102.0 5953.875 4799.5 669.5 -7782.5 -2626.5 2682.75 -2540.5 852.25
 478.0 1281.75 -506.5 30.0 205.0 204.0 530.0 -237.0 610.0 -239.5
 3395.5625 -666.09375 37.203125 490.375 -713.625 389.421875 -100.0 30.46875 331.453125 249.6875
 159.75 80.25 59.75 100.515625 48.25 -47.3125 79.125 -7.1875 -72.71875 -0.03125
 728.25 -123.34375 -133.125 63.625 -19.25 9.75 5.28125 0.625 -6.625 -40.375
 -3087.0 784.5 1101.25 796.25 768.25 -748.5 789.5 -412.0 -731.5 -94.75
 -9647.0 36.75 -281.125 -162.6875 -101.5 341.0 -206.875 52.5 125.75 29.25
 -12542.0 940.125 1297.375 368.5 -229.125 626.75 233.125 -313.5 538.375 353.25
 1328.0 1366.5 -458.0 -270.0 -117.0 -236.0 379.0 110.0 530.0 -578.0
 482.0 119.4375 -145.375 21.625 -89.875 41.875 -226.625 -39.875 -40.875 41.0
 3128.0 2045.5 -768.0 -165.0 -114.0 150.0 718.0 -106.0 1316.0 -262.0
 13.875 59.078125 185.578125 150.734375 129.59375 -76.8125 128.09375 -93.1875 -184.9375 -8.0625
 54.59375 -102.9921875 3.5546875 21.57421875 26.19921875 79.2265625 -67.49609375 -46.2734375 -30.23046875 -43.06640625
 2338.4609375 1085.3896484375 -438.775390625 -906.98046875 314.01171875 782.0703125 148.93359375 -388.05859375 420.53515625 152.09375
 -1470.5 -538.0625 1197.375 795.6875 1460.25 1339.5 1199.125 -1899.75 -1183.125 -387.75
 16265.0 3699.75 2672.5 -1393.25 53.5 -364.0 -3712.625 -102.5 -2012.0 -1877.0
 2049.25 -30.875 -21.125 18.34375 27.875 -17.9375 -73.78125 42.125 -62.0 -132.4375
 -1408.0 -5682.0 432.0 -1628.0 -496.0 -1560.0 -3028.0 304.0 -3788.0 2388.0
 15682.0 -1804.0 -2410.5 -569.5 -1685.5 689.0 -864.0 846.0 1183.0 135.5
 3184.0 4502.0 -610.0 -336.0 -1024.0 384.0 1522.0 -104.0 2544.0 -652.0
 -264.0 1128.25 1673.5 1933.0 74.5 -160.0 734.5 -622.0 -81.0 1244.5
 -719.0 -275.375 245.5 66.875 9.5 -189.5 290.625 443.0 92.0 -261.25
 -2759.0 349.875 425.5 52.5 230.875 -70.75 -68.625 -71.5 -301.0 -102.25
 -2.0721385e6 584720.75 1.6862320625e6 -916420.0 -631893.875 1.0966325e6 484428.125 -30188.75 254229.5 -111897.1875
 -705.0 -359.75 176.25 103.5 -59.25 26.0 -213.75 -26.5 -372.5 108.5
 -282.0 55.5 48.5 -229.0 86.5 -19.0 179.5 132.0 111.0 -444.0
 -489.5 -232.7421875 -125.4296875 367.78125 -1144.375 554.828125 -161.109375 -366.5 -65.140625 67.484375
 486.94140625 -32.06982421875 36.9697265625 -3.087890625 131.115234375 98.662109375 76.6044921875 -71.1826171875 19.1396484375 10.255859375
 144.0 -226.0 127.5 -224.0 50.25 -28.5 -95.5 0.5 -130.5 -158.75
 854.375 -131.84375 68.375 48.984375 -27.59375 -82.6875 -76.4375 -69.875 -102.46875 -63.125
 -530.0 94.125 307.75 181.4375 -47.4375 95.375 -34.375 106.0 24.875 26.75
 -1372.0 -2687.0 518.0 327.0 -5.0 -384.0 -814.0 -34.0 -1866.0 530.0
 3012.0 2565.0 37.0 401.0 252.0 148.0 773.0 212.0 1366.0 -396.0
 -32.28125 38.5 24.515625 18.20703125 -15.203125 14.65625 -57.30078125 -27.1328125 -53.546875 30.625
 101.5 -9.65625 63.9375 -19.8125 26.9375 -27.75 1.125 -70.5 -11.125 -7.09375
 500.0 23.0 -141.5 -177.0 186.0 2.0 67.0 160.0 182.0 -397.0
 -2220.0 842.25 1464.5 345.5 67.5 -373.0 -416.0 -714.0 165.0 88.0
 -6282.71875 1691.75 4683.15234375 -3081.029296875 -1963.5703125 3280.5703125 1933.90234375 -510.8828125 254.25 -473.51953125
 -528.75 -231.328125 -70.9375 -177.5625 160.9375 179.6875 201.71875 -296.5625 -204.125 -71.9375
 -764.0 935.625 1164.25 1552.5 143.5 242.0 512.875 -450.0 -67.25 905.5
 1362.5 -2222.25 1699.8125 -1173.125 -100.0 -309.375 -1060.375 240.875 -1283.125 -834.0
 519.875 -11.625 22.14453125 41.875 32.5 -12.25 63.75 9.3125 40.25 -6.0
 193.0 1184.375 -895.25 429.125 -698.625 -199.0 -150.25 -1029.75 286.75 -284.5
 -1216.0 3094.0 -1174.0 814.0 490.0 -104.0 1513.0 -722.0 2406.0 -1816.0
 1376.0 777.5 -214.0 -227.0 218.0 89.0 412.0 -118.0 597.0 -388.0
 -296.0 -1577.0 121.0 -436.5 35.0 -138.0 -758.0 106.0 -825.0 -98.5
 264.0 -678.5 -25.0 -1173.0 -7.0 258.0 -1333.0 -384.0 -688.0 -824.0
 7680.0 3198.0 -2312.0 1407.0 -30.0 1272.0 302.0 -1696.0 -324.0 1476.0
 2389.0 -415.625 -261.3125 -141.3125 90.125 296.75 178.125 -130.375 44.8125 -78.6875
 -332.0 -600.5 411.5 -177.0 -18.5 -53.0 -282.5 107.0 -551.5 -93.5
 -4214.0 -64.3125 -378.875 -665.5 -285.25 70.5 -161.625 319.75 562.25 266.625
 -6008.0 -469.0 -1004.0 174.5 -2.0 60.0 253.0 54.0 640.0 468.0
 -1374.0 573.0 381.5 327.25 50.5 140.0 99.0 -56.0 115.0 89.5
 305.0 -184.5625 25.4375 -62.375 115.625 49.875 230.0625 239.75 -45.625 93.5
 -3744.25 42.3125 206.125 -46.0625 -52.3125 135.0 -255.375 -36.875 -72.75 73.3125
 6869.25 202.15625 -832.90625 -2279.28125 881.625 1158.9375 398.5 96.0625 1162.3125 149.625
 -48.75 -213.96875 136.75 -57.125 -16.28125 -271.6875 -105.96875 -180.75 -19.75 -55.1875
 -305.1875 217.7109375 -41.3515625 129.078125 -69.921875 -41.859375 -84.5859375 -194.65625 139.953125 -152.6328125
 908.0 456.25 -295.0 258.0 268.75 108.0 -196.25 -304.0 -81.0 222.25
 -337.375 -50.1796875 -18.453125 -2.46875 -61.75 -39.5 20.0 -40.8125 8.1875 6.15625
 329.5 416.5 -13.875 -349.0 -66.0 843.0 -548.0 397.875 -1188.0 364.0
 172.0 -51.75 34.375 -21.25 -55.8125 -80.5 -43.8125 -50.0625 49.5 -49.34375
 -4047.75 1541.96875 902.125 739.15625 -2598.96875 1244.4375 -935.90625 -194.8125 562.875 330.25
 -1650.8125 -810.6171875 275.5 1349.2421875 -447.375 -199.171875 87.34375 -561.03125 -968.96875 -108.765625
 -206.576171875 -315.2666015625 -55.265625 92.996337890625 53.2138671875 196.6796875 -52.7216796875 -91.7705078125 -31.36865234375 -33.78271484375
 413.0 282.6875 -199.1875 95.0625 -38.875 55.75 44.3125 -92.5 94.5 -9.875
 260.0 769.25 -580.0 342.25 163.75 204.0 -157.25 -389.5 -114.0 363.5
 399.0 -198.828125 218.3125 -116.4375 34.375 82.5 77.5 13.625 127.125 -76.03125
 688.0 727.25 -382.5 -113.5 25.0 160.0 423.0 -6.0 750.0 -314.5
 -5391.0 4873.953125 -311.3125 -89.390625 3066.140625 292.5 384.640625 208.1875 697.09375 -412.828125
 -2016.0 -3831.0 920.0 -894.0 -50.0 -624.0 -998.0 248.0 -2440.0 444.0
 -140.0 -1010.25 201.25 112.75 -111.0 16.0 -355.5 39.0 -538.5 -123.0
 1146.0 -58.875 -74.40625 -197.5 -176.25 47.75 -153.75 42.75 162.3125 -48.125
 -1872.0 -3934.0 624.0 -1314.0 -1318.0 -168.0 -2010.0 312.0 -2472.0 226.0
 -249.5 250.90625 203.9375 17.5625 -26.9375 -0.75 211.5625 83.375 153.875 -181.1875
 230.625 10.7890625 3.3046875 -33.30859375 14.0078125 5.234375 -1.421875 30.515625 14.5703125 -6.109375
 121.9375 -136.625 -4.5625 -29.4609375 -2.234375 -8.0 -0.8984375 -5.96875 -92.0625 94.0
 -24.0 -1000.4375 -244.625 -301.875 80.875 609.875 -1156.625 -533.375 -380.625 247.4375
 -88912.0 14677.5 9898.0 19597.0 -3822.0 -25250.0 -9220.0 7505.0 -11928.0 -2092.0
 7658.5 -752.578125 -1083.625 -573.984375 -490.296875 149.8125 -313.640625 333.78125 249.125 -139.734375
 -13433.5 265.5 172.0 -568.0 -1260.0 3595.0 -1316.0 1565.5 5336.0 -1775.90625
 740.75 -68.40625 -161.859375 -38.4921875 6.1875 -104.15625 14.9375 -59.40625 -139.375 -101.171875
 -1729.0 -241.5 -172.9375 -211.875 -107.75 -271.75 -73.6875 74.75 -274.375 155.75
 -2271.75 -4027.375 -476.625 -2031.75 -2866.5 -1891.875 816.1875 982.125 -1597.375 -944.5
 -46.5 -147.0625 155.75 -8.75 -26.5 -15.0 -83.25 -25.0 -118.25 -6.75
 -5471.0 1200.4375 1807.625 1053.3125 758.0 -162.5 142.375 -535.5 -735.25 40.5
 423.0 22.6875 77.125 215.0625 -21.5 24.5 -27.5625 -77.125 -16.875 72.6875
 1213.78125 -626.09375 -193.2890625 -632.4921875 355.015625 808.9375 434.76953125 -347.4375 343.0234375 55.2734375
 -1630.25 -18.09375 -115.25 112.6875 -46.0 -80.25 111.0 -137.5 248.5 117.625
 -532.0 -880.125 -112.5 -314.0 -203.5 -179.0 -387.0 76.0 -425.0 -319.0
 -74.4375 -223.0859375 51.84375 14.953125 -37.421875 -48.78125 162.84375 14.71875 19.109375 113.21875
 -326.0 -649.625 107.75 -108.0 -57.5 -11.5 -172.5 12.0 -292.0 -233.75
 632.0 501.0 -393.0 -29.0 252.0 -118.0 212.0 7.0 402.0 -423.0
 -5557.75 -15201.4921875 11907.046875 13984.28125 -7248.125 -7156.25 -3555.4375 9763.6875 -1484.0 -1957.15625
 723.0 234.75 84.75 -91.25 -46.75 12.5 127.25 102.0 152.75 -237.75
 3160.0 1139.0 -561.0 486.0 327.0 262.0 677.0 -154.0 1290.0 -593.0
 -9472.0 -4802.0 570.0 -250.0 -1664.0 -140.0 -1872.0 656.0 -2308.0 276.0
 1188.0 936.0 -317.5 150.5 157.0 -186.0 471.0 284.0 568.0 -477.0
 -1159.0 -1188.5 -266.5 65.0 -280.0 708.0 -2042.0 -61.0 -2826.0 1089.75
 349.0 -90.3125 101.875 -39.125 58.5 -56.5 -49.625 2.75 30.0 -153.5
 212.3154296875 111.7064208984375 85.37939453125 -14.7633056640625 -53.9990234375 -8.15380859375 24.006591796875 -18.037109375 85.465576171875 -28.016845703125
 -3001.875 -2689.015625 2559.6875 2605.90625 -178.90625 -1452.125 -298.125 1635.25 -348.625 -442.875
 45.5 -98.75 10.0 -68.25 95.53125 6.25 -318.0 -97.5 -106.484375 -196.25
 -1738.25 -10.875 -240.0 -245.0 -136.1875 -163.0 19.875 -93.0 -82.1875 29.8125
 1247.0 -143.25 231.75 -88.75 -22.75 -70.75 134.375 326.0 234.0 -265.25
 39.75 127.53125 10.875 -45.546875 113.25 -14.4375 -92.0625 -38.34375 -12.21875 -2.40625
 -13566.0 -236.5 2020.25 127.25 2281.5 2889.0 2309.5 -3169.5 -449.5 -431.0
 100.0 224.25 -168.0 -4.25 114.0 -108.0 142.5 25.0 82.5 -265.5
 -76.375 -2.3515625 36.7265625 -65.171875 -19.609375 -43.109375 128.3828125 52.9375 23.046875 63.90625
 -8.9375 -59.109375 -7.21875 19.1953125 33.21875 -144.15625 -65.0234375 -78.046875 -28.640625 1.953125
 3088.0 87.875 185.5 555.875 90.875 50.25 123.0 21.5 -122.0 -333.25
 -166.0 -123.75 115.0 113.0 -105.0 -148.0 277.5 -39.0 81.0 232.0
 500.0 -677.0 -252.0 280.5 321.0 -376.0 17.0 20.0 150.0 406.0
 -3274.0 609.375 814.75 621.625 187.0 -83.75 -21.5 -24.25 -199.25 -28.5
 -10956.0 -545.0 467.25 -393.0 4626.5 -1001.0 2125.0 -1589.0 -2111.75 -429.0
 -8372.0 1212.25 1056.5 1250.0 623.5 -400.5 802.25 -356.5 379.5 435.0
 247.5 175.75 -43.375 71.5 -19.0625 30.5 105.1875 -41.375 56.125 -20.0625
 -1960.0 251.125 128.0 60.0 53.75 40.0 30.625 20.5 175.5 30.0
 -147.625 -153.0234375 -18.203125 -31.9140625 -7.453125 -35.796875 47.8671875 17.125 -44.125 86.09375
 -3160.0 -580.84375 454.0625 333.625 354.1875 802.75 624.5625 -1014.875 -386.25 -104.4375
 -68.9375 -84.1015625 34.578125 -22.6171875 -7.1953125 -19.46875 39.375 6.59375 0.953125 43.1953125
 803.5 246.5 4816.0 -13942.0 9695.5 13920.0 -11658.0 -10549.5 -15018.0 17074.25
 1782.0 -2457.25 845.5 -812.0 829.5 542.0 -2696.0 -208.0 -449.0 -491.0
 365.0 438.125 -71.375 47.75 1.0625 214.625 259.3125 116.375 102.6875 59.9375
 950.0 -276.4375 93.75 158.0 -137.375 -121.0 175.75 190.0 98.0 -63.125
 21.0 250.3125 -107.125 -74.75 37.0 126.5 191.875 49.75 -77.0 56.75
 1740.0 754.0 -393.0 493.0 184.75 103.5 -174.5 -234.0 -168.0 431.75
 -5584.0 -4371.0 -2187.25 -1372.5 -260.75 3229.0 2259.75 -3016.5 -739.25 -294.25
 -5963.0 516.375 448.75 251.75 177.625 -58.75 310.75 -84.0 326.25 391.75
 264.5 319.3125 -564.375 7.9375 176.625 198.25 -381.375 -343.5 41.125 220.75
 117.0 277.9375 26.1875 -241.4375 -31.4375 28.8125 73.28125 96.875 -20.6875 -478.8125
 -24.0 -132.0625 -17.1875 67.046875 -3.6875 -2.8125 135.859375 31.96875 33.03125 164.15625
 200.875 -43.4375 -10.0625 -11.40625 23.78125 28.5625 -21.28125 25.0 -58.84375 41.34375
 -1306.0 -1625.25 454.5 -136.0 -212.5 -388.0 -584.0 -184.0 -1099.0 168.5
 -177.0 862.125 -301.0 405.625 231.75 153.25 39.875 -285.25 -35.25 462.375
 89.9375 1340.5 -1022.5 430.4375 -1324.625 -2759.74853515625 673.96826171875 3953.28125 -2939.3828125 -856.47119140625
 37.953125 -1.234375 0.90625 -1.703125 -1.05859375 1.36328125 -0.935546875 0.907958984375 0.216796875 -0.68212890625
 186.0 46.0 -16.0 -4.5 -19.90625 -54.875 17.0625 47.875 -32.375 0.076171875
 215.75 2177.75 -1392.5 444.0 -2962.21875 -4256.203125 1021.65625 5996.873046875 -4006.375 -680.828125
 688.0 885.5 140.5 -137.0 219.0 32.0 527.0 -18.0 715.0 -429.0
 -26780.0 9921.0 2835.0 3181.5 -2356.0 -9438.0 -5356.0 6943.0 1033.0 1329.0
 -44449.0 -1562.4375 2.125 926.125 -1494.0 -1345.5 3254.375 -425.75 4599.0 2579.75
 532.0 426.375 239.5 318.625 -231.75 181.5 -314.125 -414.25 75.0 -188.625
 -321.0 500.6875 -154.875 150.4375 -88.5 -26.25 -93.9375 -426.25 226.125 -115.0
 1.0625 269.109375 -153.0234375 35.779296875 45.87109375 126.8984375 81.921875 2.5390625 114.390625 -33.52734375
 -4560.0 370.5 321.5 -27.0 36.0 116.0 123.0 200.0 309.5 -63.25
 25888.0 13632.0 -2528.0 832.0 3808.0 3520.0 6256.0 2448.0 10168.0 -3672.0
 -672.0 -1369.25 432.5 -528.5 -71.0 -153.0 -414.0 357.0 -563.0 -383.5
 180.0 -232.40625 -280.25 -48.5 -2.987060546875 3.3837890625 16.5390625 -7.0703125 -12.05078125 -3.5614013671875
 9083.0 -1183.15625 -1112.15625 -683.1875 -734.6875 287.75 -211.5625 222.25 216.1875 -44.25
 -645.0 -442.890625 -62.90625 205.5 155.1875 125.25 -695.875 131.875 -165.125 -51.125
 406.0 553.5 -103.5 -5.0 34.0 55.0 374.0 187.0 429.5 -400.0
 -2725.5 28.3125 221.3125 -122.84375 -36.8125 -160.875 8.5 -70.5625 260.4375 123.4375
 180840.0 -71683.0 205272.0 178443.0 51980.0 -102228.0 -59660.0 166232.0 30704.0 -30264.0
 -439.0 36.5 -622.5 433.84375 -354.9375 39.5 650.875 107.125 66.15625 12.0625
 -1433.625 -249.234375 172.25 364.546875 -521.875 11.0625 -153.765625 27.21875 -52.28125 -2.03125
 440.0 1481.0 -552.0 117.0 141.0 -172.0 963.0 222.0 1232.0 -663.0
 -348.0 -290.5 -356.0 178.75 313.0 -88.0 -175.5 46.5 170.5 57.0
 106.0 37.125 68.4375 -89.625 -8.5 -47.0 60.75 -11.125 94.0 47.125
