211.25 -87.0 -209.5625 -7.0 -73.90625 -4.5 298.5 9.5 105.75 -127.0625
 2375.0 -592.5625 -913.1875 -792.125 -268.25 117.75 174.34375 25.5 255.125 -75.375
 840.75 87.25 -374.5625 228.125 102.78125 -69.375 593.625 69.75 241.875 -217.125
 75.75 32.625 40.46875 7.875 -1.5 6.625 82.1875 -54.75 9.75 97.9375
 -30.65625 -8.2890625 -126.59375 -21.671875 114.38671875 0.96875 217.83203125 -64.9375 -6.609375 19.7734375
 313.5 319.75 -733.84375 82.25 191.25 -238.0 667.625 -36.5 393.0 -581.5
 -19104.0 -3568.0 -992.0 -3088.0 -1120.0 -112.0 -288.0 3460.0 -2736.0 688.0
 -488.25 150.90625 254.96875 49.8125 66.859375 56.4375 42.765625 -55.125 57.75 -3.28125
 -2372.0 -5217.0 -4703.5 -3210.0 -3206.5 542.0 -1064.0 -340.0 32.0 -1622.0
 1039.625 -489.28125 1591.78125 2709.8125 -970.1875 732.0 -637.15625 461.875 212.25 20.21875
 258.5 65.8125 -154.25 -102.875 -39.5625 7.25 -43.8125 -41.0 79.625 -51.625
 -1961.296875 12618.9375 -10042.794921875 -1418.6953125 7128.248046875 1215.265625 8906.7216796875 -1321.9140625 -6343.83984375 -7272.978515625
 1903.25 -465.0 -717.28125 -56.5625 -301.59375 -111.25 -140.90625 131.5 -67.125 6.6875
 -1378.625 844.8359375 665.5078125 135.765625 493.19921875 -115.875 17.59375 -101.59375 -155.15625 -45.921875
 679.0 158.625 -362.625 169.625 117.5 106.25 304.875 20.0 191.0 -342.0
 54.03125 63.27197265625 -10.6162109375 -30.1796875 -3.505859375 8.322265625 -1.80029296875 0.005859375 16.0234375 -1.0791015625
 588.75 -365.125 -509.0 37.0 -101.75 -115.25 577.375 55.5 263.25 -354.125
 -2662.0 3747.875 -2626.875 -3392.375 240.6875 -2499.5 -184.0 231.0 -15.625 232.75
 4805.25 -1503.3125 -1181.5625 -136.125 -475.3125 -222.375 430.53125 183.25 95.375 -413.375
 -706.0 521.5 -855.4375 381.0 -206.25 -31.0 1087.5 141.0 719.0 -515.5
 -1916.171875 -380.546875 -443.78125 -95.1875 536.2890625 259.1875 -566.8125 60.75 158.4375 -190.01171875
 -72.25 -68.8125 -14.875 -43.5625 -8.40625 5.625 58.5625 75.125 36.25 -6.6875
 1153.5 -555.25 -413.625 -113.75 -434.0 77.5 110.8125 177.0 285.5 -101.375
 1202.5 136.5625 108.5625 124.625 19.5 232.25 -222.25 -61.5 -110.0 -193.875
 234.0 0.4375 -54.0625 52.375 95.6875 -2.0 80.375 98.75 -8.5 -73.625
 1712.0 -4460.5 -2131.125 -1493.0 -1156.625 2992.5 1293.125 -1899.0 12.0 -559.0
 -228.5 -318.25 278.5 -55.5 126.9375 89.0 -390.75 -74.5 -219.0 309.25
 -536.5 -179.4375 -233.75 10.0 -185.59375 -29.875 -0.15625 -24.5 -16.625 -17.0
 6149.25 -2143.75 -1695.0 2004.0 -2495.90625 822.125 -1015.59375 798.375 675.5 314.5
 971.5 124.5625 -426.5 95.375 21.0 -23.75 368.0 52.75 202.375 -236.8125
 428.5 -187.25 104.8125 509.25 20.0625 -130.75 790.25 -104.0 361.5 261.375
 5097.25 -281.125 -326.65625 462.375 276.09375 -434.25 -475.625 998.75 519.0 485.375
 -874.15625 -943.78125 -754.6875 6.25 -834.296875 288.25 -163.875 273.875 338.0 -8.78125
 101.0625 30.8125 67.5 58.53125 -46.01171875 -7.787109375 -231.2734375 -122.375 -65.9453125 -34.80859375
 1288.0 -128.25 -994.25 255.5 268.875 177.0 901.25 52.0 501.0 -545.5
 -1032.0 -542.0 -692.0 -234.0 -123.0 -7.0 -216.5 47.0 -82.0 271.0
 468.25 118.75 -294.1875 129.75 -73.875 24.25 586.5625 8.5 329.0 -400.75
 160.65625 -103.220703125 122.158203125 91.15625 127.7255859375 62.3671875 190.873046875 148.6640625 -85.23046875 251.390625
 -463.23828125 -214.76171875 198.12109375 -317.90625 361.78369140625 180.19921875 -13.62548828125 -340.908203125 -0.546875 151.3427734375
 465.0 -198.75 -109.0 57.75 -253.9375 -136.5 106.0 57.0 -61.75 -93.75
 50.5 -16.125 700.1875 -427.0 -64.5 18.75 -622.0625 94.0 -271.75 290.0
 132.0 -79.75 -42.25 -72.5 -17.5 -12.5 182.125 128.0 67.0 -110.0
 109.0 793.0 -1756.0 70.5 8.5 -617.0 1719.75 -45.0 632.0 -623.0
 63.5 -122.0 -290.125 -24.0 260.5 40.5 480.8125 38.5 273.75 -225.125
 41580.0 -10799.9375 -6414.25 1347.0 -6264.1875 6199.0 -506.6875 3611.25 6591.0 1058.875
 -1035.0 -401.0 513.375 -175.75 73.75 102.5 -468.375 -30.0 -238.0 291.0
 159.46875 100.86328125 10.125 10.6171875 -37.951171875 -100.734375 37.708984375 -16.234375 37.6015625 5.67578125
 -17780.0 7197.0 6688.0 1576.0 2062.5 306.0 0.0 -36.0 830.0 257.0
 2678.25 -580.9375 -626.375 11.25 -259.375 -54.625 -86.6875 86.75 -47.5 -60.0625
 76.375 -358.65625 15.96875 444.8125 -36.90625 -240.375 -163.484375 164.5 -50.875 45.46875
 -1147.0 -98.25 906.5 -256.5 -233.25 -69.5 -1103.25 -239.5 -617.0 635.25
 4476.3125 -1463.31640625 5203.009765625 2006.296875 277.609375 452.8828125 144.140625 2648.859375 1220.9296875 -972.11328125
 286.0 -2370.5 2672.75 -1097.5 -322.5 -1425.0 -162.625 1435.0 -310.5 -977.0
 -1105.0 290.71875 200.1953125 6.53125 87.5859375 29.25 -62.81640625 -44.34375 24.640625 46.15625
 18985.5 -4646.25 -5145.625 1399.5 -3259.625 -657.0 -1239.625 2366.5 1698.75 183.375
 -241.5 -779.125 249.5 -443.375 611.75 865.5 922.5625 -717.25 -128.75 -438.0625
 62.0 72.6875 -252.09375 156.125 85.28125 0.75 254.8125 56.0 103.5 -94.875
 113.0 329.4375 -67.375 -247.125 -105.78125 109.0 91.21875 38.25 26.25 -85.3125
 166.0 -47.75 -37.5 -70.5 55.25 14.0 -43.8125 100.0 -68.0 -75.25
 658.0 -19.25 -369.5 102.875 87.875 -4.25 413.5 179.0 153.75 -319.0
 1851.0 -475.0 -343.5 95.5 -81.5 -214.5 12.875 -92.0 -251.0 46.0
 579.0 106.25 -373.21875 172.0 -113.71875 73.0 357.125 61.0 227.5 -239.375
 530.0 -412.0 472.5 92.0 108.5 -89.0 -413.0 89.0 -59.0 -473.5
 1575.0 352.25 -925.5 213.25 -355.5 -176.0 1034.4375 228.5 337.5 -409.0
 648.5 -30.0625 -372.3125 186.625 -274.0 -179.375 -217.34375 188.0 -46.875 -57.9375
 271.5 -27.53125 322.125 -25.25 79.46875 -33.75 -110.875 -82.125 -61.75 174.5625
 9649.25 -7688.40625 -12587.671875 2297.625 12049.8125 -8595.3125 -3930.203125 201.75 -1196.5625 1558.125
 763.25 -494.25 32.25 334.5 -45.78125 -162.625 -74.6875 -164.75 42.875 -3.375
 353.0 -1168.25 174.5 157.5 165.5 -331.0 456.375 195.0 340.0 862.75
 135.3125 388.046875 -12.203125 74.203125 26.2421875 -341.84375 -150.140625 235.53125 43.78125 32.3125
 239648.0 -92128.0 -110000.0 -8320.0 -14728.0 -24080.0 17224.0 -20320.0 -31792.0 -12640.0
 81.75 -269.484375 171.59375 69.796875 146.0 -105.96875 91.12109375 138.34375 91.96875 -8.734375
 11547.0078125 1270.919921875 -6552.7490234375 12848.353515625 -7338.83203125 2115.15625 -2574.0751953125 7871.2578125 2116.63671875 -3986.96484375
 311.5 169.875 -431.75 246.5 342.0625 -85.0 533.9375 146.25 179.0 -311.75
 -8.0 -18.5 -2050.25 650.0 -317.5 -334.0 1820.0 173.0 828.0 -756.5
 10354.0 -4345.5 -5806.0 1345.0 -19.0 -1442.0 841.625 -805.0 -1145.5 -516.0
 395.140625 415.73046875 -16.04296875 -97.890625 -139.361328125 -278.8046875 143.703125 179.9375 -4.296875 130.8046875
 745.0 -168.625 -785.1875 541.0 343.9375 6.5 627.8125 268.0 147.25 -358.5
 -1012.0 -2212.0 1461.0 912.0 92.5 -1476.0 1298.0 124.0 1104.0 2037.0
 -1179.1875 329.3203125 -246.4375 -541.78125 -193.6328125 -349.71875 -169.0234375 206.09375 147.75 -96.21875
 -15.5 278.875 219.9375 -119.125 -118.8125 637.5 132.875 -267.25 54.5 17.625
 338.0 274.25 -451.75 132.25 -73.875 -219.0 559.1875 41.5 172.25 -338.375
 63.5 25.25 -11.9375 -68.625 -38.125 -35.0 36.0 -21.75 -39.0 -49.875
 1684.25 56.875 11.6875 113.75 187.375 -86.875 -7.25 -11.25 -136.5 -10.4375
 92.0 136.3125 -230.0 30.875 130.3125 -69.5 189.3125 161.0 53.375 -221.625
 680.53125 -239.578125 73.2265625 -227.828125 98.2734375 320.5 38.109375 -86.046875 37.078125 2.609375
 810.75 -953.875 32.3125 -663.9375 456.46875 880.375 425.578125 -697.0 -261.25 40.625
 397.0 -504.75 447.75 213.5 118.625 -335.5 431.5 123.0 365.5 699.5
 -63.0 -208.0 346.75 -112.5 70.625 35.0 -328.875 115.0 -272.5 128.5
 4684.3125 -1310.0234375 -1693.3046875 -99.84375 -283.6875 -158.59375 27.94140625 16.875 -241.046875 -91.0625
 155.0 -17.375 -46.375 51.75 4.9375 9.75 -9.25 69.75 37.0 -99.875
 -344.0 -514.5 1024.5 373.0 138.0 -434.0 461.875 115.0 417.0 739.5
 131.5 -186.5 -196.75 12.0 -190.8125 26.25 -21.59375 84.25 175.0 29.375
 643.0 101.125 -273.46875 230.875 19.5 -59.25 653.9375 28.75 221.75 -300.875
 685.25 3363.1875 444.3125 1672.625 -513.25 -3431.375 -2420.0625 2414.75 -386.0 -220.4375
 534.0 -402.3125 -231.125 48.0 -379.875 134.0 -229.59375 337.75 309.5 158.625
 536.0 89.0 -414.5625 -66.75 199.25 101.0 443.25 66.5 337.75 -486.5
 -10328.0 -89.75 -1291.75 -1445.25 -699.5625 104.75 -970.125 -257.5 -172.0 323.0
 -989.0 -1156.25 1285.5 -260.0 -240.5 178.0 -1378.25 -235.0 -799.0 908.5
 2906.0 946.0 -935.0 49.0 -200.75 -428.0 2226.125 277.0 697.0 -1155.5
 1489.25 -546.546875 -497.984375 32.21875 -265.109375 10.4375 -31.8828125 36.25 18.875 -55.484375
 512.0 365.5 -1209.0 308.75 330.875 -190.5 882.625 189.5 247.5 -518.0
 18.0 -27.0625 -161.125 3.0 20.4375 -39.5 209.5625 150.0 51.0 -76.125
 -714.0 677.75 -486.5 -153.0 -96.5 264.0 -362.625 -86.0 -167.0 -417.5
 530.0 -67.0 96.5 7.5 60.125 -15.5 -123.0 113.0 -98.5 -40.5
 1326.0 364.25 -446.125 527.0 219.0 60.0 837.1875 217.5 486.0 -565.0
 -200.0 310.625 -412.125 303.0 149.875 209.5 601.375 336.0 150.75 -209.375
 3617.8125 723.08203125 -2240.4140625 3992.53125 -2261.9453125 610.4375 -699.69140625 2511.65625 695.3125 -1275.46875
 588.0 402.0 -728.25 147.0 242.875 100.0 636.375 122.5 260.0 -18.0
 271.0 156.875 -155.875 -8.25 98.375 -31.25 277.9375 71.5 123.25 -117.875
 884.0 -205.5 -294.25 -136.0 30.375 -314.0 240.0 409.5 177.5 -160.5
 -360.5 -261.5 367.625 32.875 110.90625 -34.5 -328.0 -121.0 -183.5 214.25
 727.5 -113.875 -433.8125 -15.375 27.875 -12.0 493.9375 197.0 223.125 -231.75
 7460.0 -2147.0 -1843.5 -125.0 -561.5 40.0 85.0 268.0 250.0 -83.0
 254.875 -175.875 -199.59375 30.875 -311.734375 193.375 -3.65625 36.25 183.375 6.625
 119.0 -21.625 -27.5625 -9.375 -15.9375 17.0 -38.96875 19.25 -49.0 13.625
 2119.01953125 -2792.1875 192.53125 -1564.625 718.96875 3122.03125 1555.0 -1749.65625 196.40625 119.09375
 1584.5 -444.375 -594.59375 -5.28125 -144.1875 4.9375 2.5859375 99.375 -24.625 5.40625
 -1384.125 77.4921875 -22.03125 -204.203125 -103.015625 27.1875 58.578125 -135.46875 84.421875 -1.9453125
 633.65625 -387.1875 -385.90625 -88.84375 -269.421875 66.4375 -80.140625 46.6875 -0.3125 23.03125
 -906.0 216.0 -30.625 -37.75 -240.875 135.0 40.375 -99.0 31.75 21.5
 -2215.375 251.4609375 531.41015625 -241.8515625 244.28515625 280.90625 150.12109375 -267.5625 -128.6875 -17.8046875
 1246.5 93.375 -529.9375 150.5 36.8125 -82.5 516.25 179.5 181.0 -146.5
 -1032.0 -694.0 1058.5 246.0 35.5 -504.0 581.375 7.0 533.0 576.0
 181.0 25.8125 314.8125 -181.0 66.25 -81.25 -64.625 97.25 11.0 -11.5
 -2088.25 1002.0625 996.15625 108.0 571.953125 -39.4375 163.8125 -161.0 -100.5 55.96875
 -666.375 -458.03125 -37.1640625 90.671875 162.9453125 333.1875 -89.23828125 -114.46875 -6.09375 -89.828125
 1094.25 -1604.0625 -2583.0625 1842.125 2288.03125 -596.625 -1431.90625 -153.75 211.375 758.9375
 359.859375 -414.25390625 -236.8203125 212.96875 -264.947265625 -23.59375 -84.8857421875 237.625 215.8046875 68.8984375
 1868.0 328.5 368.25 -267.5 -157.5 -126.5 -578.0 -43.5 -298.0 -146.5
 549.0 -3.875 -231.875 70.375 78.21875 114.625 64.59375 -47.5 38.875 124.5
 532.0 1772.5 -1750.375 8.0 -422.5 -204.0 1876.5 -476.0 1614.0 -1001.0
 -1672.0 1067.0 604.0 896.0 227.0 14.0 -70.0 480.0 968.0 692.0
 145.0 66.5 92.75 -220.5 -356.375 60.5 -204.75 -35.5 -218.5 16.25
 488.25 30.5 47.5625 41.0 60.40625 -53.0 22.875 6.5 -44.625 -39.375
 830.5 -105.875 -595.6875 74.375 -216.8125 -231.375 99.84375 193.25 87.0 -300.0625
 -282.375 -12.125 -47.1875 33.875 -162.140625 29.75 -82.140625 80.875 71.0 -9.1875
 211689.5 -240540.0625 -362303.0625 162861.5 384387.0 -311257.75 -151410.28125 27758.25 -52764.25 49942.125
 209.25 250.4375 -450.5625 48.5 2.375 38.375 494.125 221.5 183.0 -168.625
 453.625 79.5625 -344.4375 -77.875 -72.25 -31.0 565.0625 125.25 259.0 -326.4375
 -5819.5 1389.5625 1506.5 1588.5 -25.1875 -89.25 -717.3125 190.5 -206.875 346.25
 -1856.0 484.5 436.234375 -143.15625 238.3046875 -8.6875 25.37109375 -179.03125 -155.53125 -78.765625
 -1395.0 297.0 1942.25 -376.0 349.75 220.0 -1672.25 27.0 -428.0 598.5
 784.5 -28.1875 43.9375 66.25 13.59375 -111.875 -218.34375 -16.375 -190.25 -142.625
 -2243.75 1126.578125 1073.59375 60.03125 546.1796875 -66.46875 43.171875 -157.8125 -63.09375 48.484375
 876.5 174.125 -353.59375 92.25 -108.125 -199.0 701.375 65.0 341.0 -462.25
 224.5 157.25 -133.625 169.5 70.625 -2.0 377.375 138.5 139.5 -270.5
 1816.0 -547.0 256.0 416.0 -1157.5 156.0 -870.5 -500.0 -1228.0 -490.0
 263.03125 -618.640625 37.169921875 -628.375 -456.74609375 253.53125 -125.59375 935.5 -455.5 23.359375
 275.5 145.375 -534.1875 285.0 -338.5 -78.0 475.5 121.5 125.0 -174.25
 -1590.5 -224.875 -69.1875 -249.0 -176.375 2.75 -54.1875 81.75 25.5 33.75
 -65710.0 33035.0 57268.75 -10276.0 -45935.625 24277.5 15349.75 5561.0 5211.5 -7324.25
 -144.25 152.1875 159.90625 25.0625 18.8125 5.0 -60.703125 15.5 -22.625 -5.25
 -863.0 593.5 804.8125 52.125 330.0 -9.5 -158.375 99.75 -73.25 104.25
 -2952.0 -9095.0 2523.0 3716.0 5731.0 -560.0 -19.5 7700.0 -952.0 -3738.0
 101.296875 49.25 28.5625 -14.0 19.515625 2.0 9.0 -32.875 0.0 30.75
 335.0 237.5 111.625 -222.5 10.625 -100.0 338.625 161.5 51.0 -170.25
 -253.75 -310.0625 289.3125 -242.125 -209.0 30.25 -106.25 127.75 -298.625 127.6875
 589.5 75.6875 -464.875 -77.25 87.34375 40.5 328.75 19.25 160.0 -288.375
 36.0 957.0 -1589.125 625.5 0.0 -408.0 2530.0 -718.0 1560.0 -1674.5
 622.5 -338.625 -339.6875 -40.25 117.8125 111.0 -160.5 -33.0 45.0 -15.125
 196.0 -474.0 1872.5 -56.0 -356.0 2134.0 -1698.5 -2570.0 -668.0 336.0
 66.75 360.375 419.3125 174.625 -77.59375 208.75 -133.65625 166.0 225.75 36.375
 -72.5 715.875 -703.0 186.5 206.625 -202.0 1185.03125 190.0 505.0 -485.5
 -1417.125 1388.0625 995.890625 316.75 784.625 -192.75 66.5625 -234.75 -257.25 57.4375
 -1683.875 625.703125 626.203125 90.65625 326.2265625 -33.25 56.734375 -66.0 -92.875 35.15625
 -16232.0 2358.0 3292.0 2712.0 750.0 584.0 4242.0 -96.0 2224.0 88.0
 956.0 149.5 -108.5 -297.0 -37.75 -49.0 238.0 194.0 83.0 -140.0
 -6656.0 2704.0 2537.0 1256.0 1407.5 1078.0 941.5 24.0 738.0 1011.0
 11127.5 -5193.25 -3681.5 -161.25 -1728.4375 1275.5 286.375 -8.25 608.25 77.875
 424.0 433.0 602.5 -58.0 -316.0 -38.0 -118.75 -356.0 -440.0 414.0
 426.0 148.125 44.375 -35.5 22.5625 -19.0 40.0 40.5 8.75 -16.625
 1832.0 -623.0 -987.25 -394.0 95.5 -713.0 939.25 1121.0 174.0 -80.0
 1777.75 -321.8125 -28.3125 158.25 -133.9375 -68.75 -80.5 -277.25 -217.75 -192.625
 351.109375 -289.4375 -55.25 197.75 176.453125 -275.6875 105.0 -107.21875 428.125 -88.375
 86.34375 -34.9765625 -0.9765625 14.78125 -37.126953125 -23.4609375 11.1015625 -3.125 -18.4765625 -1.828125
 -3289.875 -1316.65625 45.71875 1844.25 894.234375 -2670.375 -568.71875 951.5 -554.3125 -59.34375
 -848.75 340.3125 9.9375 -131.625 -516.6875 163.5 -182.8125 264.75 400.75 8.8125
 -868.953125 -287.44140625 -98.25390625 -85.953125 83.90625 197.1875 -124.068359375 -11.71875 12.140625 -87.83203125
 1888.0 -1713.5 -1135.5 -1793.0 -495.25 -940.0 992.0 1244.0 456.0 -250.0
 397.0 -525.75 -274.125 -425.0 -30.75 -121.0 325.25 499.0 260.5 -159.0
 104.0 13.75 120.75 153.0 -86.5 -6.0 102.75 230.0 10.0 195.5
 194.5 -51.625 -149.4375 100.5 -59.5 46.0 154.5625 55.0 30.5 -107.5
 -1682.5 1097.2734375 -635.6953125 -934.65625 -329.54296875 -1113.84375 584.9375 452.3125 -447.53125 -606.359375
 854.0 -50.0 1173.0 -463.0 -259.125 118.0 -1626.5 184.0 -716.5 458.5
 519.0 -743.5 702.25 -675.5 -516.625 19.0 -1721.0 60.0 -810.0 708.0
 -1856.0 500.5625 584.5625 148.875 88.25 63.5 -34.9375 32.75 153.25 -81.625
 -195.0 13.5 -1171.3125 90.75 -84.9375 -32.5 474.0 453.0 283.25 -617.125
 515.5 -635.375 449.5625 412.0 61.625 -442.5 660.25 389.5 -89.0 149.0
 59.375 -32.875 -26.953125 -17.625 15.5625 17.8125 -18.7890625 22.125 -30.3125 5.21875
 165.625 40.265625 -19.1875 17.875 1.375 -17.25 -21.4140625 -64.625 -19.125 80.5
 198.46875 137.328125 23.08203125 3.9375 -104.33984375 -72.3515625 -57.140625 -96.671875 62.984375 55.73828125
 5379.5 3021.40625 1283.5625 488.875 -840.78125 -940.5 -1533.1875 2398.75 1316.0625 260.9375
 6468.5 -2891.625 -2845.125 -291.5 -1532.125 185.5 -331.4375 572.5 403.25 158.25
 -22294.5 26672.375 26192.875 6370.0 16757.3125 -4665.0 2277.0 -4903.5 -3494.5 -1264.8671875
 -2247.5 594.125 929.75 -259.75 436.75 396.5 106.375 -260.5 -68.75 17.875
 8387.0 -1483.75 -2022.0 1275.0 -1292.375 -813.5 -539.75 1309.5 835.0 210.75
 1416.5 1209.58984375 -625.36328125 -28.65625 865.5390625 1098.390625 -597.75 -295.5 477.25 232.8046875
 716.0 92.0 -1655.125 -270.5 191.375 183.0 911.0 113.0 563.5 -1146.25
 1180.5 -1357.375 -1459.6875 -74.75 -832.3125 113.5 -90.3125 80.0 260.0 -13.75
 -632.0 -552.5 124.5 694.5 76.625 -452.0 757.0 320.0 -339.0 65.25
 -162.53125 -501.138671875 -192.572265625 279.66015625 -191.427734375 24.2421875 6.6123046875 -114.0546875 -71.33984375 2.34375
 -40424.0 3496.0 998.0 -3600.0 -2823.0 -780.0 2915.0 -1328.0 4620.0 730.0
 17.0 242.75 -186.4375 99.75 -38.5 2.0 324.1875 6.5 270.25 -162.875
 84.25 -22.125 -52.5 -8.75 29.90625 -41.25 -19.03125 -11.5 53.0 -108.5625
 74.5 132.75 -249.40625 105.0 4.34375 -66.375 344.375 27.25 187.625 -152.0
 -201.0 -134.25 181.75 7.25 154.8125 12.0 -239.25 115.0 -141.5 140.5
 5157.875 -2606.078125 -3824.578125 -1967.1875 -2616.390625 -878.75 969.46875 -986.0625 -859.53125 231.4375
 242.0 -98.875 -158.0 57.5 82.0 22.5 119.625 100.0 9.0 -127.75
 -322.0 -1260.25 139.0 -287.5 13.125 -76.0 -1113.25 -147.0 -624.0 583.0
 850.0 -35.125 -1439.75 71.5 -200.875 -292.5 664.625 420.0 220.0 -948.25
 154.0 -44.75 104.9375 -45.125 64.5625 65.25 -122.125 120.5 -100.75 112.25
 59.302001953125 13.1640625 -29.779296875 104.5625 41.34765625 26.0 78.234375 136.578125 -68.734375 -4.044921875
 239.5 -46.0 -110.75 133.0 154.4375 -28.5 146.375 174.5 20.75 -138.625
 196.0 144.25 180.75 53.0 66.25 68.5 65.125 59.0 60.5 147.25
 -9994.0 -12671.5 4163.125 6422.5 7208.0625 -16124.5 15.5 7736.5 -2691.75 -2340.0
 -256.0 82.0 42.0 74.0 215.0 212.0 -148.0 447.0 -177.0 -30.5
 -832.40625 23.8828125 -110.87109375 121.6171875 -181.30078125 -100.46875 -79.32421875 43.75 -29.375 -37.0
 1000.0 -785.0 -810.75 -129.0 -400.0 -1183.0 1229.375 1262.0 469.0 -199.0
 405.0 429.8125 -204.9375 -102.0 19.09375 108.5 -223.0 -138.0 175.0 -37.25
 7349.5 2800.875 -439.0625 1599.0 -1208.75 -3309.125 -3073.6875 4468.75 1756.25 744.0
 -184.0 501.5 -374.0 397.5 -129.0 -86.0 789.125 0.5 576.0 -304.25
 387.5 41.375 61.625 5.5 -15.4375 -64.5 -31.28125 -34.25 43.5 -75.375
 385.625 57.890625 -94.9375 -34.640625 9.5234375 60.375 -226.4296875 -66.625 -190.75 -43.953125
 -614.375 114.5 95.84375 29.625 71.8125 42.875 82.40625 68.0 43.0 103.75
 -2143.0 187.25 -37.875 -567.0 -349.0 -96.0 8.5 -454.0 150.0 -182.5
 132.3125 67.765625 45.59375 67.90625 -38.84375 56.65625 55.953125 -48.78125 -23.4375 66.03125
 -1471.5 1035.4375 827.5625 340.375 405.8125 -194.625 -75.4375 71.25 65.375 180.1875
 -5698.0 799.5 2093.5 -6883.25 6770.625 -530.0 3698.125 -2659.5 -1410.0 -787.0
 -1052.0 -363.75 -654.25 -278.625 -419.8125 152.0 -173.65625 111.5 135.0 -111.125
 214.0 -49.125 81.25 -2.0 48.9375 -13.75 19.9375 106.5 -33.75 151.75
 -2192.0 130.0 389.25 -124.0 -55.5 -116.0 219.0 -17.0 305.0 12.0
 138.5 -106.8125 -100.6875 -43.875 30.375 -14.5 -109.8125 -57.0 36.0 -43.375
 -1539.28125 1543.44140625 193.26953125 1120.390625 96.03125 -1735.703125 -694.4140625 799.96875 -234.8125 52.3671875
 139.0 75.0 -6.25 -1.0 11.375 -162.0 -74.125 -32.5 -41.0 -153.25
 450.5 643.75 253.625 -6744.48046875 -412.0 6009.125 -2610.25 -2773.75 -4389.0 5683.90625
 1514.0 -407.0 56.125 360.0 703.25 243.0 346.0 313.0 12.0 189.25
 -21.875 -78.5625 78.875 -41.65625 14.1875 -124.25 -19.9140625 74.9375 -2.0 -75.90625
 -3.4375 41.125 41.015625 13.875 36.6015625 -20.875 -2.65625 -19.625 -8.6875 18.96875
 -784.5 -98.25 737.375 -471.5 -126.125 -15.5 -576.875 -65.0 -330.0 184.75
 658.0 5.625 -557.25 9.5 -128.0625 -360.0 252.875 399.0 179.25 -151.625
 3537.0 -4492.75 -696.0 -1134.75 226.5 3711.0 1918.0 -2276.5 126.0 81.5
 311.0 308.125 427.625 5.0 138.3125 43.5 116.125 28.5 -48.5 173.25
 -824.0 165.0 -73.25 63.0 33.25 -56.0 119.5 259.0 -49.0 -219.0
 189.75 65.78125 55.84375 53.5 9.109375 -53.625 -51.296875 -14.875 26.0625 -3.0
 -170.0 -33.25 41.75 77.5 -8.5 62.0 113.75 64.0 -17.0 331.25
 -704.0 156.0 -126.75 -110.5 -296.75 -115.0 189.125 156.0 2.0 -194.5
 916.75 370.1875 -426.375 190.25 -112.59375 -112.25 660.125 50.75 335.0 -298.75
 498.5 -551.375 -469.0 104.5 132.6875 84.0 -171.1875 -367.5 -184.75 -32.125
 427.34375 -642.25 740.0 -1034.09375 -43.875 1152.6953125 -646.135498046875 -1608.7265625 890.28125 208.01171875
 13.072265625 -1.75 -2.125 0.296875 0.8046875 -0.921875 0.62890625 -0.595703125 -0.10546875 0.41943359375
 195.5625 240.0 -90.0 -59.0 -105.8125 -194.25 33.640625 153.71875 -62.97265625 -28.57421875
 173.5 -152.0 -92.0 335.0 235.5 -91.75 146.75 79.25 -106.3125 42.75
 213.75 99.75 -41.3125 121.375 -77.625 -44.0 242.375 81.75 137.75 -179.5
 -145.0 -410.0 -505.25 -390.5 1013.875 -390.0 791.25 -904.0 -792.5 -347.25
 27.5 118.0 -101.03125 80.8125 120.1875 -16.25 36.890625 92.0 72.875 9.875
 -590.0 -219.5 40.5 237.0 130.75 -29.0 -35.5 -212.0 -161.0 176.0
 -172.0 -48.0 -104.0 141.5 121.25 22.0 46.125 -83.0 35.0 120.0
 232.5 97.625 -54.8125 -117.625 -69.0 73.75 -185.5625 -35.0 -120.5 3.0
 1644.0 107.75 22.25 339.5 220.5 241.5 378.75 -205.0 -238.5 451.5
 1103.5 18.875 -1256.8125 1169.75 993.375 111.0 1518.6875 514.5 346.0 -1082.0
 150.0 -30.25 -242.25 57.75 31.75 45.0 -75.625 -6.5 -4.0 -109.0
 145.0 -245.21875 -208.84375 -10.90234375 -6.92578125 -2.81494140625 17.455078125 -9.6328125 -8.58642578125 -0.3740234375
 8672.0 -57.75 564.75 459.0 1224.1875 -918.75 730.125 -256.0 40.0 -771.75
 1062.0 -279.0 150.1875 9.5 133.375 -77.5 55.0 136.0 312.0 244.75
 -318.0 -502.75 1317.375 -251.5 195.375 207.0 -1134.75 -174.0 -596.5 790.0
 73280.0 416.0 6360.0 7760.0 18544.0 2240.0 -10992.0 -2912.0 -6752.0 -8736.0
 -321305.5 120115.75 -225452.8125 -7371.875 -11692.3125 -23344.75 -47842.59375 -124720.75 -63094.375 56615.0
 138.375 -186.75 907.375 -585.8125 43.9375 519.5 -566.9375 23.0625 9.734375 37.3125
 601.8125 -262.703125 -74.0 618.9375 -849.609375 490.1875 -269.4765625 163.0625 282.8125 68.46875
 10.5 -83.875 242.625 44.375 46.5 27.75 -285.9375 -10.5 -156.75 132.5
 2202.90625 481.9140625 -447.8046875 -341.890625 -389.3125 -26.265625 183.578125 129.96875 -848.484375 -219.4140625
 217.5 -165.375 93.4375 -183.0 -198.1875 -241.75 311.0 149.5 94.25 126.25
