107.5 -46.96875 61.04296875 67.125 -12.28125 14.5 -66.375 -90.1875 14.8125 -60.0
 -452.75 1572.3125 -191.685546875 -75.96875 535.765625 -89.75 129.234375 -368.5625 -256.125 -68.5
 76.5 -24.15625 -10.75 -14.8125 9.75 3.125 -42.6875 -12.5 31.0 7.625
 -25.75 -89.71875 -65.9765625 61.5 50.9375 49.5 64.6875 52.375 -61.25 -58.125
 -410.0 -532.0 158.375 702.0 392.0 36.0 92.0 -426.0 -264.0 -908.0
 60.75 52.0 -63.46875 55.25 -63.4375 -112.0 46.5546875 74.875 26.125 79.125
 1440.0 -1505.0 -32.0 2332.0 -1568.0 -2508.0 2688.0 -707.0 -164.0 -4622.0
 -581.8125 1975.48828125 -320.01611328125 -56.0859375 675.3125 -233.203125 -73.205078125 -222.2890625 -441.796875 -0.45703125
 16994.0 -4502.25 -4442.40625 1916.25 6483.875 -1044.0 8375.875 -5609.5 -3318.5 116.75
 -983.265625 271.470703125 36.7373046875 240.3125 577.21484375 -1225.71875 -408.892578125 383.96875 -463.609375 46.15625
 47.0 -12.40625 5.69140625 145.5 -75.1875 145.75 -67.0 -118.1875 -192.8125 -165.15625
 -956.203125 -123.38671875 280.546875 -214.0 234.10546875 -162.9765625 622.2421875 -298.265625 -543.8359375 508.390625
 -755.0625 462.578125 39.056640625 -14.8125 -184.453125 -39.0625 -78.6875 141.6875 74.75 -105.0
 -24117.0 16416.0 -1461.5625 -3018.5 -1423.75 2263.0 -1693.5 -1071.0 1669.0 -489.5
 111.75 49.0 -4.734375 -16.125 23.3125 2.0 -26.90625 17.25 -14.75 70.875
 46.6953125 47.4541015625 26.4879150390625 -54.58984375 -4.1337890625 52.62890625 35.4404296875 -45.48828125 18.71875 -0.2421875
 -215.0 72.4375 -110.09375 142.5 -46.4375 -140.0 155.6875 42.5 -74.75 42.125
 -9.8125 392.765625 -325.08984375 951.5 -435.8359375 -263.875 -338.0625 262.78125 -183.5625 9.796875
 2468.0 -6251.0 333.0625 931.5 -786.5 903.0 1096.75 682.0 85.0 -256.0
 89.25 -199.0625 -7.875 -83.125 94.53125 9.5 -73.9375 -12.5 64.375 2.28125
 1940.34375 -1493.0625 -137.75 417.0 111.25 -440.0 441.25 464.25 -205.5 25.71875
 -136.0 20.6875 39.109375 -48.0 -63.5 38.25 -55.375 -27.75 30.25 76.5
 73664.0 -66960.0 3767.0 3668.0 256.0 -144.0 2356.0 5648.0 -5384.0 7504.0
 92.0 778.375 -142.6875 -167.0 138.0 213.0 100.875 150.0 5.0 -267.0
 139.625 -89.40625 -62.453125 62.5625 47.0 25.375 -14.046875 -0.25 -55.4375 5.40625
 -12.0 237.0625 -122.46875 -294.625 414.5 -26.5 -5.4375 -47.25 -2.25 -66.5
 -80.0 -150.375 -85.0625 306.5 -1.875 40.0 -108.375 -114.0 -42.0 -109.5
 -1871.75 1042.9375 148.5 -84.375 -401.1875 -1.75 -422.75 223.5 197.25 -61.9375
 -137.6875 -89.6875 -265.03515625 1523.65625 -703.9375 42.4375 -418.765625 156.3125 -113.375 -145.96875
 48.75 -28.0625 -61.0703125 19.6875 26.6875 -66.75 8.15625 0.625 12.75 27.75
 782.25 207.9375 68.625 -40.625 102.3125 28.5 321.9375 170.25 61.25 -97.125
 -96.359375 -1073.2109375 -189.87890625 36.40625 253.9765625 72.25 437.921875 -630.8125 -235.46875 125.8359375
 5650.0 22493.0 -976.0 3352.0 15720.0 -3632.0 3314.0 -8920.0 -7184.0 9838.0
 416.0 45.25 -1108.0 -110.0 -521.5 -787.64453125 -524.75 -412.5 150.5 108.0
 148.5 -275.65625 -18.2421875 5.6875 3.0 -63.375 6.34375 7.0 -40.625 28.5625
 -13476.0 13315.0 -4787.125 -192.0 -164.0 344.0 4374.0 3724.0 -1424.0 -2616.0
 73.375 6.875 -8.390625 -13.625 1.0 -5.1875 9.2734375 7.1875 30.625 21.40625
 -136.5 -132.375 68.9921875 102.375 63.75 52.75 162.75 118.75 -90.5 18.625
 238.03125 -520.2578125 -1270.3427734375 759.984375 -83.125 271.5 -276.58203125 49.625 132.09375 -347.0
 3720.0 -5183.3125 -235.5546875 912.125 322.6875 -254.5 248.40625 62.25 -783.75 545.6875
 248.0 -97.25 130.21875 -112.25 77.875 45.5 -42.0 -7.0 -75.0 -111.0
 97.0 63.34375 -21.482421875 -38.25 65.171875 -69.6875 136.75 109.3125 120.1875 132.25
 127.0 -359.6875 -208.34375 176.75 -28.375 -6.5 -47.375 -90.0 -111.5 -53.5
 109.0 -40.40625 -73.703125 -23.0 1.71875 -37.25 14.8125 37.5 -29.125 48.375
 896.0 292.25 1747.015625 58.0 880.0 -3541.0 -1270.0 678.5 -986.5 264.5
 18.375 -85.96875 -69.921875 -100.625 -38.25 -18.5 22.890625 42.25 -21.875 99.75
 -176.59375 -33.205078125 -6.3486328125 73.765625 22.40625 -34.609375 74.17578125 -26.4375 94.3125 -0.62890625
 1363.0 -4343.125 579.23046875 319.1875 -1240.765625 368.75 -736.203125 742.0 733.8125 -1.4375
 -320.0 -326.25 61.296875 127.625 -320.0 304.5 -227.0 234.25 181.25 -165.75
 -223.59375 258.96484375 -64.81640625 -193.8515625 105.62890625 -219.546875 -142.3046875 273.625 54.015625 37.5625
 94.0 17.75 -40.109375 27.875 33.0 -26.75 -40.0625 11.75 51.5 37.75
 1100.59375 426.8515625 -2168.4404296875 5071.15625 -617.828125 346.5625 -1307.0078125 925.1875 -32.625 -307.90625
 165.25 -149.640625 -136.619140625 -115.4375 123.5 -140.625 88.2109375 94.9375 113.15625 153.59375
 -272.75 1010.84375 -63.0390625 -78.9375 66.625 3.75 26.53125 -25.75 -44.5 -137.125
 -305.0 940.625 -3.9765625 -38.875 677.9375 -1081.0 -187.4375 -31.0 -350.0 24.5
 -9525.0 3227.09375 -836.67578125 907.0 -5632.6875 1526.125 -2108.03125 4922.875 2227.75 -2474.9375
 209.625 -15.96875 -61.025390625 -56.1875 -171.984375 -87.375 13.40625 -5.1875 -16.4375 42.9375
 -212.5 259.25 -41.984375 157.5 193.0 159.5 28.875 26.5 -160.5 -95.25
 138.5 57.3125 23.533203125 -153.125 -62.1875 -14.5625 59.4375 50.5 43.875 94.40625
 142.0 -1.5 -23.6015625 -7.25 3.875 -62.0 78.5 67.5 10.5 51.25
 2130.5 -1341.875 -145.515625 461.75 254.375 -319.5 232.4375 103.5 -345.0 150.0
 72.25 -158.5625 31.75 -0.375 -7.5 -11.875 -39.03125 -54.5 27.625 -11.9375
 -122.5 56.5 44.15625 150.5 -7.75 -331.0 125.5 -245.5 525.0 -194.25
 202.0 223.5625 70.0234375 -119.0 -47.0 -12.5 -130.1875 -200.75 2.5 13.625
 1318.5 -488.875 83.2421875 67.5 105.5 68.0 116.125 166.0 -132.5 -4.0
 60.625 88.0625 -64.3984375 6.125 -22.9375 -148.875 210.625 159.5 48.75 85.1875
 486.625 -929.6796875 -495.435546875 3972.0 60.359375 -765.375 -1905.53125 1124.75 -234.8125 -612.796875
 1033.5 -275.3125 43.9609375 -54.25 58.8125 -6.0 78.5625 104.5 -33.0 39.625
 143.0 -24.125 -46.453125 151.5 -48.25 -247.0 138.5 140.0 147.5 -118.75
 -765.2578125 -1470.734375 -556.3037109375 248.734375 -451.462890625 1171.4375 720.984375 -812.6484375 288.6640625 63.62109375
 907.75 -974.53125 63.01953125 106.3125 -9.0 -4.0 94.1875 116.5 -96.625 1.3125
 -65.5 81.78125 -306.28515625 -82.4375 136.84375 -48.875 -43.84375 148.375 39.625 -111.25
 2142.03125 78.953125 1504.32080078125 3093.8671875 -1024.72265625 608.15625 -593.3671875 2348.4375 430.2890625 1323.1796875
 29.5 -52.5 34.39453125 -23.84375 39.265625 2.5 -94.53125 -52.25 -6.9375 -19.03125
 -36.5 -81.9375 -125.203125 -23.0 59.1875 -46.5 -93.375 -57.0 36.5 24.75
 746.0 -915.34375 5.8984375 -13.6875 49.25 253.5 -23.71875 -65.375 109.5 41.125
 -4.0 23.6796875 40.7216796875 -42.46875 -20.921875 -17.78125 16.9375 47.125 -18.96875 -27.296875
 152.875 107.6875 -44.01171875 -20.8125 49.40625 12.0 -52.15625 2.125 11.625 27.25
 449.5 32.59375 -22.46484375 -66.0 13.75 121.0 -60.8125 -165.5 26.0 3.4375
 -1641.21875 -443.078125 -349.908203125 164.390625 372.328125 544.21875 -53.7578125 -123.1875 250.96875 205.40625
 -695.5 2314.375 -489.5234375 -2594.25 1843.0 1081.5 2116.5 -2366.75 -249.0 277.625
 128.5 -45.9375 -23.73828125 -19.0625 0.78125 -22.5 -41.5 -2.0 -10.25 40.9375
 -1467.5 490.5 -179.53125 -182.5625 -264.4375 -187.25 79.96875 4.25 137.25 -154.25
 -12544.0 12471.5 -2713.25 -150.0 634.0 -132.0 3750.0 3460.0 -1376.0 -2332.0
 114.0 19.0625 -11.9921875 -64.25 42.5625 8.25 -77.5625 -94.5 131.0 33.75
 -4914.0 1522.25 -1558.96875 747.0 -1783.5 3308.0 2128.75 -1713.0 -151.0 197.5
 5705.0 -2397.0 758.6875 -152.0 1430.0 -1699.0 -1344.5 1407.0 390.0 -292.5
 164.0 -13.25 25.609375 125.375 36.625 18.0 -77.5625 -78.0 -70.5 -78.5
 171.5 47.875 -94.828125 -88.5 -54.0 -42.5 17.4375 81.5 -35.5 38.125
 506.75 308.65625 53.94140625 18.25 120.75 -37.5 16.25 -48.625 -119.125 77.375
 111.75 -54.59375 -48.646484375 21.84375 56.21875 35.5 -39.2578125 11.375 17.6875 -10.90625
 -72.5 -8.0625 -22.234375 73.125 34.0625 0.0 -48.6875 44.25 -74.25 -69.0
 -93.125 439.4375 84.1796875 93.5 -126.46875 -2.75 -198.375 -124.625 399.625 -43.0
 115.28125 13.9375 -31.72265625 -27.078125 37.828125 8.6875 -23.01171875 15.5625 -11.4375 57.625
 -2175.5625 1264.140625 -384.194580078125 433.40234375 -1464.146484375 1445.921875 -460.21484375 513.6484375 1280.21875 -76.03125
 298.25 -516.28125 -246.671875 269.8125 79.75 155.5 264.21875 -319.5 -116.5 60.6875
 96.5 -22.09375 -1.5859375 -75.5 -47.1875 -85.0 12.1875 68.75 46.125 109.5
 85504.0 -78504.0 4733.0 4264.0 -904.0 -304.0 2664.0 6608.0 -5968.0 8648.0
 130.25 -61.6875 -7.234375 -64.375 -49.75 -13.0 20.0625 -15.875 9.5 -39.5
 195.5 58.6875 15.66796875 -64.375 -62.125 -33.75 -116.53125 -0.125 31.625 30.6875
 -309.58984375 -500.8251953125 -51.205078125 0.73828125 -72.873046875 69.26953125 131.8828125 -146.6796875 -43.6875 23.74609375
 160.0 300.0 -14.40625 -61.25 -61.875 2.0 -65.125 17.0 -19.5 -181.75
 80.125 -36.125 -17.83984375 -50.125 -3.1875 7.875 -20.53125 5.5 3.5 46.28125
 -51.84375 -54.9609375 -17.3818359375 42.796875 -39.625 43.84375 -41.1328125 -106.640625 25.3125 32.4375
 223.75 16.90625 -85.578125 -62.6875 -100.28125 -90.625 33.75 112.25 23.125 85.0
 2.75 -99.859375 -13.8984375 38.3125 -34.9375 -54.375 46.59375 29.125 33.5 40.03125
 -7.0 36.1875 -142.78125 38.4375 -11.1875 -45.75 -174.46875 119.375 -41.0 317.21875
 -3718.875 -796.73828125 -5019.0947265625 -5605.65625 1357.796875 -1369.96875 214.9296875 -4258.375 -637.609375 -3303.671875
 293.5 415.875 -63.328125 -219.75 75.75 263.5 -391.375 -294.75 -88.0 -112.25
 31.5 34.0 -5.078125 -69.0 -24.625 -59.5 29.5625 90.0 -56.0 57.75
 162.53125 -117.6484375 29.55615234375 51.734375 -10.26171875 -56.21875 33.1796875 -61.703125 75.03125 -34.6484375
 -33.0 48.75 -28.140625 -32.0 20.3125 -76.5 66.875 -115.0 86.75 -88.0
 133.0 157.9375 -50.1640625 -14.625 30.625 -5.0 -64.8125 73.75 -41.625 9.75
 322.0 -6841.125 832.810546875 -9.25 -2254.0625 935.875 -149.890625 695.0 1415.6875 -110.5
 1158.8125 778.765625 156.087890625 88.125 217.1875 -359.75 -192.484375 176.8125 -127.3125 -51.09375
 118.5 -14.6875 2.703125 -45.1875 -9.15625 4.25 -44.140625 8.625 -4.375 12.9375
 -1360.109375 -1230.609375 -405.59375 1356.96875 295.39990234375 -337.34375 339.9375 -1068.734375 -858.8125 177.71875
 -1215.0 1266.5625 -256.015625 46.625 -96.375 35.0 141.6875 53.25 7.5 -113.375
 -1436.0 367.40625 -103.32421875 -242.8125 -59.03125 -18.375 -23.96875 -32.75 100.375 46.1875
 1969.75 -1529.0 192.0703125 169.0 -237.375 234.5 -49.625 25.25 208.0 195.0
 465.375 -632.546875 -15.84375 208.625 -91.8125 -228.0 72.875 -83.3125 15.8125 27.84375
 -114.25 769.75 33.00390625 8.25 106.96875 -219.0 -103.609375 70.375 -141.0 -12.5625
 140.0 6.34375 -27.1015625 -16.8125 8.71875 9.75 -30.03125 -33.25 -47.875 5.1875
 -96.625 -75.671875 -70.61328125 3.5 -37.59375 -85.125 -48.75 -15.0 94.9375 -87.625
 -222.0 29.75 -123.03125 105.0 -159.5 -52.0 50.125 214.0 -89.0 243.5
 -665.25 657.5625 -4.796875 -104.5 118.875 -0.75 67.5 -79.25 -26.0 -29.25
 -1684.03125 -677.359375 -659.478515625 743.0625 608.875 854.0625 272.15625 -235.125 243.375 138.234375
 168.25 -185.6875 118.6513671875 -2812.375 -17.515625 1286.3125 1688.171875 -1203.875 377.5 300.328125
 99.0625 -165.203125 -514.3349609375 289.34375 -159.234375 648.4375 111.9453125 12.5625 261.3125 -122.234375
 4574.5 732.4375 -53.91796875 -992.9375 -557.0625 -63.125 -1765.75 -374.625 -1244.875 448.75
 -275.5 -110.625 -93.671875 -10.1875 -32.9375 -82.5 21.8125 74.125 55.75 50.3125
 -237.5 68.375 -137.796875 -271.625 104.875 42.0 -129.71875 -32.5 346.5 143.125
 631.375 -382.25 107.86328125 -14.25 -15.875 -130.375 -17.34375 239.625 -65.125 -54.5625
 279.25 144.4375 -162.609375 -373.875 -228.9375 -31.25 106.40625 1.75 162.75 57.5
 -3038.0 -3497.5 436.3125 -1082.0 -1524.0 -1352.0 1260.75 718.0 1042.0 168.0
 -258.0 -368.625 -6.21875 245.125 -93.75 -73.0 -5.0 -36.25 -133.75 -26.625
 -4119.25 6907.4375 -741.5625 -470.375 1279.15625 -276.5 559.03125 -672.25 -739.5 -70.375
 3959.0 51371.0 -28804.25 42009.5 -53458.25 17061.0 -5997.875 9510.0 3072.5 -769.75
 135.0 279.0625 7.09375 -72.0 11.0625 7.0 -39.09375 -0.25 -28.5 -5.5
 101.875 -319.46875 -28.5703125 57.875 -8.53125 -38.0 -23.34375 -38.25 24.1875 -5.71875
 -1556.75 -2100.96875 -406.046875 1634.75 -659.90625 152.5 -54.3125 -290.875 -244.875 -203.75
 800.5625 -479.6875 -36.896484375 30.59375 -41.671875 232.875 24.4375 131.5 118.375 -63.3125
 96.25 -28.125 -50.17578125 -40.6875 50.0625 52.25 40.375 71.75 -13.25 54.25
 844.1328125 -465.640625 -318.003662109375 290.8515625 -257.345703125 -242.2109375 239.951171875 -104.2265625 -218.328125 -2.10546875
 371.0 -355.21875 8.78515625 -114.6875 70.46875 14.875 49.1875 -1.125 21.125 -48.3125
 140.25 220.765625 -94.484375 -14.625 -56.65625 -102.5 27.1875 135.5 52.625 121.875
 198.25 -47.3125 22.609375 -123.25 -12.15625 48.5 -71.890625 81.25 -35.375 12.875
 -14.375 0.5625 -20.529296875 -27.71875 -15.78125 -58.75 3.796875 5.9375 -54.8125 -4.96875
 95.1875 30.6640625 14.95703125 11.46875 32.046875 43.75 -59.8671875 5.125 -36.9375 -29.546875
 142.5 -171.0 -15.375 -104.25 34.375 28.5 23.1875 -6.0 105.0 0.25
 -2050.0 2552.3125 30.2265625 -671.625 -118.625 403.5 -360.375 -30.0 185.5 -286.125
 221.5 4271.0 -627.052734375 -737.5625 -5029.984375 3256.6875 1541.21875 -1251.25 718.8125 291.53125
 205.5 480.09375 156.625 77.6875 70.96875 -303.875 -192.03125 116.875 -78.0 50.0625
 -12160.0 -15138.0 2293.25 -4272.0 -5118.0 -4976.0 4072.0 2280.0 3872.0 1136.0
 69.375 263.765625 20.0048828125 -3.875 108.84375 -173.5625 -201.8125 56.53125 296.25 -40.71875
 37.375 135.625 12.5 235.75 200.5 304.5 -30.5 20.0 -262.5 24.125
 40.75 28.90625 -37.1796875 -75.1875 -30.3125 -3.25 -10.21875 4.5 -112.0 6.625
 170.0 -192.125 67.015625 -99.75 297.625 36.5 -435.875 -66.0 336.5 361.75
 74.25 -15.953125 11.7392578125 -38.40625 -12.921875 -27.25 -25.7890625 -2.625 50.15625 37.96875
 94.1875 54.4375 -116.4140625 74.625 -123.09375 -110.5 44.5625 48.375 90.0 70.9375
 920.125 -420.46875 170.84375 -68.125 -271.75 666.25 361.796875 463.75 -553.5 367.375
 701.75 251.0625 -865.0234375 -129.625 87.125 100.0 -66.375 -370.5 220.75 111.5625
 -587.0 1115.5 1060.703125 185.75 -1228.875 -361.5 -1309.625 1813.0 624.5 18.5
 -388.0 -38.25 -132.5 -48.5 -16.75 -230.0 25.25 186.0 -58.0 76.5
 -917.5 5801.125 -176.515625 -190.5 1816.25 -1022.5 484.09375 -839.0 -864.75 5.75
 -790.1875 807.3125 -48.244140625 -66.46875 135.90625 -33.125 31.0546875 -48.9375 46.75 -63.78125
 -3996.0 817.3125 -378.890625 -78.25 -52.8125 238.0 -591.0 -316.5 551.0 265.5
 3.125 15.53125 -21.4921875 70.90625 -35.5 -118.0 129.78125 30.5 12.4375 -1.0625
 -1926.0 1807.375 -83.7421875 -178.0 -120.25 92.25 -222.9375 -269.5 192.75 -411.375
 2535.1875 4184.0 929.462890625 -1822.21875 105.25 525.625 -72.8046875 203.9375 517.6875 234.46875
 19.75 -18.03125 30.59765625 -52.625 7.875 -43.625 -12.09375 -34.75 98.0 93.0
 33.75 117.0390625 -52.56298828125 45.390625 -33.49609375 -93.03125 75.0546875 -7.5 6.21875 6.2578125
 61.28125 -64.046875 -53.208984375 68.9375 15.0078125 -44.4375 5.609375 -50.96875 5.765625 -8.8203125
 170.568359375 -74.16796875 5.640625 27.0625 0.609375 -31.0625 25.75 4.890625 -31.84375 15.0078125
 271.828125 -13.921875 -156.25 -151.5625 26.421875 -90.0 120.0 13.109375 176.0625 155.3125
 69.5 -78.5 -67.29296875 14.5625 45.46875 40.375 -53.84375 -89.5 6.75 -0.625
 2076.46875 -1557.5390625 830.033203125 1463.0 -2088.6015625 130.46875 -1167.53125 1307.59375 532.5 -84.265625
 -5064.25 -18431.03125 -1261.51171875 1155.4375 2728.78125 -5135.125 603.75 849.375 -2216.125 11.875
 -1310.9375 -648.3203125 -709.1796875 728.78125 593.40625 887.375 146.921875 -294.8125 146.0625 181.015625
 115.6484375 -201.899169921875 198.1868896484375 -26.04345703125 81.579345703125 144.3076171875 -157.9326171875 -59.59375 -108.3828125 -4.77587890625
 87.8125 -43.578125 23.068359375 -77.171875 -12.453125 -47.4375 26.8984375 5.125 62.21875 -2.921875
 53.75 -66.4375 -76.984375 7.375 66.6875 59.5 -125.53125 -15.0 -63.875 26.625
 147.5 77.875 12.890625 -95.75 -41.0625 -83.0 4.59375 4.0 44.25 56.25
 1666.125 -14.40625 -670.66015625 432.0 -496.125 -310.75 -417.15625 195.5 -55.25 -304.34375
 -106.25 103.9375 11.59765625 176.125 -0.75 -69.625 131.5625 43.75 -26.9375 91.6875
 296.0 -89.59375 53.546875 -11.6875 -9.34375 59.0 -186.9375 -161.125 -54.75 -47.625
 -543.75 433.96875 -40.890625 58.0 -33.9375 -64.0 28.40625 50.75 24.375 -40.375
 108.75 48.0625 -60.71875 -79.75 34.125 -23.5 -35.4375 49.625 10.5 -4.75
 -504.0 -457.0 657.375 296.0 -248.0 -304.0 -148.5 -200.0 608.0 62.0
 118.125 11.5 62.015625 -117.625 22.0 21.75 11.375 -20.75 61.125 21.1875
 387.625 231.4375 -47.2265625 67.1875 -2.21875 -3.0 -152.0625 -53.5 61.625 73.9375
 -59.5 64.5625 -158.26171875 -20.9375 -211.25 -115.375 201.640625 29.625 117.25 -94.375
 1398.03125 -2221.21484375 17.27978515625 356.671875 -567.765625 300.0625 5.83203125 -140.640625 11.0 -12.265625
 33656.0 -62888.0 7044.5 3568.0 -10123.0 -144.0 -4622.0 4732.0 4924.0 3008.0
 2376.859375 -519.8125 -119.9375 240.625 1.0625 308.75 18.125 384.5 -288.25 -15.16796875
 -819.0 1314.125 494.5 161.875 -251.625 -583.0 -488.3125 274.5 -25.25 75.75
 735.75 -3279.59375 308.88671875 477.4375 53.28125 -826.5 -120.78125 -347.125 -786.375 508.5625
 429.75 73.5 -210.3984375 -635.875 -1012.65625 -1417.75 -183.359375 445.4375 -682.125 162.5
 173.5 70.375 -34.75 -53.5 1.375 -31.5 11.4375 61.5 -38.5 91.125
 -336.0 1623.5 992.4375 -297.0 -4289.0 3116.0 -2726.5 -1726.0 1676.0 924.0
 -2504.0 768.0 1284.25 460.0 -260.0 -768.0 -12.0 -296.0 872.0 -40.0
 316.625 -701.40625 124.298828125 850.625 -30.046875 -688.875 -536.359375 458.9375 -285.0 -48.84375
 126.5625 58.71875 18.193359375 50.875 54.578125 24.5 9.328125 -48.5625 -56.5 -48.625
 80.5 -141.75 -41.0 113.5 181.75 82.0 -148.625 -147.0 60.0 -39.0
 60.5 -35.125 53.40625 -26.25 5.75 69.0 -80.0 37.5 -139.0 44.5
 119.5 -37.4375 -2.3515625 5.25 -0.875 -55.625 -29.375 -22.5 -11.875 -7.59375
 86.0 -34.6875 -31.0546875 -37.375 12.5625 -55.25 -4.25 -10.25 18.75 48.25
 4420.75 -3937.9375 1450.125 3939.0 -3748.25 616.5 -2093.4375 3191.0 902.0 -391.125
 157.875 147.09375 14.87109375 -59.9375 57.53125 15.25 -67.8125 -33.0 3.875 13.1875
 180.75 56.0 -20.0703125 23.125 -29.4375 55.5 -50.125 -38.5 -56.5 30.5
 -243.0 -2.4375 -154.10546875 32.125 -126.625 -31.875 60.3125 169.5 11.5 209.125
 252.25 349.625 69.03125 9.25 88.1875 150.5 -128.09375 -38.0 -77.0 -0.375
 306.8984375 39.4375 9.71875 136.375 -13.828125 256.5 48.03125 -20.8125 -115.875 -101.984375
 245.5 131.5625 -3.703125 -33.875 68.125 50.5 -34.875 -38.0 -12.0 -1.25
 272.0 -139.0 -71.6875 -88.0 50.75 -106.0 28.25 -244.0 698.5 190.25
 -632.09375 -461.078125 3976.1318359375 -2365.515625 -746.6484375 1513.15625 226.40625 -1806.6875 437.828125 -616.0234375
 -203.0 970.0 21.0 193.0 -6.0 217.0 138.0 152.0 -39.0625 37.0
 258.75 -162.15625 172.49609375 307.5625 -149.09375 -164.25 -270.09375 242.625 -266.25 192.625
 83.875 -102.3125 -7.92578125 45.53125 76.390625 -12.0 2.28125 -42.6875 37.3125 -3.03125
 -173.0 120.375 240.5625 7.5 0.25 23.0 -43.0 -160.0 15.0 -86.0
 -204.5 -75.15625 -221.052734375 -12.875 -36.796875 410.875 344.046875 -247.125 27.5625 -36.625
 -28.5 65.9375 -181.09375 -29.25 -14.8125 -78.25 45.8125 55.75 -17.0 16.625
 -79.0 181.25 70.765625 -8.5 -220.75 -16.0 315.0 224.5 -367.0 -144.75
 116.234375 51.56884765625 46.76165771484375 4.19140625 70.67626953125 55.728515625 -97.2099609375 19.14453125 -36.990234375 137.72265625
 1631.5 1486.75 261.65625 -105.0 611.25 263.0 -152.09375 -33.5 188.5 74.5
 -3291.0 1311.0 -450.203125 -178.5 -580.625 -127.0 -28.5 210.5 357.5 118.5
 349.0 -233.09375 139.90234375 -224.4375 -139.4375 156.5 -80.8125 -36.125 -328.0 43.0
 -752.875 2297.84375 -265.87109375 88.375 413.8125 48.0 239.03125 -190.625 -206.625 41.9375
 -1706.5 -1763.5 326.6640625 -1660.75 1805.8125 -2122.25 -461.75 1248.75 -147.75 113.25
 -495.875 -67.63671875 65.2548828125 -79.40625 -178.14453125 125.546875 -193.015625 3.21875 134.828125 -44.1796875
 247.0 38.1875 -149.1953125 61.5 17.5 97.0 79.375 28.5 -177.25 -46.75
 -208.5 364.5625 37.1015625 -130.625 232.75 22.5 -95.125 -57.0 3.75 86.875
 -145.0 39.75 -102.5625 133.75 -74.875 57.0 53.875 154.0 -214.0 2.25
 232.38671875 -1162.48388671875 533.1895751953125 1335.931640625 -347.29541015625 -1046.4765625 -842.33642578125 682.1953125 -451.3095703125 -95.984375
 115.5 4.75 109.75 11.125 -105.125 -63.0 176.1875 143.0 -54.75 -61.625
 301.3125 -289.75 -3574.796875 -4037.6875 -1232.0 -40.5 -4271.0 -3615.625 -1639.25 -1469.84375
 -549.0 1045.5 -292.875 -750.0 -245.5 -286.0 -6.28125 51.0 69.0 607.0
 -981.53125 -510.9140625 246.8466796875 233.234375 -1.9375 -148.4375 36.5859375 -137.078125 137.78125 -188.203125
 -131.5 117.0 -62.3046875 -109.75 -77.375 -59.5 -39.5625 -23.25 70.5 77.5
 -85.5 -90.5 -99.1875 -20.75 -33.25 -69.0 134.625 38.5 -18.5 39.5
 61.46875 91.40625 -54.341796875 210.328125 -43.8984375 -114.0625 187.3125 19.0 23.84375 -29.96875
 -2956.0 -4757.0 -6087.5 32524.0 -13988.0 556.0 -9535.0 6716.0 -670.0 -5380.0
 245.875 -990.375 -88.55078125 -23.125 -203.21875 -47.75 142.421875 124.875 86.9375 -2.6875
 17.75 -166.671875 -84.1015625 0.28125 53.84375 81.5 53.546875 115.0 -184.0625 -113.1875
 114.75 28.5625 41.95703125 -8.5625 42.6875 42.875 -9.96875 -45.25 -64.625 -76.9375
 -453.5 -246.5 -1.625 -30.5 142.375 -99.0 -55.125 -135.0 503.0 137.25
 -48.75 -46.0625 -21.4609375 -41.5 -3.0 195.25 -98.5 25.5 -300.75 -103.25
 185.0 -208.75 -38.25 7.5 53.5 16.0 22.25 28.0 -31.5 41.0
 -57.5 466.125 -183.359375 15.75 -46.0 0.5 95.125 -41.75 29.75 -47.125
 704.0 1120.0 4528.0 -476.0 -2376.0 7677.0 -5588.0 -12706.0 -728.0 3721.0
 29.0 -7.25 -1.625 2.25 0.9140625 0.46875 0.9296875 -0.9267578125 -0.3740234375 -0.265625
 327.0 92.0 238.0 -245.5 103.5 -327.625 33.0625 326.96875 18.890625 -32.6875
 176.0 32.0 308.0 47.0 -401.5 350.25 -353.5 -938.0 -0.40625 94.5
 33.5 -169.53125 -94.9375 92.5 -74.75 -34.75 -8.390625 -16.0 -37.25 22.875
 8821.5 10331.375 3305.25 -1096.5 5882.625 -9673.0 -2674.875 2420.0 -3807.5 -228.0
 11.875 105.53125 -72.107421875 -56.0625 8.21875 -27.0 44.375 8.8125 54.75 0.28125
 -51.0 -13.625 -114.8046875 56.75 -107.1875 92.75 42.0625 137.0 -422.625 -133.75
 -298.0 8.75 29.3671875 -42.125 -92.75 22.5 107.0 70.0 -235.75 -79.625
 115.25 -108.625 -74.0625 -6.0 -68.5625 -31.75 73.875 41.0 -67.25 35.875
 -68.0 224.5625 -168.1953125 177.5 -58.625 -52.5 292.25 162.75 -137.25 -103.625
 -20.0 -60.125 -95.890625 -47.0 -122.25 -41.0 41.5 79.5 -66.0 18.5
 297.0 -36.1875 46.09375 -54.0 92.625 83.0 -162.75 -88.5 44.5 -103.75
 33.0 -296.25 9.7265625 10.15625 2.359375 -6.533203125 12.234375 -9.1328125 -5.603515625 -1.087890625
 18312.0 -8895.0 2035.25 296.0 2420.0 -1248.0 1922.5 256.0 -4652.0 2334.0
 -419.8125 -433.21875 -464.1875 -163.25 -461.8125 61.25 -307.890625 394.5 -748.0 -28.5625
 125.0 67.375 -90.9765625 106.375 -15.875 -71.0 113.75 153.25 -145.75 11.5
 -3914.0 2481.625 -1107.046875 421.5 -794.0 -466.0 959.25 471.5 462.0 -236.75
 2314.625 -6998.5625 3199.142578125 -7986.9375 14.0625 1379.375 2794.75 -2120.75 702.625 431.625
 100.125 157.453125 -653.0 -363.5859375 3.875 572.3125 -395.5390625 -123.90625 -134.77734375 37.703125
 -2092.9765625 -198.291015625 -725.25390625 -551.2578125 1107.802734375 -634.046875 355.7578125 -172.9921875 -265.6953125 107.12109375
 -0.875 3.8125 -30.4375 -27.0625 -1.46875 0.0 -15.46875 103.375 -80.75 60.3125
 95.5 94.125 18.109375 -89.125 27.4375 -20.0 -27.0 -51.25 84.25 47.75
 1.0 -42.3125 -47.859375 -29.0 -12.875 -23.5 -50.6875 4.5 -12.25 -11.875
