73.25 -146.1640625 -80.5 -101.5 83.10546875 -252.25 -2.3125 -3.125 -60.75 109.3125
 1330.25 -185.765625 -116.9375 -1248.453125 -780.369140625 -692.4375 309.1875 -198.3125 363.65625 315.25
 173.5 177.40625 -140.0 -99.25 22.546875 -246.75 5.375 131.75 59.75 67.125
 213.5 -75.390625 -31.875 -14.8203125 6.212890625 -7.1875 28.40625 22.75 -17.28125 -30.34375
 -2516.0 1564.625 508.0 358.0 19.53125 -405.0 480.5 408.0 853.5 -875.5
 324.5 22.0 -73.25 21.25 28.8046875 -220.0 172.875 116.25 -169.625 -104.625
 -28382.5 -108.5 5777.5 920.09375 -4732.5 2554.546875 -6329.125 -8380.5625 2208.75 8699.6875
 1374.125 -108.6015625 -72.3125 -117.375 126.9638671875 -80.875 -95.21875 73.9375 -70.59375 -44.4375
 -2774.0 67.0 -842.0 1097.5 87.90625 -210.0 -621.0 -530.5 -445.75 -849.25
 -3885.125 -2103.396484375 473.046875 -3438.671875 412.1357421875 820.46875 200.921875 339.28125 -663.53125 -203.71875
 1265.0 -207.296875 -87.90625 -56.984375 220.482421875 -122.5 -257.96875 -217.625 -85.375 355.84375
 19767.703125 -3662.23681640625 -863.35546875 -8739.1171875 -5830.5029296875 4025.7734375 6225.234375 1966.8671875 2060.94921875 2693.28515625
 -3541.5 92.4609375 522.09375 -329.25 108.373046875 176.125 179.5625 -41.125 28.5625 145.78125
 -252.25 -49.0234375 -6.84375 167.828125 151.921875 -144.5 -172.03125 -149.3125 -36.9375 -116.5
 520.0 62.984375 -214.875 -95.625 20.1015625 -87.0 53.625 67.5 -71.25 18.8125
 -345.796875 104.954345703125 63.08203125 44.1923828125 69.44189453125 69.33984375 -1.568359375 17.44921875 -10.962890625 -1.744140625
 261.0 395.375 -488.0 -90.5 -5.53125 -176.75 148.25 245.75 -5.25 -44.625
 -5027.75 -279.78515625 791.40625 -2298.640625 360.744140625 817.3125 335.0 205.4375 -429.0625 -35.125
 -4275.375 70.734375 861.71875 299.6875 1564.9892578125 416.34375 -558.296875 -199.28125 -683.828125 -241.328125
 332.0 329.796875 -144.375 -120.875 202.453125 -348.75 41.25 168.0 13.5 73.25
 5432.25 -134.390625 -553.5 -163.0 314.0625 -350.0 -164.5 282.0 -216.0 -389.75
 -2277.0 183.0234375 -27.6875 139.375 -124.68359375 -17.5 -11.3125 72.3125 16.0625 266.1875
 -2378.0 19.28125 412.375 -160.25 456.46875 53.25 -90.25 13.0 -185.75 44.125
 -2294.0 85.15625 375.875 18.125 415.125 -157.25 -250.375 205.75 101.875 115.0
 437.75 14.90625 16.875 -95.03125 8.10546875 63.0 -51.25 37.625 12.25 99.6875
 334.25 260.140625 16.1875 86.828125 63.1796875 632.125 346.875 525.875 -10.0 102.375
 272.75 83.6875 -172.75 -106.125 -1.53125 -169.75 95.375 17.5 -91.75 -132.75
 -2130.0 -22.0625 9.09375 148.21875 47.44921875 -139.875 -161.5 -262.625 -41.375 -191.9375
 -1811.5 -253.41796875 96.5 -697.484375 58.64453125 481.3125 79.21875 203.5 -115.40625 -44.40625
 365.0 159.046875 -280.375 -137.875 212.640625 -348.0 49.5 98.0 -128.0 126.875
 -68.0 310.375 8.25 115.5 202.75 -668.5 -40.0 653.5 -61.5 -279.5
 -2532.75 704.03125 66.5625 -19.6875 37.46875 1280.125 -151.0 623.5 -135.125 -216.4375
 -3578.0 -22.3125 337.75 -296.75 -52.8125 -44.0 415.0 173.0 -77.5 23.25
 321.0 124.8125 255.34375 -49.75 -131.46875 142.47265625 -112.3779296875 -169.96875 116.53125 -97.234375
 177.0 199.34375 -153.0 -98.1875 34.3515625 -143.75 72.875 70.5 -26.375 -75.875
 19264.0 1776.0 -7380.0 1992.5 -11409.625 -2248.0 4917.0 -160.0 4250.0 2288.0
 142.0 81.01953125 0.0 -30.96875 -74.3046875 -79.5 28.3125 65.25 -42.0625 -36.0625
 -283.5 -62.640625 -58.875 -11.78125 34.98046875 -23.625 -270.0625 142.0 177.5 128.5625
 -228.3125 -200.3857421875 -8.07421875 -2.16796875 -43.369384765625 -5.625 91.00390625 -65.1328125 8.82421875 43.787109375
 6388.0 -879.3125 -242.5 -301.5 -165.5625 162.0 -175.0 43.0 -651.0 -126.5
 276.0 134.21875 -42.25 -255.375 -33.46875 -36.5 125.5 -54.5 -74.0 47.75
 276.0 673.6875 -216.0 -166.0 215.25 -476.0 297.0 134.0 -43.0 -250.25
 31.5 93.5234375 -172.125 -101.25 3.9453125 -214.75 -104.5 41.5 173.25 26.375
 205.5 73.390625 -143.75 -60.1875 42.1484375 -219.25 54.125 35.75 -52.375 64.25
 -1924.0 980.625 726.0 -1195.75 96.03125 2805.0 2326.0 2290.0 -299.0 1011.5
 -137.5 -142.78125 -132.5625 -30.828125 50.302734375 -220.625 65.90625 -3.25 -178.8125 56.25
 9.9375 -7.55126953125 6.92578125 -14.88671875 -4.762451171875 42.796875 -50.859375 -44.640625 42.3984375 -3.734375
 1762.0 37.28125 -142.0 -164.625 -244.6640625 220.5 -147.5 254.0 -106.0 231.0
 -2658.5 108.5390625 6.59375 419.328125 -22.435546875 280.0 -188.71875 -11.0625 -186.25 8.8125
 528.625 -86.88671875 11.125 251.859375 -89.689453125 9.125 58.40625 197.75 189.59375 4.5
 399.25 -276.96875 172.4375 -98.375 31.40625 -157.5 -124.5 -102.25 -178.25 410.875
 22210.1875 -6808.9921875 -4549.265625 -347.265625 3525.05029296875 4566.65625 544.171875 3766.65625 427.90625 -705.171875
 -595.0 91.8125 186.25 -50.875 -325.4375 239.0 -106.75 -561.0 -40.75 263.0
 1136.8203125 -20.516357421875 -98.90625 -20.517578125 98.013916015625 15.76953125 -89.462890625 28.09765625 -73.59375 -90.146484375
 -3372.25 -150.1015625 84.59375 451.828125 -4.845703125 -130.1875 311.5 -39.0 120.96875 41.0
 9360.0 400.0 -626.0 -1490.25 -1110.1875 662.0 742.0 1000.0 538.0 598.0
 -87.5 -50.9140625 -27.5625 -85.9375 41.765625 -137.5 -16.125 -46.5 -172.875 65.125
 59.5 -229.609375 143.375 -19.5625 4.265625 -33.375 312.0 -111.0 -449.1875 -54.9375
 -132.5 202.15625 -120.75 -104.1875 -23.234375 -19.5 74.5 19.25 58.25 176.25
 -222.0 115.09375 -167.625 -69.03125 49.9375 -155.0 68.125 29.875 -69.125 -52.25
 -2303.0 -140.4375 475.125 -293.25 833.5625 158.0 -408.0 29.0 -454.5 -12.5
 68.0 174.265625 -26.75 104.125 54.640625 -354.0 172.5 -0.5 -35.25 -24.75
 -1864.0 -453.75 -760.0 -200.25 531.84375 -66.0 -1557.5 769.0 1803.0 501.0
 356.0 59.8125 -36.125 -33.25 158.84375 -394.25 81.625 150.5 -18.25 -16.875
 -2975.0 190.15625 -220.0 -196.625 -259.109375 240.5 -376.5 -18.5 -144.75 -159.25
 -235.25 1.8515625 -78.5 -130.0625 57.125 -111.375 72.5625 -48.0 -195.75 83.3125
 -8170.625 -531.9033203125 5700.2890625 -689.578125 -975.564453125 -2231.9375 -228.40625 448.34375 904.03125 -258.8359375
 -8.0 6.0 12.625 -7.0625 -22.453125 -47.25 28.125 20.5 -39.125 98.875
 1084.0 4.25 118.0 54.375 -68.109375 46.5 147.0 -128.0 -323.5 51.25
 -5184.0 1155.125 2290.0 1606.0 2674.0625 -2338.0 -1188.0 -2376.0 658.0 -571.0
 -673.25 87.390625 -37.25 101.90625 71.091796875 47.25 -269.96875 -156.375 -88.0 -117.21875
 169.0 -66.5625 5.5 71.9375 136.5703125 -46.75 74.125 93.75 -19.5 -25.75
 24789.59375 17694.4140625 -12691.28125 -11798.95703125 7284.36328125 -5199.578125 634.5078125 5367.46875 6356.5390625 -5057.8671875
 309.0 248.25 -63.0 -86.3125 -11.6015625 -134.5 100.625 54.25 -43.75 -91.125
 908.0 273.0625 -362.5 -169.875 139.046875 -249.5 32.25 151.5 174.0 -275.75
 12466.0 363.6875 -235.0 -981.25 445.21875 730.0 249.5 875.0 186.0 296.0
 102.6953125 389.987060546875 163.2109375 87.498046875 -61.581787109375 183.74609375 -153.21875 226.83984375 -12.404296875 118.591796875
 255.5 -86.99609375 48.0 1.4375 -21.046875 -58.0 70.75 39.25 -216.25 6.25
 191.375 -151.5888671875 103.1015625 -17.65625 41.8935546875 27.515625 -147.9140625 58.03125 116.0546875 8.53125
 -6124.625 724.37890625 -112.34375 953.609375 -711.6064453125 552.28125 526.625 419.5625 440.71875 -364.046875
 4375.5 521.568359375 -196.171875 2119.9609375 -194.9619140625 -790.4375 -290.296875 -179.9375 431.46875 -29.96875
 1.5 170.15625 -155.25 -49.5625 -28.046875 -122.75 140.625 34.75 -106.0 -105.5
 196.25 33.5 -30.6875 61.03125 90.62109375 41.0 -56.40625 -13.875 -76.375 -52.09375
 12676.0 608.125 -3305.0 831.5 -4230.78125 -749.0 1484.0 -180.0 1539.0 724.0
 642.5 -118.25 267.625 -11.0 88.078125 -71.5 -99.0 -21.5 -76.5 326.0
 -1160.0 266.59375 341.4375 -137.75 239.1953125 717.5 695.875 649.0 -136.625 298.125
 -1246.25 25.7109375 134.5 50.609375 130.69921875 -80.125 260.9375 36.0 9.625 -9.5625
 146.0 -93.90625 59.25 -34.1875 20.109375 76.5 -22.25 -84.0 -109.75 61.5
 374.5 -24.140625 41.75 -55.0 -30.41796875 70.1875 -66.25 -18.8125 -16.8125 60.03125
 -1193.0 -41.09375 154.875 -56.75 161.4453125 115.0 -58.25 -5.75 -44.75 -6.375
 281.25 -124.40625 89.28125 -90.75 8.44921875 -56.875 -36.125 -25.375 -68.75 171.28125
 64.0 -19.71875 37.0 34.0 -17.8828125 9.0 54.0 23.0 -119.5 -5.5
 1614.0 -53.46875 50.25 -288.75 16.9609375 -10.75 32.5 66.5 25.75 -5.75
 204.25 176.1015625 -80.125 -10.65625 10.859375 -167.375 -20.625 56.0 -52.75 94.1875
 -20064.0 3538.0 -3240.0 -38056.0 -21150.5 4384.0 12056.0 3872.0 2196.0 5860.0
 -2747.0 1401.1875 724.125 444.5 773.328125 2200.0 105.25 1218.25 -292.75 -177.25
 716.0 252.53125 -428.75 -196.25 134.6875 -458.5 76.5 133.0 -145.0 -37.25
 -4234.0 185.375 490.0 11.125 855.625 66.5 -348.5 55.0 -238.25 -43.0
 -79.0 -263.8125 181.875 -100.8125 -99.3203125 -55.0 -82.25 -150.75 -142.5 397.75
 100.0 150.03125 -572.125 -166.25 89.53125 -354.25 207.75 205.25 -120.875 -189.25
 -620.71875 -151.234375 96.5234375 -26.9140625 55.07080078125 292.671875 101.1015625 144.125 -141.96875 116.859375
 -261.0 610.8125 -189.25 -118.75 58.3125 -96.5 309.0 267.5 139.75 -384.25
 208.0 158.171875 5.1875 -96.4375 31.4375 -113.25 44.25 25.25 -52.5 15.125
 248.0 26.125 -1.5 -73.875 -23.984375 -3.0 -85.75 -107.0 -47.5 63.25
 179.5 69.5859375 -69.71875 -42.5 -38.3125 -47.0 75.0625 23.0 -40.0 102.5625
 452.0 233.484375 -249.75 -103.75 42.140625 -229.75 54.0 99.0 -29.625 8.0
 282.0 188.125 -390.375 -305.125 59.375 -272.5 -135.5 107.0 89.5 218.875
 17915.84375 16540.1064453125 -10654.1484375 -8703.08203125 7183.7119140625 -4608.265625 227.59375 4457.375 5587.53125 -4324.4375
 538.0 -920.625 232.0 -165.0 -201.9375 252.0 -731.0 -253.0 -89.5 557.0
 569.0 233.59375 -297.25 -17.125 -55.609375 -149.5 168.5 85.75 -54.0 -69.0
 593.5 -100.34375 -237.125 78.625 -1.63671875 -255.75 -347.6875 314.25 142.625 -124.4375
 106.0 298.375 -825.5 -13.25 -35.140625 -452.5 260.5 159.0 -116.5 -450.0
 302.0 131.859375 -144.5625 -118.3125 21.421875 -117.875 11.0 170.0 91.5 33.9375
 -464.5 -820.78125 12.625 -887.625 -73.2109375 -491.5 71.125 676.25 -514.625 435.625
 1525.75 153.4375 213.71875 -307.953125 62.1953125 282.9375 382.25 349.25 59.125 132.875
 225.75 68.140625 -28.875 -63.28125 5.51953125 55.75 22.75 1.25 12.0625 62.21875
 -9199.8125 2117.03125 2021.830078125 2678.0625 2059.84375 1760.896484375 493.25 1197.125 -309.3125 80.3125
 -5771.0 -73.28515625 842.0625 -277.359375 580.375 77.6875 12.09375 -31.1875 -97.6875 160.90625
 -1250.0 -58.453125 79.5625 19.65625 -5.53125 35.375 57.25 -47.75 12.6875 28.75
 4147.0 50.375 -494.75 155.8125 -229.2890625 62.5 -197.25 81.75 -74.25 -68.375
 792.5 -45.390625 -110.875 -77.1875 -8.0546875 -60.25 39.875 88.5 -64.5 -91.875
 4621.5 900.55078125 -788.125 -939.4375 -1458.734375 1137.5 982.625 1314.5 199.125 200.375
 -48.75 -63.0 -1.0 -44.03125 -82.25 93.0 -8.4375 -32.25 -85.3125 -10.1875
 1382.0 -119.1875 -12.0 -129.125 -70.375 97.0 -7.0 -29.0 -195.5 66.0
 -331.0 94.59375 125.875 -87.3125 96.96875 -130.5 -15.0 39.5 57.5 152.5625
 -6416.5 110.7109375 340.96875 44.859375 -86.220703125 -340.875 608.15625 -96.1875 304.78125 91.9375
 -35.625 0.34375 -9.546875 8.0234375 2.484375 -28.8125 26.4375 28.75 -23.34375 6.25
 -324440.0 37201.34375 242699.75 80441.5625 -27354.265625 -143990.25 -25525.25 -9862.0 54539.25 -8828.875
 -427.25 -266.9453125 -54.875 135.078125 -36.796875 -240.125 -91.5 -191.5 14.75 -84.28125
 2672.0 445.28125 473.25 153.3125 48.734375 120.5 568.0 36.25 -372.0 -341.375
 -1009.75 -40.03125 98.8125 -32.828125 -77.912109375 -66.125 -182.46875 48.0 133.8125 59.78125
 -534.0 300.3125 -938.75 -213.75 -26.28125 -425.0 240.0 18.0 -247.5 -153.25
 -34684.0 -293.0 6090.0 -5064.5 1454.875 848.0 3717.5 911.0 1712.5 1567.5
 143.5 535.3125 242.625 1.0 -3.03125 -297.5 -189.0 -40.0 2.5 623.25
 1050.125 37.140625 -156.203125 -15.109375 23.841796875 -17.3125 -25.59375 -9.6875 -5.5 -94.328125
 -169.0 50.5625 70.25 -87.1875 53.8515625 58.0 62.75 -59.0 72.75 -0.75
 -1366.0 49.4296875 163.9375 -103.5625 87.130859375 74.9375 49.71875 3.1875 -16.125 -8.84375
 116071.5 -976.703125 -97030.625 27828.53125 16711.8984375 45041.75 447.0 -2281.5 -15989.5 3147.3125
 397.5 -13.453125 65.90625 -44.109375 -48.08984375 91.25 28.125 -22.6875 -32.3125 56.625
 489.0 98.875 -382.25 -118.8125 -71.1953125 -271.75 44.75 75.25 -108.125 16.8125
 -4826.0 -1747.4375 -817.875 30.0 -181.66796875 -924.5 -611.6875 -1081.875 -384.125 -274.125
 -539.875 195.44921875 -146.90625 -207.140625 -175.650390625 279.4375 -70.21875 142.75 -50.5 5.0
 -104.0 -24.84375 46.875 -111.1875 12.265625 -108.5 -75.0 -32.25 -91.75 284.0625
 -1412.0 4.5 246.875 4.875 -24.2890625 81.25 144.5 -76.5 -120.125 -65.375
 4339.5 -2.8046875 -353.0 179.6875 41.54296875 38.125 -247.9375 55.625 -57.5 -2.5625
 42.25 -118.09375 10.25 -126.3125 60.03125 -120.5 -42.125 55.75 -227.5 250.5625
 303.0 102.15625 -179.625 20.71875 -38.65234375 -53.75 231.375 60.75 -72.375 -251.375
 98.625 2.68359375 -24.34375 -18.8125 34.39453125 -40.21875 3.09375 30.9375 -46.59375 -51.171875
 -59.25 6.265625 -16.65625 -56.1875 14.015625 -9.5 -69.875 -4.375 45.75 15.71875
 210.0 464.84375 -145.75 -136.625 2.609375 -103.0 108.75 106.0 20.0 -64.5
 -10601.0 -679.28125 1670.5 -878.625 2474.015625 517.0 -197.25 -156.5 -1252.75 43.5
 83715.5 -5229.3828125 -60247.5 -13238.875 7359.994140625 32807.5 5627.65625 535.5 -12541.09375 2558.03125
 -351.0 87.41015625 238.65625 -27.484375 238.97265625 319.8125 217.875 239.0 -65.09375 89.125
 1.375 59.587890625 -57.3125 46.09375 29.21875 15.1875 -1.3125 -60.5625 -28.125 -12.125
 -2025.0 -137.125 255.5 -314.625 -325.15625 543.5 -6.75 -182.0 7.625 105.5
 59.9375 -8.75390625 21.140625 15.5 13.5390625 11.546875 -20.375 2.75 -18.8125 -2.40625
 -882.0 100.375 -249.5 -668.75 801.09375 553.0 1736.5 -453.0 -975.5 -1470.0
 -396.5 -190.0625 668.5 -300.8125 -106.53125 -317.0 -331.25 792.75 569.625 -179.5
 233.5 63.0078125 22.0 -34.4375 -18.828125 -199.375 74.0 -20.5 -145.0 76.6875
 538.0 460.125 -297.25 118.25 -19.0 -503.5 403.75 291.0 -63.75 -252.25
 553.5 -96.59375 79.0 -12.875 37.234375 54.5 -0.5 336.0 98.0 -50.25
 1838.0 452.875 232.0 -550.375 -91.78125 552.5 867.25 -1162.0 -536.0 674.25
 12938.0 703.8125 613.5 732.8125 1965.125 3523.75 594.5 2256.0 -445.5 -423.75
 -128.0 116.8046875 87.75 -70.5 260.5703125 -412.5 302.75 188.5 -192.0 -86.625
 1606.625 127.46484375 -220.0625 -73.84375 -67.265625 4.625 107.375 44.625 -156.625 -24.3125
 -2867.25 -76.890625 417.1875 -106.484375 462.564453125 46.625 -8.4375 90.8125 -103.8125 -112.203125
 -8508.0 -439.0 -71.0 -494.0 517.625 -118.0 99.0 62.0 -112.0 -351.0
 772.375 -58.32421875 -110.15625 -120.40625 -44.7890625 117.25 217.53125 -103.75 -138.96875 -202.546875
 3677.0 -307.546875 -192.25 -235.1875 114.3046875 115.5 -104.375 -163.0 -110.0 -161.0
 -2065.0 126.9609375 157.375 -128.0625 73.828125 510.5 152.9375 240.75 -44.125 -48.375
 155.09375 92.734375 19.0390625 7.806640625 155.9599609375 -71.171875 29.234375 118.875 26.6796875 7.39453125
 -140.5 -82.3125 58.125 153.65625 -8.6875 6.25 -242.25 52.5 70.375 233.5
 188.5 1.3515625 29.28125 -21.0390625 0.876953125 34.1875 13.1875 -73.625 -60.875 32.75
 99.90625 25.853515625 -51.921875 30.390625 6.5859375 -41.1875 47.0625 42.0625 -36.125 -91.7890625
 406.4375 -28.3125 84.0390625 -56.625 -24.96875 -52.4375 -78.5 -25.46875 -29.75 -24.375
 -784.0 3034.0 81.0 847.0 730.6875 -2498.0 -1132.0 2170.0 882.0 -2383.0
 -1143.25 -985.9140625 -540.6875 -858.21875 -142.47265625 643.5 -30.75 247.0 -346.0625 -206.4375
 6905.0 1300.5 5.0 -550.5625 -125.6796875 -141.0 443.75 -202.5 -132.75 -88.375
 -2082.5625 -116.6748046875 -211.361328125 209.0654296875 -151.1134033203125 -60.140625 276.5625 19.484375 104.43359375 -144.23828125
 223.0 -50.01171875 -13.03125 -40.84375 -33.232421875 -6.8125 -46.65625 -29.375 -18.375 24.4375
 224.1875 -0.2880859375 45.6953125 -44.7890625 -47.51611328125 69.609375 3.375 -121.484375 -19.0625 86.1171875
 -210.0 52.875 157.5 -2.625 -4.65625 -75.5 21.5 176.0 16.5 -178.75
 247.25 120.1875 68.375 -38.8125 6.328125 -61.5625 71.75 23.6875 -127.96875 27.46875
 658.5 436.54296875 245.8125 4.609375 -194.47265625 412.25 310.3125 159.8125 99.875 81.5
 457.0 67.015625 -86.75 -157.5 41.2109375 -4.75 -0.625 -32.75 -82.875 215.8125
 221.0 317.8515625 -4.25 -193.1875 60.578125 -299.5 29.0 67.0 -38.0 102.75
 -35502.0 1139.9375 3632.0 -1770.75 -1820.625 -1471.0 3981.5 1394.0 3043.0 2474.0
 -401.0 61.75 -184.5 -67.625 208.6875 -431.5 194.75 71.5 -131.0 -113.5
 1841.0 -274.3125 129.5 50.5 33.21875 -125.0 -320.0 388.0 78.0 -53.5
 -684.0 1637.375 199.0 -53.0 176.625 -777.0 -576.0 876.0 511.0 -997.5
 142.0 -586.5625 -307.5 -64.75 163.375 -550.5 -389.5 466.5 -361.75 -48.5
 145.0 110.9375 70.875 74.3125 22.6875 55.5 -86.75 -42.25 369.75 -169.0625
 -13468.0 2781.5 3194.5 3167.0 4032.71875 5945.0 152.5 2762.0 -1188.0 -511.5
 -10808.0 495.9375 335.0 279.625 -806.046875 -909.5 1153.75 388.5 850.0 583.25
 2804.5 534.9375 1360.5 -815.5 47.1875 783.0 332.0 104.0 1292.0 -31.5
 -808.0 21.44140625 -54.65625 -110.40625 -202.658203125 1.8125 86.96875 13.25 -9.40625 75.3125
 25732.0 -401.375 -2598.0 -1017.75 -295.78125 723.0 -1954.0 220.0 -1624.0 -53.0
 74.46875 -639.7530517578125 -257.15234375 -563.970703125 -1012.302734375 -17.5625 -661.03515625 548.84375 -392.98046875 -693.6640625
 488.0 290.28125 -342.875 -148.1875 22.1015625 -235.75 138.125 120.25 -112.25 -51.625
 5800.25 -332.90625 -715.625 -658.59375 -505.9921875 -566.5 57.4375 315.375 -84.0625 -0.5
 418.875 23.890625 -133.90625 -63.875 40.125 -42.25 73.25 -77.0 -26.75 -132.5625
 1169.09375 -75.68359375 -205.21484375 -168.314453125 -169.638671875 514.9609375 100.77734375 363.5703125 -36.1640625 -17.875
 -1926.0 109.84375 8.875 16.0 80.703125 -4.5 188.25 -114.75 -63.75 -40.875
 183.0 201.0 -147.625 -208.25 169.875 -534.0 59.5 103.0 -113.25 286.25
 -108.0 -85.03125 -230.25 -57.65625 66.546875 -176.0 -150.375 180.25 -57.75 -54.375
 -490.0 316.390625 -116.5 -174.8125 57.171875 -223.5 63.5 85.5 -22.5 -37.375
 632.0 316.75 -123.0 -224.125 211.84375 -338.5 134.75 126.0 -118.5 -168.5
 -21219.25 -318.74609375 382.6875 -2277.125 6207.8359375 5504.25 914.0625 4025.5 291.25 -1294.875
 57.75 -1.921875 -88.9375 -65.78125 74.3828125 -228.75 -25.5 40.75 -60.25 102.3125
 403.0 -275.375 343.5 -79.6875 5.3984375 227.0 -149.75 -82.0 -97.25 263.5
 728.0 170.0625 -494.5 -270.0 325.8125 -764.0 399.0 97.0 -428.0 -37.0
 514.5 105.84375 357.375 -98.5625 -5.046875 125.625 -132.5 -19.5 216.625 102.5
 -748.4375 -74.2508544921875 213.296875 59.625 13.4921875 141.9375 62.875 -42.8125 -66.75 56.689453125
 313.625 66.703125 28.375 -80.875 76.265625 -67.625 -39.0 6.125 29.375 142.03125
 174.0 660.875 293.5 -49.25 -67.5625 926.0 406.5 -767.0 654.5 206.5
 11938.4375 11020.265625 -3083.71875 9145.9140625 -1585.125 -4229.90625 140.625 -4018.46875 1477.6875 1524.96875
 28.0 308.0 37.0 104.0 40.0 -142.5 -3.0 124.0 -37.125 100.0
 -13488.0 260.015625 631.0 223.0 -14.2421875 43.25 -120.625 -637.0 107.625 -14.75
 152.5 19.828125 -7.875 -60.46875 25.703125 72.5 17.5 -90.25 -56.25 41.5625
 -216.0 -178.6875 125.0 -48.0 -29.671875 -258.5 -361.0 198.5 84.0 -64.5
 -955.0 -1030.25 1138.5 1154.875 2173.84375 -1375.0 -1256.25 -1448.5 -185.25 -515.25
 -206.0 115.890625 -11.0 -125.96875 46.203125 -37.5 97.25 73.5 -86.75 -47.875
 168.25 -98.609375 33.25 6.46875 47.5234375 -134.75 -67.875 78.125 -62.34375 38.0
 -53.0 20.03125 -19.125 -48.5 -10.5 41.5 133.125 81.0 -198.375 -97.25
 4968.0 407.5 -1085.15625 425.0 -1244.28125 -275.625 613.125 72.0 584.375 -131.46875
 -318464.0 -6800.0 18304.0 34304.0 -17152.0 10496.0 -33152.0 1280.0 38912.0 29568.0
 612.5 118.5625 201.9375 -96.6875 -16.09765625 37.375 -71.5625 99.5 73.125 -96.4375
 -908.25 -3.736328125 24.5625 -7.0703125 -36.859375 -80.96875 70.453125 3.125 22.046875 -24.265625
 -7080.0 1912.3125 1661.5 5178.375 2027.734375 1477.5 -680.0 1137.0 468.25 -76.75
 4698.5 -51.0 -615.875 -24.125 -458.296875 -73.75 70.375 -81.0 100.125 11.25
 297.0 -98.9375 67.5 -99.875 169.0546875 -31.25 -38.5 -35.75 -3.375 -2.75
 -10926.0 -52.75 347.25 -161.625 -164.78125 -35.0 1190.5 -725.0 -157.0 -497.5
 387.0 -649.9375 -117.0 19.625 -81.5703125 -701.25 -272.625 558.0 -388.375 -60.0
 1602.0 -901.5 -1020.75 -1291.6875 -835.046875 27.25 -127.375 12.25 -216.25 -57.75
 536.0 -709.4375 -259.0 186.875 48.40625 -1071.0 -200.5 609.0 -630.0 -161.5
 254.5 1133.75 -498.0 245.75 540.0 -894.5 74.0 -89.0 248.125 515.375
 -605.375 -82.421875 -158.3125 64.3125 -42.3828125 -93.3125 -13.8125 -61.75 -18.25 102.953125
 -1290.0 3072.484375 2954.75 1005.9375 -2218.8046875 1622.5 72.25 -1044.25 1459.125 -1451.5
 -409.25 -52.37109375 21.3125 -24.390625 -0.2109375 35.1875 -14.3125 6.8125 -42.5 20.78125
 -130.0 257.0390625 -295.0 -137.1875 -114.015625 -220.25 146.5 59.0 -153.875 26.0
 268.75 -78.53125 30.3125 4.1875 -14.53515625 -31.25 -98.5625 128.125 10.125 -50.375
 670.0 -963.390625 -450.375 -1643.25 28.453125 979.75 164.125 643.5 -373.75 95.125
 -7868.0 30.0625 1335.0 23.0 2404.4375 504.0 -872.5 -410.0 -994.0 -421.5
 241.0 12.15625 -37.5 18.625 -19.0 -240.5 -83.0 342.0 3.25 -122.5
 4294.0 -1437.125 236.5 289.0 -787.09375 1729.0 412.5 -2161.0 -1525.0 573.5
 300.0 -749.25 -283.5 -175.625 111.796875 -780.0 -252.0 275.0 -637.0 -178.0
 -52.0 13.046875 176.3125 179.65625 -2.86328125 -36.75 -25.5 -37.875 87.5625 -16.0625
 219.25 63.25 -26.375 -87.9375 -41.0390625 115.125 -87.875 -7.75 123.5 77.3125
 400.0 -0.703125 -1.75 9.46875 5.5859375 34.0 110.1875 -60.875 -159.0625 -8.5
 100.25 927.078125 7.25 137.65625 -350.5 366.625 -514.5 654.625 -622.4375 -593.671875
 44.25 -0.0546875 4.5 -1.1875 0.25 -1.3671875 2.55078125 1.05859375 0.4453125 -1.06640625
 165.0 -112.0625 -8.5 29.78125 69.25 -57.75 68.4375 -85.328125 65.7265625 31.8125
 272.0 1258.0 8.0 -1514.0 -1272.0 484.0 -823.0 2448.0 -1628.0 -1355.75
 518.5 -67.78125 103.0 -49.5 -88.515625 -14.375 -76.25 4.875 -42.875 119.5625
 3685.0 -1291.4765625 -325.625 458.3125 402.15625 -2787.25 -926.5 -1792.25 280.25 -260.125
 1645.0 -475.96875 808.5 167.1875 -204.1640625 196.25 -498.75 393.5 121.25 250.5
 15.25 -14.48046875 -87.03125 -66.359375 -10.3828125 -3.5 74.15625 -82.375 -39.03125 -86.75
 232.25 127.458984375 46.71875 -51.03515625 29.60009765625 20.421875 84.765625 -107.375 -65.328125 -99.015625
 241.53125 73.40087890625 -64.12890625 -51.357421875 15.992919921875 -155.703125 59.525390625 70.5546875 -46.58203125 -101.298828125
 2152.875 -81.078125 -83.8125 -124.65625 159.1640625 -68.375 -86.625 31.75 -169.125 -63.6875
 1348.0 -1427.75 1089.0 311.5 118.875 -53.0 -614.0 -100.0 -152.0 480.0
 73.5 -190.78125 265.25 105.0 -169.6484375 148.25 -150.6875 31.875 149.25 74.3125
 268.0 -314.78125 -718.84375 3.7451171875 -192.4140625 -110.7265625 -54.6298828125 -23.966796875 -27.0789794921875 -19.3502197265625
 172736.0 -14696.0 14304.0 -62952.0 40827.0 -35776.0 16848.0 39232.0 -9488.0 -11440.0
 156.0 -78.4765625 -364.75 -203.53125 104.9140625 -290.875 29.625 39.75 -270.375 40.6875
 321.0 -108.09375 -17.8125 -130.5625 11.9453125 75.625 -61.0 18.625 -83.75 172.0
 532.0 -116.15625 -364.25 75.625 -209.375 -149.0 149.5 184.5 97.0 -45.75
 -136113.5 19678.0625 26671.1875 -24937.6875 -15579.35546875 -15533.625 -36.125 -14134.0 -5305.0 2069.1875
 -1707.9375 23.390625 316.17578125 -225.86328125 292.9111328125 -57.8046875 -134.2109375 -57.109375 19.40625 -25.28515625
 -2813.25 -396.892578125 0.0390625 -626.92578125 157.8203125 511.0 19.53125 133.3125 -277.59375 -111.359375
 13.75 -148.375 92.625 -57.4375 -53.509765625 84.0 -172.21875 -15.375 41.78125 187.75
 -409.75 104.8203125 123.8125 -31.09375 69.8203125 -17.75 -22.25 -55.75 49.8125 -5.125
 77.0 68.671875 101.0 -22.125 -45.0625 -15.5 80.75 52.5 -10.0 -119.0
