468.0 184.46875 -65.125 160.4375 76.625 -0.5625 -9.125 4.0 96.65625 168.375
 1346.15869140625 -234.52989196777344 513.6725463867188 2110.4813537597656 -85.1934814453125 275.3547668457031 465.15087890625 -202.2177734375 -395.69561767578125 99.208251953125
 453.5 131.90625 -49.5 118.09375 1.875 14.71875 -13.75 -37.375 103.1875 125.125
 106.9375 22.037109375 -10.65625 11.47265625 19.625 -2.03125 3.90625 -10.390625 1.57421875 -1.71875
 478.0 241.125 526.5 -20.5 460.0 285.75 111.0 -245.0 458.75 277.0
 -203.375 218.890625 -73.46875 109.859375 93.25 32.125 73.5 35.375 101.9921875 153.09375
 -241.0 160.0 -416.0 -468.0 2026.0 315.9375 2450.5 1006.0 772.3125 319.125
 158.0625 3.236328125 -1.359375 21.9765625 -5.8125 -23.04296875 16.9375 9.03125 5.21875 2.21875
 -1126.0 -41.6875 33.5 -540.625 146.5 345.25 -512.5 373.0 -246.5 -223.0
 -1305.375 383.28515625 -37.875 -562.8046875 -25.8125 399.046875 -54.6875 -80.0 191.9921875 -27.9375
 353.0 174.28125 -159.5 204.9375 -6.25 -59.75 -120.5 -149.0 61.875 147.75
 -30252.5 21508.3203125 15646.15625 -4786.78125 9219.0 27746.953125 -1308.375 -11813.25 -7075.421875 3451.5
 212.453125 16.6640625 -42.904296875 -92.8359375 4.21484375 14.150390625 -12.078125 -6.08203125 10.5146484375 6.21875
 -588.5 56.5625 5.0 30.875 41.5 51.625 14.875 -10.125 10.625 49.125
 122.5 190.75 -12.0 91.1875 45.625 10.21875 -14.75 -4.1875 95.65625 140.625
 126.203125 30.28076171875 -23.958984375 -73.0625 -6.7109375 -1.8046875 -3.59765625 -2.9453125 32.103515625 -4.0546875
 128.0 142.1875 183.75 -34.5625 5.5 56.5625 -165.0 -65.0 163.375 198.0
 -1731.5 -4883.0078125 -3792.84375 -4747.25 -56.875 -1492.53125 -1138.4375 664.5625 -203.59375 -3.4375
 910.0 -79.375 22.0 61.1875 -281.25 -79.375 76.5 -174.625 1.75 5.0
 157.0 77.921875 67.8125 108.75 -1.625 40.8125 -62.0 -39.875 104.34375 108.0
 6587.0 -563.375 -185.75 -262.703125 -476.0 -193.0625 -622.0 -340.0 -436.3125 -476.6328125
 458.09375 -4.372314453125 -39.275390625 25.373046875 -0.15234375 -22.087890625 -17.17578125 -40.625 -15.0166015625 12.49609375
 -586.09375 55.841796875 7.61328125 -7.919921875 78.234375 8.6640625 -83.9921875 63.7421875 19.0703125 21.15625
 295.0 18.53125 481.75 -206.875 474.0 262.0625 221.5 77.25 477.0 -22.5
 436.5 111.59375 6.75 123.328125 53.5 32.96875 -4.0 -8.3125 81.21875 141.625
 1004.28125 -107.072265625 170.0390625 672.3046875 -40.9375 -30.453125 141.53125 -39.6015625 -113.765625 24.9453125
 225.75 -63.71875 113.375 -24.84375 -18.875 11.71875 -44.75 -39.0 42.28125 22.0
 -83.3125 18.3310546875 -59.1640625 -173.94140625 27.21875 4.59765625 -64.46875 32.9375 14.25 -8.921875
 508.125 -181.171875 0.4609375 149.23046875 0.265625 -312.53125 37.390625 37.671875 -20.984375 -3.0625
 27.0 159.328125 -59.625 54.90625 52.5 5.5625 -38.75 -10.875 98.375 170.375
 -1022.0 -49.5625 -640.0 -324.375 105.0 -339.5 -82.0 187.5 -124.0 231.5
 -3518.625 149.3515625 -78.4375 -581.4453125 204.75 224.359375 -286.96875 182.0 -73.8984375 -0.375
 -1328.0 279.75 61.5 -750.09375 727.0 1013.0 -1378.25 686.875 -950.6875 -178.875
 -197.0 -175.25 -154.5 0.765625 19.75390625 -71.6875 -192.98046875 -138.140625 -24.40625 152.203125
 33.0 25.0 96.125 39.46875 17.75 57.5 -92.375 -18.25 89.5 82.0
 -31958.0 1432.5625 1945.5 71.125 1162.0 1232.625 -1666.0 1068.0 191.625 -991.5
 -131.0 119.109375 28.125 49.8125 23.25 15.75 -28.5 -23.25 97.0625 96.5
 1056.0 -203.25 104.0 -158.0 -152.0 -163.5 -284.0 -164.0 -119.5 126.0
 57308.5 -804.34375 131.875 -4535.71875 350.0 -8934.4375 1224.5 -3214.25 -1428.4375 852.5
 -1915.8125 138.0546875 163.7421875 -49.9453125 131.578125 88.9609375 -24.796875 -14.0625 89.8046875 -37.3125
 1876.0 294.25 -440.25 165.9375 241.0 -13.125 160.0 138.75 173.375 310.5
 325.0 125.8125 -116.4375 100.9375 37.25 3.046875 -15.625 -7.75 90.875 154.0
 -32.5 218.578125 -127.375 70.53125 86.75 -1.8125 60.25 53.375 81.1875 158.375
 16.0 136.453125 63.75 48.8125 -24.25 8.65625 -32.125 -56.0 92.25 146.75
 -1895.40625 -300.2705078125 1098.16015625 3343.265625 192.5546875 11.701171875 589.0625 -133.9296875 -702.22265625 222.6328125
 5.0 35.421875 77.875 53.625 9.5 24.0625 -81.0 -42.5 86.0 114.5
 -209.748046875 5.4764404296875 -31.59130859375 16.7628173828125 10.1953125 -6.8883056640625 7.3017578125 -6.841796875 -2.384521484375 12.9365234375
 -4216.3125 200.654296875 98.4765625 -360.11328125 455.328125 713.81640625 -537.703125 248.3125 -141.00390625 43.0625
 255.0 -2.84375 -53.84375 -50.171875 -82.5 2.546875 81.75 -54.875 1.28125 5.75
 493.125 -185.201171875 386.0234375 1396.00390625 -21.875 186.169921875 274.953125 -109.515625 -183.09375 43.109375
 327.0 376.546875 -342.375 168.875 169.25 17.9375 61.0 63.75 73.4375 236.0
 -3961.15625 1335.650390625 -1036.23828125 -3847.578125 -495.875 -76.7099609375 211.421875 29.03515625 -1299.4072265625 98.84765625
 492.0 -344.75 -206.0 -76.0 -90.0 -137.0 -64.0 96.0 -75.0 248.0
 8.75 28.2890625 -20.9375 -9.8125 -29.375 7.65625 6.0 -21.8125 -1.1875 15.625
 -647.0 -226.5625 -254.5 -695.3125 164.0 76.0 -349.75 160.0 48.1875 -110.25
 -4210.0 1092.0 -613.5 -1081.125 -1561.0 -236.75 549.5 -778.5 734.625 -543.0
 167.0 38.4375 107.6875 -35.90625 -43.0 35.5625 -118.25 -70.75 63.6875 44.25
 478.5 220.80078125 -259.671875 -75.84375 -99.5625 -20.0 -59.84375 25.5 37.234375 -37.125
 112.0 117.171875 52.5 36.375 40.4375 25.6875 -48.625 -21.25 87.1875 122.75
 256.0 140.578125 -45.375 114.375 57.4375 13.03125 -47.5625 32.375 105.375 104.8125
 7502.0 -214.1875 -320.875 96.75 -609.5 51.125 -375.0 -75.25 -90.375 182.0
 385.0 172.546875 -54.875 29.09375 89.0 41.8125 -72.75 -8.0 112.5 183.0
 -200.0 188.75 -87.5 42.25 90.0 72.5 75.0 -1.0 1.5 262.0
 79.5 160.0 -16.125 56.75 40.625 39.0625 -51.3125 -29.1875 96.09375 121.25
 713.375 -21.21875 -62.3125 -23.859375 -59.75 -109.9140625 61.0625 -26.8125 60.578125 -17.3125
 -56.0 83.796875 51.5 -13.25 2.75 44.0625 -78.5 -31.375 116.25 156.0
 3735.953125 487.05615234375 834.541015625 2882.6259765625 -329.806640625 149.60498046875 505.71484375 -108.0927734375 568.98046875 -87.759765625
 334.0 58.875 -40.0 33.1875 41.75 -17.1875 -33.125 -75.875 41.6875 44.5
 128.0 14.296875 -12.25 17.875 22.75 26.9375 8.5 -26.25 41.9375 56.5
 563.359375 2.92431640625 19.83984375 64.212890625 -5.1875 39.9267578125 8.17578125 -15.1640625 5.486328125 -2.59375
 -295.125 1.3359375 40.765625 84.4765625 50.21875 64.9140625 -24.25 45.375 -58.5234375 30.5625
 -11.0 -284.046875 9.5 -48.1875 -21.375 44.5 -5.125 25.0 28.375 -11.375
 76575.80541992188 -1831.9992980957031 5955.825866699219 -7915.267913818359 3294.7453002929688 -11144.63217163086 2966.41162109375 -6820.516845703125 -7645.514343261719 2264.0812377929688
 130.5 117.09375 -13.3125 51.59375 40.0 1.5625 -44.625 -22.125 88.125 141.125
 -73.5 157.203125 -180.5 178.1875 118.25 -41.84375 85.125 52.25 63.5625 133.0
 4664.0 -157.4375 -542.5 -376.0 -847.0 -1214.75 1087.0 -503.5 442.0 -160.0
 708.97314453125 2.7575225830078125 48.179901123046875 -52.235862731933594 28.493988037109375 24.92896270751953 14.8697509765625 27.0098876953125 11.409538269042969 -51.128814697265625
 -62.0 180.09375 64.375 33.375 28.875 57.125 -64.875 4.875 156.40625 204.0
 218.5 51.328125 -7.5625 41.375 41.0 29.46875 2.625 -47.875 70.0625 93.25
 876.28125 181.783203125 21.7734375 -207.61328125 -62.703125 -13.046875 50.0703125 -168.890625 206.861328125 15.171875
 -7288.5 -600.7265625 8.28125 2418.515625 -634.6875 1839.515625 1318.4375 -837.25 -692.796875 214.75
 96.0 108.28125 20.125 54.3125 1.25 27.4375 -26.0625 -22.0625 83.640625 119.375
 315.96875 7.832275390625 -11.443359375 -5.29296875 -7.6796875 19.3662109375 49.4765625 -45.16796875 5.8564453125 13.77734375
 -2045.5 97.046875 130.75 -35.125 18.28125 109.0 -45.125 31.0 40.046875 -76.0625
 480.0 149.90625 -51.25 96.875 94.5 11.1875 -48.75 9.0625 97.5625 204.875
 -891.5 -390.4453125 1837.28125 5558.78125 318.0 808.25 458.4375 -140.25 -1257.671875 188.5
 -1613.25 -519.50390625 2413.75 7210.796875 506.3125 1093.421875 597.75 -156.6875 -1675.609375 321.0
 94.125 -59.681640625 58.140625 43.55078125 26.0625 47.21875 11.046875 -40.1875 48.44921875 8.015625
 213.5 125.46875 62.3125 132.125 27.5 45.1875 -21.0 -29.875 92.28125 153.125
 40.5 -5.2109375 0.5 -15.3203125 3.90625 0.53125 -1.40625 -6.53125 2.2578125 -2.90625
 308.0 155.125 -68.625 192.8125 67.0 -4.96875 -2.25 5.625 123.09375 203.375
 -36.75 31.29296875 -6.03125 -7.9375 -12.9375 14.84375 2.1875 -52.59375 51.203125 44.0625
 944.25 -29.294921875 -43.1328125 23.6640625 -85.59375 -88.21484375 88.296875 -57.796875 29.078125 -4.65625
 269.5 170.296875 -4.0 93.59375 63.4375 30.09375 -66.5625 -10.0 82.78125 141.875
 14738.0 -1052.75 -1697.0 -4096.625 -2596.5 -4295.25 2077.5 -1150.5 2227.875 -682.5
 569.0 -6.8984375 -97.0625 -245.4375 -74.875 -68.5625 42.75 -29.875 112.4375 -37.125
 -111.5 171.1875 1.25 35.53125 28.375 33.0 -43.625 -21.875 96.53125 152.75
 350.1953125 3.197021484375 -22.9462890625 -6.0556640625 -41.86328125 8.724609375 22.1015625 -7.501953125 -26.9345703125 -14.80859375
 766.0 205.21875 -230.125 216.875 117.0 -27.0625 65.75 62.625 117.625 252.25
 -128.0 102.03125 88.25 5.875 -17.75 47.625 -130.5 -85.5 163.875 162.0
 -412.4609375 -81.2867431640625 280.111328125 956.32861328125 6.66796875 -81.328125 223.763671875 -43.51171875 -154.873046875 31.939453125
 -171.0 59.734375 164.0 39.8125 -27.5 63.9375 -143.25 -57.75 167.625 35.25
 447.5 79.90625 47.3125 42.0625 19.375 43.6875 -77.0 -50.25 112.8125 139.75
 -256.875 -70.2109375 229.0625 124.875 128.9375 112.90625 103.84375 -103.53125 103.65625 -27.9375
 209.5 138.96875 -2.75 122.671875 74.0 39.671875 -60.25 -7.75 90.0 182.9375
 19.5 119.828125 56.1875 119.46875 -21.875 22.3125 -21.0 -26.875 82.84375 101.25
 -2872.0 -725.0 2092.0 -599.5 -450.0 274.75 -750.0 -479.0 -4.0 -250.0
 -25113.4375 641.03857421875 -2015.58984375 2583.451171875 -1143.93359375 3681.7607421875 -979.5703125 2259.37109375 2655.1201171875 -770.56640625
 232.0 -193.375 322.5 -46.5 -47.5 80.5 -323.5 -131.75 77.125 123.5
 -316.0 164.84375 -24.9375 144.3125 65.125 34.375 -70.25 -17.5625 100.5 174.375
 -4208.0 -22.5 429.0 560.5 -40.0 297.5 722.0 654.0 600.0 -160.0
 218.0 123.1875 38.375 92.65625 3.3125 56.546875 -50.4375 -40.375 123.828125 101.6875
 -134.5 149.125 89.75 97.8125 31.875 48.125 -55.25 -14.5 114.1875 126.5
 1566.0 -136.078125 26.375 9.0 -128.75 -183.625 72.75 32.5 -65.0625 -48.0
 3214.625 -176.07421875 238.953125 1109.4375 -109.75 73.16796875 218.734375 -142.828125 -182.5703125 42.59375
 343.5 218.15625 -106.0 147.71875 86.25 2.5 21.0 26.625 86.75 143.75
 -13471.25 1418.125 6633.0 16619.96875 3439.0 9128.80078125 754.390625 418.109375 -3297.1484375 1259.0
 323.625 -1.5859375 -17.375 -54.703125 26.3125 84.5546875 -52.375 -8.25 -70.59375 24.1875
 230.25 -29.3671875 -54.78125 17.953125 -38.5 -31.328125 -7.96875 45.125 -42.6328125 11.28125
 119704.0 -6307.5 -4948.0 2496.5 -9220.0 -13569.0 9104.0 -5020.0 -1300.0 88.0
 -1039.65625 30.1826171875 -16.25 72.5703125 -47.59375 -69.3466796875 130.521484375 139.703125 23.177734375 -63.3515625
 70632.0 -4322.0 3570.0 19489.5 -4326.0 565.5 5934.0 -4008.0 -3247.0 262.0
 -44.0 47.265625 97.3125 92.5 -1.75 19.71875 -88.0 -26.5 96.65625 110.875
 12.75 -113.515625 103.8125 -17.828125 81.125 41.71875 79.375 -49.625 131.578125 -44.1875
 -866.0 428.75 -271.5 113.25 129.0 0.1875 105.0 119.25 101.3125 161.0
 -3245.3046875 152.1063232421875 145.0986328125 -105.9228515625 233.4609375 386.13525390625 -286.609375 159.265625 -65.9130859375 -28.205078125
 -150.73046875 -9.01214599609375 10.39404296875 9.3134765625 -27.8212890625 -5.443603515625 -15.0546875 -4.03466796875 -2.8837890625 20.0673828125
 -1601.53125 -1719.5634765625 -800.8671875 -975.564453125 330.96875 -227.69140625 -511.265625 161.140625 -9.3125 26.4375
 2050.5 -493.53125 856.5625 3367.8125 54.625 317.46875 387.875 -94.25 -807.625 117.5
 7302.0 -717.890625 2199.5 -697.75 -1483.0 267.8125 -720.75 583.75 117.5 585.75
 104.75 -17.0 7.484375 9.0625 -53.3125 -27.2890625 -36.53125 -33.6875 -24.90625 -22.59375
 -960.0 459.625 -609.5 392.375 306.0 -20.0 347.0 236.0 179.125 330.5
 -2193.375 105.9453125 57.765625 -167.25 191.46875 338.4375 -238.09375 104.46875 -28.4296875 11.125
 -226.0 -196.5 742.25 -197.5 -38.25 33.0 -138.25 -192.5 146.125 73.5
 848.75 -29.44140625 -68.328125 -12.75 -0.78125 3.21875 12.21875 -25.0625 -33.2109375 30.0
 -5568.0 -372.5 1458.0 1201.0 216.0 397.0 1292.0 1740.0 1366.0 -476.0
 3532.9375 -156.453125 -127.1796875 172.8828125 -323.984375 -518.03515625 368.75 -171.71875 94.96484375 -14.578125
 -56805.25 -35669.4765625 -20616.875 -44433.765625 7222.8125 -9398.015625 -10039.5 1931.625 -9307.15625 1886.0625
 12.5 130.03125 -44.625 103.15625 52.75 3.65625 -36.625 3.4375 89.25 110.0
 21.5 132.859375 -106.875 166.921875 127.0 2.125 12.5 24.75 79.15625 172.375
 460.03125 -30.1591796875 822.720703125 2391.126953125 8.7890625 -165.591796875 474.08984375 -77.13671875 -224.0068359375 47.71484375
 -660.6455078125 17.2664794921875 123.543701171875 303.0001220703125 68.15673828125 20.36962890625 4.04345703125 33.222900390625 -64.17236328125 14.07666015625
 379.0 171.515625 -110.0 169.625 75.75 17.125 -54.5 -10.0 88.3125 176.0
 -1337.25 65.34765625 -112.4375 59.890625 98.5 35.359375 39.8125 56.0 100.375 186.3125
 82.125 0.33203125 20.421875 85.54296875 -58.3125 -89.0625 74.453125 -28.421875 26.9140625 -5.625
 -418.5 190.6875 0.0 90.25 88.25 -13.75 -53.0 14.75 137.0625 231.5
 -94.5 249.03125 -94.375 60.375 75.25 7.125 -40.875 11.8125 131.9375 197.875
 -262.0 -7.78125 4.625 -108.6875 206.75 69.6875 72.75 -59.25 250.875 167.5
 226.3125 21.326171875 -49.9140625 5.443359375 18.55859375 6.3486328125 40.70703125 56.873046875 41.1767578125 30.76171875
 -240.75 234.109375 -227.5625 182.484375 106.625 -5.25 67.875 65.875 93.40625 113.125
 -1279.0 69.3984375 34.375 -20.46875 135.75 68.09375 -249.625 133.5625 -12.6875 7.125
 -19446.84375 3257.36328125 976.46875 -8732.900390625 2185.921875 981.85546875 -1543.9296875 -186.265625 -1622.541015625 342.2734375
 -8.484375 11.36962890625 4.3173828125 -27.36865234375 49.890625 33.84716796875 -56.79296875 30.392578125 2.00341796875 2.919921875
 1452.375 -93.578125 -147.25 -3.75 -116.6875 -38.8828125 113.0625 -72.875 -88.265625 22.59375
 -128.0 1280.5 36.0 -446.0 1592.0 810.0 1784.0 -520.0 458.0 -32.0
 55.875 49.109375 -35.875 4.9130859375 31.5 15.84765625 -9.71875 3.015625 22.326171875 21.21875
 33.4375 11.408203125 8.5078125 -53.3359375 49.265625 29.5859375 -15.640625 -19.84375 42.203125 -94.234375
 355.0 8.6875 -13.25 47.5625 -49.5 -10.3125 -0.75 -37.75 40.5 -9.0
 -155.5 199.34375 -38.25 114.5625 24.375 -19.9375 27.5625 -11.125 121.0625 159.125
 229.5 94.4375 101.625 38.46875 17.0 61.3125 -31.0 -51.5 161.375 174.25
 108.625 11.09375 60.84375 32.5546875 -54.1875 6.23046875 33.265625 26.78125 27.34375 -6.828125
 34560.0 214.0 2744.0 -3492.0 496.0 2484.0 6464.0 8608.0 6344.0 -1328.0
 -33752.0 2298.1875 -4918.75 -20655.625 155.0 -1987.25 -2755.75 1532.0 3424.9375 -892.75
 -138.0 176.5 -452.5 160.0625 146.5 -52.0 120.0 28.5 32.5 185.5
 -6700.0 -84.0625 992.0 807.46875 -877.25 -1719.875 395.5 -568.625 415.125 -928.0
 1394.0 -69.75 -101.0 100.0 -237.5 -234.1875 291.75 -161.25 99.9375 45.5
 -1409.0 73.21875 32.625 19.375 107.0 19.25 -58.75 113.25 12.5625 31.0
 -22.0 -18.75 -101.0 33.25 73.5 35.9375 88.0 52.75 135.5 -198.5
 8302.0 -176.0 -482.0 322.75 -667.5 -139.5 -848.0 64.0 -280.875 483.0
 -2333.375 164.0703125 970.40625 2637.53125 31.09375 532.2578125 562.0625 -194.25 -147.4765625 74.53125
 2052.0 319.8125 -12.0 0.5 215.5 97.0 34.5 119.0 155.625 331.5
 122.0 125.875 84.25 17.4375 8.75 -26.25 -40.0 11.5 -115.25 186.5
 -1684.0 3.25 156.0 119.5 66.0 206.5 476.0 507.0 447.0 -44.0
 149.265625 -8.623046875 13.90234375 3.92578125 -12.25 -6.240234375 -6.4296875 -20.578125 -11.126953125 -19.82421875
 -42.0 -27.0625 -100.875 80.671875 -159.125 -55.609375 -224.1875 -156.34375 -176.939453125 -433.75
 118.0 67.3359375 5.6875 38.8125 -35.5 -7.0 -24.5 15.0625 11.21875 19.0
 4233.0 -2321.3125 1552.25 9195.0 -756.75 1153.9375 2177.0 -1029.75 -1624.5625 342.5
 -1895.25 176.6875 -391.34375 -1184.890625 -74.4375 367.0 -88.1875 -46.125 120.96875 -12.375
 -1275.234375 -225.37335205078125 -8.29345703125 258.382568359375 26.125 5.284423828125 -87.357421875 184.54296875 -247.629150390625 3.3271484375
 279.8740234375 59.19464111328125 -7.4417724609375 25.4893798828125 0.37841796875 -1.25177001953125 -46.1689453125 -53.384033203125 30.77105712890625 73.892578125
 1960.0 267.0 -227.0 156.0 -242.0 -135.5 -318.0 -586.0 -475.5 96.0
 97.0 110.1328125 -6.375 -10.5625 12.0625 11.671875 46.25 36.125 51.78125 38.5
 77.0 87.765625 39.5625 86.40625 9.0 14.6875 -6.625 -10.125 102.125 115.0
 3957.84375 -14.5546875 -293.51171875 -96.318359375 -172.4453125 -419.65234375 -90.59375 144.7421875 283.599609375 -63.875
 -157.5 124.15625 -12.125 7.03125 43.625 18.234375 -33.125 19.75 67.65625 103.9375
 337.5 233.625 -72.125 107.8125 18.625 16.0625 -5.875 -10.25 94.875 169.75
 432.125 16.798828125 -52.90625 2.2578125 -30.28125 -80.5234375 72.03125 -11.453125 51.7890625 -0.125
 696.5 403.3125 -215.4375 201.6875 165.25 78.5 60.0 43.875 141.59375 307.5
 -24.5 41.546875 11.625 -10.03125 -3.0 -11.078125 15.3125 15.125 17.515625 51.8125
 103.0 87.8203125 28.96875 -0.90625 -19.1875 9.40625 3.6875 15.1875 13.734375 44.125
 261.5 215.59375 -100.5625 55.25 -26.25 -48.28125 -46.125 -74.375 18.34375 146.875
 128.5 104.140625 -0.125 8.3125 -12.5 9.53125 -32.625 26.625 -1.125 13.375
 12508.0 -1269.515625 1406.375 5897.3125 -451.5 -941.0 1613.25 -505.875 -1998.0 391.0
 -5937.0 225.640625 178.75 -605.25 834.75 1476.8125 -976.25 367.75 -410.4375 93.25
 -18971.5 740.375 98.75 -2335.5859375 4608.0 6447.90625 -4109.25 2903.3125 -1824.890625 1601.8125
 -440.0234375 29.5791015625 59.8759765625 78.60302734375 85.7421875 37.2578125 -77.25390625 49.892578125 -8.435546875 1.70703125
 6890.0 -373.78125 -386.25 -173.625 -390.75 -142.5 204.25 -76.5 -173.25 50.5
 1810.5625 261.7724609375 -144.25 12.8125 -8.859375 8.517578125 -150.40625 -30.0 43.41796875 33.671875
 276.0 86.875 114.875 16.875 49.125 55.5625 -121.25 -25.875 128.9375 179.75
 -969.375 -25.330078125 70.310546875 65.65625 -115.7734375 -268.0205078125 246.796875 -51.328125 34.2275390625 -4.8515625
 78.5 -88.625 -84.5 62.0625 39.5 -25.5 -30.5 -64.5 -36.3125 -144.5
 614.1875 -51.8779296875 4.671875 131.6953125 -33.515625 38.5390625 43.515625 -43.78125 40.6953125 1.125
 -93.0 29.24609375 2.09375 -2.90625 18.75 6.15625 3.15625 15.875 10.859375 7.59375
 -123.0 93.71875 66.625 11.46875 -0.875 20.75 -99.0 -31.375 79.4375 134.875
 564.75 256.875 -146.125 98.109375 -27.3125 -44.953125 -107.4375 -78.4375 16.46875 164.75
 -110.0 135.78125 -45.5 95.328125 67.375 8.734375 -38.6875 -1.9375 93.46875 146.6875
 -74.5 98.125 47.25 136.5 7.25 21.90625 -26.25 -23.8125 96.84375 113.9375
 -24357.25 6463.890625 604.484375 2803.86328125 -13.5 -831.6875 -1342.296875 2587.703125 4011.21875 -822.59375
 455.0 210.09375 -68.9375 109.1875 11.5 26.09375 -10.875 -15.375 92.8125 194.875
 16.0 126.171875 -77.0 56.625 22.5 38.0 -60.75 4.25 85.5625 115.375
 772.0 716.625 -839.25 75.625 261.0 -12.125 29.5 142.5 97.875 601.5
 -782.5 339.6875 -84.0 160.25 93.5 29.65625 -2.25 27.5 126.6875 164.625
 79.875 -28.09375 -122.875 -73.890625 139.25 64.8515625 109.375 28.8125 141.25 245.46875
 -35.5 233.546875 -20.75 34.3125 -2.125 31.1875 -37.5 -11.25 139.53125 157.75
 256.0 150.171875 -62.6875 47.375 34.625 -26.28125 -120.625 -98.4375 39.5625 71.375
 1569.4375 378.5380859375 136.8984375 212.52734375 -173.734375 13.53515625 247.515625 -179.03125 17.17578125 6.453125
 138.75 -34.25 37.125 -3.09375 -266.40625 -22.578125 -280.609375 -155.375 -82.9072265625 -126.734375
 -81728.0 4062.5 2600.0 1120.0 4496.0 5616.0 -3464.0 2744.0 -204.0 1088.0
 2484.0 33.125 -37.0 117.0 26.0 -350.5 -498.0 -463.0 -395.5 114.0
 188.25 41.328125 -6.0625 -17.65625 -1.25 17.7265625 -30.09375 -12.09375 3.140625 29.15625
 759.75 252.421875 -1250.90625 -3692.59375 -249.125 -629.40625 -368.875 11.59375 921.4375 -146.6875
 165.5 82.921875 -13.625 47.40625 31.625 12.484375 -26.0 1.84375 74.640625 68.375
 136.0 87.90625 -14.75 31.875 70.5 16.0625 -35.5 -92.0 54.3125 20.0
 134.0 211.84375 -123.5 -17.75 164.5 91.0 98.0 101.0 90.0 291.5
 99.625 -17.046875 23.609375 0.6796875 110.8125 59.41015625 2.03125 15.09375 47.96484375 11.90625
 -1486.5 62.4375 -69.625 13.0 20.0 -62.4375 -20.75 -32.75 -39.6875 20.75
 -1135.0 261.21875 224.875 -169.625 70.0 -48.4375 288.75 284.25 -18.375 -141.75
 -1214.0 72.125 23.25 -220.15625 201.625 292.09375 -305.25 137.375 -7.5 -29.375
 -1965.5 392.328125 -1163.4375 -3256.375 -248.25 1421.25 -366.375 -264.5 568.46875 -55.125
 240.0 -11.9375 -55.0 -79.5 106.0 258.0 36.0 -75.0 -56.5 127.0
 245.0 -15.0 -125.625 -56.625 124.75 -85.5625 109.75 86.0 -111.875 15.75
 -3432.0 377.953125 431.0 -49.25 557.5 20.375 19.5 -266.75 431.0 143.0
 270.5 107.484375 -53.375 41.625 -18.625 -21.96875 -51.75 -60.3125 22.40625 88.25
 3427.0 -356.4375 -895.0 -1632.75 -389.75 -1089.4375 118.5 -99.125 266.875 -34.5
 474.625 136.3828125 -27.09375 72.796875 -10.3125 -17.4765625 -69.75 -57.75 2.90625 95.875
 157.8125 -3202.3203125 -584.4765625 210.2734375 525.203125 1481.90625 1001.1875 -31.65625 1904.8203125 443.009765625
 -78.0 462.0625 -419.75 184.6875 828.5 271.0625 513.0 189.25 381.125 771.5
 18.0 -175.734375 0.625 17.0625 -42.5 -12.5 90.25 131.125 35.3125 76.75
 1890.0 -246.875 -419.5 52.375 187.5 136.375 111.5 -144.0 -154.125 -231.5
 217.5 111.359375 55.5 91.0625 11.5 16.21875 -39.5 -35.875 115.09375 147.25
 -5720.0 -483.75 682.0 512.5 330.0 642.0 550.0 712.0 505.0 -76.0
 -1676.578125 -18.04150390625 -440.08984375 -1268.376953125 5.625 -403.650390625 -201.4140625 124.4453125 43.634765625 -54.25
 -10840.0 396.875 590.0 -156.5 164.0 692.0 -248.0 436.0 91.0 -480.0
 253.0 21.375 -13.625 37.6875 -15.0 -19.875 -6.5 -18.25 -8.9375 5.25
 259.0 -54.8984375 -42.125 23.0 -0.25 -10.46875 -56.625 -11.375 -40.5625 -10.375
 182.75 23.4296875 -4.125 16.62890625 16.046875 8.4375 -11.875 -31.921875 36.73828125 10.5
 540.0 59.8125 -195.5 116.125 -4.5 57.5 -180.5 -308.5 25.25 -198.0
 725.25 140.3125 -143.75 102.9375 33.0 16.125 -26.25 13.3125 89.40625 138.5
 13648.0 -588.0 1584.0 246.0 44.0 1071.0 1532.0 1692.0 1215.0 -276.0
 168.0 -3367.875 -164.0 806.75 351.0 725.0 682.0 368.5 1190.0 216.4375
 42.2890625 -2.9462890625 2.34765625 1.16015625 -4.36328125 -3.3828125 3.15625 -3.1181640625 -0.212646484375 1.47357177734375
 101.0 -166.03125 -11.75 88.75 -5.875 44.4375 7.75 14.625 43.125 33.19140625
 280.0 -755.390625 -16.75 448.75 -10.0 293.125 103.25 112.125 255.515625 152.0078125
 191.25 185.65625 -49.625 69.53125 63.25 34.8125 -16.625 3.125 99.90625 173.0625
 -19882.0 855.9375 -131.75 -2197.5 713.0 1300.0 -824.0 702.5 -715.75 74.5
 375.0 -13.3203125 58.5 -26.71875 49.75 15.09375 -10.625 -45.75 7.53125 -27.625
 -118.0 -220.1875 338.0 516.75 148.0 161.25 81.0 4.0 105.0 -352.0
 -3.5 -41.09375 -0.625 18.15625 42.25 68.21875 29.0 41.25 58.09375 -146.625
 112.125 20.08203125 4.0625 12.0859375 -14.1875 -5.3359375 -2.3125 -8.5625 1.625 -1.1875
 482.0 -23.5625 -54.1875 -10.53125 8.25 63.125 -111.625 10.625 -51.1875 30.125
 726.0 265.125 -865.5 748.3125 219.0 -62.625 210.0 186.5 -3.125 366.5
 504.5 199.8125 -213.375 94.125 69.5 -10.6875 32.25 19.625 145.34375 190.875
 240.0 -1520.1953125 -2418.2890625 1223.9375 -434.83203125 -204.58984375 -621.55810546875 -80.3818359375 -270.0634765625 34.02301025390625
 16600.0 3047.0 2844.0 7694.5 -2936.0 -15486.0 9112.0 -4722.0 11212.0 328.0
 -1810.0 -656.375 634.0 -66.75 -232.0 336.625 54.0 -1.5 107.25 -723.0
 417.0 346.09375 -266.75 246.6875 177.75 5.0 86.75 85.5 158.375 218.75
 -2530.65625 40.5615234375 126.69140625 34.287109375 128.96875 118.1015625 -130.9140625 154.7734375 84.533203125 -96.8125
 26256.75 -5350.5546875 13108.09375 27212.046875 6065.3125 -1056.84375 -1080.4375 -1470.5 7638.8125 -184.4375
 -940.0 -811.5 2517.9375 3031.5625 986.80078125 1241.5 -1204.46484375 469.8125 -823.578125 783.431640625
 926.5 -136.392578125 -179.828125 -365.59375 -7.125 -168.3203125 -94.09375 32.0625 47.53125 -14.8125
 332.0 99.4375 202.75 -73.6875 -83.5 37.875 -159.25 -82.375 95.875 105.5
 -484.0 707.5625 -936.0 -412.5 -471.0 -453.75 193.0 272.0 -207.75 622.0
 -295.0 197.9375 35.25 -41.5 -31.5 -24.6875 9.5 -75.25 72.875 -56.0
