97.25 42.890625 18.75 -20.3125 -6.4375 40.1875 -34.958984375 24.0 -18.3125 -67.9375
 30.0 -192.5234375 -157.09375 -98.78125 -52.1953125 -118.53125 -85.384765625 245.5625 53.5625 32.859375
 48.0625 -25.78125 -40.3125 -2.0625 21.328125 21.0625 -35.5546875 23.78125 -26.375 -18.140625
 -109.5 26.125 89.875 -87.875 16.625 37.0 25.90625 63.3125 -6.75 -64.625
 195.875 82.71875 192.625 -181.875 -368.15625 -91.9375 156.20703125 -54.9375 86.0 61.0
 200.25 39.0625 25.75 -49.75 20.875 28.75 21.4765625 46.625 -25.125 20.5625
 844.0 -238.0 502.0 -552.7841796875 -316.0 -519.0 -822.0 -546.53125 462.0 329.0
 -1539.0 213.125 95.75 26.5 72.125 -82.5 172.75 99.75 141.5 158.875
 71081.0 -45030.875 -21270.25 -4720.5 -25618.375 -4169.5 -10468.0625 24200.0 4293.5 4009.5
 -16312.0 -4638.875 18413.0 -28682.0 5766.5 -30278.0 -1313.5 13287.0 -4140.0 -1860.5
 1049.0 -25.875 -584.25 124.5 243.8125 -41.0 208.625 129.75 262.5 -161.5
 -4383.2109375 587.6650390625 4898.259765625 -5530.49609375 4831.4775390625 -2506.48046875 6717.7216796875 -7357.0 -4061.34765625 -3113.4921875
 239.875 -239.28125 -51.84375 36.5625 -249.578125 -3.3125 -62.51171875 209.96875 74.8125 11.0
 -396.25 1544.0 1035.875 508.25 1186.71875 -285.5 266.453125 -472.875 -603.25 -152.5625
 223.75 43.75 10.75 61.5625 43.3125 -21.0 -16.265625 -4.0 -16.75 33.0
 87.021484375 20.923095703125 48.6005859375 -53.9755859375 -51.830078125 74.48828125 6.00360107421875 -32.62646484375 31.853515625 0.649658203125
 217.5 149.875 200.0 -243.75 -217.1875 66.0 27.96875 94.0 -114.5 -192.875
 -384.546875 0.255859375 83.66015625 230.2109375 -262.0078125 -217.7578125 -110.900390625 108.484375 -88.7890625 -0.43359375
 -1154.0 537.75 -5.5 455.0 294.5 -36.0 1.0625 -235.5 -634.0 -240.75
 839.375 126.65625 65.40625 -258.1875 15.21875 20.9375 -129.1357421875 47.6875 -51.25 -128.640625
 -5112.4375 -367.125 -157.375 -244.0 -112.75 66.0 -292.0 -197.375 404.5 6.46875
 -2255.0 153.84375 4.25 -263.875 -143.625 32.375 213.203125 217.0 -108.875 41.6875
 6660.0 -282.0625 104.875 209.0 357.0 172.75 15.53125 -189.125 23.5 -412.625
 -1752.0 131.75 58.0 143.0 20.375 538.5 -189.375 -262.5 -68.0 -139.0
 81.5 107.53125 55.0 -73.75 -32.90625 34.5 2.26953125 47.125 -68.75 -46.0
 -534.875 178.203125 23.4375 -72.3125 442.21875 -83.125 176.125 -426.875 -144.625 -95.96875
 -68.625 -51.2421875 -178.84375 32.3125 91.984375 68.875 -37.4765625 27.75 -22.375 -36.5625
 920.9375 -276.8125 -94.6640625 61.140625 -40.44140625 -50.75 8.373046875 -10.9375 -52.65625 -48.7734375
 -948.8125 195.3359375 -275.828125 -454.59375 430.2890625 -295.59375 216.326171875 54.21875 33.6875 -74.1484375
 52.875 8.359375 9.625 -66.5 -33.0 59.1875 -8.69140625 23.15625 -56.125 -89.5625
 -21978.0 5696.0 -2432.0 200.0 -748.0 -4848.0 2696.0 7764.0 -2752.0 716.0
 3866.9375 -666.53515625 -7.7578125 298.125 -452.171875 -66.359375 -409.6953125 878.21875 93.9375 95.3203125
 -7060.0625 1974.875 1104.75 183.0 645.5 -171.5 145.25 -404.25 -881.0 318.375
 702.0 -427.0 597.0 -205.0 315.0 397.875 -486.625 -211.75 126.9375 -20.25
 153.75 90.40625 80.5625 -14.375 -2.6875 2.125 -39.951171875 -17.8125 -40.0 14.8125
 15443.0 -3366.5 -804.25 -712.5 -1624.5 1855.5 -968.28125 608.5 932.0 -579.75
 22.25 -45.828125 4.5 42.6875 -58.421875 4.0 -38.3984375 -57.6875 47.25 -55.75
 132.0 -8.5 31.25 17.375 75.0 187.25 112.515625 212.0 -290.5 -46.6875
 996.0 238.6484375 -902.375 466.8125 489.90625 115.125 215.78125 -559.15625 -128.5625 185.09375
 360.5 -14.59375 -2.75 37.5 -56.28125 -30.375 135.15625 56.1875 -90.875 102.0625
 107.0 -47.3125 -57.125 11.5 18.6875 28.5 -16.90625 -15.75 -169.5 257.5
 81.0 -153.4375 -133.125 -59.5 62.4375 -41.0 -21.4375 108.9375 -14.375 -65.1875
 204.0 69.96875 -61.8125 22.0 33.28125 102.125 -11.890625 92.25 -132.5 -45.875
 6.5 181.875 134.25 -136.0 -48.5 35.25 -28.16015625 -20.125 -61.75 -33.25
 -31.5 -648.0 -660.75 -64.375 -103.90625 89.25 176.40625 -399.0625 -272.25 -119.0
 256.25 57.78125 30.5625 -104.125 -19.5625 63.25 -47.7578125 -30.875 -31.0 -58.875
 160.296875 -0.775390625 -117.5390625 126.80078125 80.1796875 44.6875 -29.861328125 -100.2734375 76.75 -43.923828125
 -4335.875 468.203125 245.890625 -65.8125 -395.7578125 124.5 -137.8671875 101.625 224.0625 118.296875
 708.25 220.1875 216.0 127.75 161.125 56.75 -78.265625 -50.0 -94.25 18.0
 441.75 -523.6328125 -636.03125 601.609375 0.8125 -121.0625 -120.046875 258.90625 -66.0625 126.0390625
 -80.625 76.875 6.625 -4.0 48.109375 64.125 18.71875 109.625 -173.5 32.3125
 56012.75 41179.625 -11181.25 -12609.875 -14150.40625 20421.75 14496.21875 18772.375 11878.25 -13797.625
 60.0 -545.5 211.0 86.0 182.0 -168.0 -237.75 -192.0 140.0 852.0
 513.8125 35.9375 131.1875 102.21875 98.03125 -45.03125 20.056640625 -58.28125 0.9375 0.0234375
 672.6875 223.25 -572.34375 -61.375 53.0546875 460.3125 195.4921875 -44.96875 305.4375 -22.578125
 1327.5 -315.21875 77.34375 134.625 -68.5625 -256.0625 -122.7890625 124.46875 -184.8125 -246.09375
 152.75 117.859375 193.9375 -81.25 -167.8125 13.75 5.109375 11.5 14.5 -139.3125
 -500.0 -418.25 -106.0 502.0 -225.5 -30.0 318.9375 -23.0 -226.0 -78.5
 745.0 184.25 232.0 -176.0 -131.625 62.0 30.125 57.25 -83.5 -57.0
 100.375 65.60546875 -9.4140625 66.53125 48.9140625 -17.1875 -34.1328125 -33.828125 26.6875 63.15234375
 20778.5 1650.75 2114.0 2045.0 1566.9375 733.25 42.28125 -790.875 -840.5 -955.0
 33.625 -41.28125 22.609375 -108.25 16.6484375 28.09375 -38.140625 4.640625 -58.9375 -57.7890625
 2896.0 -1908.0 714.0 364.0 -910.0 3192.0 1453.5 1194.0 -2484.0 -2487.0
 127.0 -28.6875 13.375 -34.25 -23.6875 -11.5 -5.51171875 40.0 -56.0 -6.875
 -1968.828125 183.32421875 463.52734375 39.2265625 -115.5390625 -249.171875 -208.8115234375 281.09375 -147.328125 14.28515625
 -204.5 -89.75 0.5 268.75 104.5 -29.5 -15.5390625 -55.5 56.5 114.75
 1473.5 -8067.375 1026.5 1268.0 16700.1875 -9431.0 -3692.3828125 2325.0 -2141.25 2252.0
 250.0 -131.375 31.75 115.5 -165.75 10.5 204.90625 -5.5 40.5 58.75
 178.359375 6.931640625 -128.0859375 2.5078125 -57.505859375 -92.5703125 53.43408203125 26.21875 -50.046875 75.97265625
 -1250.09375 779.189453125 276.30859375 45.171875 486.498046875 209.9140625 339.05126953125 -789.71875 -154.140625 -106.93359375
 8.5 558.78125 264.5 51.75 235.53125 117.375 0.53125 183.1875 120.125 172.1875
 -183.0 263.9375 -248.625 -95.625 152.6875 -149.75 -100.15625 130.125 56.0 -2.625
 -675.734375 3059.208984375 -5161.353515625 -1377.734375 380.7314453125 -2502.9453125 -404.9599609375 -1590.265625 -127.3515625 2824.263671875
 35.0 121.0078125 53.25 -11.84375 -8.671875 -61.5625 -21.54296875 12.1875 -14.125 -30.46875
 25.5 11.5 -97.0 57.25 -4.8125 96.5 -82.12109375 -75.25 -98.75 2.0625
 -1391.4375 499.5625 146.5625 -79.09375 333.2734375 5.0625 79.24609375 -154.75 78.6875 132.8125
 -548.40234375 -25.7666015625 467.76806640625 -314.853515625 -302.207763671875 -329.2998046875 177.24774169921875 278.4482421875 -44.8974609375 118.5185546875
 -27.625 147.703125 58.875 -94.25 -8.859375 39.625 -50.078125 67.3125 -110.25 -23.59375
 1113.5 -407.75 103.5 -190.75 95.5625 75.75 -172.96875 -296.5 251.5 -186.75
 1001.015625 64.603515625 246.1015625 246.8203125 -50.568359375 -25.375 164.8701171875 38.671875 -92.546875 125.955078125
 2671.1875 -138.3125 516.515625 -1360.84375 -298.75 163.71875 242.64453125 -147.9375 119.34375 -178.0
 198.125 74.15625 74.375 31.875 9.75 37.875 -5.09765625 -18.78125 -7.625 -50.53125
 -4043.0 437.125 183.25 57.5 -2.125 -48.0 -232.25 44.75 -122.0 450.25
 46.0 193.48828125 149.234375 139.96875 336.0078125 -321.40625 112.54296875 -56.078125 -250.0 6.640625
 304.0 111.1875 196.25 -234.5 -34.4375 70.0 42.7265625 156.0 -173.0 -147.25
 -3.546875 -313.0078125 -105.23046875 -199.7578125 129.255859375 -247.34375 -25.919921875 -67.7734375 -163.203125 -43.1875
 910.25 -587.703125 -559.0 -113.46875 -69.328125 117.625 79.38671875 -176.78125 15.0625 -72.859375
 80.5 27.34375 -80.25 34.25 -38.0 -34.5 31.171875 90.5 -149.5 57.6875
 130.875 133.859375 82.765625 -32.6875 7.65625 2.125 -75.7109375 -53.25 -10.0625 -1.140625
 22452.0 -6106.5 -5984.0 -908.0 -4434.0 3232.0 -991.375 2164.0 124.0 -827.5
 172.5 79.09375 63.0625 -107.25 -66.25 109.5 -14.359375 98.0 -97.75 -90.1875
 114.75 32.8125 -67.125 -15.375 -15.71875 -8.875 -19.671875 30.75 -80.625 89.6875
 2204.75 -491.375 -157.59375 -17.0 35.984375 -131.125 47.21875 49.8125 -58.4375 -70.59375
 188.5 52.625 70.1875 -32.0625 -1.234375 33.375 -20.0703125 18.5625 -74.125 -45.75
 14528.0 -15925.0 -12915.0 -3878.0 -10877.0 6422.0 -241.375 1142.0 4760.0 -13.5
 56.8125 274.26171875 149.2265625 67.6015625 92.244140625 9.515625 -33.6123046875 112.640625 8.34375 14.03515625
 22.4375 -13.64453125 22.40625 -68.59375 14.828125 44.0625 -2.8671875 39.046875 -75.125 -21.640625
 -11271.0 1025.0 408.5 -288.5 -395.5 17.0 -183.375 167.5 506.0 633.75
 205.0 269.625 250.75 -141.0 -92.375 82.0 -11.6015625 48.5 -103.0 -4.75
 127.5 10.25 99.5 -43.125 -103.34375 5.0 -68.0390625 -17.625 6.5 -72.6875
 -381.25 974.15625 -222.6875 237.375 152.6875 994.625 234.9609375 -339.5 400.625 192.21875
 -13.0 118.8125 128.5 -67.0 -116.5 -11.75 -90.234375 43.75 -12.5 -69.875
 157.75 35.78125 82.0625 -98.3125 -80.0 25.75 -19.453125 21.65625 -48.5625 -124.21875
 -523.0 -16.125 -33.375 161.75 154.75 -202.0 -229.96875 -73.75 233.5 214.625
 95.0 85.5 114.375 -93.75 -50.25 52.75 12.46875 13.75 -98.5 -6.25
 171.125 -23.578125 100.0 -38.875 -33.859375 25.0 -4.703125 -17.125 -14.875 -69.0625
 -43.0 -265.75 -439.5 543.0 218.5 -141.0 -75.125 -270.5 496.0 164.5
 761.671875 -8799.26953125 14055.57421875 3905.671875 -1547.619140625 6987.2109375 638.35302734375 5115.00390625 468.3359375 -7995.896484375
 48.5 42.25 -71.375 160.0 160.8125 -11.0 -68.28125 -41.25 -86.0 29.375
 115.75 48.5 129.75 -78.25 -6.09375 -8.25 -55.8671875 -29.875 -31.25 -0.75
 179.25 43.53125 91.8125 -128.125 93.25 -72.125 -251.46875 -380.1875 159.875 285.875
 -75.0 108.0 16.25 -242.0 -52.0 -50.0 -115.96875 66.5 -75.0 8.0
 71.375 130.890625 8.78125 -50.5 35.640625 -32.15625 -57.21875 8.5 -7.84375 36.8828125
 -21408.0 1520.0 -1952.0 32.0 2072.0 -4848.0 5394.0 3808.0 3952.0 4060.0
 82952.0 -27140.0 -17113.0 -10412.0 -16800.5 562.0 -7419.5 26270.0 9920.0 4191.0
 315.0 139.0 162.75 -242.75 -121.5 32.0 -38.9140625 37.25 -109.0 -83.25
 21066.0 1626.25 5257.0 1893.0 1179.96875 -3290.0 22.0 1563.0625 433.0 -382.75
 -1863.796875 -18.5390625 -91.369140625 -189.66796875 -217.3447265625 207.7734375 35.28076171875 163.689453125 57.125 55.5634765625
 -1701.6875 101.359375 -31.28125 -20.1875 -79.71875 41.0625 5.0546875 70.0 -15.59375 -4.953125
 295.25 65.28125 43.5 72.5625 138.0 -92.0 30.28125 -102.3125 -55.125 6.3125
 -1902.25 200.875 -117.0625 -122.625 -281.4375 -8.0 -92.0625 74.4375 -63.375 -113.375
 -1256.75 -403.5 -384.125 -42.5 -379.6875 194.5 -4.5078125 -197.125 61.5 2.3125
 -38.25 100.125 -16.125 3.25 98.15625 3.0 -49.65625 43.625 -60.25 47.25
 -51.0 -142.875 -258.75 356.5 -130.375 -359.0 18.71875 79.5 31.5 341.5
 -293.25 -10.4375 -140.25 178.875 59.5 -37.0 60.359375 47.5 -57.75 181.6875
 -494.0 815.15625 530.0625 162.5625 470.84375 -76.875 126.2734375 -255.1875 -124.0 -61.78125
 58.296875 21.07421875 2.2265625 -23.5390625 -3.064453125 22.1953125 -29.47265625 9.8828125 -45.9609375 2.23828125
 5034.375 12027.96484375 -3738.25 -4527.984375 -5513.8203125 -388.640625 6351.7294921875 2418.6015625 -260.8125 -3867.05078125
 -2241.75 658.53125 40.375 326.5625 203.625 349.125 145.8046875 -504.375 -32.125 -46.0625
 14263.0 3948.375 2810.125 -781.25 -1640.6875 -1399.5 -4221.0 -332.125 -2483.0 -779.375
 702.0 -77.375 38.6875 -41.625 -180.15625 -39.5 4.90625 -61.0 -20.0 -1.3125
 198.0 70.6875 -123.5 -145.5 38.5625 160.0 104.09375 100.25 -149.5 -104.125
 -2831.6875 306.96875 169.046875 -181.09375 -127.28125 -77.9375 -98.4609375 28.65625 163.3125 17.421875
 142.0 361.53125 262.5625 -351.875 -248.59375 76.25 142.8125 -26.5 -13.25 -79.0
 2133.125 -96.28125 -66.125 104.75 153.296875 -0.375 60.77734375 10.21875 -175.4375 -91.953125
 36.0 260.25 -33.25 68.25 -122.8125 -76.5 -192.09375 -106.0 0.5 245.75
 551.75 199.34375 565.203125 31.453125 241.01953125 -377.03125 -97.220703125 -276.578125 52.03125 -300.6015625
 30389.75 -3934.8125 -11552.6875 4842.875 44025.25 -36630.0 678.046875 18999.25 -9697.125 -1790.0
 47.75 100.359375 51.5 -0.5625 17.921875 13.0 -20.943359375 -8.5625 -13.875 61.28125
 104.5 -100.890625 -53.75 32.5625 20.4140625 54.40625 -9.4921875 19.328125 -7.625 -41.125
 2502.75 -74.703125 132.84375 -1544.75 -850.640625 971.625 233.8984375 -93.59375 634.25 -108.25
 685.78515625 -5.62890625 121.25 53.138671875 137.7353515625 -125.38671875 14.530029296875 -22.3515625 -114.97265625 -34.2275390625
 145.5 125.9375 -0.4375 -69.75 87.59375 -39.5 -42.28125 25.625 -79.25 23.0
 -754.5 44.625 19.125 101.625 -53.71875 -111.0 -142.5 -175.75 78.0 -30.25
 -3696.0 806.5859375 288.875 -57.796875 79.0859375 81.625 -1.53515625 -15.6015625 60.5625 144.57421875
 232.0 103.5625 283.125 -186.0 -185.25 52.5 58.03125 49.5 -113.0 -132.5
 -35.5 -4.625 60.125 -129.75 1.375 34.5 -15.9375 47.5 -83.5 7.25
 -1841.0 -105.75 -298.0 0.0 160.875 879.0 -388.4375 46.0 -585.0 -82.0
 215.78125 -8.46484375 81.515625 -9.3125 -73.296875 19.125 -0.921875 -53.4375 -7.375 13.640625
 102.25 88.890625 79.9375 -113.375 -51.84375 6.625 -72.4375 -23.4375 -128.75 -8.9375
 9953.0 -3614.5 -3159.0 -857.75 -334.0 -919.0 1008.03125 1031.25 -1871.5 -65.0
 30103.0 4806.25 -7101.25 -7116.125 1811.40625 -7413.0 6880.09375 5986.25 -1679.5 -4582.3125
 -2508.0 -435.0 2409.0 485.5 1689.5 -3724.0 352.25 -1364.5 -2555.0 -1069.0
 1156.25 339.6875 250.125 203.0 237.1875 -10.625 8.50390625 -79.875 -135.125 12.78125
 705.0 102.5 -617.5 255.5 791.25 159.0 -296.3125 191.25 -101.5 409.5
 134.1640625 -7.3125 150.578125 -20.21875 -10.5390625 34.9375 -11.3125 -22.6328125 -94.8125 21.578125
 -169.5 61.8125 -59.46875 -28.0 -8.765625 4.875 -9.765625 61.8125 -142.0625 3.25
 128.0 -2144.0 -2124.0 1100.0 532.0 1512.0 1187.5 932.0 -1560.0 -2770.0
 105.0 -43.0625 -37.875 -9.375 30.15625 16.5 -28.1328125 14.625 12.25 24.0
 -152.0 51.75 80.0 -194.0 -145.375 3.0 -1.9296875 148.25 -88.5 28.375
 1.0 41.9296875 -8.25 -63.375 61.078125 2.75 -14.96875 41.75 -18.5 30.25
 -2192.0 0.125 -659.0 1198.0 546.375 -39.25 485.84375 797.25 -412.5 -233.75
 -2174.5 -379.09375 781.1875 -466.75 -1004.0 -902.75 -863.28125 1824.875 364.5 103.5625
 304.0 248.625 218.0 -489.0 -151.25 224.0 -161.7109375 64.75 -247.0 -193.5
 -2141.21875 -151.078369140625 100.921875 -143.9375 -125.97265625 93.875 -76.3359375 -137.09375 194.1875 100.6953125
 6432.0 847.0 405.0 912.0 1567.5 -96.0 204.375 -250.0 -742.0 -296.0
 -22968.0 2222.0 3352.0 -564.0 -1423.0 736.0 -1450.0 -2228.0 2672.0 82.0
 190.5 -11.0625 -24.75 145.125 -44.75 -151.25 20.875 -91.125 32.0 134.625
 14429.5 804.9375 1045.5 1157.0 848.375 479.0 185.125 -504.0 -564.5 -1146.5
 -824.25 23.203125 -107.0 164.6875 -438.5 178.75 -169.21875 321.15625 197.375 53.28125
 125.8125 15.1630859375 3.099609375 4.5 24.9765625 8.65625 -10.199951171875 -27.673828125 11.5234375 -17.521484375
 92.25 52.859375 50.171875 4.28125 7.3359375 18.125 19.734375 0.25 -39.3125 -80.96875
 115.443359375 7.305908203125 -36.2880859375 60.9375 0.26416015625 5.4638671875 3.45001220703125 4.5078125 -51.6357421875 8.568603515625
 5434.0 -448.5 -1296.0 849.0 243.75 -1214.0 -52.0 -335.0 328.0 -21.0
 261.46875 -63.4375 0.5625 62.3125 -25.35546875 -161.265625 42.75 -42.55859375 146.5 -79.578125
 28.25 -49.34375 -51.8125 93.625 -63.71875 -89.125 119.703125 18.9375 -17.25 38.8125
 11429.0 9197.0 8819.0 -17542.5 4805.375 716.5 5658.875 -6084.0 379.0 -2253.0
 2307.6875 -355.2421875 -574.34375 -1224.5 429.484375 -190.53125 380.0 108.984375 191.53125 -123.609375
 -684.828125 -53.787109375 -326.353515625 -145.453125 125.7802734375 165.72265625 -163.10107421875 -66.9765625 13.9609375 -102.951171875
 917.75 -43.625 261.125 -58.9375 57.09375 14.75 -166.8671875 -367.5625 155.875 138.03125
 317.625 -23.07421875 55.875 -33.0 17.890625 75.8125 -13.1923828125 -104.6875 112.125 -24.2890625
 117.5 -32.65625 14.25 -59.25 67.84375 38.5 -198.6171875 -156.5 68.25 126.0625
 102.125 -4.015625 -27.875 96.25 22.703125 -37.1875 -8.8046875 -67.0625 65.125 61.0
 1407.75 85.1328125 219.265625 213.75 1011.8046875 74.75 1070.373046875 -1283.71875 -604.9375 -381.515625
 449.0 169.125 331.875 -224.75 -290.5 88.5 127.59375 100.75 -181.5 -144.75
 266.0 -109.21875 -168.75 -25.125 88.34375 22.75 8.984375 -20.375 -12.625 46.8125
 -3066.75 515.375 487.4375 -149.4375 59.46875 -73.5 25.96484375 -10.6875 40.125 -67.6875
 185.0 192.5 190.25 -409.0 -272.125 95.0 -30.4921875 143.5 -200.0 -124.0
 334.0 70.125 -135.5 176.25 -53.5 -30.5 39.125 -41.0 187.0 24.25
 98.1875 4.06640625 32.390625 44.90625 -34.615234375 -46.40625 13.83203125 -8.1171875 30.625 42.20703125
 156.0 -22.25 35.125 24.5 52.625 -75.25 -45.203125 -26.75 120.5 45.5625
 -423.0 165.5 213.0 -229.0 -190.875 47.0 -44.5 -11.0 98.0 -199.0
 1648.875 2105.0703125 1184.0625 -4013.4375 -1173.875 2074.1875 876.546875 -706.640625 1163.125 -326.390625
 1530.5 -1009.3125 -487.0 -820.25 -271.6875 182.5 -63.390625 9.75 266.5 -254.1875
 22333.5 -2464.25 -776.0 379.0 743.0 -1131.0 352.5 67.25 -688.0 -281.34375
 -5.375 116.5 95.171875 44.53125 0.3359375 -4.1875 -36.40625 43.375 40.625 23.9375
 -4830.5 1782.125 339.375 -7.125 1017.90625 339.0 537.125 -923.5 19.5 233.1875
 -409.671875 39.5078125 59.8515625 -303.234375 45.12109375 105.890625 -176.931640625 -31.296875 54.3984375 -18.421875
 232.5 104.4375 77.75 -129.25 -88.8125 56.0 -34.474609375 51.875 -47.0 -76.0625
 -11543.0 1827.875 1866.0 462.0 296.75 565.0 -100.0 -473.25 771.5 390.5
 808.0 -35.5 318.0 -368.0 382.25 490.0 -207.78125 389.0 -264.0 -415.5
 -552.12109375 -98.46142578125 -19.5537109375 747.41796875 375.18310546875 -623.41015625 -193.054931640625 231.4248046875 -297.19921875 35.4599609375
 835.25 -40.90625 71.0 29.4375 97.75 0.625 -1.203125 -53.375 0.125 -22.28125
 37.5 -53.8125 -46.375 89.5 53.125 -13.5 -19.0 8.0 -4.5 -123.5
 118.75 -132.03125 97.5 86.5 8.3125 -13.5 -28.46875 -116.4375 -57.375 -21.625
 299.0625 -39.171875 -73.6640625 21.75 29.55859375 6.03125 -23.734375 -9.640625 -22.75 5.46875
 96.125 -115.5625 -138.9375 109.3125 46.90625 5.5 -23.03125 -48.3125 -12.0 -4.3125
 37943.75 -24884.0 -12941.0 -19468.875 -4049.71875 -13046.75 4514.0703125 -19672.625 -6397.5 7930.3125
 183.5 72.1875 20.25 -112.0 -45.9375 68.25 -28.27734375 32.0 -52.5 -42.25
 328.5 -28.375 -85.125 183.25 59.8125 50.5 -40.421875 -74.375 63.5 -13.5
 -91.25 122.75 474.625 -286.5 -385.25 177.5 95.3125 141.25 -161.5 -454.25
 134.5 100.3125 65.125 -92.0 -50.8125 39.0 -13.2109375 50.25 -164.5 -5.625
 -558.4375 -434.625 -393.75 319.25 212.0625 277.5 -218.25 158.875 -570.0 444.625
 94.0 70.0625 86.25 -103.5 -96.375 62.0 2.845703125 80.5 -90.5 -104.5
 434.0 -4.625 -14.25 60.5 -272.375 222.0 -19.125 -45.25 -451.5 -57.75
 -2239.765625 75.22265625 -1540.9453125 3451.953125 498.0625 -2140.03125 -565.794921875 2495.8046875 -695.5 -171.74609375
 -82.0 62.5 -295.0 5.625 207.25 -54.5 -171.0 177.0 -249.625 159.25
 565.34375 941.86328125 931.3125 395.0625 1300.71484375 -755.28125 424.5576171875 -857.7109375 -627.34375 -246.16796875
 81.0 -192.78125 -1.875 58.625 102.3125 -71.25 -19.125 -134.0 149.375 51.6875
 138.0 -0.40625 20.9375 0.375 -66.359375 78.75 55.109375 58.5625 -56.75 -125.78125
 5123.25 210.65625 1960.125 52.0 -526.9375 -1125.25 -1205.75 2853.1875 20.125 318.4375
 34.125 -24.2421875 -44.75 143.78125 33.484375 -57.59375 -5.994140625 -74.09375 18.84375 79.109375
 235.5 134.5625 111.0 46.75 -205.5 55.0 -19.859375 -73.125 -187.25 -26.875
 278.53125 88.171875 111.46875 59.15625 31.53515625 -67.9375 -57.353515625 -107.625 64.84375 108.8984375
 -1306.75 -800.25 -716.625 -528.25 -471.40625 -48.75 144.5 166.625 -167.0 -367.25
 20552.0 1298.0 774.0 -1519.0 299.25 504.0 2143.75 2507.0 -2292.0 -1789.5
 428.5 -50.625 36.75 163.25 -36.5 5.0 138.4375 -5.75 -14.75 142.75
 14603.375 -3907.15625 -2188.25 -243.8125 -823.15625 284.25 -80.5859375 456.875 49.875 -86.28125
 -1132.25 1644.421875 97.8125 -4481.65625 2588.5625 -949.75 1492.7578125 -345.625 299.375 -481.46875
 10708.0 -4084.5 -1775.0 -1477.0 -3289.75 2354.0 -1179.375 1412.0 1403.0 -249.75
 -37.0 -99.5 195.5 193.5 -26.125 -77.0 -92.78125 -193.5 282.5 71.0
 -1513.75 103.34375 153.5625 39.875 31.6875 20.125 -46.66796875 -78.625 73.0 54.75
 40.5 44.0 -87.75 -41.25 69.875 -116.5 -17.0625 31.25 155.5 69.5
 -2201.875 801.5 173.75 1112.125 560.015625 370.25 233.96875 -1010.8125 -354.875 -74.875
 157.25 38.828125 17.09375 25.03125 6.109375 10.125 -22.8359375 -14.34375 -62.5 -7.1875
 85.0 574.875 -601.25 -909.125 -321.0 814.75 193.375 -877.875 -1183.0 990.5625
 1592.0 -733.625 39.0 394.0 -456.5 624.0 -346.5 11.0 -524.0 -607.5
 -78.0 71.375 -452.875 -67.0 -86.8125 341.5 124.96875 335.0 -208.0 -806.0
 -87.5 -8.875 53.0 -6.25 17.1875 -6.75 -13.6015625 -42.375 40.25 2.6875
 -88.5 -142.4375 -119.5625 328.75 277.0625 -36.0 3.6171875 -93.25 45.25 249.8125
 131.625 59.921875 2.375 61.0 -51.953125 -45.875 46.4921875 -26.21875 -25.125 7.03125
 -1878.0 1642.71875 1026.125 -2389.375 -368.96875 1117.375 534.984375 -294.6875 886.5 -237.21875
 -3285.75 118.4375 -156.5 -294.1875 -97.625 -23.875 25.734375 18.1875 141.375 88.0
 -2544.0 1032.0 -496.0 -3608.0 -2220.0 -5216.0 -3252.0 1904.0 -72.0 -600.0
 -134.25 3.09375 83.75 36.875 7.59375 12.625 -24.6640625 -13.9375 -32.125 -19.96875
 242.125 4.34375 123.28125 -43.375 -5.90625 11.5625 0.99609375 -1.75 -32.9375 -17.265625
 106.25 -165.875 -70.4375 78.625 71.71875 89.25 150.78125 108.375 -189.75 48.0625
 369.0 186.75 136.75 -201.0 -104.125 81.5 -43.7734375 -2.0 -168.5 -52.375
 584.0 -44.5 86.125 -6.25 42.8125 -29.0 -28.03125 -411.875 303.0 355.625
 212.75 579.0 -698.0 -827.0 -170.5 1163.75 -1071.859375 -3142.875 1313.4375 -129.953125
 -11.375 0.5 3.0 2.5 3.6875 -3.875 0.34375 -1.609375 -0.64453125 1.203125
 151.5625 -5.5 124.0 6.0 -107.96875 -148.0 73.74609375 264.21875 -70.4814453125 42.21484375
 229.375 496.0 -587.5 -999.25 888.5 1081.375 -1032.46875 -3209.640625 1017.2421875 -469.6875
 76.75 5.921875 3.8125 -60.375 -84.28125 45.5 -78.59375 -21.875 12.625 -91.0
 30726.0 -6643.5 -106.0 -510.0 -4006.5 -2310.0 -3338.4375 8598.0 799.0 574.5
 -270.875 83.484375 5.84375 -23.5625 -11.140625 -7.1875 16.640625 20.03125 15.5625 29.53125
 7.125 -88.65625 -117.1875 36.125 -20.3125 -5.0625 -65.10546875 -69.71875 2.125 4.21875
 280.75 118.0 138.375 95.25 37.03125 -17.75 -7.25 -83.375 -3.75 38.625
 172.59375 -8.4921875 42.0078125 -32.53125 24.44140625 -7.640625 -51.8125 -67.8515625 66.296875 -15.95703125
 -330.0 154.328125 -12.3125 56.875 72.75 45.5 249.34375 142.9375 -45.5 -41.0625
 1004.0 255.75 142.0 -664.0 -160.5 64.0 110.765625 242.0 -404.0 -75.0
 189.0 82.5625 25.625 -181.25 -82.625 33.25 -80.578125 68.625 -122.5 -73.875
 152.0 -248.625 -169.375 -22.921875 4.98828125 -20.7109375 11.9921875 -12.9609375 -10.68359375 -0.7982177734375
 -47904.0 10118.0 1800.0 -1552.0 5126.0 -6456.0 1798.125 -840.0 -5840.0 -1950.0
 982.5 -62.03125 123.25 263.5 -531.375 -111.0 115.75 -174.0 -5.0 180.75
 213.0 46.953125 13.3125 264.375 85.75 -54.0 -30.8515625 -121.9375 69.125 194.84375
 -5307.0 315.75 105.875 -469.875 -281.3125 -20.75 88.234375 66.625 473.0 -111.4375
 -16567.75 -15904.578125 4345.5 3403.875 4319.0859375 -4971.5625 -5752.6015625 -6050.09375 -2905.96875 4504.0703125
 982.3125 659.5625 -228.25 -21.84375 236.1875 506.875 -139.71875 -90.625 87.28076171875 -58.421875
 -3134.375 -1836.96875 -2705.34375 5464.4375 -547.578125 433.375 -1037.3671875 450.875 -243.0625 701.78125
 257.5 69.25 75.0 -37.5 -83.0 -24.0 34.84375 48.75 -37.5 -72.0
 930.5 -255.4375 -219.0 -0.625 -73.53125 127.25 3.84375 -69.375 -57.0 -109.3125
 413.0 -66.875 64.25 98.25 -227.4375 -86.0 123.359375 -106.75 -34.0 25.375
