43.0 -95.25 -29.68359375 40.78125 2.5625 18.75 -52.5 23.125 -52.5 26.75
 223.109375 -353.572265625 251.716796875 932.40625 -1107.26171875 286.7734375 -460.921875 171.1328125 53.1171875 97.509765625
 48.5 28.5625 20.060546875 -61.3125 13.6875 54.5 -66.5 -74.125 -37.0 9.875
 22.15625 -4.79296875 -9.02978515625 2.09375 18.796875 18.3125 -16.40625 -11.765625 3.921875 -1.1171875
 -47.0 -86.125 32.953125 94.0 145.625 -49.0 -43.25 -133.75 79.5 62.5
 118.0 -8.25 34.671875 -12.625 75.0 96.0 -78.0 -80.25 -47.5 -11.875
 307.5 -105.0625 -24.5 -270.25 207.75 31.5 -418.625 -103.09375 60.625 -245.5
 -110.75 192.8984375 -40.927734375 -60.7109375 -47.828125 29.0 12.984375 -4.1875 -40.3125 -48.734375
 -416.25 -233.5 169.6875 97.875 -856.75 393.75 -490.8125 554.375 593.5 161.1875
 674.0 -2799.6171875 854.927734375 550.140625 -748.90625 -425.1875 -642.015625 604.125 -286.25 46.859375
 51.1875 -30.6015625 351.0703125 -89.58984375 89.0546875 237.28125 -34.96875 -194.0 -11.078125 -1.0625
 10116.171875 -2379.7109375 -1082.967041015625 9104.48828125 -6624.337890625 4345.6953125 -12423.9140625 8599.30859375 3856.6484375 2472.78125
 510.8125 -439.390625 76.4208984375 33.078125 -0.1875 -97.5625 -1.328125 35.15625 -79.375 -19.125
 -38.5 -500.875 75.765625 -137.5625 123.75 -127.5 47.25 -176.0 -123.0 -179.375
 76.5 31.359375 -12.75390625 0.796875 12.171875 18.3125 23.34375 1.71875 8.5625 -7.71875
 192.3359375 164.48046875 40.63671875 -37.8603515625 30.5390625 10.8515625 -13.310546875 7.35546875 10.8359375 8.888671875
 37.75 32.75 -14.3984375 -17.75 18.5625 24.75 -90.5625 -59.75 -5.0 3.4375
 -3.9267578125 461.9681396484375 6.697540283203125 -252.8436279296875 27.65478515625 33.15673828125 114.38134765625 -175.20703125 19.544189453125 -17.484130859375
 1239.79296875 -247.04296875 7.9053955078125 439.697265625 167.1875 -38.5390625 162.7685546875 -49.091796875 -126.4375 -172.3935546875
 -2.3125 -64.96875 -1.05078125 7.625 46.0 91.125 -16.21875 75.375 -61.625 -15.71875
 676.91796875 -204.015625 74.125 130.375 -188.125 -394.5 415.125 194.25 45.0 243.669921875
 137.625 -125.78125 -17.58203125 16.375 15.6875 -19.75 40.0 7.5 22.5 21.03125
 -274.5 -636.3125 211.9765625 66.6875 -21.625 -154.0 177.25 90.75 349.5 254.0
 -423.5 386.75 48.6328125 -2.625 -170.5625 123.75 -64.125 -88.125 -131.75 -11.5625
 124.0 35.5 1.21875 -139.4375 68.375 -31.0 -167.375 -177.875 0.75 10.375
 1130.75 1557.53125 153.1640625 22.09375 424.625 -244.75 -471.125 673.125 -82.25 72.375
 123.5 175.875 77.7890625 -201.375 6.25 -13.5 -192.75 -299.75 -9.25 -19.25
 -537.5 319.40625 1.26171875 0.28125 -14.875 -38.375 22.53125 -30.625 2.125 -36.1875
 -666.34375 520.43359375 -287.73046875 306.30859375 137.90234375 -204.109375 -50.34765625 107.5 -109.1640625 10.484375
 93.0 -14.5625 19.671875 -28.875 60.625 58.0 -129.625 -110.75 -62.5 8.375
 289.5 -115.875 -18.1328125 18.5625 -192.625 -56.75 136.625 156.875 -35.75 -221.4375
 -127.59375 1037.68359375 476.7802734375 -300.640625 382.6953125 -708.0 -505.30078125 652.421875 -324.5625 -25.2109375
 1988.1875 -1464.25 154.125 103.75 -321.875 -42.0 98.5625 138.0 249.5 33.4375
 99.59375 69.109375 226.78125 21.375 16.9921875 38.73046875 19.84765625 -84.5234375 146.609375 -31.5625
 -12.875 63.875 47.78125 32.90625 -3.96875 17.625 95.46875 42.3125 -11.0 -22.03125
 -1231.75 102.84375 8.7578125 -463.90625 -32.90625 -69.5 -172.65625 18.625 -105.625 198.875
 8.0 -61.0 27.953125 -51.125 83.375 35.0 -264.75 -202.5 -45.0 53.125
 61.0 -73.875 47.828125 4.75 13.5 19.0 143.75 83.5 -12.75 -41.25
 -17.33984375 -95.922119140625 -108.95333862304688 143.56787109375 -34.15234375 66.79296875 -83.990234375 33.4609375 32.08203125 9.364990234375
 -838.5 582.2421875 18.6240234375 14.9296875 -27.484375 -13.625 93.15625 6.671875 79.40625 101.953125
 -237.0 36.75 33.8125 118.875 -137.625 90.0 480.5 346.25 20.0 34.75
 247.0 -30.0 72.515625 -179.5 270.0 264.0 -369.25 -289.0 -164.0 -25.75
 134.25 -167.625 44.3671875 -84.25 11.875 93.0 -20.5625 -40.5 -23.75 -69.1875
 80.375 72.765625 33.669189453125 -55.375 44.71875 46.25 -5.125 -41.0 0.625 -35.09375
 -187.9375 195.4375 -141.3984375 75.9921875 -199.5625 249.34375 -172.890625 180.765625 120.28125 141.4609375
 147.0 -124.25 -50.296875 -97.125 72.5 88.0 -364.75 -255.75 -7.5 31.75
 5.7109375 -54.9931640625 -99.348388671875 132.22265625 31.5390625 23.4765625 13.634765625 -80.609375 50.1953125 -25.642578125
 -6185.0 7140.875 -252.3125 61.375 15.125 201.5 -171.75 135.5 592.75 231.875
 -166.25 -157.078125 26.37890625 -17.15625 -164.0625 94.6875 -99.71875 83.71875 66.40625 49.078125
 3248.5 1243.53125 382.62890625 -1159.34375 78.46875 758.625 91.0 -5.625 633.6875 10.1875
 123.0 -211.875 -30.671875 -109.625 -25.75 22.5 -189.125 -188.0 -20.25 34.25
 -1187.59375 1895.2890625 -1779.298828125 3076.84375 -401.390625 -825.6875 -821.0703125 1272.171875 -602.59375 16.375
 0.5 -54.59375 51.9453125 1.78125 -34.5625 -4.5 -94.0 -136.875 -168.125 -60.9375
 57.375 774.75 -72.87109375 149.921875 135.1875 -90.75 17.8125 -51.6875 30.25 -24.1875
 -209.0 -346.65625 -84.2734375 -56.8125 -119.4375 154.5 -162.6875 240.625 75.0 90.8125
 1144.708984375 -2414.76220703125 422.12384033203125 -186.12841796875 -497.689453125 -40.873046875 -274.4248046875 400.669921875 -2.3779296875 -11.40283203125
 35.0 -76.625 20.078125 -75.0 144.5 93.0 -316.75 -271.0 -128.0 10.5
 3.375 -4.09375 -100.984375 3.8125 12.9375 5.875 -31.21875 64.5 -17.8125 -26.375
 -74.0 61.0 51.109375 -25.75 -52.0 -31.0 165.5 96.0 44.5 -1.875
 1.0 223.0625 38.8125 -82.0625 35.75 10.0 -144.25 -129.375 -0.25 37.625
 -175.5 -272.125 244.484375 -243.0 -7.5625 -126.75 5.875 -106.375 135.25 258.3125
 -19.5 -24.1875 6.515625 -24.25 44.75 70.5 -111.875 -71.5 -70.0 9.25
 -224.9375 691.15625 -196.6083984375 -123.0 105.8046875 -44.3125 -119.7890625 -97.140625 110.390625 -8.09375
 -135.0 -55.125 -19.578125 56.375 -158.0 115.5 232.0625 350.5 -25.75 -90.125
 -352.875 678.390625 58.107421875 -16.640625 14.3125 -19.5 -58.40625 19.0625 3.75 -32.625
 -100.0 -69.0 137.875 67.0 -86.25 37.0 479.5 286.0 88.5 -57.5
 -560.8125 97.51171875 -1005.4541015625 2353.96875 688.09375 -1115.09375 -893.28125 1302.3125 -608.0625 40.375
 -615.75 70.0625 48.875 -97.9375 -31.9375 97.75 -54.25 -5.375 -120.375 -55.875
 -167.25 87.6875 -206.98828125 117.4375 143.375 61.75 204.0625 86.875 -1.375 182.625
 299.51171875 476.1796875 46.889404296875 -71.9462890625 157.740234375 -67.61328125 -31.478515625 50.787109375 -36.8203125 20.62890625
 -389.3125 431.734375 12.7900390625 14.671875 -20.796875 -33.78125 -65.9453125 66.53125 42.3125 11.8125
 271.875 246.90625 -940.50390625 267.484375 85.0625 -178.875 -53.34375 365.8125 -160.1875 59.96875
 -2715.04296875 -3362.15478515625 -5913.342224121094 -1741.35302734375 -911.08544921875 -1871.75 -1888.7802734375 -1528.4580078125 -944.458984375 3229.1044921875
 91.0 30.875 38.78125 -41.25 64.3125 28.5 -119.125 -117.0 -39.5 6.6875
 177.5 -234.625 56.71875 -57.25 90.625 -18.5 -153.125 -272.0 20.0 29.5
 1778.0 6525.5 496.9375 881.0 2589.0 -2132.0 687.0 -407.0 -1314.0 -964.0
 -91.859375 23.12890625 68.4580078125 -81.095703125 -19.36328125 -26.15625 18.44921875 71.0 -1.7734375 31.02734375
 20.0 -14.84375 12.5 26.1875 32.375 -13.75 97.5625 86.125 0.375 -24.875
 -28.28125 -27.419921875 -16.160888671875 16.31640625 -31.0390625 -7.0625 20.17578125 -36.234375 -22.2734375 55.5546875
 85.359375 58.921875 88.111328125 -98.50390625 -40.49609375 -59.734375 -20.2890625 47.125 -30.7578125 13.66796875
 890.09375 -1598.6328125 323.308837890625 -244.283203125 -837.4921875 631.546875 -0.58984375 -93.08984375 447.57421875 18.59375
 103.5 -58.5 -56.703125 -81.0 91.25 40.0 -222.75 -204.75 -26.5 13.75
 683.875 -210.21875 71.58203125 -97.25 107.3125 -65.125 -40.1875 -31.5625 11.25 58.25
 385.75 -325.859375 41.033447265625 72.8125 -14.28125 -33.625 28.03125 17.875 -27.0 -51.53125
 59.25 112.90625 57.9453125 -82.875 -20.53125 42.125 137.5 100.125 24.0 -42.71875
 450.1875 -608.078125 -32.4765625 -61.1328125 -23.109375 190.875 -93.015625 89.1875 67.125 -1.125
 -17.296875 -73.9296875 -178.95166015625 99.4765625 -26.47265625 117.640625 157.50390625 -178.2265625 63.828125 6.71484375
 -60.75 -5.296875 -46.09375 66.109375 17.15625 -25.75 36.9375 25.78125 -22.46875 51.4375
 28.875 -124.25 10.7265625 -58.96875 41.28125 -45.875 -91.25 -92.25 29.625 0.1875
 627.625 -857.921875 23.857421875 21.125 -122.171875 -28.4375 -18.671875 9.09375 -54.59375 -57.375
 43.125 26.984375 10.5732421875 6.609375 35.75 51.5 -1.75 12.0 -4.75 1.5625
 114.34375 3.44140625 2.91845703125 -2.0859375 -28.83203125 -7.53125 -52.96875 -9.0546875 -22.140625 -32.16015625
 212.5 -390.484375 23.234375 42.2109375 -90.90625 30.875 -41.421875 37.53125 12.5 -1.921875
 51.5 23.359375 -21.580078125 -31.375 18.0 3.625 -46.109375 -58.0625 -24.0 -22.4375
 -8463.75 -2769.34375 -338.171875 -284.46875 -2761.28125 1815.125 552.3125 -1675.3125 966.875 -609.375
 839.5 1547.21875 -298.203125 15.5625 611.3125 0.25 191.5625 -67.5 -71.875 46.9375
 218.0 99.9375 29.9375 -102.625 54.75 -21.0 -120.25 -214.5 15.0 -15.375
 -1017.0 -367.5 438.796875 129.875 156.25 -498.0 528.0 -42.0 1060.0 803.25
 56.0 -93.0625 -0.6328125 -52.75 35.8125 12.0 -80.0 -67.5 -18.0 13.5
 -47.5 -99.4375 6.603515625 57.125 67.0 81.75 -25.25 44.875 -75.5 -38.8125
 -54.1640625 -307.1484375 -34.9814453125 25.0947265625 -6.5263671875 -26.5703125 99.169921875 -98.560546875 9.70703125 -26.296875
 22.0 20.0625 90.375 4.9375 39.1875 61.5 -108.125 -89.375 -70.25 67.5
 40.0 200.0 3.90625 -82.625 59.875 30.0 -172.625 -167.0 -41.0 1.125
 -209.25 33.0625 -117.40625 74.5625 -33.875 -3.0 53.875 -66.875 -59.0 152.3125
 44.75 -47.9375 -48.71875 15.4375 -21.375 35.25 153.8125 201.75 2.25 -46.5
 115.5 -22.0 15.5078125 -52.4375 55.625 95.0 -134.625 -139.25 -43.75 5.125
 958.0 788.0 46.8125 -441.5 16.0 -652.0 -818.25 -1417.0 207.0 132.5
 -2327.640625 -2354.138671875 -4334.478759765625 -1715.505859375 -502.193359375 -1524.296875 -1205.1484375 -1329.046875 -718.8125 2490.15625
 199.0 -158.8125 129.203125 -196.9375 41.875 16.0 -188.96875 -357.0 -1.0 -43.25
 30.5 31.875 6.828125 16.0 -28.4375 -31.75 135.625 122.75 43.0 8.8125
 221.75 -21.40625 30.6875 -28.6875 -84.5 175.25 1.4375 -215.625 -108.625 -67.8125
 -165.5 50.75 112.0234375 165.375 66.75 193.5 227.875 332.75 25.0 -5.0
 158.25 -129.21875 10.5234375 -148.0625 -7.25 -10.5 -109.40625 -121.875 1.0 -12.5625
 -712.5 -51.5 -272.546875 -474.6875 -243.875 -121.0 -66.25 -31.75 -237.0 -110.875
 285.03125 -1.8046875 97.9241943359375 -16.25 -32.515625 -22.71875 -86.14453125 112.4375 -0.484375 41.390625
 47.5 29.328125 20.744140625 -38.875 12.09375 56.25 -6.78125 -13.1875 -30.125 -11.15625
 38.599609375 3450.1875 60.125 -551.4296875 330.35546875 253.578125 -127.71875 23.109375 265.625 130.625
 94.3125 279.15625 13.3310546875 -24.71875 101.015625 -43.625 61.4375 4.6875 -48.5 -56.4375
 -159.0 458.734375 -60.408203125 -279.328125 -67.234375 -9.8125 34.046875 119.96875 24.125 -113.796875
 -1722.75 5395.625 -327.2109375 123.5625 1354.8125 -804.25 646.375 -821.75 -300.5 -206.1875
 2864.0 -1245.5 -117.625 -1474.5 1025.0 1012.0 1183.0 1280.0 -1330.0 -3126.0
 -1375.125 -1113.65625 -191.8125 -71.75 -400.59375 321.25 346.75 -544.0 86.25 -85.59375
 57.75 58.0625 16.9375 -46.5 90.375 10.0 -122.3125 -124.5 -0.25 -7.5
 190.25 48.5625 2.74609375 -19.890625 -116.4375 -11.0 -89.5 -27.875 -51.1875 -16.46875
 34.5 -100.5 -30.3046875 44.75 -72.0 150.0 205.125 218.375 -50.75 -41.5
 609.375 -1520.0234375 13.7822265625 23.9921875 -269.96875 96.125 -86.265625 131.75 -8.0 75.46875
 100.28125 -18.58203125 -63.42431640625 63.328125 23.7421875 60.96875 -24.265625 -59.265625 -34.765625 -27.75
 658.859375 -379.12109375 297.1904296875 652.421875 299.65234375 6.046875 -248.68359375 63.53125 -1.328125 168.1015625
 -101.5 185.21875 -76.7734375 89.5703125 -46.59375 38.375 -50.421875 103.0 5.25 137.296875
 5305.375 1219.34375 590.36328125 -1251.75 -418.28125 -18.5 -1738.28125 -589.0 -1861.875 -705.0
 -1225.5 311.21875 86.59765625 -81.828125 -179.03125 14.375 -62.28125 -45.3125 41.0625 84.625
 66.0 41.0 149.21875 -181.75 -116.375 -46.0 392.5 192.25 178.25 -56.625
 11121.75 -12326.21875 994.73046875 212.78125 -1092.0625 509.875 -534.4375 788.3125 -505.4375 -267.4375
 -24.0 211.40625 -1.359375 -239.375 -198.875 114.0 137.3125 133.0 -99.0 -177.5
 269.96875 -133.890625 38.0859375 54.1171875 33.0 -15.0625 25.421875 -21.890625 -32.8125 -10.84375
 -160.0 481.125 166.546875 138.375 -77.625 78.5 -50.125 -44.0 43.75 8.875
 -14828.0 14930.25 -69.03125 -477.25 -1533.5 822.0 -2189.0 1196.0 1873.0 1267.0
 15274.0 -97642.25 62571.703125 -27068.75 82417.5 -16270.0 -3859.25 -17949.0 -3000.0 10005.5
 180.875 -34.84375 33.419921875 -33.75 55.78125 45.75 -28.375 -56.4375 3.25 -9.84375
 -47.5 -70.6875 -6.75 50.71875 36.9375 63.0 -7.625 45.25 -63.375 6.1875
 -4088.25 5532.9375 -1566.1640625 2150.4375 1919.6875 -1749.75 -442.9375 538.0 -1216.125 410.9375
 -106.75 -763.34375 61.5078125 -88.5625 -309.875 232.5 -157.5 119.5 141.5 44.125
 176.25 26.234375 66.71875 -69.875 120.375 46.5 -75.8125 -129.125 75.75 -44.5
 334.25 -207.03125 62.69921875 72.0 103.71875 36.0 33.375 11.1875 14.875 -196.09375
 -259.1396484375 691.455810546875 -155.34039306640625 -28.5439453125 429.214111328125 -135.3994140625 265.04248046875 -298.30712890625 -138.23046875 -68.135986328125
 10.0 25.78125 34.87109375 -20.125 11.625 -56.0 -86.875 -143.875 83.0 80.3125
 55.5 4.4375 14.546875 32.75 127.0 136.0 -76.875 -43.25 -60.75 -13.0
 50.22265625 1.0703125 -3.4447021484375 -2.367431640625 -3.37158203125 -24.1484375 -2.599609375 -38.8193359375 1.3046875 40.310546875
 2066.0 -9235.5 -1094.09375 1278.0 2713.0 -3052.0 -3197.25 2106.0 5424.0 4429.0
 86.0 30.5 34.65625 -122.8125 66.75 51.0 -244.5 -209.0 -8.25 33.25
 157.40625 -939.40625 168.08740234375 -104.4140625 -71.03515625 -69.390625 77.89453125 92.453125 157.296875 24.63671875
 558.1875 -919.9765625 1633.5107421875 -2855.578125 -815.3828125 1485.125 1133.9609375 -2006.375 755.125 35.265625
 67.80859375 291.3095703125 -15.51904296875 -0.892578125 147.5869140625 -77.66796875 52.6875 -56.984375 -51.09375 -38.45703125
 421.375 -256.828125 50.9312744140625 40.46875 65.25 0.375 20.84375 -34.0 -62.5625 -23.4375
 79.5 1220.0 -189.640625 -199.9375 78.125 133.5 -472.375 130.0 -699.0 -15.25
 71.390625 -3.140625 -34.375 -23.9375 -50.8125 -95.25 12.75 -45.15625 16.0 40.0
 -1234.5 -1435.25 -355.765625 -1022.4375 -883.0 -123.0 2149.75 2005.0 -460.0 171.875
 -4.0 -114.9375 -78.671875 130.6875 8.15625 -45.25 102.6875 116.8125 -3.75 50.6875
 15.0 -37.765625 34.41015625 -31.71875 29.1875 14.125 -64.625 -54.5625 3.25 -9.59375
 19.875 18.640625 58.857421875 49.09375 37.828125 28.0 90.34375 53.4375 28.375 -1.875
 71.875 21.25 -158.65625 63.75 25.9375 -112.75 -61.390625 122.25 60.25 -82.0
 -239.0 -7.75 -33.5078125 -69.3125 16.6875 -76.5 -31.75 -23.75 178.25 32.0
 -60.25 600.0 2.6669921875 166.71875 -233.015625 166.75 -89.5625 65.4375 116.0625 -16.125
 -233.0 -267.5 -230.8125 421.0 -119.75 211.0 555.0 983.5 100.0 -24.25
 -104.0 1720.03125 -294.8125 221.125 938.375 -469.5 755.25 -707.5 -22.0 -169.125
 857.75 -291.90625 24.71484375 16.25 441.1875 -441.5 159.1875 -109.25 -308.5 -276.125
 -2321.0 2083.1875 -135.65625 -76.75 -112.125 6.0 -69.875 -144.5 148.0 179.875
 122.0 -78.4609375 -1.376953125 43.078125 15.09375 -1.875 -6.21875 -20.0625 5.5625 -36.671875
 1041.375 -411.0625 -161.1015625 256.75 48.71875 57.625 9.1875 64.25 -272.5 -160.78125
 -2844.5 2333.375 -555.798828125 1385.140625 -118.0 -597.75 -695.28125 575.5 -431.125 67.1875
 99.5625 2.984375 -1.5263671875 -2.5 8.3125 12.1875 6.125 7.21875 0.84375 -25.015625
 -7.0 41.109375 -23.267578125 -7.4375 12.15625 -19.75 -7.46875 -30.1875 -4.5 18.21875
 46.375 -24.484375 -67.35546875 2.421875 7.03125 25.875 -4.34375 8.375 13.0 -18.34375
 67.50390625 -39.818359375 -3.63037109375 4.224609375 10.421875 -24.359375 -14.4736328125 -11.85546875 -18.0 -22.8251953125
 13.375 -145.3125 -128.25 165.25 -2.625 -76.0 -34.0 -17.0 -130.0 -59.0
 9.390625 -94.873046875 -23.75732421875 75.048828125 -18.58984375 11.40625 -16.6015625 31.265625 -29.640625 -14.2265625
 1717.0 -1487.125 -1167.6171875 -1516.09375 2785.4375 -516.75 1011.3125 -29.25 -25.375 164.1875
 -9189.0 13329.25 -3222.859375 5865.875 3268.625 -4017.0 -1979.625 2008.0 -2856.5 901.375
 -448.859375 -39.212890625 -85.522216796875 -140.794921875 88.2109375 105.90625 -161.1796875 -35.03125 16.1875 -107.41796875
 -77.375 59.234375 40.61328125 43.34375 3.53125 5.25 0.0 6.6875 -16.9375 23.21875
 14.0625 -39.765625 -18.93359375 20.390625 -42.328125 -16.5 20.265625 -8.03125 7.40625 46.296875
 27.53125 14.4921875 50.935546875 -20.46875 7.109375 17.96875 31.9765625 -9.765625 21.4375 38.8125
 83.25 90.125 51.701171875 -59.625 25.6875 49.25 -60.625 -92.375 -19.0 5.5
 89.3125 -16.546875 48.1591796875 -25.0 -135.578125 -80.0625 -141.546875 137.15625 -20.375 -18.40625
 -20.0 -186.6875 144.7890625 -54.875 65.625 -169.0 -79.1875 -170.25 192.0 44.375
 120.0 60.75 -34.15625 -88.625 44.5 90.0 -316.0 -276.75 -32.0 62.0
 99.9375 -241.8359375 53.150390625 39.6171875 -138.921875 51.0625 -70.921875 66.9375 65.0 12.75
 -31.875 -17.53125 82.1640625 42.375 55.625 105.75 127.40625 99.125 -13.5 11.5
 -191.5 -145.375 367.484375 38.25 -312.25 -40.5 73.125 -13.75 -63.75 56.25
 62.34375 -13.2421875 43.4697265625 -1.0703125 4.7109375 21.859375 -1.203125 6.4609375 -4.875 -2.0703125
 10.9375 -51.8046875 -11.0205078125 -13.6015625 -18.296875 -20.6875 -6.15625 22.375 -41.875 12.21875
 229.0 -5.8125 -6.59765625 -102.25 -82.125 46.0 -143.5 -67.625 -83.75 -155.625
 16279.75 7910.1875 4442.671875 -8429.3125 -911.4375 4156.75 -823.5625 791.75 3368.75 -75.0
 -1166.8515625 2252.8984375 -117.251220703125 23.60546875 242.796875 -41.8203125 83.55859375 -112.59375 98.30078125 71.80078125
 8524.99609375 -22537.078125 2073.125 -1210.125 -5920.125 2685.5 -1994.75 4339.125 3538.0 2733.890625
 -197.5 -104.921875 23.244140625 -16.703125 -136.1875 60.625 -82.34375 57.9375 43.6875 36.21875
 979.6875 -1150.078125 -79.427734375 82.671875 33.984375 -34.8125 69.765625 97.75 -94.6875 59.65625
 -1034.03125 -1233.3232421875 -692.784423828125 704.1640625 -708.5869140625 -598.06640625 321.228515625 481.1015625 -565.79296875 -571.53515625
 67.25 244.5078125 48.21826171875 -42.875 41.5 -11.1875 5.96875 -70.65625 38.6875 21.828125
 1265.5625 -2266.890625 162.685546875 -61.6875 -359.296875 13.6875 -69.109375 -45.125 88.46875 28.484375
 -132.0 -33.5859375 230.6328125 116.125 -114.375 123.75 -8.375 -8.75 -14.25 117.90625
 -2794.875 -2001.0625 -363.376953125 997.328125 -449.703125 -427.25 -127.53125 62.71875 -394.78125 -67.59375
 -34.5625 91.75 40.7880859375 16.796875 10.90625 5.375 -2.09375 -38.21875 -20.8125 14.609375
 112.5 27.75 50.4296875 39.125 122.75 75.5 -154.875 -155.25 -18.5 11.375
 59.03125 38.5859375 79.84765625 -48.7109375 11.2578125 50.59375 -14.8515625 -46.65625 -19.578125 1.203125
 48.0 21.875 9.921875 -40.25 1.6875 30.75 -70.4375 -58.0 -40.75 1.75
 40.0 50.625 3.84375 -96.875 34.875 20.5 -267.5 -215.0 3.25 10.875
 -4385.625 -1413.03125 5022.984375 -6615.53125 2480.375 1096.125 2136.15625 -4369.1875 703.375 284.78125
 36.5 -16.4375 -0.2734375 -104.8125 106.375 -38.0 -215.25 -221.25 -2.5 -19.125
 46.03125 31.51171875 -3.15771484375 -7.46875 -29.1953125 7.5 -4.5234375 -2.875 0.1875 23.53125
 25.0 -47.0625 -3.015625 25.9375 73.5 32.5 -46.875 -19.75 34.0 14.875
 18.625 6.09375 54.125 32.375 -10.875 5.75 99.21875 40.375 26.5 6.0625
 545.51904296875 223.97265625 60.13671875 -52.8125 -10.390625 6.1875 -84.3984375 -105.09375 -65.75 74.515625
 33.75 44.875 21.66015625 18.5625 51.3125 57.0 -34.5 -14.25 -22.0 -11.4375
 -31.5 66.34375 -56.51953125 59.125 35.15625 7.0 24.125 59.4375 34.375 -25.625
 -446.03125 181.359375 -790.95263671875 866.71484375 290.978515625 -859.203125 -265.51171875 924.60546875 -428.4140625 -191.41796875
 -77.5 53.375 -4.0 -31.75 -83.125 281.5 250.0 273.0 -181.9375 43.25
 -4155.5 2541.96875 146.078125 -306.859375 -18.0625 -401.0 -104.0625 5.125 50.6875 97.75
 77.75 -14.125 12.6875 30.6875 19.375 -4.0 -27.375 23.75 18.125 -59.75
 -129.5 137.375 546.15625 97.625 -403.0 -58.5 124.0625 -13.75 -83.25 22.875
 8339.0 10298.5 877.859375 -1040.25 3709.25 -1919.0 -2078.75 3303.0 -858.5 665.75
 49.25 2.75 26.16796875 -12.3125 53.0625 51.0 -25.5625 -48.25 -3.875 22.625
 32.6875 -20.1796875 10.5625 1.65625 23.234375 22.8125 11.140625 -23.421875 0.125 5.546875
 -38.125 0.75 50.912109375 -0.75 3.0625 -73.9375 57.4375 -21.09375 55.1875 4.1875
 2411.625 -2550.125 242.875 680.125 177.25 -179.0 221.890625 -126.25 -134.0 -107.0625
 1559.75 -377.28125 -191.1640625 -96.125 232.625 63.0 -7.53125 141.625 -180.5 -215.65625
 55.0 -37.953125 21.310546875 47.4375 -33.765625 -5.125 25.140625 -5.21875 -38.46875 36.578125
 171.68798828125 -123.1409912109375 18.095046997070312 54.16851806640625 -31.63824462890625 5.34619140625 -10.1512451171875 39.4571533203125 -2.38671875 -2.27777099609375
 -3267.5 1557.3828125 -1923.78369140625 1079.05078125 2841.59375 -1787.515625 661.3984375 -165.7109375 -1060.71875 7.96875
 911.5 -637.96875 85.48828125 64.0625 179.78125 -40.25 -31.625 -60.125 -156.25 -76.84375
 116.0 -21.71875 -94.80859375 8.6875 9.3125 20.75 -146.9375 -63.875 -77.75 -28.375
 -322.625 254.984375 -36.76953125 39.53125 -6.3125 -30.875 -37.5 26.6875 -2.5625 -4.0625
 28.875 -35.1484375 -29.7724609375 -52.4140625 -13.6328125 -7.84375 -0.359375 2.609375 -57.078125 27.8828125
 1944.6875 1742.6796875 187.005859375 621.0859375 434.1796875 -559.8125 -865.609375 999.203125 -247.34375 132.171875
 64.75 27.125 -4.359375 -4.234375 -31.640625 -21.4375 33.4375 -4.21875 -43.625 45.53125
 422.25 -246.75 -5185.9375 -5536.02734375 1478.0 -94.0 -3517.25 -2393.25 -1980.5 2296.625
 -77.5 126.21875 5.015625 -29.4375 82.6875 82.0 -131.96875 -31.375 -5.75 -118.6875
 -12720.0 -6557.0 -5185.0 15696.0 -5722.0 -3628.0 -10512.0 2014.0 4118.0 -4020.0
 65.125 -2.5 -13.154296875 43.46875 38.875 -21.25 4.09375 -4.0 35.5625 42.0625
 101.0 80.0 35.876953125 -84.25 -23.625 81.5 -59.1875 -84.625 -48.5 20.3125
 53.25 -33.5 -51.9375 13.375 72.125 -55.25 -69.1875 -54.625 54.125 57.4375
 28898.0 35984.5 9842.21875 -20519.5 4360.75 4676.0 -4964.0 7086.5 5529.0 1081.5
 279.875 464.1875 -106.07421875 195.65625 168.40625 -35.875 54.0625 -80.0 -106.3125 -86.78125
 38.5 39.53125 38.29296875 -4.9375 -7.375 20.75 -49.375 -46.5 -44.25 -64.0
 -0.5 -29.25 188.65625 -65.5 -279.5 69.5 198.875 235.5 -300.75 -364.25
 88.0 8.75 -45.9453125 3.375 81.5 42.5 -1.25 115.125 35.75 -85.875
 259.75 -299.984375 -102.48583984375 -100.4921875 51.75390625 129.75 -176.25 -376.078125 -188.4375 290.71875
 100.875 24.578125 119.3818359375 -110.1875 49.5 -7.5 -7.28125 -86.4375 50.375 -0.75
 90.6875 0.734375 31.626953125 43.25 -0.9375 76.8125 -56.140625 -125.375 -12.25 46.84375
 64.0 26.0 173.5 7.0 -182.5 -18.75 -49.75 -201.25 13.5 48.9375
 21.203125 -0.9375 -1.50390625 1.76171875 0.451171875 -0.01025390625 0.7490234375 -0.734375 -0.392578125 0.1220703125
 143.5 18.5 -70.0 -102.125 89.96875 -97.9375 13.03125 286.640625 20.3359375 35.7265625
 25.0 -57.5 -239.1875 -39.25 175.75 -171.96875 82.1875 400.21875 0.234375 74.28125
 50.125 2.9140625 31.73583984375 40.53125 17.3125 6.875 5.21875 -6.96875 28.65625 0.859375
 -2307.0 -2107.25 -370.060546875 44.5625 -473.375 537.0 1095.875 -1314.75 359.125 -139.625
 116.75 45.15625 -44.5234375 -70.609375 36.90625 36.0 -31.90625 -12.0625 -36.5625 -23.6875
 -3460.5625 -136.453125 393.423828125 89.578125 -4.015625 -43.5 -561.5 -726.09375 186.5 -87.109375
 -411.0 1163.390625 -118.8046875 -269.0859375 -76.140625 120.0625 465.421875 592.75 -150.375 71.65625
 26.25 -1.875 67.66796875 -54.34375 29.15625 32.125 -8.1875 -30.9375 21.9375 -19.09375
 -326.5625 240.515625 -88.642578125 33.65625 23.4375 -20.875 89.375 67.15625 41.8125 -44.140625
 110.5 -9.171875 -50.099609375 -25.9375 -23.84375 144.25 -38.28125 129.8125 -156.875 -32.3125
 28.5 -22.3125 68.421875 -90.375 70.25 -6.0 -122.625 -181.25 -12.5 75.375
 16.25 -130.46875 -0.7939453125 1.287109375 -1.66796875 -2.39501953125 4.0029296875 -2.396484375 -1.815185546875 -0.059326171875
 1316.0 587.5 16.90625 7.75 394.0 -312.0 296.75 13.0 -91.0 -522.5
 3.651134407736805 -98.26006832178604 -99.1642805681172 53.365830606151206 -80.9990067384341 69.09462872432891 33.436926429889006 170.08125849809807 -149.61584152952264 -78.08320400679352
 73.5 -223.90625 -41.10546875 86.875 -88.65625 -34.125 127.3125 164.3125 20.8125 35.84375
 560.125 1054.328125 4.47265625 369.3125 469.0625 -25.3125 40.21875 -114.09375 336.5 -98.234375
 -4425.5 -8678.875 9434.30859375 -5966.71875 -188.90625 1836.0 1273.65625 -6899.5 463.1875 1564.96875
 104.8115234375 31.883590698242188 -243.494384765625 -73.15906143188477 34.68720245361328 118.27435302734375 -85.16250610351562 -98.84759521484375 -53.87693786621094 13.49505615234375
 -331.171875 99.978515625 -177.80126953125 -877.7421875 714.8984375 -87.3125 373.361328125 -154.640625 17.921875 -104.82421875
 141.5 -46.125 -25.4375 -32.875 63.5 -15.5 -291.25 -213.25 -14.75 5.5
 -235.0 -47.65625 -68.671875 97.34375 -108.5 -76.25 100.75 47.125 -33.625 163.75
 -88.25 -22.1796875 -50.9541015625 9.640625 -16.953125 -52.9375 8.0625 38.09375 12.3125 55.84375
