312.0 249.875 -253.0 -1.0 -38.25 131.25 -137.0 126.5 -0.375 -4.75
 192.0 237.546875 -42.0625 -236.625 57.484375 -134.953125 123.6875 136.5625 285.015625 -28.0625
 258.0 116.84375 -34.5 -22.5 12.625 87.25 -20.25 71.25 -0.625 -0.875
 192.0 39.0 -4.0 1.0 25.0 19.5625 -23.5 0.375 20.625 -37.0
 -34.0 -119.5 275.5 75.0 -68.875 124.0625 445.0 26.75 -44.75 179.5
 216.0 -460.0625 -34.0 80.5 11.0 -156.125 310.0 -222.5 21.5 17.5
 -53.0 256.0 -452.0 -952.0 172.0 -832.75 -2365.0 1055.0 -1076.5 141.0
 726.0 -71.65625 -116.3125 -43.4375 -16.8125 -10.28125 -67.75 11.0 22.125 -26.1875
 -15691.0 1266.5625 1173.25 -216.25 532.375 -16.9375 284.75 -700.5 462.0625 42.0
 6288.25 -1086.873046875 -947.40625 -906.5625 426.25 1548.3125 -213.6875 51.375 689.1328125 -1.875
 469.0 -52.98828125 20.46875 -68.09375 77.40625 -78.3046875 -32.0 5.96875 -5.015625 48.921875
 2391.28125 1129.1943359375 -2157.4375 -808.2734375 -465.1015625 133.673828125 856.1484375 490.54296875 -2006.078125 -547.03515625
 439.0 -6.7265625 -74.0 56.1875 -143.1875 -60.25 26.75 44.5625 63.265625 12.5
 759.25 115.1328125 191.125 262.5 48.96875 2.734375 -66.5 -21.3125 -91.34375 86.25
 96.0 160.0 24.5 16.0 9.25 -57.5 -4.0 -200.0 75.0 -56.0
 338.875 16.474609375 -88.5390625 -134.7421875 128.73046875 24.802734375 60.515625 -11.1953125 10.37890625 -4.9296875
 212.0 495.25 -236.25 -8.5 -17.375 221.1875 -145.0 214.0 53.5 -45.25
 -5108.5 1499.578125 -1076.625 2385.8125 -5083.34375 -2056.0 42.125 38.625 -2167.59375 -68.125
 17635.0 -2084.09375 -3461.0 -261.5 -927.75 -685.5625 -331.25 934.25 -549.25 -304.625
 144.0 414.4375 -221.5 -78.0 -17.25 146.0 -148.0 258.25 6.75 -7.5
 53917.0 2842.625 1383.875 -873.5 -2332.1875 -194.1875 -3639.75 1289.875 -3609.6875 2234.28125
 -773.0 -381.625 -76.0 14.5 49.375 -23.3125 85.5 130.0 46.5 88.5
 -4256.5 265.203125 723.75 22.5 351.4375 1.5625 203.25 -116.6875 218.90625 -64.75
 1728.0 724.0 552.0 -520.0 192.0 476.0 800.0 -936.0 716.0 -1464.0
 38.0 130.9375 20.5 -37.0 25.25 -2.875 -78.0 -21.5 10.0 -43.0
 6094.0 -1142.65625 -1261.5 -251.5 161.375 1103.125 -117.0 -294.75 -748.75 -103.0
 32.0 196.0 -120.0 -115.0 -9.0 47.0 -146.0 -22.0 20.5 -100.0
 -2246.0 220.9375 408.25 234.75 66.625 -54.0 32.5 -148.0 -170.8125 -27.25
 20010.0 -993.5625 -6202.5 -6367.5 4255.75 -2912.75 3987.0 1726.5 176.75 -280.5
 194.75 3.921875 -3.625 5.9375 14.1875 37.6875 87.75 8.5 -5.0 6.0625
 -64.5 42.453125 -44.25 -74.5 -32.5625 25.4375 -61.5 92.875 -45.875 -118.125
 20073.5 -3659.96875 -4431.875 -3190.75 3343.875 2990.5625 579.0 -716.0 -610.1875 -68.8125
 1421.75 -143.7734375 -355.875 21.625 -214.15625 -188.0 194.125 222.4375 -542.25 -97.09375
 180.0 -22.0 265.25 143.0 -154.28125 163.5625 462.0 -20.875 53.1875 -45.25
 116.0 270.5625 -12.5 -9.5 -1.5 52.5 -99.0 34.0 1.0 -44.5
 1136.0 1604.0 5944.0 3288.0 942.0 252.0 -1312.0 -904.0 -2154.0 1422.0
 170.0 158.40625 -71.375 -13.0 10.875 66.75 2.5 73.0 2.3125 -0.875
 -6000.0 2192.0 -2708.0 -1552.0 -1204.0 -550.0 -1704.0 -1806.0 744.0 -1106.0
 -1282.46875 65.5390625 159.2734375 336.9375 355.33203125 -24.302734375 -165.609375 149.5390625 456.861328125 -68.921875
 -376.0 -104.0 -413.0 -509.0 -149.0 -85.0 -16.0 39.5 16.75 130.0
 405.0 -147.5625 176.75 14.5 16.75 -102.75 92.5 -248.5 14.375 64.25
 259.0 -202.5 159.25 19.5 38.0 -32.25 319.0 -291.0 118.5 -38.0
 44.0 586.5 -131.0 -114.0 -36.0 117.5 -228.0 44.0 59.0 -113.0
 216.0 142.0 76.0 -30.0 9.25 14.875 -11.5 -57.75 15.625 -27.5
 -4400.75 485.501953125 1304.40625 1389.75 -1010.9609375 -31.546875 -260.65625 206.0703125 9.578125 -46.75
 364.0 612.0 -158.5 -52.0 15.25 209.0 -248.0 328.0 -14.25 -36.5
 41.625 23.20361328125 22.2265625 17.2265625 -17.3359375 3.021484375 38.3203125 -1.609375 8.931640625 1.333984375
 -3739.75 491.03125 151.125 1.3125 -163.03125 -123.28125 58.75 90.875 404.3125 63.375
 2263.0 -213.28125 -577.375 -107.5 -278.25 63.3125 -51.5 76.375 192.9375 -0.25
 -6517.5 -396.234375 1546.125 3036.25 -2781.03125 272.625 -1441.25 -44.125 -173.25 59.5
 664.0 -356.8125 87.5 51.5 105.75 -140.0 327.0 -392.75 29.875 -16.75
 8361.171875 4231.71142578125 -6591.8515625 913.984375 -1669.345703125 -2583.888671875 -810.234375 -2064.00390625 893.509765625 378.21484375
 378.0 182.5 229.5 103.5 260.25 -100.5 109.0 228.0 -22.25 -63.5
 1756.0 105.6875 342.0 369.5 36.75 46.375 -168.5 12.25 -187.5 165.0
 -210.25 -289.015625 165.25 36.3125 417.6875 106.0 38.5 -104.4375 -162.15625 68.3125
 -2688.0 502.0 2308.0 1138.0 474.0 -450.0 -148.0 -308.0 -1364.0 18.0
 184.0 124.5 -25.5 -4.0 28.0 -9.0 108.0 -165.0 83.75 -81.0
 -106.0 -49.0 -309.0 436.0 208.75 257.75 427.0 236.5 29.25 -496.5
 198.0 387.125 130.0 -55.0 -10.5 32.5 -99.0 -68.0 47.75 -43.0
 -36.0 295.125 -17.0 -14.5 -1.25 8.25 -35.0 -118.0 38.0 -50.0
 -3490.0 290.359375 748.0 303.25 252.125 18.9375 153.0 -202.875 154.9375 59.6875
 261.5 0.578125 -18.25 13.125 0.25 48.625 62.0 35.375 -5.59375 -6.0625
 -188.0 -145.9375 53.75 -8.875 28.25 -48.0 38.0 101.375 -1.875 -116.0
 235.0 61.0625 -34.75 114.0 -51.25 32.5 127.0 21.375 -23.5625 25.375
 1201.25 -222.125 -334.1875 -345.8125 429.40625 355.875 26.875 -80.0625 0.75 37.5
 246.0 -152.09375 40.875 -21.25 16.625 -95.125 84.5 -61.875 -45.125 39.5
 71927.375 40682.3291015625 438.9296875 -71519.78125 30343.63671875 43678.609375 8315.09375 -5534.828125 15378.09765625 -230.25
 -6168.0 -510.875 308.0 133.0 222.0 39.0 809.0 280.5 394.0 -84.5
 61.0 -138.875 93.0 -36.0 -43.75 -81.625 -45.5 -14.25 -35.625 40.75
 482.25 -38.8671875 -127.90625 8.1875 -100.65625 89.71875 -17.875 -20.6875 -72.515625 -14.71875
 -1326.0 101.8125 -425.0 -202.25 -323.125 -232.75 175.5 18.5 62.6875 -60.125
 2220.0 420.5 1479.5 1941.0 77.0 528.75 846.0 -112.0 189.25 81.5
 -14443.640625 1088.0849609375 6330.23828125 -2217.046875 612.189453125 -1181.1650390625 -2.1796875 -4453.77734375 -2379.1962890625 1414.138671875
 154.0 106.4375 -3.0 22.0 13.0 -3.0 21.5 -83.5 40.25 -44.5
 36.0 -77.34375 63.5 14.5 46.8125 -7.875 152.0 -176.5 89.5625 -48.875
 -334.0 3.7578125 -7.59375 -70.0 131.1875 124.25 33.9375 -68.4375 -39.78125 -29.15625
 -249.5 -49.0234375 -71.78125 2.8125 33.3125 13.765625 4.9375 -4.21875 -3.75 21.40625
 244.0 -378.0625 60.75 -94.5 36.125 -246.0 53.0 -102.75 -31.75 -83.75
 208.5 -89.6796875 -47.59375 37.4375 43.96875 21.609375 -37.0625 52.8125 -19.546875 7.09375
 -3205.9375 148.572265625 52.1875 -410.40625 -196.5546875 -327.90625 172.578125 154.6875 162.40234375 -240.6640625
 838.5 -58.015625 -219.3125 405.625 -1116.3125 -204.375 -218.5 464.4375 632.0 8.75
 106.0 232.5625 10.5 -12.5 55.0 -27.5 -6.0 -137.5 74.0 -67.25
 1298.0 126.125 187.75 262.75 -23.25 28.625 -33.5 2.75 -143.25 17.5
 654.0 85.8125 284.75 374.0 -13.375 -80.875 -133.5 -60.5 -262.25 175.75
 260.0 -215.0625 136.0 -60.0 -15.25 -201.625 99.0 -332.5 64.25 -35.5
 2477.0 -643.9375 -308.25 -993.25 2042.125 872.75 214.5 -585.25 -390.75 141.0
 8450.25 -677.1796875 2165.875 621.3125 2446.3125 628.421875 -768.0625 -349.46875 -159.21875 554.375
 10.0 -72.28125 -1.25 84.625 -43.5625 -94.5625 -78.25 -27.375 -37.75 -14.125
 74.0 149.4375 16.5 -14.0 7.75 -14.75 -86.0 -36.5 5.5 -41.75
 -3382.0 389.3125 920.5 276.0 217.5 192.875 -226.0 -53.75 32.875 158.75
 166.0 168.5 75.5 13.25 8.625 67.0 15.0 -18.25 24.25 2.0
 339.0 -37.71875 97.375 33.0 -37.875 -128.5 -109.75 -2.125 -25.0625 -34.625
 1233.5 -165.0625 -376.75 -49.25 -112.0 -41.75 8.0 42.625 44.5 -16.375
 127.0 54.125 -28.25 10.5 1.125 12.375 5.0 -56.5 12.0 -10.0
 12230.25 874.421875 44.125 2430.9375 -3945.4375 -4634.84375 -452.375 3381.375 3772.59375 48.6875
 -2071.0 17.75 396.5 -202.5 804.5 -38.3125 117.0 -157.375 273.1875 101.625
 12.0 -125.46875 87.5 -26.0 53.5 -100.875 109.5 -221.0 71.25 -23.5
 -527.0 154.09375 642.0 218.25 269.625 -187.625 228.0 -41.75 -209.0 -30.625
 258.0 104.375 -31.5 -40.5 -7.5 16.25 8.0 -19.5 16.0 -23.0
 -22.0 677.0 -125.5 87.5 -36.0 257.5 -371.0 314.0 18.5 -60.5
 572.0 -248.03125 -229.75 -273.75 444.4375 259.875 81.0 -184.375 -206.125 13.875
 -498.0 709.125 -448.0 -13.0 22.5 317.5 -57.0 123.0 227.0 44.5
 195.0 170.0 -127.75 24.25 -4.125 51.75 -47.0 103.0 -13.125 -16.5
 130.5 -188.3203125 -4.671875 70.25 -102.375 -1.078125 -39.1875 98.890625 -50.9296875 84.4375
 228.0 2.5 163.0 10.0 10.25 -104.875 31.0 -269.0 66.125 -48.5
 188.0 162.625 -204.0 2.0 -2.75 61.75 -32.0 11.25 23.5 -27.0
 -404.0 -435.125 1220.0 90.0 23.5 -979.5 382.0 -931.0 154.0 -152.0
 -44705.59375 5971.7734375 18202.84375 -5861.3671875 2625.50390625 -3505.00390625 700.734375 -12118.453125 -7601.19140625 3726.7421875
 -192.0 872.5 -60.0 -272.0 -76.0 96.0 -322.0 -6.0 157.5 -161.0
 330.0 228.375 -44.0 22.5 7.0 50.0 -116.0 21.5 -5.75 -13.5
 533.0 132.828125 -213.0 -156.5 -127.5 -34.375 -253.5 -194.875 -21.65625 -101.625
 392.5 675.21875 81.375 138.0 122.0 647.1875 12.0 527.5 -0.9375 1.25
 220.0 224.25 -10.0 -51.5 7.75 0.25 -97.0 9.0 14.25 -35.5
 3279.0 -379.84375 -503.5 -73.5 -187.625 -100.5625 -241.75 -38.75 -36.5 2.0
 -580.0 399.03125 454.625 682.0 -910.8125 -454.6875 -202.5 307.625 159.5 -47.875
 282.0 485.875 -295.5 -35.5 -32.0 144.25 -264.0 106.5 8.5 -57.0
 -962.484375 563.234375 1090.7421875 843.25 -543.8046875 -382.26953125 -158.0 22.96875 41.7578125 -4.7265625
 -1448.1203168971174 -79.25030401036008 -767.0328887613707 -495.8278802038536 -128.62988386876486 238.9033556167609 190.92873333742165 85.3865931495728 488.53055772013585 28.261289191041953
 -531.0 -25.4375 -55.0 -23.875 44.5 18.4375 31.0 38.875 31.25 -5.125
 -658.0 181.0 542.5 116.0 32.5 -71.3125 -175.0 -25.25 -64.75 41.875
 1073.0 -120.96875 -37.875 -37.75 -40.375 -20.5 -110.25 133.625 -155.0625 13.625
 -2239.0 306.25 -834.75 178.0 -1595.25 -833.0 352.0 550.0 576.625 -133.75
 170.0 180.6875 2.0 -5.0 33.75 57.0 12.0 -29.5 33.75 -29.0
 105.0 64.9375 -11.75 36.25 -28.125 221.5625 226.0 177.25 -14.125 142.625
 544.0 -1475.5 815.0 25.0 140.0 -494.0 990.0 -797.0 21.5 85.0
 -452.75 42.9296875 44.46875 -24.875 69.765625 69.03125 17.6875 -51.21875 27.8125 4.03125
 240.375 50.078125 68.78125 -28.6875 -27.140625 -25.0 -49.0 18.84375 -5.15625 -17.578125
 -9362.5 -5980.9296875 1558.125 7151.4375 -2413.25 -2940.0 -941.8125 946.40625 -1494.90625 -41.71875
 -340.0 -560.1875 -137.75 -335.25 944.25 1232.5 45.0 -511.75 -593.1875 -56.625
 12907.0 1764.5625 3194.0 -1047.0 -1122.875 -979.0 -2226.5 321.5 -227.0 -1368.5
 -539.0 -51.5 8.75 -98.5 7.75 10.125 -73.0 37.125 17.25 7.75
 304.0 567.75 -1122.0 -106.0 32.0 261.0 -412.0 403.0 50.5 -105.0
 1647.0 -83.3125 -52.5 133.5 -51.5 -69.9375 38.0 -27.625 -67.375 -16.875
 596.0 -678.25 256.0 -99.0 -76.0 -147.5 526.0 -69.0 -8.0 -14.0
 -227.0 79.5 184.0 58.5 75.0 -14.5 -26.0 -8.0 -16.5 -48.0
 344.5 44.6875 -362.25 -179.375 233.8125 -111.1875 -205.5 118.75 72.3125 -132.125
 147.0 54.125 180.5625 130.8125 -32.8125 -59.0 -72.5 6.5625 -27.5625 -13.8125
 1.078672e6 564674.625 -81363.5 -884629.5 377878.0 500298.875 93607.5 -86237.5 230467.5 2398.75
 114.0 149.125 46.5 -33.0 6.0 -10.0 -58.0 -112.0 31.0 -39.0
 45.0 186.5625 -57.5 13.5 17.75 43.875 13.5 -39.75 36.75 -24.5
 -211.5 -463.015625 -277.28125 813.125 -1150.90625 578.53125 -514.5625 -112.0625 -108.578125 7.03125
 1185.875 -73.5390625 -265.09375 34.34375 -333.203125 -90.546875 -61.0625 185.375 80.484375 36.5
 104.0 74.0 12.25 -15.0 -20.125 92.125 19.0 224.0 -68.375 20.25
 538.0 -83.28125 59.0 5.0 -15.5 -75.8125 -244.5 53.0 -123.6875 4.125
 250.375 10.6875 84.875 47.53125 49.203125 -14.6328125 -14.28125 -6.765625 -11.8359375 -5.03125
 112.0 -31.375 27.0 -137.5 55.0 -86.25 -127.0 -318.5 79.25 -49.0
 132.0 71.09375 2.75 -40.5 -20.75 -10.125 -43.0 87.0 1.375 -17.25
 130.0 32.8125 -2.875 1.25 3.0 12.125 3.875 1.5625 -7.8125 -23.25
 87.25 -44.60546875 33.140625 14.28125 -5.234375 -12.734375 -33.4375 -37.59375 -8.796875 37.953125
 -80.0 817.0 -132.0 82.0 43.0 369.5 -252.0 249.0 13.25 -6.5
 -5268.0 122.0 -592.0 -1057.0 -116.5 -243.25 -17.0 9.5 257.0 -285.5
 -8640.375 -6412.90625 -467.25 10273.125 -4529.3125 -5131.875 -1621.6875 460.375 -2219.8125 92.5625
 -711.5 46.609375 -255.5 -39.5 -306.1875 61.90625 40.625 45.1875 -3.78125 -65.25
 22.0 20.03125 118.5 62.75 29.125 -49.125 8.75 14.0 -51.0 -26.75
 358.0 -43.5 -78.0 -16.0 -142.0 -152.0 -482.0 121.0 86.75 24.5
 -298.0 28.75 96.75 -44.0 -26.9375 -47.0 -83.75 -31.375 -12.125 61.0
 112.5 81.703125 60.75 -5.125 54.6875 33.4375 125.5 12.375 9.875 -16.6875
 1011.0 338.375 -91.5 59.0 204.375 42.625 236.0 -52.5 220.375 -158.0
 124.0 264.625 -30.0 12.5 2.5 76.875 -61.5 43.0 15.625 -22.25
 212.0 94.25 -74.5 25.0 48.375 74.5 73.5 66.625 -14.34375 -20.0625
 -5916.0 675.21875 566.5 726.0 563.0 781.5 1234.0 -983.5 381.0 1807.0
 -1522.0 259.0625 448.25 273.75 -180.625 107.375 196.0 -288.5 132.375 380.75
 560.375 156.6640625 411.375 349.5625 -200.03125 -108.25 -152.1875 167.125 126.125 7.375
 -65.0 -543.3125 273.0 85.5 100.625 -125.375 265.0 -246.25 -13.25 14.0
 1408.1875 16.298828125 -88.1328125 219.24609375 -145.33203125 -40.412109375 -34.828125 155.1484375 -21.9921875 130.15234375
 -734.25 193.4375 593.5 321.0 171.21875 -55.8125 -138.375 -121.625 -163.84375 12.3125
 -1258.0 80.125 205.5 11.5 -29.0 27.625 -180.0 -146.0 42.875 -28.0
 -76.0 21.59375 -91.375 31.5 6.4375 20.75 70.75 -11.5 44.4375 -88.0
 637.25 -40.53125 374.5 291.375 99.875 37.8125 -290.5 0.0 -134.96875 -12.5625
 -23426.0 912.0625 7106.5 7333.0 -4766.0 2354.375 -4165.0 -1645.0 -179.5 318.5
 391.0 34.578125 -39.625 25.75 81.0 93.0625 214.75 89.0 -11.0625 -17.4375
 -128.0 37.0625 -12.375 33.5 65.5 21.4375 114.25 21.5 10.8125 -131.625
 168.5 49.9375 53.5 -37.375 -47.6875 -13.8125 -101.25 -65.125 -7.625 -17.9375
 263.1875 -4.6328125 -44.265625 12.75 -6.1875 -21.84375 0.625 19.875 -18.953125 -28.125
 28.5 -105.375 188.9375 66.0 -2.5 96.75 406.5 33.25 137.5 -180.75
 -70.25 18.359375 -158.0625 126.0625 26.53125 63.40625 156.0 -88.5 88.5 5.8125
 -48698.0 -17294.875 -11059.5 11022.0 -8621.75 -836.75 269.0 -2250.0 -10335.5 -700.5
 -2317.125 -631.0625 26.625 1360.96875 -1017.515625 -329.40625 -260.625 -210.0 -924.4375 20.1875
 -1111.078125 -302.4677734375 -250.921875 -106.6953125 138.3515625 -20.3623046875 -113.93359375 -85.21484375 -9.689453125 -133.525390625
 249.0 133.671875 -38.25 -99.625 -125.3125 -12.40625 -99.0 -132.625 25.3125 -74.9375
 162.0 19.0 61.125 -5.75 -43.1875 30.25 1.0 -87.5 25.8125 34.625
 336.0 22.96875 -132.5 -15.25 69.0 -14.875 -140.0 -154.5 80.75 -110.5
 198.0 217.125 1.5 -15.0 11.25 14.5 64.0 -123.0 68.0 -32.5
 1878.875 -195.6875 -331.9375 -84.96875 -168.203125 129.453125 47.625 -81.6875 -302.8828125 -0.875
 214.0 -277.1875 347.5 -79.5 62.5 -154.5 225.0 -565.0 127.75 -27.5
 419.0 -136.375 2.75 93.0 108.75 -109.625 195.0 -278.75 57.25 -60.0
 1868.0 -173.0 -373.125 -28.0 -219.75 -53.3125 -30.5 77.0 88.5 -5.25
 30.0 279.1875 -201.0 -74.0 34.25 148.1875 -78.0 176.75 -11.625 -11.125
 78.5 -218.875 -13.0 89.625 -114.8125 56.125 57.5 165.25 80.25 80.625
 -167.5 64.3125 -171.5 106.625 57.625 108.125 98.0 -72.75 56.3125 75.875
 -344.5 -125.015625 -154.25 324.875 143.5 113.03125 66.5 122.0 -110.65625 48.4375
 -420.0 206.09375 -24.1875 169.75 57.5 -2.875 306.5 -18.125 121.5 -225.1875
 -7425.5 -2473.890625 -1025.875 813.75 -356.4375 4581.75 -1032.25 -2245.875 -2505.75 35.6875
 -1774.0 607.75 1776.5 772.0 329.25 -298.0 -387.0 -126.0 -391.75 48.0
 2591.0 -293.65625 590.15625 933.75 251.84375 -633.5625 150.125 -197.375 -1384.125 -6.984375
 -3881.5 174.625 -232.40625 -304.0625 -69.8125 25.5625 279.25 -68.0625 203.25 -12.875
 -26.5 -67.71875 91.25 22.125 250.9375 -26.4375 17.5 -179.75 64.71875 35.125
 9146.625 -3922.857421875 -1574.953125 -1707.265625 -2471.734375 390.40625 15.15625 -965.3203125 -638.609375 581.1953125
 74.0 55.6875 84.5 13.0 44.0 -62.0 -12.0 -167.5 30.625 -40.75
 680.0 -292.125 -574.0 67.0 -167.0 -113.0 116.0 105.0 -197.25 -386.5
 248.0 86.0625 -295.875 80.25 11.3125 23.1875 64.75 -87.6875 41.625 -56.375
 -1586.25 -655.359375 144.40625 1922.375 -2213.0625 237.953125 -862.3125 56.375 -191.9375 42.84375
 -626.5 -3.46875 127.0 -50.375 -27.375 -31.75 -21.25 -11.625 10.5625 47.375
 118.0 -219.390625 208.25 33.875 -22.21875 -41.75 225.75 -60.625 -16.9375 36.4375
 58.53125 -149.98046875 -107.9140625 169.7421875 69.421875 70.70703125 52.75 19.2890625 -20.24609375 20.5546875
 62.0 52.0625 16.5 -2.0 -1.75 9.875 29.0 -83.75 33.375 -20.75
 52.0 232.25 -4.75 14.0 16.125 88.75 -7.5 59.75 15.75 -22.75
 -35648.5 4236.927734375 5438.09375 3236.375 -958.0859375 4724.015625 -2702.6875 -766.234375 1042.0 -306.78125
 110.0 164.25 -3.0 -2.0 42.25 27.375 -21.5 -29.5 32.0 -30.5
 -270.0 401.75 -57.0 -94.5 -6.0 61.5 -208.0 65.0 40.0 -69.0
 454.0 190.6875 94.0 270.5 37.0 -220.0 -128.0 -524.0 69.0 -41.0
 122.0 281.0625 -29.0 -44.0 -21.0 106.0 -163.0 175.25 -27.25 -10.5
 -156.0 249.28125 -18.0 -21.25 173.25 -69.875 -9.0 192.125 40.0625 -171.75
 132.0 279.875 43.0 23.0 17.75 57.75 12.0 -53.5 56.5 -43.5
 -83.0 -2.0 -5.0 203.25 88.0 48.375 81.25 -59.25 69.8125 -20.75
 -198.9375 478.55078125 -549.28125 215.3515625 -734.609375 -377.669921875 11.4765625 -54.20703125 -174.83203125 33.71875
 47.375 110.625 48.125 -86.25 -52.125 12.1875 22.125 -124.625 4.375 -38.828125
 -1284.0 266.875 785.0 574.5 2.0 -450.5 3.5 -83.5 -581.75 -0.75
 273.0 2.28125 5.0 21.5 -22.125 15.75 70.25 -44.0 54.4375 3.125
 212.0 208.25 198.0 176.0 37.5 25.5 -25.0 -20.5 -16.65625 -113.6875
 -4880.0 2517.625 4861.0 1956.0 136.5 -2186.25 -501.5 429.0 3.875 175.0
 224.0 144.75 45.5 14.0 20.75 -34.25 74.0 -155.0 68.5 -37.5
 -128.0 -165.9375 -222.75 340.125 169.3125 150.21875 152.875 153.6875 -63.3125 5.0
 256.0 53.625 -54.5 72.25 33.875 36.625 103.5 -7.5 -10.875 2.75
 -1594.0 54.734375 307.5 166.375 72.0 77.3125 118.5 -64.125 149.4375 -13.0
 -2740.0 -60.0 -180.0 -34.0 122.5 290.0 664.0 310.0 100.0 206.5
 187.0 131.90625 -62.5 52.5 29.0 28.1875 -18.5 27.0 60.5625 -100.5
 -702.1875 -135.2578125 -671.828125 -452.3125 13.9609375 249.1796875 176.46875 14.90625 166.578125 24.828125
 3616.0 -1943.9375 -3268.5 -2167.75 2798.875 -763.875 2017.0 -599.75 -1988.25 62.0
 -2240.0 276.9375 588.0 233.25 213.375 -48.75 93.5 -111.0 -27.25 -8.5
 183.0 53.703125 111.0625 10.8125 88.46875 -12.5625 100.625 276.375 -134.125 -105.125
 124.0 84.6875 279.75 12.0 -53.875 -87.5 -316.0 -129.0 17.5 -24.75
 23.5 -252.0625 -299.875 356.25 179.1875 102.75 116.0 204.25 -103.5 0.875
 -766.0 -588.375 -762.0 745.5 -1540.0 640.625 -497.0 -78.0 -327.5 -64.5
 34.578125 2.2607421875 169.3984375 239.6015625 117.51953125 62.279296875 111.4453125 62.265625 -34.92578125 8.98046875
 28.0 870.75 638.5 -3922.25 -2231.125 -1784.25 -4095.5625 -3610.0 -1271.0 2556.0625
 -262.25 -78.234375 76.375 118.875 88.4375 38.125 235.75 4.875 119.875 -193.5
 636.0 -347.375 -55.0 -67.0 -172.25 -138.5 -261.0 19.0 -61.5 -13.5
 -767.0 185.59375 -28.0 158.0 139.75 128.5 158.0 -61.5 66.5 -374.75
 182.0 -175.0625 59.0 -56.0 40.0 -18.5 83.0 -274.0 80.75 -1.75
 378.25 58.21875 85.1875 58.9375 -69.125 57.09375 -5.25 -31.8125 -71.125 102.375
 -896.5 -2.390625 790.625 2029.65625 -2159.28125 -397.171875 -956.4375 242.15625 53.015625 164.34375
 -11804.0 1692.75 2902.0 519.0 912.5 740.5 776.0 -196.0 -91.5 158.0
 -1.0 113.84375 -96.0 -1.5 118.25 -31.0 -35.25 75.875 -38.6875 -142.0
 123.0 -84.25 129.75 172.25 -88.625 -58.9375 -98.75 -101.25 -31.75 357.875
 342.0 -78.140625 -83.75 185.875 207.5 77.78125 65.5 98.4375 -33.5 -2.375
 -85.0 34.125 -30.75 -22.0 25.125 37.0 43.5 58.0 -27.375 -62.5
 184.0 424.0 -268.5 -106.0 -30.75 180.25 -261.0 221.0 -40.25 -31.0
 -646.0 -398.375 -470.5 -243.5 507.5 -352.5 -129.0 519.0 89.5 17.0
 160.0 152.0 224.0 -656.0 694.0 338.03125 316.0 -412.5 222.0 -317.875
 52.125 -7.431640625 -7.78125 -7.3828125 -3.3564453125 1.1083984375 0.572265625 2.421630859375 0.29052734375 -0.22686767578125
 65.25 167.75 16.0 98.625 -251.375 -200.0625 19.3125 131.96484375 -107.46875 117.802734375
 213.0 -356.0 110.0 -751.5 1191.5 891.5 190.0 -701.53125 575.71875 -548.03515625
 199.0 329.9375 -320.25 -28.5 -13.0 203.25 -171.0 283.75 -27.125 -34.0
 15118.0 -3571.875 -6030.5 -6773.0 7114.5 3184.0 2518.0 -1247.0 -1076.25 12.0
 552.25 -24.09375 -91.875 60.1875 118.65625 -54.421875 127.4375 4.75 35.0625 -1.625
 426.0 -94.40625 -13.125 105.0 -41.375 27.875 -30.0 -36.75 -6.9375 53.125
 43.25 82.2890625 48.375 57.4375 92.125 -20.21875 42.9375 -45.625 31.0625 -56.71875
 650.0 13.8125 -111.0 156.75 41.375 116.875 129.5 -32.5 36.25 12.5
 590.0 -77.25 272.625 141.5 55.1875 8.0625 -127.25 8.375 -54.125 -52.5
 796.0 -1465.5 702.0 100.0 -39.0 -388.75 560.0 -683.0 -44.75 -31.0
 348.0 564.75 -329.25 -16.5 27.0 383.25 -337.0 357.75 -37.875 -31.5
 212.0 -126.578125 -346.40625 -32.03125 -15.224609375 -9.62451171875 0.806640625 1.059814453125 -15.6455078125 -3.15283203125
 9264.0 -896.25 -3659.0 -1291.5 -848.5 763.625 575.0 688.25 1087.5 -53.25
 209.5 -127.09375 -3.0 191.5 6.375 36.5 51.25 -55.5 22.4375 121.375
 -62.0 597.9375 -99.25 -2.0 -48.0 200.5 -401.5 473.75 -132.125 -16.0
 -10332.0 1268.125 1811.5 114.0 -14.75 1340.125 739.0 -599.5 122.5 2664.0
 -64515.0 -36946.125 52315.625 -5822.0 14518.125 21188.4375 5395.5 16905.75 -4739.75 -2995.875
 -3751.5 352.0 -534.0625 963.8125 -1204.5625 630.46875 53.9375 478.25 -638.0703125 164.78125
 -7155.72265625 -2301.7945556640625 -1259.12109375 1480.681640625 -1009.8232421875 963.115478515625 -260.5791015625 -841.01416015625 -1794.062744140625 -97.646484375
 169.0 297.5 -86.0 -18.25 -30.25 74.375 -179.5 101.5 22.4375 -75.625
 342.5546875 87.67431640625 51.119140625 -29.591796875 23.0419921875 10.87109375 -21.42578125 26.236328125 -56.57421875 -37.49609375
 320.0 -71.375 106.25 -79.0 -17.75 -41.875 -100.0 -23.25 -16.375 23.75
