184.0 -48.375 6.0 15.0 -40.75 8.75 76.0 -6.75 48.0 -9.75
 -2787.5 -3159.875 -2340.875 2019.125 -1605.125 553.84375 -79.875 -875.5625 -2967.15625 -150.6875
 100.0 -29.0 68.125 -67.0 -54.5 -3.375 83.75 -12.75 44.875 -0.875
 -992.0 -1981.0 1012.0 1032.0 -1306.0 -136.0 -1512.0 -1216.0 -1368.0 3348.0
 320.0 -147.75 738.0 -441.0 -63.0 -153.75 481.0 -114.5 190.5 236.0
 402.0 -16.6875 66.5 -18.75 -24.75 -28.5 70.0 -28.25 45.25 -7.5
 -820.0 -1040.0 -1184.0 -1084.0 990.0 -1052.0 -2236.0 1760.0 -487.0 -1274.0
 130.875 36.17578125 103.046875 49.75 29.53125 38.1328125 -45.65625 -1.0 -29.2890625 20.359375
 4080.0 -43.0 784.0 -38.0 1370.0 597.0 -580.0 -362.0 -2024.0 -234.0
 -7823.125 -1544.109375 97.375 3016.1875 -2128.25 -1108.8046875 -202.6875 -422.828125 -2566.5703125 -68.875
 -413.5 -165.1875 -111.75 -85.125 -136.875 5.25 -112.75 -84.25 18.75 275.875
 -8046.21875 -11452.375 10149.3125 1422.64453125 -560.4921875 -819.1669921875 -5317.234375 -3820.76953125 10742.123046875 3246.373046875
 907.25 9.859375 87.125 175.5625 -161.09375 -140.609375 -51.875 60.5 -34.875 13.5625
 1512.0625 -61.513671875 -55.59375 108.71875 -91.9609375 -29.35546875 -81.140625 125.7421875 1.25 -8.1953125
 173.0 -40.828125 59.3125 48.0 -9.375 36.5 10.125 -46.375 28.9375 -1.375
 121.0791015625 15.99359130859375 -28.049072265625 -15.442138671875 11.1373291015625 28.9727783203125 2.884765625 -11.966796875 -0.9437255859375 -1.253173828125
 218.0 -90.09375 -3.75 87.0 20.5 18.4375 12.25 15.125 13.9375 21.5
 -1388.25 260.90625 795.625 -191.3125 571.265625 -374.34375 192.875 174.171875 330.4140625 -13.84375
 -715.125 67.70703125 129.1875 -88.84375 98.0078125 -23.9140625 -127.78125 101.015625 -123.5546875 50.40625
 100.0 -109.375 60.0 -82.0 -65.5 -45.75 135.0 -73.5 83.25 12.5
 -9137.75 548.375 -192.5625 -565.0 479.9375 -272.0 595.5 -69.25 573.5 -210.171875
 291.5 -185.0625 -159.25 96.125 86.625 1.71875 -0.5 135.1875 -94.03125 75.875
 303.75 26.40625 166.625 90.9375 -8.1875 12.0 23.625 -10.25 -32.75 -30.625
 -1611.0 -326.71875 529.0 41.25 40.375 302.0 -71.5 269.5 -16.75 470.0
 156.25 -34.015625 50.1875 40.625 -10.90625 -0.703125 -1.5 -33.625 26.453125 17.875
 -10536.0 1679.03125 2617.75 2202.75 -1861.125 -458.0 -841.0 -335.75 -733.75 -51.5
 192.0 -110.5 156.0 -231.0 -10.0 -28.5 190.0 -55.0 103.0 -77.0
 -1910.0 212.0 316.125 79.5 283.4375 84.75 -2.0 -220.875 -331.6875 -64.625
 121.4375 138.2333984375 387.6171875 208.984375 -321.185546875 86.271484375 -215.8984375 135.65234375 364.76953125 29.38671875
 328.0 -33.5625 27.0 -52.5 -47.5 30.625 71.5 -46.0 50.75 -28.25
 -5792.0 392.875 -319.5 -884.0 419.5 -55.0 92.0 17.5 -233.5 77.0
 3213.5 -2588.296875 -4703.625 -4834.5 4617.6875 3019.875 1940.25 -1058.0 -555.0 -227.75
 -2736.0 996.375 3290.5 1491.5 921.0 -516.0 -862.0 64.5 -1707.0 174.75
 56.375 -196.5 231.75 162.625 -310.19140625 161.5029296875 184.359375 -314.171875 35.5859375 179.2421875
 291.0 -21.21875 38.25 85.5 -7.5 1.75 -42.0 -3.25 -5.0625 30.0
 93664.0 2361.0 2824.0 5416.0 -336.0 -4578.0 -5696.0 -1468.0 -9839.0 1082.0
 152.0 -43.4375 15.25 -55.25 -47.625 16.5 59.0 -47.25 64.25 -13.25
 362.0 108.0625 67.5 -345.5 124.75 -211.0 -446.0 294.25 -422.125 70.25
 -5860.375 1252.84765625 1830.25 -995.0 317.4375 -471.828125 407.53125 -1461.578125 -1590.3359375 323.4375
 1002.5 -278.09375 -186.109375 -263.234375 -203.6875 -0.234375 112.34375 147.34375 -158.40625 184.9765625
 350.0 -113.3125 42.5 20.5 -59.25 59.0 -21.5 -48.25 47.6875 73.625
 -118.0 -82.46875 31.75 -33.75 -60.625 37.6875 35.5 3.125 69.25 -41.25
 194.0 -34.75 138.0 -95.0 -67.625 2.875 122.75 -1.0 61.4375 -5.5
 164.5 17.515625 20.5625 9.125 -39.6875 -29.40625 1.0 -37.8125 25.0 13.4375
 695.875 101.484375 -1.7578125 538.75 -844.7265625 -543.28125 -180.328125 352.3046875 436.07421875 1.484375
 372.0 -22.0 52.0 -114.5 -22.75 12.625 41.0 -6.0 29.5 -87.5
 -50.703125 -11.601806640625 -13.744140625 23.15625 1.77734375 12.8427734375 40.109375 -13.3984375 6.87060546875 1.9423828125
 1986.0 -199.875 -559.75 -120.5 -173.25 -125.25 164.5 3.5 -193.25 -69.0
 11208.0 -2859.0 -7132.0 -3646.0 -2264.0 138.0 2200.0 650.0 1068.0 64.0
 7334.0 -15070.375 -5027.5 19424.0 -24927.0 19900.0 -14210.0 -3722.0 -4973.5 493.5
 374.0 -127.40625 -52.375 41.0 -64.9375 101.0 -4.0 -57.125 34.875 38.375
 7731.8125 3907.470703125 -5973.515625 509.96875 -1784.64453125 -2319.1328125 -525.1875 -1843.609375 374.77734375 309.28515625
 666.0 -31.0 -14.0 -190.5 23.5 -246.25 -276.0 118.0 -115.5 -83.0
 1012.5 -29.453125 -146.0 29.3125 -48.125 -76.03125 36.875 3.375 -69.84375 -19.1875
 -1036.5 255.171875 416.21875 693.6875 -747.15625 -699.4765625 -73.03125 304.34375 208.515625 -23.8125
 12976.0 -1800.75 -2771.0 -934.0 -339.0 668.75 312.0 305.5 -744.5 -273.5
 446.0 -29.1875 50.0 -6.5 -125.75 -31.125 87.5 -53.5 62.625 8.5
 324.875 29.765625 80.421875 26.53125 12.90625 -20.1171875 96.0 -6.78125 31.6875 -93.65625
 324.0 -39.0625 -8.25 61.75 -37.25 24.0 -14.75 12.5 -5.9375 -10.125
 209.0 -28.84375 -16.375 32.75 -3.375 8.75 -28.0 -13.125 17.6875 -15.375
 4809.0 103.3125 1212.5 615.75 149.0 -108.5 -290.5 118.375 -399.875 -44.75
 27.0 -52.9375 4.0 -49.75 -38.25 -9.0 113.0 -36.0 66.75 -3.25
 330.0 74.0 171.0 -179.5 -117.5 104.25 94.0 32.75 -50.5 51.0
 210.0 21.25 -23.5 8.75 -73.75 -3.3125 -3.5 46.75 -21.8125 -73.75
 13061.0 -671.75 -2561.25 586.75 -3093.25 -1247.125 -5.0 1305.5 180.125 -289.0
 39.5 137.765625 21.3125 -10.5 14.09375 -23.8125 -61.5 -89.375 -46.90625 77.0625
 5196.875 2399.23828125 -184.0 -4424.84375 2271.265625 2214.0703125 584.0625 -282.390625 1394.3671875 20.03125
 -1338.0 -3.0 -32.0 -156.25 88.0 -20.625 29.0 -156.0 88.0 134.75
 -340.0 78.25 -409.0 -266.0 167.5 -128.0 -174.0 137.0 -209.5 -304.0
 -61.75 -60.68359375 -140.9375 27.90625 -144.515625 140.2265625 -43.09375 -47.625 -45.53125 -7.0
 -293.25 92.796875 228.5625 96.1875 45.78125 -107.484375 -9.3125 -42.8125 -71.421875 19.71875
 -405.0 -645.90625 -161.0 -115.5 20.625 -114.8125 186.0 -184.125 150.125 7.5
 53048.78125 -8226.8115234375 -20761.046875 6483.828125 -3841.7421875 4215.60546875 -1127.28125 13605.4375 9041.771484375 -3967.56640625
 90.25 -55.109375 -5.40625 29.78125 -80.34375 1.75 45.5625 5.46875 33.0 -7.59375
 -287.0 -97.15625 17.0 -28.5 -52.75 13.625 202.5 51.0 51.25 -84.75
 -1058.09375 994.08984375 1597.40625 1594.609375 -901.32421875 -1199.82421875 -370.59375 616.390625 403.92578125 155.5859375
 122.3125 436.7763671875 274.859375 -33.5078125 -211.953125 -85.2890625 152.078125 209.265625 50.71875 168.71484375
 229.0 -17.28125 24.75 -14.5 -43.0 -47.0 -13.0 12.0 41.25 -60.375
 386.0 18.0625 6.375 42.375 -102.0625 53.71875 -25.625 -169.0 27.03125 -88.75
 1348.125 69.3603515625 92.421875 127.59375 3.1015625 84.50390625 -48.9765625 -7.4921875 -48.54296875 98.82421875
 313.0 -3464.84375 -3506.125 502.625 -2.875 498.53125 768.5 -1130.125 -3713.4375 -248.875
 197.5 -96.078125 -2.5 27.875 -50.75 5.6875 33.0 -18.125 32.15625 -19.25
 263.5 147.8125 338.125 158.5 3.8125 -53.875 -83.0 -33.625 -79.6875 2.75
 -3992.0 -374.78125 -1148.625 -798.25 -339.75 111.5 597.75 204.625 736.0625 -119.25
 -128.5 -96.0625 -0.625 23.625 -1.6875 20.75 8.5 -35.625 42.8125 12.25
 -1154.75 182.97265625 1.515625 110.5 -288.625 -169.9609375 -17.0 31.046875 -48.84375 -26.6875
 279.7958984375 -127.85355377197266 -120.92745971679688 81.82769775390625 -76.88296508789062 36.27330017089844 -12.06317138671875 -38.444732666015625 -121.90032958984375 -78.5247802734375
 510.0 61.75 -53.25 -39.5 58.0 -74.625 -26.5 16.0 -11.75 -180.5
 196.625 -55.4296875 75.625 47.8125 -48.28125 18.8125 -32.5 -57.75 38.125 61.125
 2686.0 -414.65625 -796.25 -411.75 -346.75 88.8125 47.25 222.875 229.0 39.75
 197.25 -24.046875 33.6875 17.1875 -34.71875 21.78125 -7.625 -25.625 48.4375 35.28125
 197.125 39.65234375 54.53125 -101.71875 19.359375 -46.859375 20.875 -39.234375 12.8125 -112.875
 -1895.0 380.90625 795.625 510.75 279.8125 -109.8125 -138.25 -122.875 -245.8125 72.25
 270.0 -23.765625 32.875 14.875 -50.5625 13.1875 19.0 -28.5 30.4375 0.0
 -9768.0 -1925.25 -4524.0 -2487.5 1328.75 5061.5 961.0 -2129.0 -1769.0 -546.0
 -4565.0 1044.3046875 1580.125 1806.9375 -1936.6875 -739.140625 -681.75 36.1875 -656.65625 -53.71875
 144.75 -89.65625 -3.9375 22.625 -56.25 63.3125 37.5 -49.4375 52.71875 10.375
 -2796.0 9.71875 -354.625 -297.875 -64.375 62.625 258.0 -142.25 397.25 133.5
 53.0 -113.359375 84.0 -72.25 -45.6875 3.125 103.25 5.25 69.5625 23.625
 196.75 -49.34375 16.25 29.25 -74.4375 4.9375 76.75 -27.8125 69.75 13.25
 100.0 -39.73046875 -68.15625 152.484375 -272.0078125 -50.390625 -36.25 28.828125 -81.96875 -2.609375
 -184.0 -333.5 -322.0 720.0 -277.0 -6.0 -52.0 98.0 -19.0 199.0
 170.0 -52.5 51.5 -40.0 -54.25 -3.125 91.5 -64.0 68.25 7.25
 286.0 62.6875 -157.5 -81.5 21.5 7.375 -153.0 89.0 -63.0 -114.0
 314.0 -15.75 94.25 158.5 -35.75 20.0 -108.0 17.0 5.625 19.5
 276.0 1.3125 12.75 -27.0 -41.25 -19.5 72.5 -30.5 57.875 -32.75
 872.0 378.25 -74.0 -308.0 -13.0 -8.0 -32.0 156.0 -46.0 -480.0
 -15451.11279296875 2390.5885467529297 6108.132080078125 -2013.58837890625 965.7976684570312 -1278.5794067382812 373.1766357421875 -3955.5079345703125 -2641.0552978515625 1186.4815063476562
 204.0 -73.3125 84.25 -118.25 -67.75 18.875 186.5 83.25 16.75 -70.5
 172.5 -29.4375 90.25 31.75 -36.75 -10.875 6.5 -54.5 35.4375 31.375
 840.0 -177.75 444.0 -1240.0 237.5 297.25 -1342.0 -71.0 196.25 512.5
 30.0 -14.1875 126.0 -59.0 -72.0 0.0 88.0 -49.5 50.5 75.0
 134.5 -75.15625 46.25 62.25 -24.6875 -24.75 52.5 -57.875 67.1875 -2.75
 1267.0 -214.09375 231.25 72.25 -18.0 -124.4375 -235.0 -143.5 -56.0625 -121.625
 2716.0 -446.625 -1173.0 -407.875 -305.5 354.875 137.0 12.0 -79.5 -90.25
 74.0 -32.15625 77.5 14.0 -3.875 34.625 43.0 -5.5 60.0625 -45.0
 12538.375 -9016.5 -8416.55078125 1833.75 -4239.3828125 5819.9375 -3370.0625 -997.8359375 -317.671875 1228.25
 -7360.5 800.78125 880.125 -88.25 408.1875 -355.28125 157.875 -416.6875 -259.625 78.1875
 316.0 -134.9375 -1.5 51.5 -26.75 16.125 30.5 -22.25 -26.625 -6.75
 -237.0 29.375 3.5 -26.0 -15.625 -20.59375 15.125 -3.0 12.375 6.875
 -1424.0 -63.5 -64.25 62.75 -20.75 92.6875 233.25 -115.9375 62.125 162.9375
 1891.75 -317.25 -228.25 -189.5 373.8125 243.125 9.25 -101.5 -187.25 55.9375
 224.0 -12.75 84.75 -107.0 -42.0 -15.375 56.5 -14.75 35.625 -39.5
 342.0 -63.875 -108.5 -33.5 4.25 -35.375 -110.5 140.25 26.125 -60.0
 164.0 82.21875 19.75 40.25 -38.625 -38.625 -65.0 -114.5 24.25 -37.25
 438.25 -111.6484375 -334.84375 -192.28125 -40.65625 93.234375 31.4375 53.875 139.234375 -25.0625
 375.375 -579.48046875 -275.9375 -15.15625 275.375 77.5 -358.25 -290.6875 -92.421875 -311.875
 11722.5 5498.0859375 -1569.09375 -7149.75 3706.5625 3178.7734375 719.59375 -809.90625 2737.34375 93.921875
 1158.0 -1242.125 -1484.0 -438.0 -220.75 1142.75 -101.0 -151.0 -236.75 -28.0
 32523.35531451716 4449.029782596146 8049.595398265112 -2692.2502646851353 -2788.2177675948187 -2458.193588949871 -5571.274561392725 787.475850576564 -547.951458911848 -3490.224817568029
 -1340.0 28.5 -129.0 -94.5 -20.75 83.75 103.0 -201.5 53.25 120.5
 -382.0 -111.8125 -152.0 132.5 89.5 -69.5 -10.0 76.5 -22.75 104.0
 11440.25 -1283.640625 -2057.9375 -618.25 -909.71875 395.375 -82.25 846.4375 244.0625 -15.125
 -5.0 -247.0 120.5 -173.0 -19.625 60.375 142.0 229.0 41.75 -206.75
 -3777.0 383.03125 53.5 -13.0 268.125 162.375 -214.0 75.5 -18.25 253.375
 -2352.0 -696.0 -299.0 1522.0 682.5 -440.5 2174.0 -240.0 31.5 -1088.0
 -310.0 83.96875 268.75 143.125 -65.125 51.828125 -111.0625 97.0625 186.015625 8.9375
 141841.5 67441.65625 -26304.125 -88210.25 42661.1875 39801.625 8828.75 -12392.25 31582.75 1346.75
 193.0 -10.71875 15.75 68.25 -52.375 18.875 -22.75 -52.0 38.625 39.5
 210.75 -45.546875 18.9375 32.875 -60.21875 -23.8125 73.125 2.8125 42.125 -28.875
 80880.0 -58386.0 -51658.0 4464.0 56420.0 -82976.0 57600.0 -2156.0 -97060.0 -12012.0
 -18852.0 1478.9375 4034.25 -188.5 3602.125 1062.75 -155.5 -1457.5 -38.0 357.0
 165.0 26.4375 44.5 -34.5 -69.25 -10.0 52.5 -92.5 58.0 23.25
 947.0 -223.28125 24.25 42.25 -134.0 -40.5625 -260.0 -84.25 -117.625 423.875
 -419.0 1.875 -105.125 -113.375 60.75 -31.5625 86.25 -123.375 19.5625 -17.0
 430.0 0.875 -3.5 111.0 -19.5 77.75 -166.5 -13.5 -11.5 41.0
 180.5 3.90625 27.375 26.5 -36.5 11.0 20.0 -53.375 64.625 19.375
 106.875 69.5 77.484375 -6.8125 -0.421875 19.0234375 -35.4375 1.6875 -38.171875 67.25
 139.8359375 45.906494140625 42.400390625 -4.640625 -17.712890625 37.26171875 26.7265625 1.0234375 10.8916015625 -15.580078125
 178.0 -48.5625 19.75 -22.25 -8.25 1.1875 105.5 -37.5 54.8125 51.25
 -3877.0 231.21875 207.5 -69.5 143.375 41.0 94.25 -208.5 268.4375 75.25
 -11946.875 -5227.89453125 2827.65625 5321.3125 -2228.9375 -1563.1484375 -342.71875 905.34375 -2667.5390625 -190.515625
 344.5 -134.21484375 -81.734375 -180.25 349.71875 204.20703125 28.53125 -131.578125 -156.8203125 -7.34375
 -3204.0 521.4375 -11.5 -26.75 214.75 130.625 -124.5 47.75 -74.5 240.75
 2524.0 367.0 336.0 -277.5 -626.0 -4.0 235.0 -330.0 265.5 31.0
 422.0625 13.703125 -24.25 4.78125 22.953125 -21.46875 -59.0625 21.171875 -22.8828125 2.703125
 65.0 70.0 85.0 109.25 9.625 94.0 59.25 -97.25 65.1875 -68.125
 528.0 -1072.0 -664.0 1140.0 -42.0 149.0 -124.0 450.0 137.0 -1518.0
 266.0 -56.0625 -17.0 -30.25 -52.375 16.625 64.0 -19.25 65.6875 -14.0
 304.0 -122.4375 -17.5 23.0 -48.75 71.75 -20.0 18.5 19.125 -8.5
 739.0 101.9921875 34.5 -31.0 3.25 -25.5 19.75 86.625 24.75 -21.1875
 -348.0 122.0 1084.0 -825.5 56.75 746.125 -846.0 116.0 190.625 561.25
 -5989.0 827.671875 2048.5 739.0625 579.53125 190.9375 -385.375 -553.1875 -543.65625 99.0625
 433.0 -82.59375 112.0 44.0 -99.125 -40.875 -55.0 -32.0 24.5 1.25
 1566.625 -305.302734375 -1134.15625 -436.125 -387.140625 174.03125 -46.625 207.40625 527.78125 42.90625
 -1801.75 256.203125 485.96875 205.90625 200.5 -65.203125 -22.1875 -117.5625 -85.6875 8.59375
 -28568.0 2188.5 5952.0 3832.0 2025.0 1827.0 -552.0 -1164.0 699.5 138.0
 89.373046875 -11.5384521484375 -22.76416015625 25.7705078125 -15.90576171875 -5.991363525390625 1.7999267578125 -29.5528564453125 -1.163848876953125 -17.033203125
 2764.0 -154.0625 2.75 3.5 -127.75 33.0 -147.0 71.0 -223.0 212.0
 3852.25 746.12109375 36.484375 -1085.09375 393.09375 -73.6796875 140.21875 530.484375 1396.046875 34.375
 84.5 58.609375 -18.625 36.8125 -1.5625 74.46875 294.5 -48.625 101.0625 52.875
 -33.0 65.8125 -7.0625 128.875 26.75 84.625 8.25 -70.9375 -30.75 -82.6875
 -189.0 555.34375 -222.125 -51.0 -94.875 -28.875 -322.25 99.75 -46.9375 226.0
 -125.9296875 -6.372314453125 -56.7041015625 -8.583984375 20.962890625 -8.634765625 30.5234375 9.90625 4.2236328125 -2.6181640625
 259.0 49.875 49.25 118.0 46.21875 -28.75 210.5 -23.1875 111.625 -170.25
 1176.0 -540.5 -168.0 470.0 -101.5 -68.5 66.0 -111.0 -196.0 457.0
 9424.0 -10448.25 -9161.0 5187.5 -5791.5 2861.625 -753.0 -2295.75 -8645.625 -517.75
 2691.75 -499.03515625 -1115.7109375 -134.84375 -621.5 191.232421875 -33.328125 44.1875 -32.388671875 -0.30078125
 -849.6953125 -290.04931640625 -247.427734375 -66.322265625 145.3017578125 6.6708984375 -113.859375 -83.52734375 -22.3720703125 -95.169921875
 68.0 3.6875 -58.875 14.875 18.625 7.5625 85.25 61.5 -38.75 -55.375
 560.0 477.625 148.0 38.25 -28.125 41.25 -273.0 180.0 -267.4375 391.125
 -52.0 4.8125 6.375 42.0 12.5 68.6875 66.5 84.75 -3.0 -3.125
 316.0 -83.3125 -81.75 46.5 -47.5 34.125 -12.0 -9.0 31.75 28.0
 -33.5 -4.1591796875 217.671875 -34.9921875 -89.48828125 -62.00390625 -32.1875 3.5703125 131.1015625 10.9453125
 82.0 70.140625 -32.4375 55.5 -0.75 21.84375 -140.75 -19.625 -55.484375 47.625
 -151.0 -68.65625 6.5 52.75 -36.875 44.625 101.5 4.75 65.0 -80.875
 1848.0 -121.21484375 -132.1875 76.5 -168.84375 -68.5703125 -16.1875 122.8125 -58.9296875 -10.078125
 136.0 -199.5 9.0 177.5 -107.5 155.0 -94.0 -142.5 95.0 102.5
 264.0 238.3125 188.0 138.0 -3.0 101.25 433.0 -411.5 240.75 -186.0
 2144.0 -1462.75 14.0 1078.0 -78.0 -94.0 142.0 -147.0 -224.5 670.0
 -582.0 -293.0 -11.5 -76.5 62.0 -58.25 272.0 216.0 112.25 194.5
 321.0 -9.734375 -37.0 4.25 -76.875 59.75 -98.0 94.5 -72.25 27.875
 8052.0 -460.90625 -1699.75 -5455.0 6065.875 1168.625 1881.5 -409.625 287.125 -237.625
 -5525.0 515.875 961.5 198.5 422.625 20.75 -44.5 -160.25 160.75 68.75
 98552.0 -10548.0 -17934.0 28.0 -8902.0 1954.0 -648.0 6288.0 3711.0 3702.75
 5558.5 -1523.125 -2783.25 -1650.875 -130.75 1078.5 429.5 -34.25 129.4375 47.25
 -593.0 -444.5625 359.25 -378.375 1149.75 553.5625 -158.5 -435.625 -69.03125 246.6875
 2935.0 -1720.5078125 -420.1875 -1672.21875 -2082.375 -290.765625 269.5625 -181.3125 -164.984375 222.3125
 64.0 -39.0 -31.0 125.5 -40.25 31.1875 -41.75 -62.5 37.0625 54.125
 129744.0 -13357.0 -21500.0 -2816.0 -9730.0 -3478.0 2376.0 3416.0 -3034.0 -1808.0
 115.0 -112.625 -43.5 -44.25 79.875 -12.5 -42.5 28.5 -55.25 -13.0
 1421.0 472.1640625 -391.125 -1737.15625 1943.875 -740.8828125 1115.65625 234.5625 320.3203125 -117.65625
 -127.75 37.90625 126.375 -39.6875 6.84375 1.71875 75.75 23.1875 43.1875 -29.9375
 220.0 94.25 93.0 -54.0 -58.5 -93.5 128.0 -61.0 16.0 -26.0
 200.25 21.296875 -51.75 107.75 14.0625 35.9375 47.125 -81.8125 21.1875 39.5625
 360.375 -68.84375 -2.78125 48.71875 -61.859375 34.265625 39.125 -20.75 49.40625 19.78125
 124.0 -49.0 41.0 -30.5 -53.625 -1.875 109.0 -18.0 57.875 -12.25
 -1165.25 -118.0 -1046.96875 -850.28125 345.90625 -303.171875 776.0625 -646.5625 -1482.3046875 56.375
 41.0 -81.2265625 -14.25 45.0 -22.03125 49.4375 53.625 -35.625 58.8125 44.875
 87.0 -54.0 99.5 48.5 -2.75 -25.125 68.5 -30.5 70.25 14.0
 712.0 84.0 47.5 -53.0 -15.5 -28.25 -55.0 -105.0 7.0 149.0
 140.5 28.828125 124.625 -0.75 32.1875 -20.21875 40.25 -9.5 22.9375 5.375
 -324.5 37.9375 -1.75 -245.5 -269.0 -26.125 211.5 -98.5 120.875 70.375
 119.0 -52.53125 40.125 66.625 -59.8125 22.75 38.25 -26.25 61.0 35.3125
 487.0 -125.5625 10.125 140.875 -63.75 63.03125 127.0 -204.375 80.40625 178.6875
 -12734.25 -1851.0 877.25 4879.25 -3155.65625 -3444.6875 102.25 167.8125 -3197.34375 -110.875
 54.5 68.0 -69.0 -451.0 101.0 -245.5 -854.5 540.0 -301.25 -288.25
 11390.0 -1541.9375 -2900.25 -1061.25 -782.5 591.375 99.0 575.0 146.125 -198.75
 388.75 74.0625 75.375 -123.3125 -48.03125 2.46875 -160.0 65.5 -47.34375 87.75
 88.5 17.28125 275.875 -152.75 -148.75 110.875 -113.0 -56.25 -116.125 349.375
 -23722.0 3466.25 5155.5 6913.0 -7983.75 -629.0 -2845.0 -769.0 -2595.25 -53.0
 283.5 38.515625 27.25 68.375 -54.0 -50.75 -39.25 -14.375 0.0 -9.3125
 -1344.0 -370.75 263.0 -240.0 132.5 -40.0 239.0 306.0 78.25 306.0
 126.125 14.01953125 44.375 -2.90625 -25.6875 -24.0546875 14.625 -18.59375 -8.875 -19.484375
 -79.375 -89.578125 -393.8125 -248.0625 -30.21875 -38.078125 111.3125 84.75 11.140625 -49.4375
 -794.0 280.3125 58.5 -58.5 182.75 65.25 144.5 161.0 68.625 -155.75
 332.0 -789.75 121.0 246.0 -57.5 -37.0 464.0 436.5 231.25 -514.5
 -1002.5 500.46875 933.75 548.75 219.125 -317.875 -162.75 -163.375 -428.1875 54.5
 -6529.328125 -796.1474609375 1012.234375 2702.40234375 -1300.087890625 -678.318359375 -554.3515625 -327.69140625 -1592.951171875 18.1015625
 -434.0 -88.25 -424.75 -240.25 -123.375 -28.625 235.0 -6.5 76.125 -36.0
 -1920.0 -1992.0 -1392.0 928.0 388.0 -588.0 1792.0 -1552.0 1396.0 -1568.0
 5121.0 -310.25 30.5 81.0 -97.75 -171.75 -621.0 -168.5 -395.75 149.75
 -1542.0 -347.125 -173.0 -171.0 86.5 -65.5 213.0 265.0 93.75 214.0
 7516.25 -1812.484375 -2252.8125 -903.3125 549.1875 1357.1875 132.25 -124.25 -116.234375 -67.0625
 -1282.0 -409.25 284.0 -57.0 50.25 -12.25 309.0 170.0 112.0 293.0
 -94.5 -3144.125 151.75 3906.25 73.1875 -850.375 3717.5 1965.21875 1821.75 -3007.390625
 -68.0 -36.5 31.5 -132.0 27.25 -40.0 97.0 -484.0 221.75 -352.0
 12224.0 -935.0 2404.0 -680.0 -1336.0 -490.0 3144.0 -424.0 638.0 1836.0
 -481.0 45.5 -33.75 16.0 21.375 -3.5625 -3.5 -24.5 20.0 56.625
 369.5 -51.921875 69.25 -25.25 -73.4375 32.875 -9.25 -41.0 25.4375 52.625
 530.0 -4.5 84.5 -89.5 64.25 -88.25 -412.0 17.5 -85.0 291.0
 -14052.0 3211.9375 6886.0 9143.5 -9135.75 -3478.375 -3648.5 867.5 -631.25 426.5
 4290.0 -32.625 -1112.0 -754.0 -410.5 231.25 -153.0 611.5 341.75 -160.5
 -57.25 -69.796875 -45.4375 -88.8125 45.09375 -9.59375 -94.5 112.125 -15.78125 -51.4375
 -287.0 18.21875 -56.375 -72.625 132.0625 58.0625 -75.75 281.625 -100.125 -88.5
 856.0 483.0 -411.5 147.0 -71.5 141.5 -276.0 -316.0 -144.25 -222.0
 480.0 93.0 -58.5 63.5 15.75 47.25 29.0 2.5 -44.75 -31.75
 125.0 -0.890625 51.375 -22.125 -28.1875 4.75 38.25 -45.0625 49.1875 20.625
 256.0 2257.5 2838.0 -1486.0 41.0 2.0 -2516.0 276.0 -352.0 1612.0
 263.0 607.5 170.0 479.0 -1372.0 -1257.140625 -70.25 915.375 -912.5 571.78125
 54.953125 -7.8984375 -7.625 -7.8125 -3.5234375 1.29296875 0.46875 2.66845703125 0.3359375 -0.2701416015625
 156.0 81.0 10.0 42.0 -144.625 -106.9375 7.75 79.3671875 -58.359375 63.3203125
 86.0 805.0 -72.0 996.0 -1806.5 -1399.25 -149.5 1027.0625 -843.8125 826.5390625
 44.0 -12.4375 124.0 -41.5 -51.75 -9.625 91.0 -80.0 81.625 26.0
 10994.0 -1358.328125 -2784.25 -2051.75 1211.75 -147.875 927.5 452.75 872.25 109.625
 733.0 -116.40625 -17.25 -44.0 58.25 -130.375 -134.0 22.0 -13.0625 21.375
 -23.5 29.65625 -70.875 -28.8125 -0.84375 -1.875 47.25 -20.875 29.78125 -83.3125
 230.75 4.375 67.9375 4.6875 29.375 -46.8125 -34.5 -85.6875 5.53125 47.8125
 -50.5 -28.296875 36.0 3.625 35.0 49.40625 23.625 15.375 16.5625 88.125
 450.125 -89.94921875 392.015625 135.34375 52.5234375 70.4765625 14.625 125.015625 -43.109375 7.375
 -440.0 15.375 46.0 -201.0 61.5 -165.0 91.0 -24.5 98.25 -207.0
 49.0 -84.09375 47.75 25.5 -8.625 1.3125 55.0 -33.25 74.3125 62.75
 208.0 -122.90625 -336.15625 -30.2265625 -14.56005859375 -9.2353515625 0.775390625 1.033935546875 -15.0126953125 -3.01123046875
 12912.0 -806.6875 -1667.25 -37.0 -625.0 -600.625 -22.0 362.0 -750.375 -109.75
 -170.375 -333.66796875 23.71875 -12.9375 22.640625 -104.640625 -110.3125 87.46875 -31.0 167.65625
 298.0 60.25 63.5 129.0 -82.5 95.5 -149.0 -72.0 41.25 95.25
 -2354.0 70.1875 459.5 84.5 157.0 124.375 -21.5 -48.5 172.625 111.5
 2445.75 -1989.359375 1825.8125 -349.5 -1392.6875 1802.84375 -280.125 1037.0 -106.5625 -103.0625
 131.0 -123.75 377.46875 -91.1875 275.5 132.25 -175.75 -76.8125 -40.484375 -48.34375
 3245.0 -717.0546875 -796.15625 -147.75 -52.609375 285.03125 14.125 -5.296875 -196.890625 -48.09375
 227.0 -12.1875 47.25 -4.0 -30.625 2.125 22.25 -5.625 41.5 -9.375
 -252.0 -17.9375 -51.625 88.625 71.625 73.125 10.0 79.5 -43.875 13.375
 -39.5 22.46875 -19.6875 -17.6875 -26.34375 48.65625 25.125 47.3125 4.1875 -8.9375
