228.0 107.0 -241.875 -3.25 12.34375 41.0 -93.5 -70.5 34.0 45.0
 3059.5 -800.125 -766.4375 1241.75 -1556.0 1267.125 1214.125 -1904.375 824.25 374.53125
 459.5 -10.0 -109.5 5.25 -27.625 35.25 -56.0 -59.125 12.5 45.0625
 635.0 94.625 81.0 -106.625 51.0078125 -200.0 53.75 73.125 110.0 -134.25
 360.0 -269.0 124.5 42.5 87.3125 -209.0 -13.0 -168.75 330.0 -52.5
 -1082.5 117.5 -237.375 -79.625 355.4609375 -19.5 42.5 152.6875 -218.0 -11.75
 322.375 -741.5 546.375 268.09375 208.0 406.125 989.0 467.56982421875 -469.59375 -259.875
 249.6875 88.890625 46.15625 -17.671875 59.0009765625 13.15625 5.28125 -56.46875 -7.375 30.796875
 11366.75 -1965.21875 -157.90625 139.15625 -486.8046875 -315.1875 -341.4375 526.046875 -261.125 149.0625
 727.8125 13.890625 -283.6875 -1475.0625 -174.42578125 244.125 9.9140625 -63.19140625 -44.34375 -94.73046875
 42.0 54.25 1.25 -0.25 38.625 116.0 182.0 -47.125 90.0 -1.875
 2327.7333984375 -377.14208984375 679.74072265625 -3466.54248046875 -2036.4541320800781 3397.61962890625 -3216.845703125 4301.14404296875 948.580078125 -407.695068359375
 -549.4375 197.25 127.203125 -19.75 37.39697265625 -107.34375 1.234375 42.6328125 -40.125 2.75
 1665.5 -919.5 -541.875 50.0 -795.19140625 505.75 65.75 87.1875 50.0 91.1875
 191.875 -8.40625 -27.34375 13.96875 20.578125 0.125 13.5 -32.6875 -31.4375 -25.53125
 100.66796875 30.1025390625 30.044921875 14.63330078125 -6.2266082763671875 28.46484375 31.9140625 -78.410888671875 11.525390625 10.355224609375
 49.5 64.25 34.75 17.0 -75.3984375 -66.25 69.75 65.5625 4.75 -22.0
 5267.0 -1221.125 416.0625 -1711.125 -1865.2578125 704.0 -356.625 -220.5 -28.75 -242.625
 24074.0 3735.0 2997.5 -81.5 4858.90625 -3730.0 1743.0 -2465.5 -1453.0 1010.5
 -177.0 68.25 -213.5 -65.0 202.4921875 139.0 -242.0 6.125 -74.0 1.5
 -3107.0 -28.25 345.5 367.0 -272.78125 78.0 -271.75 -288.578125 286.0 40.4375
 -731.5 -166.75 130.875 320.125 72.890625 157.0 24.5 -53.625 -40.25 150.1875
 1671.5 -57.6875 81.75 -14.03125 68.12890625 -124.875 43.3125 -65.53125 -100.875 29.6875
 3442.0 178.0 256.0 -145.0 -33.1875 482.0 63.0 -216.0 -375.0 533.25
 84.5 -43.625 22.125 10.8125 -24.7578125 -38.25 1.0625 -18.625 2.875 -29.8125
 -1492.4375 376.4921875 383.9921875 518.03125 64.0078125 -116.34375 -431.40625 803.3515625 -70.9375 -143.6875
 920.0 -522.0 87.625 239.75 -50.9375 357.0 -199.5 -498.25 160.5 -12.3125
 211.8125 -172.9140625 36.3671875 -77.390625 -83.51171875 -77.6875 -49.859375 119.6015625 -13.9375 -4.3125
 -6238.75 -1216.375 -1335.5625 -1729.125 249.40625 -624.0 -404.25 406.5 -167.5 -147.78125
 -178.0 75.25 -106.625 -182.125 231.90625 -103.0 -149.5 44.375 -23.5 70.875
 213.0 59.8125 20.25 195.125 66.6640625 198.25 26.375 -283.375 -34.25 7.0625
 4808.125 -1587.46875 -354.0625 -103.8125 -773.578125 24.5 -99.6875 253.0625 -74.5 58.6875
 14685.03125 965.73046875 883.125 -492.125 4092.9140625 -2840.0 1092.25 -1444.0 -1301.0 880.5
 -2522.0 -3936.0 3967.75 659.0 3726.5 4954.09375 -1091.0 -1003.5625 -292.3125 411.5
 438.75 122.0 -40.875 -110.625 113.484375 -43.25 -78.875 -16.0 -96.25 -71.6875
 -8882.0 1041.25 -17.25 289.0 383.609375 -187.5 -151.5 108.5 -85.0 -205.0
 127.0 -99.625 -56.6875 2.1875 49.37890625 0.0 -34.75 -36.0625 -18.125 16.59375
 9.0 -112.3125 69.5625 -8.5625 -85.55859375 -9.75 256.875 74.8125 -97.125 -0.125
 -526.2109375 -37.8193359375 34.447265625 203.205078125 99.9404296875 128.30859375 52.015625 -141.3203125 56.484375 45.63671875
 -1398.875 155.21875 -2.328125 57.609375 -58.25 20.875 37.0 31.53125 -32.9375 1.484375
 -1272.0 516.5 -358.5 -585.0 -216.015625 46.0 -101.0 565.0 -230.5 106.0
 342.0 61.75 -23.75 -60.875 11.2421875 22.75 -92.0 -3.5625 64.5 107.0625
 -377.75 -124.375 -167.5625 6.4375 -83.1328125 14.125 61.625 34.875 -54.75 207.71875
 600.5 240.625 -341.625 -79.9375 -1.9921875 82.75 -46.5 167.25 -186.5 44.375
 -6733.0 1581.375 -156.71875 -199.96875 607.8583984375 405.0 350.4375 -744.75 307.5 -61.828125
 -656.0 839.0 -857.0 -151.25 120.984375 -10.5 -235.5 115.875 -326.0 -147.0
 508.5625 9.9921875 -174.9375 -279.984375 106.228515625 146.21875 -46.09375 -177.8671875 58.46875 62.4375
 2091.5 -619.875 -25.375 -43.875 -449.1943359375 143.5 -163.8125 319.4375 56.28125 -56.8125
 -2501.5 455.375 174.375 55.5625 17.0390625 51.0 -54.875 2.0625 116.75 -24.4375
 970.125 1972.6875 602.5 3376.90625 -1439.623046875 1806.5625 1349.3125 -1552.9375 1224.375 472.90625
 39.0 29.25 72.5 131.25 93.79296875 158.25 -127.0 -92.9375 50.75 28.4375
 5090.75 1196.578125 -257.16796875 -396.109375 -991.646484375 857.5 417.4453125 533.8671875 369.90625 423.06640625
 1336.0 -182.0 127.25 10.25 -137.28125 72.0 -355.5 -416.75 -125.5 -98.875
 1524.25 -278.0625 -38.5 0.8125 -44.083984375 -156.0 54.9375 0.75 45.625 6.0625
 951.375 87.84375 50.421875 -91.1875 110.5537109375 -107.625 -100.53125 336.390625 16.5625 -56.984375
 8026.0 -3398.75 -643.25 195.75 -2250.109375 295.0 -732.75 1152.875 -143.75 93.75
 107.0 -46.5 223.75 74.0 8.625 20.75 -121.625 -209.9375 78.25 -19.5
 140.5 304.0 -1.875 107.625 72.47265625 29.5 -37.5 -18.9375 -22.5 -226.375
 55.0 -11.25 39.875 22.625 1.78125 -19.75 1.5 -63.25 -34.25 -91.3125
 113.5 -59.6875 64.71875 8.25 -10.2265625 0.375 -28.25 -5.34375 23.75 -21.953125
 99.0 1009.375 466.75 -202.25 471.9296875 -107.75 16.5 -135.5 -36.0 68.75
 -58.0 61.5 -139.0 -56.5 110.3125 2.5 -121.5 187.25 -50.0 49.125
 169.5 227.875 30.375 -30.25 -220.9296875 -242.25 280.25 349.875 227.25 206.9375
 31.5 -170.625 189.9375 84.125 -39.609375 -31.25 5.375 -68.75 83.0 142.125
 3761.0 375.25 -207.0 -288.25 -81.8203125 699.0 277.75 -6.625 56.5 -64.375
 177.0 33.125 115.375 -70.75 27.984375 -57.25 46.125 20.0625 86.25 -126.9375
 -2125.3125 3215.484375 -729.3125 -2407.21875 -4364.326171875 1117.40625 539.859375 516.203125 264.9375 583.875
 -3516.5 72.984375 -43.078125 -51.59375 -224.810546875 -77.09375 30.71875 125.7421875 -68.875 -202.8671875
 266.0 -70.625 9.5 -12.125 19.580078125 -56.5 -41.625 -41.875 111.625 -13.21875
 507.0625 -206.7890625 -162.45703125 -190.140625 -128.1767578125 120.5625 143.484375 -306.4765625 62.890625 22.41015625
 267.96875 -602.3125 244.76171875 -5.921875 -356.9384765625 -435.328125 -368.34375 522.4140625 -144.734375 34.06640625
 2743.0 458.0 202.25 36.0 88.03125 159.0 -38.0 -116.5 39.5 17.875
 9595.0 3984.1875 -23887.40625 8.28125 -1132.59375 -6777.5 -6058.1875 -628.8125 -387.5 -12518.625
 180.75 -19.0 21.3125 39.5625 26.130859375 -40.0 -56.1875 -18.90625 31.875 38.875
 185.875 -4.34375 -169.125 21.5 -17.484375 149.25 -134.125 -58.78125 -54.0 22.28125
 -29166.75 4294.3125 1600.6875 200.3125 2157.384765625 -2396.125 -364.5 -1085.3125 -55.0 443.53125
 -532.9140625 -18.380859375 174.51171875 262.720703125 -103.48626708984375 -168.02734375 46.51171875 173.6416015625 -21.90234375 -58.94921875
 -161.0 -275.125 33.75 27.5625 112.416015625 1.5 -6.875 11.75 14.25 -5.75
 -158.09375 17.890625 -138.1484375 -60.859375 -20.80615234375 15.359375 96.828125 49.3046875 -77.75 -121.87890625
 -6927.5 -520.625 -515.5 2102.625 -313.953125 -206.5 -1015.25 336.5 242.75 420.1875
 -2321.25 -274.90625 -335.171875 -1383.203125 -888.2216796875 675.96875 -64.21875 -163.296875 160.6875 -145.6328125
 -7.875 57.5625 -99.9375 -12.5 83.41015625 35.25 -69.625 -33.84375 -45.125 -18.46875
 1606.0 -89.5 148.25 203.625 78.0078125 -7.5 -129.25 -193.25 -7.0 250.0
 -1649.5 323.625 130.625 -43.3125 389.734375 -236.0 -13.75 -32.375 -38.5 -13.375
 236.0 191.375 -286.25 -45.875 71.03125 15.75 2.5 -22.125 -18.75 -5.5625
 -3783.5 -749.9375 269.40625 205.984375 -882.1064453125 -175.8125 -860.53125 1016.90625 96.5 -54.8515625
 -3965.375 883.234375 192.6875 -275.09375 -49.318359375 335.78125 -114.28125 91.71875 313.75 -82.359375
 126.625 1.78515625 -55.501953125 -27.984375 21.4349365234375 6.296875 6.17578125 -14.7265625 -29.8359375 -42.080078125
 88.5 -269.125 129.875 158.5 -88.765625 187.5 69.5 38.625 26.5 120.5
 2039.0 -924.1875 -251.75 51.1875 -531.3359375 293.75 -113.375 203.3125 131.125 -58.59375
 131.25 81.8125 -111.3125 11.0 -16.599609375 43.375 42.375 69.125 12.875 39.90625
 159.84375 -24.6484375 -16.96875 29.46875 -23.5009765625 -26.078125 9.40625 15.9921875 -32.796875 -54.20703125
 3341.8125 -887.203125 -183.75 76.15625 -491.13916015625 134.78125 -63.78125 87.15625 108.71875 1.125
 -187.0 40.6875 -113.25 -95.9375 14.3359375 -20.875 -60.375 49.03125 -78.0 -0.34375
 -54750.0 -805.0 1862.0 -238.5 2082.9375 -8155.0 -1751.0 -3672.5 -310.0 1958.25
 -4387.0 -1399.5 -1895.5 -1349.5 -2725.59375 2401.0 2655.5 -5470.25 1370.0 1246.5
 369.0 21.375 -12.5625 -94.0 5.064453125 79.25 -123.625 89.75 -106.875 -27.5
 -1067.4375 286.71875 279.0625 46.84375 422.5830078125 -261.59375 16.1875 -218.21875 23.75 37.609375
 1354.0 357.0 -751.0 -459.5 -750.91015625 219.5 -32.0 395.0 -145.5 102.625
 122.5 -154.8125 -77.3125 -3.625 -8.09765625 35.875 -36.75 -39.25 -2.375 42.9375
 -2132.125 302.78125 9.59375 -186.875 -488.7236328125 584.1875 -275.6875 414.46875 324.5 -152.078125
 167.0 -354.5 638.0 592.375 253.40625 -225.0 117.25 -189.375 342.0 117.5
 213.75 149.0625 -121.0625 -68.5625 -106.96875 23.625 -58.125 59.9375 -53.75 14.875
 99.375 99.8125 -312.875 11.09375 -140.1328125 31.125 183.3125 176.8125 -178.125 -193.1875
 94.375 169.4375 -165.75 -90.40625 -24.2578125 -122.0 5.125 76.21875 -58.375 -46.9375
 24.5 59.75 -164.0 -96.875 7.326171875 57.0 -72.75 -9.5 -21.125 58.0
 -123.0 -1324.25 97.25 360.25 -530.0625 30.0 -126.5 -435.25 392.5 -91.375
 37322.0 17520.0 -101273.5 3649.5 -3756.5078125 -30384.5 -24444.25 -4801.625 -1614.0 -53617.875
 301.0 -5.875 -102.125 4.125 -334.03125 69.0 -80.5 -25.1875 88.5 159.0625
 -185.25 232.0 -149.5 -62.0 -80.53125 -20.75 23.375 198.0625 -105.5 10.8125
 -30.21875 -4.2265625 -49.078125 47.3828125 -33.23681640625 -35.21875 -47.375 -13.57421875 26.546875 25.89453125
 -336.0 -203.0 -1.125 169.125 236.63671875 -45.5 -9.875 -238.1875 0.75 11.125
 266.5 -117.5625 99.0 2.8125 -49.3984375 -24.125 43.0 19.53125 51.875 -60.15625
 4733.0 1355.75 1149.1875 30.875 1539.36328125 -1112.75 -79.5 -856.0625 -18.25 696.5625
 -834.0625 78.046875 474.671875 235.09375 -309.177734375 -104.4375 -520.0625 797.546875 -21.875 -134.2890625
 132.375 -15.15625 -163.28125 -34.9375 47.62890625 -44.875 15.625 4.15625 -46.875 46.875
 -102.984375 -260.5 -284.625 -358.4609375 -95.404296875 132.28125 146.0 -227.71875 68.25 -101.15625
 -19617.75 2650.625 819.9375 131.4375 -124.482421875 1370.125 123.4375 -146.78125 208.625 165.21875
 -37.25 -82.6875 49.1875 -83.0625 -120.712890625 -24.625 36.125 14.84375 -90.25 15.25
 6402.5 -2037.25 -632.0 199.75 -1345.6484375 353.0 -2.625 642.5625 213.5 -304.90625
 -3179.25 -101.875 -53.625 -102.28125 -25.486328125 10.75 -82.0625 -51.78125 119.25 -217.25
 2189.0 -1506.375 -29.375 342.0 -721.5625 -446.0 -504.75 733.25 -279.0 44.3125
 453.0 111.5 -136.25 -83.1875 109.8046875 57.5 -219.5 -25.5625 -16.5 0.1875
 157.78125 -103.40625 -155.4453125 -4.015625 45.148681640625 -20.359375 102.8125 112.828125 -135.296875 -176.234375
 -55.25 132.5 -13.03125 -68.9375 321.71875 -71.5 -17.125 7.8125 -172.75 -81.5625
 -403.453125 184.021484375 68.962890625 -16.0390625 220.9326171875 -14.15625 32.453125 -127.21484375 29.96484375 32.2265625
 133.5 25.625 -9.640625 -4.140625 6.20068359375 37.25 -18.34375 -16.140625 -45.0625 4.703125
 -576.03125 1037.1796875 0.5234375 -578.09375 -1100.64306640625 469.96875 328.953125 -134.875 154.78125 173.74609375
 -2243.6875 626.4375 -218.390625 -410.875 182.2060546875 295.53125 285.65625 -551.46875 180.09375 13.0
 -17536.0 -4544.0 -3304.0 1592.0 95.5 5888.0 5744.0 2120.0 -4160.0 -1732.0
 -75.25 22.75 44.5625 198.625 -27.265625 128.875 -11.875 -60.875 -107.25 -13.0
 648.0 1536.0 -873.0 -879.0 -378.34375 769.0 -974.0 534.5 -1251.0 -598.25
 -783.125 374.25 100.96875 -30.5625 288.4580078125 -143.4375 44.40625 -133.65625 -87.3125 91.9375
 1896.0 1760.75 -876.5 -196.5 -791.859375 280.5 76.5 718.625 -501.5 -170.0
 -1369.25 367.75 177.3125 -61.5625 162.869140625 -48.625 -10.25 -25.8125 52.75 1.15625
 -472.5 129.75 -185.0625 192.3125 -95.78125 29.75 -182.625 11.75 119.0 231.9375
 1504.0 -1103.75 -60.5 -153.375 -1123.2109375 497.0 -363.25 1109.375 82.5 -261.25
 -2031.75 1315.984375 -1144.390625 -1643.765625 1201.1123046875 -386.1875 72.4375 883.859375 -212.65625 190.5546875
 158.125 -10.53125 21.1875 -3.03125 -2.8671875 -41.375 -16.75 -40.40625 63.25 -46.21875
 105.0 28.0 -186.375 48.75 24.6796875 62.75 -87.25 -22.0 -46.5 93.4375
 2171.5 -670.40625 483.890625 -1633.1875 27.3173828125 -433.1875 -608.4375 393.359375 -503.625 -199.34375
 1990.5 -388.46875 17.65625 -27.0 -282.97265625 66.4375 -131.5625 315.0625 8.25 -13.75
 692.0 523.25 -250.25 -151.5 713.5234375 -168.0 -255.0 -35.0 -212.0 -34.75
 1216.0 -2.875 100.8125 -71.6875 25.65625 -128.0 -102.375 -121.9375 134.875 81.5
 -812.25 327.46875 4.75 28.1875 314.494140625 -55.1875 112.75 -246.1875 16.125 17.1875
 72.75 133.8125 -121.75 -55.5 -73.08984375 61.0 -35.6875 119.75 -98.0 15.421875
 208.5 136.5 -271.75 64.375 173.421875 -74.0 3.0 -36.9375 -90.5 79.5625
 105.0 28.53125 44.0625 -5.0625 11.24609375 -13.875 -18.1875 -29.1875 -15.125 -12.296875
 161.8125 -104.8046875 -44.53125 41.0 74.578125 172.875 -2.96875 -107.515625 -51.125 68.09375
 163.5 -61.375 -54.625 172.125 -58.109375 175.75 -62.0 -114.75 -35.5 16.0
 167.0 -356.75 -338.5 -172.75 176.84375 45.5 -145.0 10.375 -275.0 371.375
 14760.0 -9462.0 495.125 -1662.25 8618.9296875 -1626.25 -2880.0 1399.25 -942.25 -1859.3125
 -668.25 305.65625 -16.546875 -23.703125 46.318359375 174.3125 -7.28125 28.21875 55.5625 -52.984375
 3555.0 -450.125 -107.75 294.5 -205.9375 -125.5 83.0 13.25 -110.5 31.625
 472.5 141.625 28.75 16.0 -246.12109375 70.5 -19.625 130.125 -272.0 -203.25
 62.25 46.21875 6.25 -45.8125 85.703125 -64.5 -1.3125 49.625 79.75 -79.9375
 38.4375 0.640625 -8.21875 134.34375 -38.400390625 -52.1875 0.34375 -38.96875 7.125 -7.859375
 2524.0 -780.5 -252.5 -484.5 710.90625 336.0 307.0 514.5 -290.0 449.75
 359.0 75.75 -403.25 56.0 295.0703125 -184.5 42.0 62.625 -82.5 134.5
 -131.5 52.25 430.875 -58.75 631.59375 -377.5 -422.25 40.125 -21.25 -205.0625
 83.5 -70.125 16.625 106.0 96.234375 177.0 -97.125 -129.1875 -102.75 -62.9375
 -97.5 79.375 145.875 25.75 181.4921875 444.0 -50.5 -308.5 -21.5 -89.5625
 -561.25 361.25 169.625 170.0 -174.65625 248.75 -172.1875 445.28125 40.375 -127.4375
 -256.0 1013.5 -1015.5 -208.0 208.671875 105.0 10.5 290.5 -168.5 211.125
 -1363.0 1543.28125 1022.6875 -247.875 1624.0625 -397.25 141.25 -938.25 -29.5 260.125
 -2966.0 1323.25 537.875 23.75 1232.4453125 -732.5 -50.75 -289.75 -15.5 86.875
 12208.0 -7069.0 -2851.5 -252.5 -1568.59375 -273.0 -680.0 224.5 -658.0 782.0
 131.359375 -24.0927734375 69.5830078125 28.1083984375 16.0936279296875 -18.2109375 -11.77734375 -24.5009765625 8.580078125 -13.6435546875
 1059.0 349.25 130.125 -175.875 142.6015625 53.0 103.25 -63.625 -145.5 -89.25
 -3327.5 -790.875 -77.0 -2879.25 -961.12890625 141.5 -843.625 563.25 -263.25 -386.0
 150.25 36.8125 -20.71875 5.96875 38.99609375 -18.0 -29.9375 -0.1875 7.0 0.65625
 283.25 143.5625 -22.125 51.4375 18.29296875 -47.125 -3.0 -25.375 59.25 36.25
 254.6875 -18.9765625 -56.4921875 -19.1015625 -7.1064453125 -40.109375 -17.5625 31.625 -7.140625 13.3984375
 693.46875 -50.78125 -57.515625 -42.75 -0.6484375 -31.5625 23.75 -20.8203125 -59.25 0.140625
 38.0 -199.1875 110.375 235.8125 -73.6015625 170.625 -196.0 -185.78125 60.125 459.59375
 215.0 2.0 -36.25 -3.625 -27.0 22.0 -65.5 -43.0 -115.0 -127.375
 -1045.375 1145.15625 387.84375 810.34375 -684.765625 867.5625 152.875 18.75 462.5625 -97.8125
 7761.0 -3262.375 -2744.375 1801.75 -54.7578125 -82.5 2266.75 -3336.625 724.75 1057.5
 396.34375 -26.046875 -136.28125 -237.1796875 81.9169921875 189.515625 80.359375 -101.6875 -40.765625 1.36328125
 330.25 17.0 -27.65625 45.34375 -80.89453125 5.125 -39.625 51.03125 56.875 46.4375
 -113.125 -64.09375 56.65625 -91.6875 44.8486328125 -60.9375 84.25 -8.65625 -7.9375 -61.03125
 221.0 87.765625 13.1875 15.71875 78.296875 40.3125 -45.96875 -45.5625 13.875 -74.90625
 -41.0 -46.375 65.8125 49.4375 -102.37109375 18.0 14.25 -84.75 53.25 -32.125
 298.0 498.3125 -377.4375 1650.875 1600.140625 -1017.5 1791.5 -3011.5 -181.0 48.625
 217.5 -16.375 9.375 -57.375 15.4453125 -45.0 4.25 55.125 -34.0 -63.25
 240.75 -57.1875 -41.375 116.1875 15.3828125 137.0 40.75 41.1875 -58.5 82.8125
 5937.625 -1323.125 -435.5 36.78125 -694.6328125 -59.25 -93.5625 348.25 58.0 -101.609375
 399.0 37.75 14.75 41.25 260.07421875 -21.0 -132.0 -64.75 71.75 -119.375
 -103.5 132.25 57.125 80.875 -105.296875 119.5 -151.25 -106.0 53.0 257.6875
 -240.0 195.5 -77.0 -169.0 -118.421875 270.0 29.0 -169.5 -321.0 -374.25
 -185.25 -8.5 -71.25 -25.875 20.4609375 -2.25 84.375 175.75 101.625 -60.875
 4404.0 7027.0 -912.0 4392.0 -4445.75 4696.0 -3940.0 -1456.0 -3112.0 7397.0
 6991.34375 -5169.84375 -2879.640625 -2708.59375 -1968.5244140625 351.640625 314.4375 -952.82421875 -80.453125 -158.91015625
 271.0 97.375 159.625 137.625 -366.74609375 445.75 -126.25 342.625 90.0 -54.1875
 -24488.0 180.75 -588.0 -1427.0 -339.125 1540.0 -257.1875 -1299.28125 1528.0 417.25
 -1087.625 354.90625 46.46875 -12.625 236.82421875 -42.375 86.0 -183.03125 22.5 -0.90625
 105.0 865.0 107.75 -280.25 1138.7578125 -502.0 541.5 -678.5 -185.0 -59.625
 645.25 -1110.21875 -1652.0 -2490.90625 -843.65625 -1986.125 252.625 881.125 -1263.625 1129.1875
 257.0 -101.75 296.25 -11.75 -105.265625 34.125 -46.125 -10.1875 93.125 -8.5
 3077.0 -966.5 43.5 -274.5 847.015625 -561.0 313.0 -391.25 -228.5 234.625
 -71.1875 -12.34375 -36.75 -35.90625 77.43359375 58.5625 29.65625 -2.484375 -11.5625 -49.65625
 -204.46875 277.5234375 120.0546875 315.03125 -52.981201171875 37.921875 -19.0 124.33984375 78.4375 15.19921875
 -782.0 48.078125 -4.125 -5.0078125 36.34033203125 -39.71875 -34.078125 -15.34375 10.0 -1.265625
 -309.0 81.5 -486.5 -82.75 18.46875 116.0 -180.5 45.0 -148.5 130.0
 -2.0 -86.3125 13.0 55.96875 98.744140625 -35.75 26.0625 38.15625 41.375 -0.625
 26.5 76.25 -86.6875 -0.5625 -11.44140625 -22.375 -40.0 -29.9375 -15.5 -4.25
 193.5 52.625 -202.125 -7.0 43.046875 46.25 -95.25 -60.75 -41.0 46.625
 977.125 326.3125 -65.71875 -2453.96875 -698.5703125 -57.9375 -461.125 1784.375 -262.4375 353.15625
 243.875 62.3125 -63.125 11.59375 45.60546875 0.6875 -78.9375 -37.421875 -2.5625 20.71875
 425.5 -141.375 141.75 74.0 -59.6484375 25.5 54.75 -70.0 21.5 -42.5625
 82.8125 -6.34375 18.75 -36.0625 63.9697265625 39.0625 -5.96875 -35.6484375 81.25 9.171875
 155.0 122.625 -21.8125 -95.3125 -221.16015625 7.5 123.625 214.3125 -103.0 6.5
 105.4375 2.3515625 401.875 35.875 -42.2529296875 41.75 -11.546875 -82.4375 -7.0 130.453125
 186.75 -39.59375 -15.4375 46.1875 -34.03125 -6.875 18.375 -26.34375 -11.25 -3.25
 372.25 -69.5 -19.3125 71.0625 122.58203125 3.0 17.625 -12.5625 -11.875 -8.25
 12778.0 -2580.375 -982.125 -9022.875 -2409.5234375 -1837.75 -1596.5 2884.0 -2074.0 199.0
 -121.5 -154.0 99.75 -88.25 -90.5625 43.875 366.5 106.625 -156.78125 -38.3125
 3417.375 -812.28125 -110.4375 -62.125 -448.28125 179.75 -154.8125 293.71875 -25.625 2.984375
 -162.125 32.75 100.5859375 -20.5 -12.0869140625 -5.40625 16.046875 31.7734375 -13.15625 14.2421875
 -105.125 -104.5625 -13.296875 -76.53125 -9.55859375 31.875 2.09375 -31.515625 -128.75 1.515625
 -1862.5 814.6875 147.375 54.5 85.421875 324.25 334.875 -572.25 199.875 30.625
 142.5625 -14.1875 -17.75 1.6875 5.73828125 -9.25 15.96875 19.40625 -52.3125 -12.96875
 -6.75 -2.71875 -68.21875 -0.53125 -98.12109375 -32.6875 -37.0625 10.703125 51.28125 2.578125
 395.875 24.53125 18.15625 -32.25 119.76953125 -48.5625 -35.4375 -11.765625 -2.5 -62.546875
 -1922.0 -403.5 -790.5 186.0 -616.21875 196.0 150.0 256.0 -616.0 43.5
 1233.5 -231.625 -211.375 268.375 219.7109375 -106.75 -17.625 -26.75 64.75 -104.4375
 1138.0 1460.0 61.0 771.5 -761.6875 -20.0 -396.0 442.0 -756.0 1036.25
 2169.75 -388.0 32.5 -19.96875 -447.33203125 229.375 -188.125 492.375 23.0 -80.65625
 -2119.71875 1914.015625 -976.171875 4697.9609375 1946.34033203125 -2.296875 2173.40625 -2362.6875 870.359375 1025.421875
 -1902.0 1023.875 384.0 -122.75 1238.390625 -825.0 159.25 -291.5 -298.25 28.5625
 308.25 -53.75 57.8125 95.9375 291.60546875 93.75 -27.875 -33.21875 -115.75 111.75
 -4518.0 204.5 -205.0 -15.5 230.515625 -184.0 190.25 96.5 282.5 -211.5
 393.75 59.3125 -92.9375 -116.125 -36.71875 -35.0 70.5 169.125 131.125 -36.3125
 -125.53125 -228.3671875 -162.625 -281.515625 -6.833251953125 24.28125 -17.0078125 -38.12109375 -5.234375 -25.59765625
 75.7666015625 -3.2939453125 1.669677734375 29.745361328125 21.57695770263672 -35.61865234375 -0.18408203125 25.4405517578125 4.97119140625 14.4949951171875
 16.25 -1626.5 3376.6875 -1028.17578125 -162.0 -76.75 -970.25 -1121.25 1049.25 186.375
 399.25 -388.5 -509.875 21.5 159.4375 87.0 -224.875 19.25 171.0 -20.0
 -220.0 -54.0 -25.0 -55.5 -125.890625 75.0 38.0 28.5 -59.0 -28.0
 -43.75 21.5 -18.125 10.9375 74.5703125 -15.875 20.0 -23.125 -78.5 -34.8125
 202.25 -2.21875 -14.625 -54.5625 -123.47265625 11.25 27.9375 23.75 -66.0 -25.375
 -135.625 81.453125 -125.984375 5.4765625 4.162109375 -126.09375 -39.125 72.046875 6.09375 -16.9921875
 1225.375 1172.546875 901.7421875 2076.7734375 -1601.083984375 1552.28125 262.984375 313.828125 890.09375 -34.046875
 -37672.0 6848.5 1753.5 -145.25 -784.859375 2618.5 -656.0 47.625 1247.5 -670.25
 325.5 182.8125 235.375 26.1875 -159.4296875 -25.375 88.375 50.875 -240.875 3.40625
 176.0 54.3125 25.46875 -5.5 20.95703125 -2.4375 4.3125 -1.375 -16.9375 26.78125
 98.25 -9.7734375 -30.8515625 23.2890625 -23.592041015625 17.5546875 34.6875 61.46875 -10.1953125 22.76171875
 263.875 -92.8125 -10.421875 38.859375 -50.4833984375 -35.375 11.28125 61.890625 -27.1875 76.09375
 -655.0 64.5 -342.5 -172.5 210.6953125 -93.5 143.5 313.875 -138.0 113.25
 62.5 82.8125 -46.46875 -25.15625 -34.5 -30.625 9.4375 40.53125 63.375 41.71875
 188.0625 1.0 15.0 -166.75 -26.5 64.34375 44.078125 -16.625 29.0 -38.296875
 34.0 6.5 2.5625 -0.9375 0.125 3.34375 0.6640625 0.33984375 0.38671875 0.65625
 -244.5 -116.5 -458.0 -874.25 -142.75 245.0625 237.03125 200.921875 -213.9140625 -62.09375
 172.0 38.0 -95.0 -138.0 -63.0 -38.625 20.75 73.40625 -64.65625 -38.875
 160.0 224.5 -330.25 -318.25 -310.09375 179.0 -110.75 331.375 -84.0 -119.375
 -19946.0 3256.5 -132.75 -2804.5 2847.5 -1123.0 2084.25 -5990.5 686.0 1248.75
 300.875 68.8125 -16.90625 -1.71875 -13.275390625 -34.875 42.8125 17.9375 -62.3125 -37.96875
 -40.0 -147.5 37.5625 18.25 -16.736328125 35.875 -56.125 -11.5625 -80.875 -37.78125
 2.9375 8.3203125 9.2734375 57.6484375 62.93505859375 131.265625 46.296875 -44.5234375 -110.046875 -63.046875
 1056.0 -85.0 301.25 52.25 -82.859375 27.0 68.5 -149.875 -100.5 38.375
 -3336.0 1923.0 2.0 419.0 701.3125 -582.0 -520.0 164.0 550.0 -1267.0
 113.0 -462.25 171.5 393.5 -64.03125 36.0 40.5 -369.0 274.0 206.5
 477.5 -447.375 -73.25 43.625 74.0625 -31.5 -5.0 -152.25 86.5 53.8125
 156.0 -298.375 -119.71875 -16.556640625 -21.78125 -23.55859375 8.568359375 -12.087890625 -8.224609375 -1.5185546875
 -6331.75 93.125 -378.1875 375.25 -1579.90625 1339.0 -332.75 481.8125 728.75 -298.1875
 -273.25 -68.296875 12.0 -43.875 -58.4453125 -102.875 -61.6875 -54.53125 199.0 39.59375
 536.75 211.625 -69.625 -65.3125 70.46484375 -146.875 63.375 145.28125 -2.375 181.78125
 -76608.0 22016.0 3440.0 -2984.0 7096.5 992.0 -272.0 300.0 -448.0 -2204.0
 50016.5 8393.875 -1565.0 1626.75 -11569.3515625 7633.5 3902.0 4422.125 3818.5 4279.1875
 787.85546875 551.67578125 -267.765625 10.48828125 156.04638671875 493.49609375 -65.3046875 -80.796875 -20.23193359375 71.130859375
 -547.125 100.328125 74.203125 -707.890625 -45.34765625 -14.40625 -237.84375 286.484375 -137.4375 -93.3515625
 -579.0 -257.75 232.75 177.25 139.328125 -141.5 94.25 17.625 93.0 65.3125
 45.75 227.25 -33.5625 -71.4375 -286.25390625 -9.25 137.375 76.5625 -143.5 -85.3125
 145.6875 58.28125 -10.78125 39.265625 41.19921875 -9.84375 -36.125 -11.984375 -29.59375 -57.1640625
