-289.5 -48.0 -0.4140625 1.18359375 -4.4375 21.6875 -58.0 -14.234375 -39.625 -20.8125
 130.0 277.4765625 136.708251953125 -45.699462890625 -292.5625 92.609375 85.48828125 -75.8046875 90.0625 2.390625
 143.0 -33.125 10.291015625 -8.740234375 -13.8125 22.375 -64.75 -46.90625 -15.6875 9.53125
 -8.5 13.25 -8.888671875 -12.65185546875 2.6875 37.25 12.59375 21.75 -44.625 23.4375
 165.0 138.5 84.0234375 46.853515625 91.25 212.5 -68.75 -221.25 -115.0 127.5
 133.5 19.75 43.525390625 4.06640625 39.25 0.25 50.0 -73.75 22.6875 126.125
 336.875 169.5 262.5 -38.625 -206.451171875 29.25 25.5625 69.2421875 -148.4375 72.53125
 -1378.8125 190.984375 -154.42236328125 -25.339599609375 30.515625 95.75 -97.828125 11.03125 -24.671875 82.3984375
 -3038.0 1873.0 -894.234375 1457.90234375 -352.25 360.5 953.75 -1283.0 -244.0 -312.5
 2064.0 488.0 113.07861328125 -585.10546875 -531.875 858.625 253.40625 -171.5625 639.3125 113.59375
 496.0 19.625 -284.53515625 366.6806640625 390.25 -354.0 616.5 367.625 537.25 322.9375
 -3709.400390625 604.0733642578125 1088.5297546386719 634.6085686683655 -2418.989013671875 -360.905029296875 3840.8460083007812 -1054.9024658203125 -2019.76220703125 -1419.125
 1183.0 -135.5 -35.5390625 -216.2529296875 242.25 -16.0 -193.875 266.625 42.75 54.0
 946.5 -1609.875 930.3828125 -1596.509765625 453.0 -114.25 -984.5625 1191.75 151.25 427.4375
 109.5 20.78125 24.651611328125 -15.90234375 37.78125 -22.5 16.0 -41.625 -11.625 72.125
 20.65625 -6.52734375 23.353515625 -20.254486083984375 19.40234375 22.15625 9.193359375 -28.869140625 5.43359375 -5.5
 8.5 26.25 -14.75390625 32.1640625 18.0 -22.5 -11.75 -13.0 -3.75 67.375
 -690.953125 -366.2294921875 -334.9814453125 370.0930233001709 423.947998046875 -423.44189453125 -89.10595703125 80.740478515625 -394.41015625 -118.45361328125
 3133.0 -217.75 233.59765625 210.36572265625 -62.5 152.0 28.4375 -77.25 -282.75 -118.5
 -11.5 30.3125 -12.6015625 -22.6171875 -64.125 28.625 -118.875 -52.25 -24.375 -56.125
 -7869.0 -1.75 1317.875 1038.234375 -790.0 102.0 950.0 399.875 1045.0 -949.5625
 744.75 -48.4375 -31.23046875 -11.0806884765625 20.5 9.4375 20.28125 34.0625 -47.3125 -19.5625
 774.625 -13.9375 69.1240234375 39.86328125 43.96875 10.28125 2.0 -36.875 -44.15625 -31.890625
 -2210.625 433.375 -91.4375 6.5234375 -60.6875 91.625 -156.578125 -31.65625 12.0 -42.3125
 316.5 -105.5 4.36376953125 -17.8515625 2.75 -39.0 14.3125 -4.375 -27.0 58.375
 -2370.0 705.0 -318.359375 333.28125 140.0 360.0 -38.0 -32.25 235.5 210.25
 99.75 -35.40625 97.21875 -74.515625 65.5625 -34.8125 47.34375 -99.78125 -5.375 186.5
 9555.0 -1728.125 -130.88671875 83.9443359375 -420.875 -482.75 413.375 56.125 -634.625 -365.125
 -375.78125 -42.71875 -105.27783203125 65.6419677734375 134.5703125 -138.09375 -81.1796875 140.77734375 -46.3671875 3.38671875
 -134.625 -30.0859375 7.495361328125 5.23291015625 5.0 13.625 -34.1015625 -47.59375 1.34375 -3.21875
 -60.0 -19.125 -86.84375 -15.45703125 -48.25 9.75 -35.375 12.125 2.5 -8.5
 632.1875 -342.5234375 -122.09765625 -161.3828125 202.546875 242.40625 35.96875 -91.5 63.21875 67.3046875
 -8511.75 1722.125 -156.447265625 749.671875 -75.125 -266.5 188.625 -384.375 -583.25 125.6875
 -15.625 84.6875 -10.6875 -88.28125 96.9375 -127.2578125 40.84765625 -92.921875 78.5859375 20.0
 168.0 19.25 -28.248046875 6.515625 15.25 -41.25 -20.375 8.4375 -18.0 -10.5625
 -28420.0 5170.0 -1221.125 2010.75 -1717.0 -3164.0 -126.0 -2088.5 -1047.0 629.5
 175.25 -108.75 23.74609375 12.361328125 -16.875 -19.875 -16.0625 -35.6875 40.1875 7.125
 359.0 -59.71875 12.5693359375 6.0166015625 23.0625 112.125 -83.890625 -50.0625 -99.1875 38.96875
 4213.4375 -657.328125 -1725.062744140625 -308.5703125 970.21875 -323.65625 -872.515625 -729.484375 -119.84375 872.7734375
 -2471.625 327.53125 -59.7421875 -6.6534423828125 -47.4375 91.5 -14.09375 40.75 -27.875 83.828125
 200.5 85.75 -73.34375 -120.921875 24.875 20.0 33.75 -10.5 -123.5 71.75
 -429.5 -171.5 -8.46484375 -35.234375 -22.0 18.25 -33.4375 -57.6875 -1.625 -76.6875
 -286.0 -166.625 49.57421875 -111.9140625 66.625 30.75 87.25 -63.53125 -88.875 161.28125
 69.75 13.15625 -18.965087890625 -12.6904296875 13.875 -9.9375 -18.90625 -12.1875 -19.25 23.0625
 -438.5 -85.140625 -200.43115234375 -20.484100341796875 111.75 210.328125 207.23046875 -246.8984375 78.3125 -63.109375
 68.0 -25.5625 8.84375 17.7822265625 -23.875 -52.125 -61.5 -37.75 73.125 -66.4375
 -5.890625 47.27734375 46.6904296875 -27.466552734375 4.265625 -56.484375 13.10546875 21.50390625 18.828125 2.728515625
 11834.0 -1235.25 -136.625 83.8369140625 -257.75 -1152.25 373.25 45.625 -485.25 -579.75
 821.625 -273.9375 69.5859375 -42.2369384765625 -65.09375 -158.375 22.71875 40.46875 -19.96875 -79.21875
 -3295.75 -595.875 -485.2734375 810.880859375 761.8125 -1036.375 -181.53125 190.71875 -862.1875 -158.90625
 -69.5 -120.125 67.4609375 -14.51171875 35.75 31.5 -47.875 -129.4375 -16.25 94.75
 -993.359375 -154.994140625 -809.33349609375 108.31298828125 87.546875 -414.265625 172.78515625 189.16796875 -369.71875 -96.708984375
 -50.0 -37.40625 4.6357421875 -82.3443603515625 0.625 -83.75 -157.78125 -115.59375 -42.0625 -52.65625
 196.8125 -48.8125 26.35498046875 -6.852783203125 -37.765625 -49.78125 44.7109375 79.6875 15.109375 -50.65625
 -3614.75 705.9375 -280.705078125 895.503173828125 -387.75 -399.0 229.46875 -265.25 -372.0625 -160.21875
 387.5 -484.5 145.421875 -281.51806640625 -92.5 -254.25 135.25 -64.625 -12.625 -275.125
 110.5 52.625 57.42578125 -75.201171875 80.1875 -55.5 78.75 -82.6875 51.125 122.6875
 71.75 -0.8125 -12.4140625 53.355712890625 31.1875 19.25 28.96875 1.34375 -5.9375 37.03125
 -234.0 45.125 3.375 -54.34375 6.0 -1.5 22.875 53.25 21.5 -83.625
 113.5 -17.5 -35.62109375 43.51953125 6.625 -9.0 -23.375 3.5 19.25 -15.5
 390.0 -566.5 868.46875 405.875 64.0 85.0 613.0 160.5 964.0 -1009.25
 224.875 -20.25 11.11328125 -0.263671875 -2.9375 25.28125 -54.6875 -46.203125 -12.9375 11.671875
 181.25 -4.28125 41.1025390625 53.4765625 69.09375 32.3125 -2.921875 -27.1875 2.75 50.875
 -92.5 -41.0 -45.78125 74.748046875 -49.625 38.0 -112.625 -0.25 2.75 -119.625
 848.5 -52.328125 81.40576171875 -126.8060302734375 80.9375 59.96875 -68.390625 91.609375 58.015625 46.09375
 137.0 12.5625 -26.427734375 29.326171875 -14.625 -35.75 -107.875 -44.9375 24.0625 -113.3125
 63975.75 -24190.40625 19497.087890625 17537.171875 -15486.40625 -12396.125 -6331.109375 -1805.40625 -1332.125 2340.515625
 2574.0 668.375 -989.46875 49.07421875 -587.5 -418.25 1027.0 1469.375 699.5 -1182.25
 -600.0 72.5 30.9296875 -16.5341796875 -18.75 -108.75 -16.0 -29.75 109.25 -170.5
 -303.75 367.8125 96.205078125 95.992919921875 -110.8125 -78.0 -102.8125 72.875 -14.5625 -56.0625
 -42.5 186.125 -157.90625 296.680908203125 -172.9375 -4.25 261.875 -278.6875 -176.0625 -104.6875
 -116.0 157.5 -14.6875 16.447265625 -48.75 4.5 -43.0 -73.25 21.5 -72.75
 2997.1875 -464.6875 2455.428466796875 1500.5558166503906 1659.3203125 2030.734375 259.6796875 2242.30078125 896.0625 -1775.09375
 79.25 -5.46875 6.3134765625 -9.9873046875 26.84375 -20.3125 5.03125 -16.125 -23.46875 32.078125
 -38.0 18.4375 4.734375 -33.570556640625 16.8125 -49.875 -10.625 -9.3125 23.875 4.5
 672.9375 -100.03125 -12.7890625 -41.97637939453125 -33.5625 -9.59375 31.3515625 4.359375 27.859375 -26.125
 -121.84375 -2.0234375 20.1016845703125 -12.06146240234375 -15.0234375 2.2109375 4.44921875 25.515625 -6.1015625 16.8671875
 100.25 27.3125 -13.47265625 -9.07421875 -17.40625 -15.6875 -45.90625 19.03125 -3.375 -42.15625
 384.0 -107.25 -16.890625 30.03271484375 -50.0 117.5 -61.875 29.5 -119.25 52.25
 -600.1875 -30.234375 0.25927734375 -44.48638916015625 -88.015625 -23.21875 -33.90625 15.9375 35.90625 -41.59375
 2421.921875 -207.857421875 217.09042358398438 -634.600715637207 90.5224609375 495.673828125 -111.970703125 82.84765625 421.748046875 99.4130859375
 91.375 -49.921875 30.84375 15.3828125 43.96875 -14.4375 31.40625 -63.625 32.9375 79.515625
 716.0625 -33.03125 21.3916015625 73.65972900390625 13.9375 -44.40625 7.53125 -11.8984375 -68.59375 -55.84375
 2048.5 -318.234375 141.2041015625 -3.681640625 41.40625 44.0625 22.953125 84.96875 -23.5 -76.96875
 55.5 -6.09375 0.01953125 -22.001953125 6.0 7.1875 -30.1875 -74.0625 26.375 5.421875
 364.234375 -15.25390625 -42.4393310546875 150.6375732421875 -159.5390625 -54.9296875 41.896484375 -26.94140625 -139.6953125 -25.796875
 -834.375 -307.015625 -194.32373046875 -367.4539794921875 201.75 433.234375 89.5390625 -169.21875 359.5625 41.953125
 -419.0 -52.75 -26.0703125 6.626953125 -40.0 -127.0 -59.375 -58.5 129.75 -268.5
 217.75 27.0 -22.091796875 -29.1953125 11.3125 -19.75 -30.53125 3.78125 -38.625 -4.125
 -84560.0 13476.0 -2249.5 1351.375 4260.0 -40.0 20.0 -1420.0 3672.0 3882.0
 161.0 24.0 -38.216796875 19.49609375 32.375 14.875 -35.8125 25.8125 -51.125 40.5
 -360.0 165.625 -5.9765625 -15.3642578125 -68.625 -19.75 -89.1875 -20.75 58.0 -253.25
 544.25 -69.6875 80.5146484375 77.31298828125 -10.59375 -59.5 21.609375 1.125 -54.3125 -33.984375
 132.375 45.625 -21.134765625 -15.7705078125 10.625 -0.40625 -18.109375 14.21875 -37.90625 -2.8125
 400.0 -205.75 633.1640625 -332.287109375 64.75 -876.5 -715.25 995.75 219.0 -72.0
 116.6875 282.71875 31.64111328125 240.77728271484375 -61.15625 -178.53125 -79.6484375 133.34375 -120.65625 33.265625
 126.0625 -84.765625 61.0712890625 5.3125 15.03125 13.828125 -10.484375 -81.9765625 5.34375 58.6796875
 87.8125 55.84375 -10.8427734375 36.41961669921875 40.0625 -87.546875 28.9765625 -39.1484375 8.9609375 47.6171875
 -8.5 -13.5 -88.1796875 -36.90625 -83.75 56.25 -109.6875 64.0 -75.75 -138.875
 -103.0 -45.71875 -23.04296875 8.474609375 -3.0 49.375 -105.1875 -51.125 -55.625 -32.375
 -1186.625 17.953125 -12.285888671875 -76.13815307617188 55.2265625 54.953125 -15.62890625 -14.5078125 97.7578125 23.6171875
 -118.0 -16.0 -85.38671875 35.2109375 -56.875 63.75 -127.25 112.875 -128.875 -99.6875
 64.9375 -31.53125 5.875 -10.687255859375 10.84375 -5.09375 -20.8203125 -39.328125 -9.875 7.359375
 186.0 37.25 -39.28125 122.4951171875 -35.0 135.0 -87.75 107.5 -125.0 35.0
 208.375 85.96875 26.2607421875 -34.64453125 49.59375 -22.25 38.453125 -37.5625 -20.53125 105.609375
 64.875 -1.390625 34.22119140625 -11.343017578125 10.125 -0.9375 -31.375 -49.671875 -9.625 43.6171875
 -91.0 -92.75 -35.1875 -22.40625 -77.5 -79.0 -73.25 52.25 -2.0 -41.5
 -2745.45556640625 205.6702880859375 -1514.9872608184814 -1172.055727481842 -1079.2401123046875 -1433.0206298828125 -284.42431640625 -1255.0122680664062 -555.4354248046875 1117.0150146484375
 74.0 38.8125 -84.078125 -98.4609375 36.75 50.25 -103.875 12.4375 -173.875 -26.625
 191.0 25.0 -38.046875 -22.5078125 5.875 -14.625 -32.0 19.5625 -15.5 -30.5
 -332.0 399.0 -31.0625 -19.88671875 -556.0 244.0 -567.5 3.5 -501.0 -706.0
 -176.5 44.875 -86.140625 -68.6328125 -80.5 -30.125 -55.5625 -35.8125 -6.375 -94.65625
 203.875 43.609375 -2.84765625 -24.921875 -19.875 -25.0 -14.953125 -7.34375 -1.25 14.09375
 -2316.5 205.75 -125.07421875 -155.6796875 9.875 121.5 -86.9375 87.375 170.75 71.0625
 -2556.0 -81.125 372.375 -716.84375 432.0 340.5 -453.75 486.25 540.5 260.5
 29.25 -2.375 -8.57421875 -15.287109375 23.3125 5.9375 39.40625 -46.21875 -23.25 87.375
 1315.75 397.99609375 736.875 -32.75 -46.453125 -1021.5 -628.3125 961.84375 -62.046875 98.8125
 -2822.34375 423.234375 -65.871337890625 21.553619384765625 99.671875 160.46875 -59.716796875 -10.8515625 38.5703125 97.0390625
 318.0 178.5 -83.546875 -133.310546875 135.0 79.0 -52.25 -145.5 -10.0 62.0
 -257.0 276.875 -60.51171875 175.3056640625 19.125 -79.5 71.6875 -79.1875 -63.875 -20.625
 -630.5 41.875 -91.12109375 -111.60791015625 24.625 -11.25 -7.4375 -23.375 -34.5 33.375
 -523.0 80.0703125 -64.4736328125 18.033203125 -53.3515625 52.28125 45.59375 -40.21875 35.15625 14.53125
 -2.0 42.84375 -11.625 -43.203125 0.875 -21.375 -0.90625 -44.65625 25.375 13.8125
 120.875 70.46875 -57.6591796875 94.502685546875 -49.46875 83.6875 -205.828125 62.21875 -38.6875 -158.8125
 279.0 -5.5 94.609375 -55.4609375 38.5 -93.75 110.875 -91.125 76.0 146.4375
 -653.75 157.8125 -103.5419921875 -29.24169921875 102.625 121.75 -44.71875 -12.5 39.03125 52.734375
 195.25 -419.75 -446.798828125 268.226806640625 95.3125 264.25 38.90625 -247.25 41.875 -56.53125
 -16130.25 -515.90625 -2507.1796875 4693.041748046875 3847.65625 -3864.1875 -1749.625 1538.28125 -2721.625 -6.21875
 521.71875 -121.74609375 -138.712890625 15.081962585449219 114.5458984375 100.849609375 45.30810546875 -82.69921875 -7.2900390625 -25.6015625
 1178.0 364.125 151.96484375 -97.93115234375 -64.125 70.5 -291.0 -45.1875 -233.125 -122.6875
 -1122.0 -13.0 44.5078125 -2.794921875 2.5 -9.0 1.0 98.75 106.75 -118.75
 -48.5 150.0625 -10.48828125 64.4921875 0.9375 24.125 -50.1875 -51.0625 117.75 -11.625
 179.5 -49.171875 20.1514892578125 -1.5332183837890625 -47.45703125 -15.0234375 86.470703125 -75.21484375 42.1328125 -28.31640625
 50.5 165.5 -8.5205078125 -121.455078125 -112.875 -29.375 -97.875 -9.1875 62.25 -164.8125
 85.0 276.34375 -67.41796875 133.03515625 2.5625 -36.75 -13.40625 -52.25 -83.5 -35.0
 1588.0 49.0 136.0 27.4296875 -474.0 278.0 -690.5 43.5 -533.0 -924.5
 -8257.5 345.375 205.3671875 -698.17333984375 608.25 1639.25 -622.0625 175.0 922.25 857.6875
 493217.0 -175575.875 146401.14453125 120810.67529296875 -116724.75 -82857.25 -43249.6875 -16628.375 -5395.25 17222.25
 81.0 -1.125 -11.7705078125 20.484375 3.0 -24.25 -35.875 -43.0 4.5 13.875
 50.375 31.03125 27.728515625 -0.28515625 18.0 26.3125 -22.9375 -40.671875 10.4375 8.5625
 642.625 -433.65625 -38.2099609375 -96.9678955078125 213.4375 58.5 54.359375 -154.8125 -45.25 -6.0625
 1421.3125 -215.3125 5.957763671875 -162.84329223632812 -6.3359375 100.046875 -56.14453125 100.1640625 122.453125 70.8984375
 -388.75 35.875 -52.1328125 -54.86328125 -28.625 -17.5 -81.0625 34.6875 -13.375 -118.75
 1530.75 -134.875 -157.25048828125 26.93572998046875 57.125 -44.0625 33.46875 87.015625 -97.171875 -92.65625
 -321.5 133.4375 -71.2451171875 89.61376953125 -62.25 8.375 75.890625 -99.640625 -13.28125 -14.90625
 178.0 30.875 18.41015625 12.95703125 51.5 -17.5 11.625 -43.75 -21.875 122.3125
 81.5 42.875 -18.2265625 5.953125 9.3125 -27.25 -29.03125 -7.5 2.0625 19.0625
 66.75 0.34375 10.263671875 19.2998046875 0.46875 43.5 -26.6875 -28.5 -44.40625 16.5625
 454.28125 40.109375 22.4326171875 -6.9580078125 30.53125 9.15625 -53.78125 -12.140625 -23.0 -17.578125
 -62.5 -17.4375 -42.45703125 21.4140625 -26.5 28.5 -115.6875 -5.375 -50.875 -77.75
 2968.0 17.5 133.828125 189.322265625 199.0 -106.0 117.25 -109.75 -420.5 376.25
 6683.875 -5749.0 2235.599609375 6956.927490234375 -3853.6875 -5003.0625 -1075.96875 145.953125 -1829.4375 154.0
 -629.2734375 -5.56787109375 -36.729156494140625 -86.34300422668457 51.73046875 109.1748046875 27.51904296875 -58.69921875 108.580078125 23.39794921875
 -703.75 405.9375 -105.4765625 107.671875 -39.1875 -76.75 -67.625 -63.375 -65.625 -34.28125
 -2440.0 -380.0 -695.25 212.42578125 -42.0 992.0 -1552.5 639.5 -1710.0 -773.5
 750.375 -74.71875 153.25 97.125 -30.875 -82.25 392.5 36.625 317.5 -8.375
 2566.0 -214.0 299.34375 -423.900390625 52.0 -6.5 -427.5 -634.25 -452.0 -119.75
 -173.375 28.5625 29.8115234375 -64.44775390625 -106.5625 83.0 43.90625 18.40625 -55.8125 -12.4375
 -21.1875 -40.078125 16.400390625 -1.5498046875 -8.25 23.625 -56.046875 -43.75 -13.15625 -12.6875
 196.0 -29.5625 5.671875 51.91796875 6.25 60.625 -73.3125 -81.8125 -0.875 14.375
 218.25 74.40625 -24.296875 70.1015625 103.25 -129.75 121.4375 28.75 121.875 135.28125
 1088.0 25.0 -21.75 -165.7890625 -549.0 314.0 -1014.0 -224.5 -717.0 -1027.5
 -2857.25 890.5625 -62.515625 471.66015625 -103.65625 -86.8125 5.40625 18.953125 -19.21875 140.625
 102.5 -11.125 -7.9853515625 -12.447265625 73.75 61.625 41.0625 -72.75 -73.875 196.1875
 190.875 1.90625 54.6171875 18.2734375 17.5 -119.5 -88.03125 74.6875 -128.125 6.28125
 894.0 -116.75 18.12109375 112.810546875 -62.25 -22.5 -35.8125 -37.1875 -185.375 -80.9375
 -3814.0 46.0 16.75 253.0 135.75 254.0 -219.25 2.25 19.5 128.25
 2803.5 -131.625 163.2109375 -295.65234375 19.5 95.75 -58.375 -507.25 -167.375 -100.75
 2067.0 -186.5 -24.109375 98.5625 230.75 -197.0 175.375 -74.125 27.75 104.5
 1912.0625 -1014.4375 -26.63623046875 -244.6044921875 1501.859375 -247.15625 -566.375 196.5703125 -356.03125 58.078125
 91.8125 3.6796875 15.650390625 18.505584716796875 0.8203125 38.265625 -38.5078125 -28.203125 -37.71875 22.765625
 208.5 -185.375 98.06640625 -63.84375 -54.8125 -14.375 -18.3125 -107.625 -83.1875 -44.5625
 79.0 -100.75 22.625 -79.69140625 -144.0 49.5 -163.125 -12.0 -149.0 -181.75
 522.1875 -62.59375 -20.40234375 -9.8046875 -4.53125 -12.46875 -5.390625 -14.421875 -36.46875 -11.296875
 -161.671875 3.609375 -7.4375 -75.1640625 30.578125 -76.28125 67.0625 -73.375 98.984375 43.84375
 101.75 -7.71875 -14.53125 36.8475341796875 7.125 -18.4375 -27.96875 17.40625 19.9375 -15.4375
 -9723.0 -1122.375 -1907.421875 2684.405029296875 1907.8125 -2425.75 -379.71875 342.28125 -1984.875 -95.09375
 -3206.125 181.796875 -288.20849609375 724.6923217773438 927.984375 -510.25 -220.6171875 -88.3515625 -578.0 -4.71875
 -207.53125 -153.60546875 -149.6019287109375 68.03558349609375 -24.3828125 108.90234375 -25.681640625 -73.865234375 4.01171875 -38.669921875
 252.0 -67.0 32.5 -276.18359375 -590.0 272.0 -557.5 48.0 -514.0 -635.5
 151.0 -53.0 -54.609375 19.458984375 165.0 -86.0 179.875 -103.25 40.5 299.625
 133.5 3.4375 -31.072265625 -55.298828125 22.875 2.875 -68.9375 -88.40625 -77.1875 48.96875
 112.5 -44.125 26.57421875 -13.8046875 28.125 -14.75 20.125 -44.125 -12.375 104.375
 1044.5 -485.5 -328.84765625 -2.865234375 371.71875 -26.4375 102.796875 -23.625 -172.3125 -72.84375
 148.25 36.625 29.62109375 10.6328125 23.25 -24.0 59.78125 -27.40625 15.1875 126.4375
 148.5 -19.8125 25.86328125 -19.3515625 69.6875 -20.875 28.9375 -47.8125 -10.0 139.1875
 -1322.0 277.625 -76.58251953125 124.501953125 58.3125 -41.125 -41.84375 -27.71875 -187.1875 -38.1875
 86.75 -43.875 -21.03125 12.484375 -16.9375 43.625 -71.5625 -18.25 -12.5 -28.4375
 25.0 11.0 -19.439453125 66.9609375 36.75 20.5 -87.25 -41.0 50.0 -34.5
 47.0 54.0 -28.82421875 -1.18701171875 3.875 17.75 -23.75 -9.0 43.625 -22.5625
 -411.75 -174.0625 51.4453125 -55.5892333984375 -59.125 2.0625 19.4375 10.40625 -47.625 54.25
 -4.75 14.328125 -0.001953125 15.728515625 -9.15625 -2.4375 35.53125 17.9375 9.59375 16.609375
 -795.0 556.890625 -132.962890625 255.78607177734375 194.828125 -101.6875 9.4609375 -184.921875 -184.75 -104.84375
 -10196.0 1282.5 284.296875 476.259765625 -187.0 630.25 106.75 -478.5 352.0 274.0
 9305.375 -1572.59375 282.8125 -399.7265625 -292.0 -2.5 122.75 314.828125 -68.25 -138.4296875
 -74.0 -60.546875 128.85986328125 -136.9561767578125 66.265625 -15.703125 -148.13671875 154.17578125 39.3515625 84.5625
 -360.625 -37.4375 -58.728515625 -8.7198486328125 115.96875 -65.9375 -346.15625 311.59375 129.65625 110.625
 152.25 -823.93359375 -378.6201171875 -337.41552734375 412.8203125 -234.5625 9.6328125 192.703125 -320.40625 -221.6953125
 157.0 64.28125 -3.74658203125 -25.3701171875 55.625 -10.125 23.125 0.25 -50.375 86.5
 -10196.0 1073.0 -114.890625 -581.287109375 430.0 947.0 -396.75 -16.5 506.0 789.25
 89.5 -25.5625 13.56640625 7.1328125 40.0 4.25 5.9375 -0.875 3.25 -46.0625
 275.875 -289.71875 -170.6767578125 247.4359130859375 166.3125 -387.1875 -155.984375 235.875 -218.46875 18.0625
 461.75 16.125 -11.09765625 42.014404296875 16.625 -15.125 21.90625 -2.1875 -33.5 20.90625
 177.25 79.25 88.09375 10.33203125 9.5 -26.25 19.59375 -103.9375 29.375 71.40625
 -11.375 -31.015625 53.330810546875 63.914154052734375 20.3828125 43.90625 27.88671875 -2.3125 13.875 14.2578125
 112.78125 25.3359375 6.6943359375 2.7197265625 31.7578125 0.40625 -14.265625 -37.4140625 -24.1875 30.8515625
 301.625 -21.71875 10.34765625 16.1796875 3.75 25.0 -51.15625 -30.9375 -1.0 -19.421875
 39719.0 4807.75 -39963.6875 30229.875 35745.75 -86.0 -14980.0 24139.0 -1781.5 -2604.375
 103.0 23.125 -14.774658203125 -19.7734375 18.3125 -11.5 -19.65625 2.09375 -39.5625 24.28125
 391.25 74.1875 40.953125 -46.703125 64.5625 -62.25 60.25 10.625 8.25 108.625
 389.0 -25.0 84.375 -13.0078125 139.75 39.0 115.75 -90.0 -94.25 254.25
 -321.25 87.09375 -34.203125 -59.51171875 -22.0 -17.375 -19.9375 66.96875 -40.625 -62.3125
 406.5 -0.625 -49.6796875 14.666015625 103.375 -129.0 177.375 36.484375 19.625 163.703125
 -21.25 26.1875 -11.0654296875 -21.5604248046875 3.5 0.75 -21.9375 4.375 -32.75 7.28125
 -390.0 -70.375 32.6640625 13.30078125 -1.625 85.25 47.3125 -66.125 -101.0 275.25
 76608.0 -57994.0 100807.25 -36113.8125 -25924.0 -22024.0 -14442.0 -18200.0 -916.0 9290.0
 -280.0 -92.0 198.0 -74.0 168.0 388.0 586.0 535.0 -316.75 -295.0
 4284.0 -744.5 29.20703125 -426.3876953125 144.0 -304.5 -84.6875 227.375 267.875 -334.8125
 -540.0 135.0 -27.984375 -219.2265625 -154.5 68.0 -350.0 -111.5 -335.5 -237.25
 -0.875 -21.671875 58.55078125 7.16015625 -2.5625 4.84375 -26.125 -19.375 -19.046875 -11.21875
 3036.0 -648.75 -211.0625 -116.2412109375 202.75 464.5 118.9375 -299.0625 -105.375 -231.8125
 26.5 38.75 15.49609375 3.39453125 29.8125 -16.75 51.0625 -23.75 19.0 111.75
 -14.75 25.21875 -29.3466796875 26.25103759765625 -4.46875 32.921875 65.625 43.5859375 -2.34375 87.5234375
 72.5 -34.40625 78.00048828125 98.6610107421875 -20.484375 90.5 -125.953125 -68.0078125 -65.34375 25.796875
 106.25 71.5625 -127.7119140625 -24.3349609375 18.875 -59.4375 46.90625 -12.3125 -46.0625 62.71875
 -140.0 -29.25 -59.40625 87.0625 -61.5 -213.5 115.0 225.5 248.25 -136.5
 156.0 41.90625 46.9892578125 -18.2215576171875 -2.8125 21.5625 13.375 -71.625 3.34375 90.09375
 -1371.0 264.5 -126.46875 121.87890625 120.25 213.0 69.0 -137.375 -12.25 62.5
 -20566.0 387.5 -2413.9609375 3070.125 -231.25 -1376.0 1695.5 -1399.75 -1391.0 -423.375
 -1468.0 275.5 -114.6953125 87.9716796875 -44.75 32.0 -90.1875 -28.0 -144.5 3.375
 -182.75 -17.015625 -82.44482421875 -85.96380615234375 -58.265625 30.0 -67.5078125 22.6484375 -107.59375 -22.5234375
 -17872.0 3184.0 -1422.0 436.625 -2952.0 2280.0 -259.0 4708.0 -498.0 -2184.0
 -557.75 -27.765625 38.705078125 -35.0963134765625 -38.625 61.28125 -2.7109375 -11.90625 -74.578125 59.734375
 892.8125 -373.1640625 75.400146484375 -93.49859619140625 171.265625 -184.328125 -164.01953125 185.3828125 -75.0625 -49.53125
 249.75 -15.9375 37.83984375 -12.6943359375 6.1875 3.875 -78.59375 -56.5 -41.3125 -32.65625
 58.25 -612.09375 -2724.234375 2072.5 -993.375 -1169.3125 1029.6875 2831.4375 1491.8125 561.34375
 253.75 59.15625 -56.46875 126.6015625 -88.375 1.875 -145.0 85.96875 35.25 -203.5
 502.0 -104.5 -106.8671875 97.2275390625 68.0 -77.0 -256.75 -15.75 27.5 -74.25
 -61.25 8.25 4.2265625 14.615234375 10.34375 9.0 0.59375 9.765625 -12.4375 -9.03125
 450.75 -36.8125 21.09375 -22.189453125 18.0625 41.25 -45.84375 -153.875 -10.6875 109.46875
 64.0 -8.625 -13.20703125 -25.30419921875 118.25 -117.0 207.625 -25.0 113.875 191.75
 262.0 -398.5 -420.8359375 436.73583984375 367.25 -297.5 -185.6875 207.8125 -227.8125 26.21875
 -846.0 502.5 -394.359375 -32.07421875 -268.5 -123.0 -57.25 -7.25 -639.0 -31.0
 124.25 -19.5625 53.833984375 10.2080078125 -6.8125 87.3125 29.53125 -0.84375 -90.5625 90.03125
 197.5 -31.4375 -29.3203125 -63.630126953125 41.5 -41.875 -41.0625 -57.3125 -43.625 -34.8125
 73.0 121.25 -5.41796875 -3.67724609375 -31.0625 14.875 -63.5 -20.25 -42.0 -13.03125
 -460.0 -101.0 140.859375 532.10546875 36.5 252.0 169.75 102.5 60.0 614.0
 41.5 -29.03125 -58.46484375 -25.72265625 0.84375 7.1875 -50.375 34.34375 -46.5 -55.03125
 2832.0 -1264.0 481.5 -0.53125 -1154.0 568.0 -1993.0 278.0 -1392.0 -2370.0
 -134.0 112.0 816.5 -118.0 368.5 736.75 388.75 -1862.0 1359.0 44.6875
 32.625 2.4375 -1.515625 -1.03125 0.671875 1.49609375 -0.6328125 0.7724609375 0.21875 -0.385009765625
 63.5 -10.75 -50.203125 13.1875 -19.0 -85.49609375 -31.84375 162.974609375 -117.859375 14.6474609375
 -672.0 320.0 2107.0 -104.0 1076.0 3800.5 1437.0 -7304.5 5059.0 -665.375
 65.0 20.109375 -10.462890625 -36.4140625 40.5625 -13.25 -21.90625 -12.859375 -8.875 -0.59375
 907.75 386.625 -187.5703125 612.2890625 -398.25 18.25 377.9375 -284.5 -166.875 -52.875
 -4533.25 -147.125 390.609375 161.691650390625 208.53125 -318.75 157.109375 -27.34375 1063.5625 -164.3125
 -135.0 -90.75 -95.578125 6.35498046875 3.75 -44.0 39.6875 53.5 77.5 53.375
 -3574.0 -390.0 -371.4375 398.48046875 -288.0 -128.0 164.25 730.0 663.5 169.75
 44.0 -31.5 -13.62890625 3.250244140625 13.3125 -24.125 27.1875 13.375 36.3125 -14.5
 308.0 -117.5 -134.1796875 257.3984375 -28.5 131.25 -45.0 212.375 -13.25 -201.25
 -2478.0 -351.0 -223.03125 183.49609375 -28.5 132.0 -41.5 173.5 -175.5 -63.0
 -47.25 -38.625 -64.966796875 12.955078125 -40.65625 60.3125 -116.5625 63.84375 -98.6875 -72.15625
 121.5 -246.6953125 6.0048828125 -22.71875 -20.7744140625 -3.4322509765625 9.0 -5.924072265625 -8.95068359375 -3.19952392578125
 26352.0 -5110.0 1693.5625 -1415.5 -1980.0 -40.0 382.0 1422.0 -152.0 -1068.0
 4.25 -27.34375 -87.40625 29.0546875 -9.3125 130.375 -195.4375 -81.84375 -175.125 52.28125
 10.0 51.375 -50.015625 33.927734375 -27.0625 45.375 -137.0 21.875 -70.0 -62.5625
 -556.0 -95.625 91.345703125 10.2030029296875 7.28125 -26.59375 111.65625 26.6875 250.5625 -134.375
 15140.6875 134.5234375 7248.149658203125 -4879.617767333984 -5007.00390625 2715.8984375 623.85546875 -2295.7578125 2856.703125 535.4921875
 -24.6875 229.3046875 -153.1875 109.17578125 67.265625 113.3125 17.7578125 -70.703125 29.81689453125 -20.6875
 15777.25 -207.5625 1553.4453125 -3235.867431640625 -4383.25 3100.375 1753.03125 -1124.0 2240.125 -191.6875
 154.5 125.3125 -2.3564453125 -9.41015625 14.5 -25.75 -18.6875 28.3125 6.0 34.125
 49.375 35.046875 -60.99462890625 -10.33575439453125 -40.203125 2.1875 -44.3046875 -43.734375 -16.265625 -30.4765625
 -79.0 20.25 21.3828125 29.69140625 -55.125 4.0 46.5 68.125 13.125 -4.25
