1153.0 -2357.0 -207.25 -110.5 187.75 -374.0 -1019.25 -12.5 -874.0 -10.5
 975.40625 10.953125 259.935546875 -336.3828125 -377.328125 347.53125 -20.05859375 -90.1796875 173.640625 14.34765625
 -436.0 1425.5 -208.125 938.0 536.25 -58.0 -843.25 63.0 -990.0 -103.0
 63.25 39.5625 -1.46875 10.9375 11.875 28.5 -16.3046875 1.71875 -16.375 -14.5
 313.5 39.25 158.71875 182.25 -52.5 -118.5 197.5625 86.0 -57.75 196.0
 155.75 -37.0 -9.65625 25.25 73.5 -7.0 -22.3125 -31.375 26.25 43.9375
 637.125 -90.375 -110.75 -236.46875 -52.625 -843.25 -873.6875 -584.36328125 837.15625 143.53125
 -735.5 -418.625 83.5859375 -324.71875 -317.640625 125.0 -39.734375 52.0 78.625 129.09375
 -9117.5 8413.5 -1361.75 520.0 3233.375 -712.0 1635.375 -2977.0 -981.0 -615.25
 659.6875 111.65625 -319.3203125 -344.25 245.1484375 66.28125 327.3359375 -215.265625 38.28125 -102.5625
 104.0 -269.6484375 38.2265625 143.5 -176.7265625 46.0625 -208.796875 -226.28125 -386.5 42.6015625
 -10822.734375 3959.400390625 2791.720947265625 -11225.2333984375 7976.67333984375 -5336.4296875 13047.4052734375 -12225.787109375 -5414.548828125 -3926.3779296875
 3274.125 -1327.0625 357.453125 11.375 -279.28125 -68.125 -122.65625 318.6875 149.3125 -57.90625
 61.625 163.96875 200.203125 12.1875 17.21875 -92.5 -149.71875 244.5625 69.0 28.5
 82.375 90.625 17.140625 4.84375 -2.125 -9.375 59.0 -2.25 40.5 -8.4375
 288.78125 54.6875 63.138671875 -34.91015625 -14.177734375 9.40625 -25.7265625 32.140625 8.28125 2.17578125
 381.0 -400.8125 -103.515625 18.4375 72.65625 -103.5 -163.53125 -8.6875 -136.75 27.4375
 -233.525390625 271.1875 -197.34765625 420.79443359375 -545.030517578125 330.4765625 -108.290771484375 63.43505859375 124.576171875 5.1142578125
 -1536.0 319.5625 -22.390625 -97.1875 -136.21875 73.75 7.21875 57.3125 105.375 130.71875
 280.0 1277.0 47.875 -130.0 291.75 -135.0 -1080.5 265.0 -923.0 18.5
 -1113.359375 -393.62109375 176.375 420.875 -218.5 362.5 -435.28125 -302.421875 -921.125 556.953125
 2554.125 -270.90625 23.4140625 216.71875 38.5625 -24.75 141.703125 12.59375 -147.9375 38.53125
 -819.875 66.859375 27.5 -72.8125 -120.1171875 29.9375 -27.9609375 78.671875 78.0625 19.4453125
 -1657.0 432.0 -132.25 295.5 58.75 418.0 -172.25 -8.5 -45.0 -85.75
 111.25 2.71875 -46.796875 -0.6875 -1.734375 8.0 -45.421875 54.46875 -46.3125 -35.078125
 631.25 -1230.796875 80.16796875 -440.5 -35.2890625 -94.1875 41.58984375 -56.0 -2.8125 -224.4375
 190.5 -73.3125 -116.859375 62.125 69.84375 -1.25 -207.171875 -6.25 -166.1875 -73.5625
 -248.0 -250.8125 109.203125 43.125 -263.21875 61.0 -145.75 181.1875 114.125 62.78125
 360.78125 379.3359375 -190.787109375 -292.23828125 -111.96875 423.8515625 175.462890625 -164.28515625 229.0234375 -13.7890625
 380.0 50.125 171.5 -288.625 -56.5 -121.5 -593.5 130.75 -298.25 -46.875
 141.25 10.875 163.84375 41.9375 -0.953125 50.0 64.515625 -5.375 -49.5 45.3125
 340.0625 -403.1875 -277.6640625 134.125 24.578125 334.875 235.515625 -388.40625 45.375 -5.578125
 3996.2265625 192.615234375 294.1484375 308.109375 659.61328125 -589.21875 224.390625 -283.0234375 -462.125 -168.41796875
 -190.75 -216.0 707.375 180.0 619.75 581.017578125 -804.15625 -333.34375 -140.53125 -61.8125
 271.375 -5.90625 -90.8125 154.5 93.71875 -2.5 -158.89453125 16.375 -153.625 -44.65625
 3154.0 -2120.5 -131.625 -216.0 -262.25 -27.0 -73.5 119.0 -200.0 36.25
 113.0 323.0 -558.375 341.0 319.5 -9.0 -665.5 -31.75 -710.5 -58.25
 814.0 81.5 -95.125 336.5 56.5 -209.0 -759.25 67.0 -782.0 485.5
 19.97265625 25.5283203125 -460.623046875 -253.46484375 210.3583984375 89.34375 -182.3438720703125 -314.662109375 121.390625 361.26171875
 -497.5625 -460.3125 -121.59375 -94.625 -221.1875 -42.5625 128.046875 285.59375 -90.6875 -351.734375
 114.5 63.0 -111.28125 56.625 62.3125 53.75 20.0 -28.5 58.75 156.875
 134.0 -61.5625 39.78125 -55.6875 105.625 41.75 -173.625 49.25 -79.125 19.8125
 -96.125 -159.71875 30.640625 58.75 -127.46875 48.75 45.734375 141.1875 -123.125 -110.125
 363.0 218.375 -198.46875 227.125 161.9375 9.0 -236.5 73.75 -242.5 -6.6875
 1143.0 -3840.5 -665.25 315.75 -1442.875 1151.0 292.5 -864.25 237.0 -437.75
 388.0 124.75 -296.6875 399.75 353.75 30.5 -456.8125 182.5 -621.5 -33.0
 56.8515625 16.845703125 7.42724609375 24.26953125 -10.9267578125 -56.03125 -6.1708984375 -22.794921875 47.1484375 -13.416015625
 1992.0 -692.625 -80.78125 -13.625 500.4375 -239.5 530.6875 -520.125 -357.0 -235.375
 303.078125 -53.2734375 10.322265625 78.671875 -142.0 139.828125 -111.28125 37.9765625 41.015625 116.52734375
 -818.5 -125.6640625 -253.5703125 111.65625 79.390625 -50.1875 82.734375 -99.390625 11.5625 -55.9921875
 254.0 -454.5 -540.5625 232.0 205.0 -58.0 -482.375 97.75 -574.0 4.0
 -1726.8125 -1258.375 446.74609375 2887.625 -278.9765625 -309.09375 -1073.625 421.140625 -351.4375 433.6015625
 431.25 175.8125 -421.625 -119.25 231.25 -3.5 171.75 315.5 -22.125 -129.8125
 2756.0 -1128.5 82.25 -80.875 43.3125 -11.0 120.6875 23.5 -260.25 -140.25
 -1303.546875 1115.40625 -100.41015625 325.138671875 -97.4375 67.0 -368.7119140625 650.4375 105.8046875 184.7734375
 -2245.5 -597.0 -167.125 -266.0 -526.625 230.5 -61.0625 33.375 154.625 -139.625
 706.0 -601.75 -11.3125 -63.5 -57.75 -217.0 -881.0 46.5 -614.0 -37.5
 29.0 1.125 -132.8125 -12.75 12.9375 -104.75 48.75 97.5 -0.75 -19.0625
 -310.0 810.875 484.875 -394.5 -188.0 277.0 331.375 -23.25 546.5 9.75
 154.5 160.9375 -164.65625 179.625 141.0625 -12.75 -146.25 -4.0625 -155.625 4.84375
 -9008.0 -3622.0 741.75 -2549.0 -2301.5 -112.0 181.25 257.0 986.0 1014.0
 318.0 -1314.75 -306.75 289.75 278.625 -0.5 -513.25 44.25 -680.5 -113.75
 62.0 -107.25 509.625 -198.0 1072.875 -463.0 252.125 60.5 759.5 65.25
 -21.0 956.0 75.25 -63.0 62.25 -156.5 -898.375 147.0 -504.0 -127.0
 -2637.75 1912.125 8.671875 237.625 -50.578125 181.25 -315.75 447.75 182.5625 175.65625
 -66.25 147.5 84.3125 37.625 26.6875 -10.75 89.28125 -56.5625 190.75 -49.5625
 1069.8125 -1885.625 620.55859375 -406.75 1770.53125 -802.875 -305.05078125 116.625 -158.4375 193.328125
 1773.0 1356.75 -1082.0625 -80.25 -455.375 -1041.5 -97.0 25.25 671.5 -401.625
 60.9375 -41.859375 81.171875 5.640625 -81.6328125 72.1875 -87.59765625 -161.4453125 -60.453125 103.76953125
 -23.9375 -87.7890625 -12.94921875 7.5234375 -12.53515625 47.96875 58.6015625 -117.1015625 5.65625 -3.0859375
 113.6875 -70.171875 -37.23828125 -27.109375 98.40625 -42.09375 80.4609375 -109.875 -35.875 -74.6171875
 -155.0 -69.3125 -129.578125 13.75 32.9375 -107.0 -0.78125 -17.625 76.375 48.5625
 -292.3046875 -1093.517578125 -2645.49560546875 -297.640625 -274.5126953125 -887.9296875 -630.95703125 -433.357421875 -134.0859375 1299.6044921875
 554.0 -669.0 -606.8125 726.25 390.0 -112.5 -519.375 -93.5 -681.5 7.875
 -31.0 -220.5 35.5 -118.5 -51.75 -93.0 756.25 -23.0 504.0 90.75
 -582.18359375 201.93359375 10.814453125 4.56640625 -8.828125 -1.26171875 -30.076171875 21.453125 21.0 9.1455078125
 -213.078125 62.31640625 157.12060546875 -168.08203125 -107.0107421875 -101.0234375 57.232421875 131.08203125 -20.6171875 50.529296875
 39.3125 -7.0 11.828125 57.6875 85.71875 40.5 -211.46875 1.25 -274.375 3.953125
 310.625 16.84375 -20.0703125 33.875 -155.0 44.25 -36.234375 -168.90625 -53.4375 36.875
 -2426.258056640625 -106.02325439453125 6.652885437011719 -1134.5046997070312 -176.26065063476562 -201.40130615234375 -556.1612854003906 194.7232666015625 124.2869873046875 -307.3832092285156
 904.5 -1400.6640625 -91.921875 -616.1171875 -493.0 419.125 19.4921875 303.765625 415.640625 -93.0859375
 486.5 -688.0 -212.125 86.875 170.375 -225.0 -369.75 82.125 -348.25 65.625
 967.0 -886.25 161.28125 -240.75 -118.75 -64.5 85.09375 55.4375 35.5 -25.5
 710.75 -133.46875 75.640625 14.4375 77.6875 -68.0 -6.5 31.875 -68.75 -47.375
 869.0 -1794.75 -583.375 529.75 331.75 -161.5 -427.5 54.0 -675.0 36.25
 -1006.375 601.28125 -111.6953125 -130.46875 355.921875 -73.375 102.84375 -174.1875 -83.375 0.515625
 1311.25 -2094.875 -98.77734375 62.21875 -708.375 454.0 11.625 -120.0625 223.28125 -139.015625
 231.5 192.09375 187.234375 -0.1875 -37.90625 -7.625 -62.5625 -169.4375 73.0625 92.71875
 38.125 199.03125 9.1875 -34.4375 -38.0625 10.625 24.609375 20.0 0.875 -26.46875
 115.625 -301.828125 -10.4765625 -24.265625 -204.578125 97.9375 -58.84375 148.40625 71.40625 10.453125
 -235.0 -33.75 -69.625 251.5 -14.75 162.0 358.25 -86.75 289.0 -6.0
 5.125 644.78125 210.84375 -62.53125 -54.5 9.0 -175.953125 -96.84375 67.625 87.6875
 336.625 1140.0 83.4140625 365.8125 570.0 -230.8125 50.9375 -206.4375 -212.75 6.625
 344.0 -237.625 -213.25 380.25 283.875 -161.0 -327.125 7.0 -440.5 -44.0
 -3760.0 -1341.5 3980.625 -1348.0 -783.5 -6072.0 -1849.5 4208.5 -449.0 -1976.0
 -600.25 -2216.6875 -483.1328125 60.3125 -516.546875 729.0625 419.8203125 -715.1875 315.53125 -61.1875
 629.5 542.0 -184.5625 313.5 269.75 -230.0 -490.9375 130.75 -432.5 -28.125
 -100.75 419.5 -48.40625 184.125 159.0 -67.0 71.0 -67.25 -1.75 11.75
 802.0 -1222.5 -658.25 762.0 546.0 -14.0 -879.25 152.5 -973.0 6.25
 615.0 73.25 340.75 -436.5 13.0 -403.0 -1001.875 175.5 -518.5 76.5
 -681.46875 569.3203125 -154.4814453125 49.6953125 77.943359375 119.3046875 -36.578125 84.00390625 76.2421875 76.90234375
 586.5 -845.75 -192.625 164.25 225.25 25.5 -763.25 -49.75 -535.0 -68.875
 -84.0 336.5 63.5 -33.5 66.75 9.0 -443.9375 139.25 -333.5 -51.125
 271.25 -110.59375 -113.8359375 -73.4375 -64.171875 37.0625 -89.171875 13.4375 -287.75 120.109375
 48.75 75.5625 50.1640625 4.0 62.46875 -5.25 -0.078125 -22.4375 65.875 3.15625
 718.0 -1101.25 -851.5 286.0 144.375 -162.0 -640.75 242.0 -857.0 -23.25
 582.0 -575.25 -233.5 556.5 175.0 -55.0 -407.5 192.0 -680.0 -211.75
 -36.8828125 345.734375 698.51171875 -85.71484375 43.4453125 172.3515625 148.041015625 125.19921875 74.7109375 -224.228515625
 -14.0 600.0 75.625 -333.5 73.5 -293.0 -1303.0 156.0 -722.0 -83.75
 100.5625 13.0 -12.2734375 19.921875 25.421875 -6.5625 -34.0 -12.59375 -57.84375 -16.6875
 232.75 0.375 30.34375 49.875 22.84375 -49.75 -28.3125 3.375 27.25 40.0625
 100.5 -554.375 -4.5625 76.5 142.25 -85.5 -224.5 -85.625 -366.75 76.125
 -69.25 -91.140625 45.25 -112.71875 -86.171875 43.3125 149.0625 34.3125 31.0 -35.21875
 4463.0 17.25 -145.1875 734.0 958.5 -289.0 -68.25 47.25 -327.5 -349.625
 -6700.0 2185.75 568.0625 1465.75 -2945.875 1321.5 -1420.0 1306.75 1148.25 295.5
 251.5 -42.75 -37.0 143.25 151.5 -55.0 -393.1875 8.0 -334.5 -41.25
 -853.859375 212.1640625 -34.5625 84.71875 265.7265625 -175.5 125.875 -245.984375 -96.875 -54.65625
 558.875 -268.71875 67.0 28.6875 -25.671875 4.4375 80.109375 72.59375 -14.125 -7.65625
 -9202.25 1454.515625 -343.8515625 -373.21875 -530.78125 42.0625 -563.171875 11.625 380.0 410.6875
 5483.0 -1929.0 238.625 161.0 -10.125 -126.0 95.25 99.0 -139.0 -123.0
 -469.9375 386.375 -36.6953125 -35.59375 -404.25 -424.1875 104.328125 -3.40625 119.75 496.078125
 -194.9375 131.5625 -55.3984375 25.65625 3.015625 65.3125 11.8125 -13.8125 1.875 -10.875
 758.0 -1096.25 -860.875 605.0 481.5 -133.0 -712.625 157.0 -1084.0 82.75
 236.3125 -125.703125 2.28125 47.171875 -102.0859375 67.25 -118.8046875 -48.4375 -125.59375 10.828125
 -266.0 621.25 606.25 -406.25 -238.25 -77.0 269.0 -57.75 574.0 -21.5
 55040.0 -20059.0 2966.5 976.0 -658.5 -1076.0 802.5 1023.0 -856.0 -920.0
 -7.609375 2.0859375 1.33203125 -20.4765625 -0.2734375 24.21875 -4.306640625 13.1171875 -31.9296875 5.96484375
 -590.53125 1938.453125 -1265.0 122.09375 -1498.95703125 958.140625 583.8515625 -56.2578125 320.984375 -300.5625
 1682.3125 -2977.73046875 -218.1767578125 172.08984375 -876.392578125 765.21875 91.44921875 -191.78515625 324.640625 -60.2109375
 -702464.0 -243840.0 -35916.0 104528.0 87040.0 57472.0 233056.0 45152.0 190240.0 56224.0
 319.625 -91.40625 -19.4140625 21.53125 51.4296875 -10.5625 -58.625 8.328125 24.0 10.0859375
 1174.0 -893.5 -1104.375 452.0 731.0 -729.0 -928.5 422.5 -932.0 -197.75
 3716.875 -907.375 289.890625 144.1875 -26.65625 -159.875 -113.5 304.875 -18.75 9.4375
 2158.0 -2657.0 -1554.75 675.0 657.0 -194.0 -917.75 106.0 -1016.0 -91.5
 742.53125 199.6328125 9.0234375 120.09375 139.9140625 -2.8125 37.6484375 -49.109375 -93.5625 -31.71875
 -213.0 629.75 -53.3125 -12.0 -35.5 -53.5 -180.25 -94.0 59.0 30.625
 1014.0 -336.5625 -112.90625 -49.125 600.90625 -213.25 568.71875 -724.125 -364.5 -235.4375
 -5949.875 6451.15625 -5476.1875 3621.5625 -21290.0 9030.8125 1563.5 -659.84375 2566.5 -1179.765625
 378.0 -416.25 166.6875 -199.5 -11.25 -157.5 -439.125 131.25 -355.0 -92.25
 871.0 243.5 -461.8125 798.5 393.125 135.0 -484.875 14.5 -583.0 -66.25
 8726.0 132.0 -447.40625 -3987.875 -1881.8125 4857.0 2120.9375 -3086.375 1907.0 -122.75
 294.875 -361.5 -36.484375 -25.0 -25.625 30.125 126.3125 -234.1875 -73.625 -77.1875
 461.0 -71.75 -7.75 -143.5 153.625 -173.0 -791.625 107.25 -623.5 -12.5
 -1095.25 167.0625 -113.0 2.125 -122.9375 0.875 -16.796875 32.5625 -2.75 -63.28125
 1593.5 376.375 -182.625 0.625 943.875 -351.75 744.75 -954.375 -486.0 -309.5
 489.5 -911.25 -232.5625 91.25 205.375 -58.5 -154.5625 124.0 -340.5 30.25
 244.0 -210.0 -486.3125 81.375 116.5625 1.0 -496.4375 -36.0 -462.0 -21.125
 96.75 -5.40625 -2.1171875 4.9375 33.125 -16.375 -43.703125 -43.5625 -6.9375 19.34375
 211.28125 -8.375 1.5 50.0625 30.3125 6.0625 -1.171875 -23.4375 25.75 31.59375
 961.0 -1232.5 422.0 -420.0 -147.625 45.0 -743.125 -99.75 -647.5 -128.5
 -5484.0 3351.5 -129.5 680.75 490.625 -163.5 -29.875 -205.25 630.0 108.25
 1419.0625 -3108.765625 4352.0625 -2300.4140625 3483.1484375 -1013.46875 -738.8046875 -1549.296875 -207.890625 756.51171875
 -645.59375 1083.2890625 -102.10546875 -20.9140625 104.65625 131.8125 -224.9296875 467.4453125 98.90625 219.234375
 1542.25 -246.0625 61.84375 -1.0 89.8125 -18.25 71.0 -4.5 -140.75 -38.3125
 -262.0 719.5 536.125 -276.0 -387.5 275.0 -199.75 -301.0 335.0 233.0
 182.0703125 34.173828125 -37.78125 -21.15625 8.390625 49.5625 13.6875 27.326171875 -53.375 -9.625
 -108.0 929.0 571.625 -524.5 -121.0 447.0 468.25 670.0 -3.0 -413.5
 -67.0 -320.625 -122.375 13.125 103.5625 101.0 -255.5625 48.5 -122.0 -152.75
 933.0 -591.0 -577.875 668.0 761.0 -27.0 -755.5 -45.0 -944.0 -43.0
 861.0 83.5 -1004.625 1422.5 1211.0 -89.0 -880.0 183.5 -1192.0 -15.25
 6.0 -71.75 -97.34375 123.25 137.0 42.5 -27.6767578125 66.375 -56.5 -15.4375
 -969.5 -130.25 38.9375 253.0 -145.75 -102.5 -121.5 -331.0 -98.5 186.625
 -127.25 661.59375 71.546875 -61.0 77.25 -85.25 -157.453125 286.09375 -14.125 48.1875
 -150.5 -224.875 -370.0625 -72.5 225.625 -15.5 -323.6875 142.0 -372.75 204.125
 410.125 363.375 148.84375 185.25 -334.40625 124.0 -355.8984375 483.25 -4.75 99.9375
 1540.5 451.375 162.5 213.0 686.1875 -685.0 399.25 -192.5 -379.0 -200.5
 -23396.0 10915.0 1076.25 1063.0 -508.5 1086.0 -2192.25 -544.0 2404.0 1817.0
 24.0 -2074.0 -1481.25 608.0 153.5 -966.0 -1269.0 -1473.0 294.0 815.0
 -13788.0 -5024.0 471.0 -4258.0 -3294.0 -68.0 -168.0 564.0 1556.0 1886.0
 -1159.25 1953.15625 95.640625 761.96875 -69.390625 -52.9375 -462.15625 441.53125 -55.0 219.546875
 27.375 -5.84375 9.2890625 -11.375 -1.015625 29.5 25.9375 -35.125 53.6875 20.5
 1132.0 -2120.0 -2304.0 1328.0 -82.0 -1636.0 -1609.0 -2334.0 -260.0 1592.0
 116.875 -108.3125 -68.640625 22.4375 10.40625 -6.375 -39.125 -16.875 -22.0 -32.84375
 348.59375 -232.86328125 10.75 65.125 33.59375 -22.6875 45.8828125 -12.03125 -19.6875 -51.625
 115.46875 10.17578125 15.9375 -128.9375 -77.53125 -38.75 -67.25 -108.0625 -21.5 78.6875
 205.75 -91.1875 -66.46875 19.53125 47.6875 13.75 -7.53125 -16.9375 25.0625 -65.1875
 2163.0 4783.125 1377.015625 1117.8125 217.8125 -327.125 -340.28125 -235.25 -748.25 369.8125
 2098.75 712.4375 462.453125 296.9375 -1044.75 1021.375 -169.875 -230.625 347.625 101.3125
 -450.18359375 -145.595458984375 -162.8284912109375 -66.3984375 99.50830078125 150.8330078125 -103.92919921875 -45.27783203125 5.7158203125 -73.12060546875
 165.0 -105.6875 -137.859375 98.9375 76.1875 58.5 -61.28125 -48.4375 38.0 -13.25
 187.375 24.109375 -10.25 -45.0625 -16.40625 42.125 -4.1015625 -23.46875 7.15625 -39.09375
 -144.0 -61.75 34.25 27.25 99.4375 -6.5 -8.4375 -67.5 62.25 53.0
 504.0 -1051.5 -133.125 268.75 145.25 -42.5 -314.875 33.75 -356.0 -49.375
 36.375 243.3203125 141.4765625 -282.09375 108.6484375 -65.71875 60.9130859375 -197.765625 -12.8125 -25.30078125
 57.0 89.75 129.6875 -168.125 -23.25 58.5 114.0 60.375 -93.0 17.125
 511.25 -485.0625 101.78125 -132.5 -65.65625 -9.0 -395.8125 -17.5 -172.25 38.6875
 418.5 -37.51953125 163.8203125 46.41796875 78.42578125 -124.5625 18.0 19.4609375 -6.2890625 -0.46875
 -154.75 560.4375 -90.078125 -16.0 26.03125 -4.75 -126.5859375 29.21875 8.75 17.125
 320.0 101.1875 12.859375 149.0 41.375 -3.0 -1.09375 -51.125 115.625 55.0
 78.0625 -45.421875 35.5703125 -26.5625 -3.421875 -3.6875 31.4375 -6.875 43.25 9.78125
 1368.0 -304.0 -631.0 261.0 -449.5 -676.0 -308.5 -16.0 282.0 -1162.5
 -851.0 419.25 187.625 102.0 -458.375 -9.0 22.5 -189.5 -541.0 7.5
 1943.8125 -1817.0546875 -357.671875 1526.75 -372.90625 18.84375 103.0625 -585.140625 -398.6875 24.546875
 2163.53125 -992.078125 145.90673828125 -44.048828125 -227.255859375 87.65625 -139.5478515625 272.97265625 199.34375 54.130859375
 3325.1640625 -1134.3046875 335.125 -494.5 -134.25 181.25 -114.375 33.34375 -423.5 93.2578125
 4367.0 -2040.5625 -73.40625 -195.25 176.21875 -54.75 397.90625 -431.625 -251.0 -224.5
 2179.0 -1706.1875 -110.9375 -316.78125 523.09375 -439.5625 580.015625 -676.28125 -411.8125 -195.5625
 -175.84375 -383.74609375 -304.1015625 267.19921875 -95.8125 -126.4140625 28.6015625 52.51171875 -179.640625 -176.87890625
 143.5 48.4375 -21.59375 24.4375 40.625 3.25 -31.90625 -12.5 5.5 5.5
 105.0 -262.0 -123.25 80.0 152.375 125.0 -39.25 -294.75 -633.0 -48.5
 165.0 -41.25 -58.0 23.875 -37.25 -3.25 -54.25 6.625 -86.25 -84.8125
 -1858.0 -257.875 -279.390625 -8.75 -83.625 164.75 252.03125 -449.0 77.5 -29.46875
 -95.6875 86.046875 77.8671875 -15.921875 31.171875 -30.6875 38.390625 -50.0625 117.03125 -29.6171875
 162.25 -86.90625 -27.6875 87.25 98.03125 15.125 -97.59375 36.3125 -244.9375 3.25
 3232.0 2944.0 -5100.0 1144.0 -3776.0 -5488.0 -2960.0 4288.0 5664.0 -11744.0
 171.0 -426.5 101.125 -127.75 45.5 -122.75 -476.375 72.0 -369.5 -23.4375
 368.5 -8.5625 -185.21875 -30.875 136.375 -131.0 -438.25 12.25 -280.0 -11.875
 12015.625 -931.3125 5903.484375 4942.0 -1653.1875 6344.0 -4146.84375 3115.9375 3173.5 467.71875
 506.5 85.375 -90.90625 -55.875 -50.0625 31.5 -401.0625 29.75 -309.0 -58.875
 -361.0 166.75 373.3125 -313.75 -336.0625 48.0 181.3125 29.25 297.25 -25.5
 -697.0 1490.25 519.125 -559.25 -172.0 -102.5 774.875 102.0 942.5 203.875
 325.0 -192.0 -319.0 54.0 5.875 -57.0 -531.0 71.5 -675.0 -46.75
 -12198.75 3355.25 -3629.0 2308.0 -3164.0 1040.0 -486.0 -1330.0 -10616.0 7524.0
 206.0 -108.25 -39.59375 31.375 81.9375 -21.5 -93.46875 37.4375 -106.625 -25.5625
 -589.0 13.5 145.0625 -19.25 178.75 208.5 67.25 13.0 -101.5 405.875
 -399.75 -556.40625 -2024.390625 627.9375 1616.6875 -2154.0 466.546875 1649.0 -768.0 -553.03125
 34432.0 -5601.0 112.0 -7256.0 5500.0 15816.0 -54352.0 2172.0 -69860.0 -12192.0
 -1973.5 880.5 -321.40625 55.625 286.25 -7.75 154.375 -382.125 -168.75 -165.5
 142.75 -68.8125 -11.953125 -19.0 23.078125 19.0625 -8.328125 47.1875 38.375 -52.28125
 127.25 41.875 55.46875 26.0 -15.25 -25.75 83.71875 34.875 -10.625 25.5
 2068.953125 4844.6015625 791.7578125 -437.1640625 1029.23046875 -926.3125 -749.224609375 1562.25 -320.3671875 268.4921875
 -116.0 498.375 139.6875 -97.5 -107.4375 45.0 143.0 -41.5 254.5 -6.75
 1072.0 1035.0 -966.5 -83.0 -648.5 -944.0 -378.5 516.0 900.0 -2080.0
 44.75 -11.875 95.125 -49.0625 29.125 21.0 11.65625 -93.875 37.875 88.4375
 -4328.0 583.0 -226.75 -547.0 -701.5 -240.0 -224.5 -74.0 191.0 847.0
 -1876.0 -56.0 -517.0 -688.0 -586.0 -768.0 -309.5 -470.0 1442.0 -178.0
 53.75 60.625 -29.59375 -1.8125 -85.78125 90.0 -9.03125 -28.125 -120.625 13.4375
 -480.0 -726.9375 104.0625 -51.875 -603.3125 262.25 -389.40625 585.75 302.625 168.625
 -6791.5 911.75 -2140.375 -2349.5 4702.375 -2172.0 2080.75 -1751.0 -185.0 -865.5
 -619.28125 -136.3828125 35.28515625 -55.65625 -106.6591796875 -2.921875 70.388671875 34.5546875 97.1328125 39.625
 65.4375 37.5703125 76.025390625 33.7890625 38.34765625 -28.625 50.37109375 0.75 17.625 95.41015625
 -1262.0 757.75 92.875 -497.0 -55.25 18.0 42.75 -127.0 40.0 265.5
 2154.0 -256.5 -313.0 -183.0 -706.5 -906.0 -315.25 139.0 560.0 -1221.0
 -341.96875 -1219.9375 -157.865234375 404.0625 -134.79296875 39.875 101.73046875 -317.1484375 -76.65625 -44.984375
 3128.0 592.0 -3253.0 2280.0 -2144.0 -2400.0 -194.0 1452.0 1264.0 -4834.0
 -43.5 86.75 571.4375 337.9375 -1346.5 103.0 -557.75 -2422.25 107.0 724.375
 -557.25 -98.1875 -195.125 342.5 317.9375 160.5 312.1875 96.25 82.5 42.0625
 -1192.0 458.0 501.75 452.0 650.0 -82.0 -124.0 211.0 -112.0 1024.0
 -145.0 5.9375 15.265625 35.625 49.78125 39.0 39.375 17.0625 44.125 -16.59375
 738.0 -924.5 -233.625 9.5 92.25 -59.0 -741.375 82.0 -700.0 -43.0
 86.15625 -31.5859375 12.58203125 92.1875 8.140625 -73.40625 -31.21875 -58.59375 -31.453125 -10.859375
 5722.0 -2850.5625 -291.5625 -2075.875 -1319.90625 2433.25 1017.375 -961.0 1170.75 -122.03125
 803.25 1338.5 -251.15625 695.5 551.625 -76.0 111.125 -155.125 -258.0 -98.3125
 173.0 -148.0 81.5 -156.0 22.5 -61.0 198.25 284.5 66.0 -93.75
 174.875 -8.28125 42.65625 -23.8125 -2.640625 -25.1875 -28.90625 -12.28125 -24.0 -27.125
 1296.0 2776.0 -2792.0 -588.0 -3058.0 -3488.0 -1374.0 1992.0 2248.0 -7640.0
 268.375 -16.71875 -83.78125 -78.71875 49.328125 -77.125 -62.515625 94.90625 13.25 -80.125
 45.625 -56.0 12.421875 38.75 48.90625 -9.125 -84.96875 -16.625 -184.125 -41.25
 -114.625 44.0 -193.171875 -191.15625 177.53125 20.1875 -7.859375 142.28125 132.75 -120.0
 130.0 -8.0 -410.5 -214.0 548.0 -363.0 600.25 1933.0 -361.5 -112.125
 19.90625 3.5 -0.5625 1.96875 1.71875 -0.50390625 0.390625 -0.65625 -0.37890625 0.29296875
 157.09375 53.75 26.265625 -66.1875 -21.15625 -112.765625 44.58203125 218.7109375 -13.3125 30.1015625
 -24.0 16.0 101.0 -24.0 58.0 -115.75 -20.5 -90.0 3.0 22.75
 427.0 -446.0 -308.5625 163.75 151.125 115.5 -555.0 9.75 -512.5 -35.75
 194.875 1759.71875 234.78125 289.75 130.78125 139.625 -370.34375 888.90625 533.8125 184.1875
 559.0 -108.625 -69.4375 69.0 139.5 -154.25 -13.4375 6.375 -38.25 90.75
 88.640625 -74.91796875 -13.78125 33.12109375 1.0625 -19.515625 -10.998046875 -37.09765625 8.203125 -0.296875
 -504.0 -5578.0 -3112.0 1972.0 -1528.0 -1464.0 -3303.0 -3388.0 192.0 2024.0
 60.375 -93.96875 -38.9375 2.875 -27.90625 7.25 -76.484375 -41.6875 -41.0625 -28.84375
 5989.0 -444.0 -111.6875 307.25 169.125 35.5 34.375 -105.5 -490.5 -0.5
 1431.0 -2331.75 -78.75 388.5 446.25 -234.0 -1308.0 180.0 -1150.0 -100.75
 1004.0 -693.5 -1061.875 484.0 447.5 21.0 -1220.0 -76.0 -1445.0 -57.0
 85.0 -205.125 -2.4375 -5.0 -2.0234375 -7.015625 6.615234375 -6.07421875 -4.392578125 -0.4638671875
 4668.75 -2201.25 118.5 354.25 -293.1875 299.25 78.609375 462.6875 126.5 -42.5
 109.8359375 -42.033203125 -43.71875 -36.8125 -92.80859375 -42.203125 -78.265625 -26.4765625 -44.875 38.9765625
 1015.0 -913.25 -368.625 918.0 707.75 67.0 -526.0 -137.5 -711.0 -105.25
 -1917.25 76.5 -79.8125 -185.3125 -208.78125 115.875 -43.53125 123.0 58.875 -66.28125
 6019.875 -1298.453125 670.3984375 -738.078125 -438.4140625 2024.4375 -160.5546875 -207.234375 1023.40625 74.828125
 437.7578125 258.046875 -446.296875 -78.806640625 121.419921875 280.5859375 -136.384765625 -142.7890625 -23.855224609375 -5.578125
 -744.552734375 -70.1318359375 -370.9525146484375 -274.642578125 440.233642578125 -253.9423828125 150.896728515625 74.947265625 -28.2568359375 -76.84619140625
 -60.0 142.8125 138.3125 -214.625 -91.8125 -50.5 26.1875 18.25 236.375 -12.0625
 -209.375 169.8125 113.421875 -41.359375 34.890625 -98.875 49.0625 -79.859375 107.5 82.109375
 28.625 -20.140625 -29.6796875 -15.484375 21.28125 -19.90625 -13.28125 -25.453125 12.84375 4.9140625
