3.625 -85.0625 2.09375 18.875 -29.84375 -0.125 -19.21875 -12.125 7.0 -0.09375
 -111.28515625 -486.1328125 167.3134765625 -348.013671875 -163.1123046875 23.30859375 -118.29736328125 -21.90234375 -45.37890625 -27.2841796875
 40.875 -55.78125 3.25 30.5 -6.671875 13.875 1.953125 -9.21875 10.0 -5.3125
 -375.75 -193.75 43.765625 -188.34375 -23.296875 96.875 -87.796875 -46.15625 -162.75 59.703125
 -36.0 170.0 450.75 -256.0 -378.375 -73.0 668.25 226.5 170.0 4.0
 23.84375 -75.3046875 28.859375 15.59375 18.65234375 8.625 20.8984375 -17.171875 -11.03125 -17.34375
 -18.0 35.0 274.0 504.5 139.0 -204.0 564.25 327.1875 214.5 935.5
 -512.375 342.09375 -62.453125 164.71875 -150.546875 65.9375 -17.5859375 38.953125 65.25 -41.609375
 4545.0 1095.21875 -151.40625 19.1875 4108.78125 -1950.125 1580.421875 -3139.34375 216.75 541.71875
 -1253.15625 -2326.25 538.015625 1761.5625 299.19921875 -792.59375 519.75390625 -824.9375 -192.8125 292.75
 -50.75 -74.5 -93.0625 -3.875 67.5625 -36.75 -13.53125 -32.875 120.25 -9.8125
 -1571.75390625 277.5078125 1967.8857421875 2206.9765625 1250.80322265625 -1147.47265625 2127.4189453125 -2810.6650390625 -1437.8515625 1495.740234375
 -18.375 -215.8125 87.90625 4.96875 -59.4765625 -39.0625 -31.9765625 44.53125 4.1875 24.703125
 -89.875 88.1484375 19.5703125 18.390625 20.93359375 22.125 18.7265625 -20.828125 -13.78125 36.7109375
 45.875 -36.390625 0.3515625 -30.203125 24.107421875 20.859375 -13.6171875 -7.046875 -29.765625 -0.46875
 -21.234375 -59.875 12.11328125 9.4453125 -30.908203125 33.390625 2.19140625 -25.5390625 14.984375 2.73046875
 57.75 -11.46875 -22.78125 40.1875 -84.21875 -56.625 71.58203125 27.125 -14.375 48.78125
 -148.453125 -256.390625 5.2421875 480.5859375 112.171875 -332.796875 107.826171875 -12.90625 -54.5 61.58203125
 420.125 -899.234375 -25.140625 -31.15625 183.92578125 -204.71875 -13.97265625 -109.890625 -509.4375 148.65625
 16.5625 -57.625 -37.390625 22.0625 54.90625 -44.5625 -42.921875 -5.875 57.5625 -17.96875
 1296.28125 -407.3125 3.625 -116.0 63.625 -31.75 -43.125 23.8125 18.75 5.734375
 -77.25 81.625 70.875 46.125 -71.25 44.5 24.5625 -14.375 0.0 68.0
 -453.875 1339.203125 44.921875 188.6875 -225.6015625 377.75 27.78125 249.625 322.75 -201.03125
 1967.75 -1649.0625 197.25 -517.5 104.75 -142.0 468.75 -101.5 -24.5 119.75
 82.4375 -3.21875 4.375 -12.375 -0.96875 12.125 10.5859375 -21.0625 -8.75 -14.125
 -520.3125 617.59375 -339.5625 71.0625 291.515625 36.625 110.328125 -341.65625 118.25 2.15625
 5.5 -160.4375 -68.125 43.375 -3.625 -33.25 -61.03125 -40.3125 84.75 -13.1875
 339.09375 -204.6953125 84.453125 -93.65625 78.359375 -78.28125 30.90625 -47.625 -27.40625 15.5859375
 -303.015625 -178.5927734375 -56.736328125 -508.51171875 -138.84033203125 121.4375 -79.1171875 -5.048828125 -0.34375 -39.40625
 40.6875 -11.3984375 -4.7890625 -8.125 22.1171875 -19.53125 -37.841796875 -21.921875 23.96875 -10.15625
 -248.75 -99.78125 -28.25 -54.125 52.4140625 61.6875 -184.0625 -30.78125 27.125 81.0625
 629.25 2658.5625 582.5 -203.25 -973.0625 -295.25 -996.4375 1477.5625 175.5 -470.65625
 -588.796875 -1695.03125 202.625 117.5 -297.1015625 3.25 -28.375 52.125 -109.0 109.84375
 140.0 -250.125 -988.5 -562.0 -320.5 -1249.5 576.25 334.125 210.75 87.0
 54.1875 4.109375 -45.421875 2.03125 48.62890625 -34.4375 -37.7421875 -6.96875 5.25 -12.578125
 -1061.3125 258.21875 -151.75 210.0 -282.671875 -2.3125 -65.125 74.375 87.25 -105.71875
 -62.5 -27.890625 -1.890625 7.5 26.9375 39.3125 0.1953125 -17.609375 25.625 -20.84375
 50.0 -103.3125 -23.9375 32.625 -46.90625 20.75 156.03125 101.0 -83.0 49.5
 16.7421875 -72.6142578125 -161.607421875 -67.146484375 59.29296875 141.5078125 -70.9345703125 -9.7255859375 71.140625 -77.11328125
 -15121.125 6998.96875 -862.5 2242.5 -1669.421875 754.875 -394.6875 502.125 189.5 -563.25
 55.5625 21.109375 27.6875 -3.75 80.125 -35.0 -72.6015625 -67.34375 34.375 -115.875
 56.0 -59.515625 -7.8125 93.6875 -34.8359375 -80.0 49.9921875 25.59375 6.375 14.6875
 -10.75 -120.125 -114.5 -36.5 53.21875 -77.0625 -170.640625 3.125 41.0 -17.0625
 82.5 28.703125 -14.46875 11.125 -32.078125 -8.875 0.53125 -14.4375 -27.75 20.0
 -5600.0 2244.375 -2522.125 347.5 2020.125 378.0 1739.875 -4388.0 -430.5 848.75
 127.25 -10.03125 -58.5 62.875 50.65625 -138.0 -42.4375 -54.0625 101.5 -54.1875
 13.296875 -37.78515625 -40.93359375 -84.1875 56.57421875 47.125 -8.716796875 -51.265625 54.171875 30.7265625
 553.5 -1472.25 249.375 -91.0 88.34375 -203.5 90.34375 -133.75 66.0 149.6875
 1154.1875 906.1796875 82.953125 43.71875 584.51953125 -497.65625 80.46875 -352.0 -118.0 112.640625
 -237.5 -632.671875 -223.6875 420.625 -315.640625 397.625 325.08984375 -323.5 161.5 143.625
 4.3125 8.3125 -46.9375 -63.46875 -7.875 3.0 12.923828125 -38.9375 -28.5 -13.3125
 462.14453125 -601.6064453125 -254.349609375 -495.8984375 -91.11376953125 230.703125 17.833984375 141.640625 53.0859375 14.689453125
 175.5 -490.65625 76.5625 -251.875 192.03125 -252.75 -289.5 -25.0 99.25 -158.0625
 -2006.0 -57.25 28.25 -25.0 -300.75 -188.0 541.75 89.0 249.0 -95.25
 -557.75 1070.59375 -179.375 -14.75 139.265625 -138.0 -70.03125 20.125 77.625 -11.25
 -2712.125 788.75 -293.5 232.375 -461.09375 -16.375 -2.90625 -165.1875 -51.875 15.5625
 106.5 -109.65625 -17.625 41.8125 -100.2109375 -18.125 87.8203125 14.75 1.75 40.96875
 27.75 35.21875 -180.65625 25.6875 141.484375 -29.875 -60.3125 45.375 -18.25 53.40625
 58.125 1.25 29.4375 8.6875 16.8125 22.25 28.625 1.75 -11.5625 8.359375
 39.1875 14.5546875 -8.484375 20.71875 -1.10546875 -23.84375 3.8671875 -9.640625 20.4375 -5.75
 -573.375 -77.65625 -29.21875 36.875 -79.5078125 -87.8125 -62.75 -22.5 -52.625 -23.46875
 30.3125 -61.296875 13.1875 12.3125 -7.8046875 -20.3125 -1.578125 -29.09375 41.4375 -30.5
 -202.0 33.875 102.5 166.0 -187.9375 113.5 211.75 44.5 55.0 96.375
 113.25 5.9375 -16.5 34.0 4.90625 -5.125 -65.8203125 -18.0625 -0.125 28.03125
 503.75 -846.1875 364.25 -205.125 -209.65625 -190.25 -116.6875 91.75 -200.5 172.75
 39.375 60.1875 -1.53125 50.25 -29.15625 3.0 52.203125 10.1875 -12.25 27.3125
 116.609375 612.3203125 -970.171875 -91.75 -505.365234375 177.15625 326.970703125 132.7890625 42.5 197.859375
 -407.0 131.453125 40.84375 74.3125 -73.921875 71.3125 59.5625 46.84375 16.5625 3.796875
 225.375 19.3125 129.34375 -36.5 52.0625 90.875 11.328125 9.875 80.875 120.8125
 -66.671875 -519.19921875 -24.54296875 -29.4609375 -21.935546875 96.328125 116.865234375 -285.640625 -19.953125 83.80859375
 -1740.5 3190.75 419.75 -131.5 -552.375 -751.0 -833.3125 521.5 -225.5 41.5
 19.5 19.0625 -124.125 139.375 79.234375 -71.25 48.75 61.125 182.875 60.3125
 -1113.98828125 -1302.6142578125 -3066.1142578125 844.234375 535.82861328125 -988.80078125 -404.9150390625 -1388.82421875 194.51171875 -1726.2734375
 4.65625 -38.26171875 3.4375 -30.0 18.62890625 9.0625 -3.341796875 2.640625 -19.25 -19.359375
 -193.125 -119.125 -35.3125 -132.375 120.53125 19.625 -78.71875 -79.5 24.625 -86.03125
 -33.4375 -77.46875 29.453125 39.6875 -62.125 7.25 7.796875 86.40625 34.875 -44.484375
 159.1875 -190.4921875 -274.48828125 -262.78125 257.69140625 373.6953125 -132.818359375 -193.7265625 14.7890625 115.822265625
 83.625 22.0625 -37.09375 2.375 -19.859375 -3.875 -29.96875 -2.375 -59.5 5.3125
 -109.5 -374.75 -445.375 78.25 0.0 -121.5 64.25 30.75 -242.5 -156.625
 -578.169921875 -14.295166015625 -62.96435546875 320.9931640625 -46.566162109375 -16.810546875 -174.26513671875 47.810546875 73.529296875 88.86962890625
 -154.625 -318.9375 194.28125 -544.3125 -263.265625 -76.15625 -293.671875 463.3125 0.28125 -64.1875
 69.28125 -11.4609375 20.625 18.9375 -51.640625 -35.40625 28.60546875 -20.1875 -2.90625 -3.9375
 108.375 195.921875 -5.259765625 -34.7890625 28.9423828125 -29.2734375 17.048828125 -11.3046875 -30.3125 -10.126953125
 -8.75 258.4375 -130.75 -193.0 -127.8125 107.0 -89.328125 82.3125 154.75 16.0
 119.25 -3.375 42.5625 82.125 -104.625 -36.375 38.015625 -0.8125 -36.75 31.75
 -796.8125 -164.875 -296.71875 210.4375 238.2421875 63.4375 202.5390625 -318.3125 12.6875 22.21875
 901.625 130.34375 -41.875 -92.3125 226.75 27.625 -5.65625 68.875 22.375 -35.1875
 450.0 167.375 408.0 -552.0 274.5 330.0 26.5 -175.5 258.0 261.5
 48.34375 23.6953125 -11.375 25.96875 1.4453125 -3.375 5.27734375 -11.765625 0.25 -11.2109375
 667.625 78.53125 85.59375 -2.6875 354.140625 -302.25 113.078125 -157.875 -68.125 95.3125
 36.90625 -24.21875 -38.8125 -17.453125 -13.51953125 43.0 -0.16015625 13.171875 -28.0625 5.1796875
 132.0 132.3125 167.25 -176.75 95.875 120.5 -2.3125 -34.25 44.5 90.5
 -92.0 248.8125 10.125 4.5625 -27.609375 -4.5 11.375 24.375 108.875 -63.09375
 85.0625 -5.265625 -3.171875 -6.65625 -10.296875 -22.4375 -5.734375 -20.6875 -15.125 3.765625
 17470.0 -2204.25 9526.0 262.0 1008.0 -10516.0 -5236.75 8536.5 -3994.0 1846.0
 753.6875 -319.0078125 601.0625 76.875 227.16796875 -962.09375 -310.2890625 321.21875 -250.40625 218.1015625
 67.25 -104.484375 18.7421875 -10.09375 63.1796875 61.03125 -17.61328125 -34.515625 -8.09375 -20.765625
 -349.8125 10.984375 3.3125 24.09375 -12.0546875 -90.3125 -6.9140625 3.71875 92.1875 -20.390625
 56.0 -28.125 3.09375 49.875 -61.0390625 -13.5625 23.0625 0.5 0.125 -3.125
 39.6875 -8.984375 31.125 34.1875 -50.859375 -24.6875 -16.109375 13.96875 -23.25 16.59375
 -1127.5 -473.8125 -132.8125 202.375 -215.78125 138.0 59.96875 73.1875 128.875 -71.0
 90.75 28.0 -5.25 0.6875 14.0625 -39.125 -78.015625 10.625 -23.25 -39.875
 66.375 2.71875 -7.78125 44.875 -45.515625 -23.375 35.171875 -12.34375 7.375 11.609375
 133.5 -139.25 234.25 -412.5 100.25 149.5 -24.125 -125.5 248.0 139.125
 78.375 -14.9375 5.625 23.34375 -23.3125 -18.4375 23.328125 7.15625 -30.75 10.546875
 29.5 -66.09375 5.1875 12.4375 28.40625 -4.625 -0.640625 -19.65625 35.75 -17.25
 99.0 222.59375 -52.03125 134.5 0.5 -31.5 -123.5859375 -79.59375 150.625 56.75
 -1683.2734375 -1557.7724609375 -3724.513671875 1682.7421875 726.564453125 -1606.875 -297.009765625 -2117.17578125 206.9375 -2292.966796875
 31.125 38.765625 -107.15625 14.0625 -90.6875 -77.125 -46.75 1.3125 -73.0 47.5
 89.5 29.34375 -14.875 -14.875 -15.125 -41.75 51.09375 -9.5 -6.25 -9.5
 -244.5 -169.5 -435.4375 -951.125 -212.46875 63.25 446.875 -30.9375 -506.5 -327.5
 -15.5 -96.25 -167.125 90.5 -42.40625 -134.0 -70.40625 52.875 30.0 15.875
 56.0 -35.2421875 -28.5859375 27.5625 23.73046875 -9.84375 -5.5390625 -0.984375 -9.21875 -0.1640625
 -495.5 -767.125 158.125 -138.5 -32.125 -23.5 49.5625 -35.875 -30.0 -167.25
 1227.0 81.125 326.375 60.5 -317.234375 15.5 -383.109375 793.375 113.0 -209.0625
 47.125 16.3828125 -20.75 1.71875 13.4453125 -0.96875 -36.2421875 -12.265625 -15.125 -0.296875
 361.8515625 922.75 -451.15625 558.171875 9.2958984375 552.01953125 -17.1875 408.796875 64.34765625 -299.78125
 -690.8125 1508.5 -195.28125 99.0 197.25 -83.8125 54.96875 -129.5 -14.0625 -10.84375
 -351.75 48.734375 -10.40625 -22.28125 -53.3203125 9.6875 48.4765625 18.28125 -22.625 0.3125
 -220.5 443.25 -107.5625 23.0 29.28125 -56.5 -52.421875 -61.5 -91.5 1.5
 -31.0 34.921875 -25.03125 -14.125 -74.296875 -78.1875 6.015625 -9.65625 37.5625 10.0625
 506.16015625 -196.78125 300.900390625 -40.5 -89.513671875 -196.5703125 -165.16796875 340.59375 -16.2265625 -5.259765625
 -36.375 -87.921875 -84.875 135.5 -45.296875 -73.875 -7.6171875 -49.9375 65.75 -23.5625
 1250.0 889.5 1345.0 -1000.0 303.25 812.0 84.5 -262.0 632.0 700.5
 39.75 3.5625 -0.5 -82.625 -18.0 138.0 -50.75 -24.0 -81.0 64.1875
 -39.0625 193.5390625 -49.9453125 19.4375 124.0078125 -63.125 27.23046875 -126.6640625 -24.1875 36.7109375
 -96.34375 -491.6875 -600.859375 -615.8125 652.35546875 956.59375 -127.625 -395.3125 79.25 223.4375
 294.1767578125 -875.4700927734375 1567.495361328125 -459.7958984375 356.5892333984375 22.15478515625 -729.264892578125 -113.1416015625 -41.931640625 -434.694580078125
 -682.0 -399.34375 56.1875 -306.5625 -601.4375 259.0 -126.796875 -61.8125 36.75 127.1875
 1029.375 136.03125 -65.1875 113.9375 -166.4375 -193.875 -409.375 -66.0 -199.125 67.25
 -839.0 425.25 17.0 195.75 -139.125 93.5 -97.3125 28.0 -35.0 44.625
 54.5 -18.71875 6.25 -175.5 48.8125 304.5 -62.625 -34.8125 -131.5 10.375
 400.625 -436.28125 42.5 -109.625 -192.84375 96.375 -48.71875 203.875 -98.875 -90.53125
 177.0 3.5625 -143.625 188.75 -276.96875 -75.5 -1.25 -6.875 -36.5 60.75
 765.25 -667.1875 175.0625 -48.875 91.625 -68.25 112.875 -100.125 -131.0 2.875
 1060.0 -114.0 -5.75 1095.0 333.5 -629.0 -1242.25 -167.5 625.0 271.5
 153.28125 -311.4375 68.484375 -52.9375 -125.8359375 71.5625 -18.25 112.859375 -5.875 -23.3515625
 -2290.859375 -5656.8515625 5560.318359375 883.07421875 1464.51171875 -418.2109375 -1611.1181640625 -2375.63671875 -324.8828125 -1029.123046875
 74.4375 -22.59375 9.375 16.4375 -30.828125 -27.625 9.4140625 -21.78125 8.75 -0.859375
 6.375 -64.71875 29.4375 -35.875 2.703125 6.5 -26.3046875 -17.25 3.625 -21.875
 -3526.5625 -1955.75 -290.1875 -4399.5 -2081.765625 2620.875 -470.703125 -1239.5 252.25 -480.96875
 -86.75 610.9375 -420.875 220.25 197.09375 403.0 144.1875 32.625 226.0 -242.5
 11.5 -115.0 5.0 -66.0 43.21875 -43.0 -9.9375 -83.25 -16.0 -7.25
 -519.6875 284.8125 -134.8125 27.125 -62.15625 -29.6875 -72.3125 -21.34375 -13.375 -7.125
 -2503.65625 1330.3046875 -550.546875 358.28125 -775.1171875 626.03125 -262.10546875 42.640625 1.90625 -51.4609375
 92.0 35.1875 42.8125 37.0 -43.140625 13.75 50.375 2.25 -43.0 19.21875
 104.875 15.8125 13.625 17.5 -14.703125 -23.5 30.625 -24.3125 14.0 -22.0
 75.15625 14.294921875 22.16796875 -4.2109375 22.95703125 41.640625 15.638671875 -0.6875 -27.5625 -61.640625
 73.6875 38.609375 8.765625 19.21875 -23.83203125 -16.875 15.2734375 -14.5625 9.25 -7.6953125
 36.5 -37.4375 -23.625 -50.0 71.796875 2.375 -54.673828125 -20.84375 -4.5 -33.859375
 697.5 -550.78125 174.125 -221.375 114.15625 -114.25 157.96875 8.375 80.75 81.3125
 -584.27734375 -2838.828125 3275.0166015625 1071.28515625 1986.51953125 -704.69921875 -897.7353515625 -1043.294921875 -202.26953125 -638.1181640625
 1498.875 365.984375 192.0625 -284.25 122.03125 -100.25 -151.25 109.0 -106.5 9.53125
 657.625 -410.375 101.5625 -28.3125 78.078125 -40.5 29.109375 -68.96875 -118.375 18.21875
 -92.5 -92.0 -331.5 -66.25 116.5625 -106.0 -460.0 -77.0 190.0 -225.125
 45.46875 86.5625 46.25 3.5 23.2890625 -59.0 146.125 -8.7578125 147.8125 -21.65625
 250.0 127.734375 340.640625 115.5625 -25.140625 25.8125 160.953125 -0.71875 -61.6875 -57.3125
 -310.0 118.0 599.75 -134.5 6.625 -3.0 296.75 -348.5 38.0 -354.25
 57.09375 -58.921875 15.4375 30.375 -27.84375 -21.59375 2.1953125 -20.515625 26.4375 -13.9375
 72.1875 -48.96875 38.21875 42.625 -30.171875 -54.875 20.296875 2.34375 -6.0 9.125
 131.5 -34.625 -228.75 -60.0 -48.1875 -644.0 410.875 6.5 815.0 -183.0
 430.5 -286.125 225.25 892.25 -208.4375 -103.5 -2.0625 -161.75 405.5 -17.375
 457.4375 -857.75 317.25 -56.03125 -21.79296875 -245.6875 -70.015625 118.75 -62.5 109.671875
 156.125 -73.75 -191.609375 43.9375 70.125 -63.4375 -112.984375 28.34375 -19.3125 11.546875
 479.25 457.15625 170.0 -83.0 296.1484375 -103.25 9.6875 -70.0 -100.0 -53.6875
 -378.625 819.53125 -158.53125 100.5 48.2890625 -20.0625 -42.4921875 -9.59375 -99.875 3.4375
 200.0 915.375 -231.375 -51.0 -137.1875 120.5 35.625 -29.0 -93.0 -34.75
 -158.0 187.25 -347.1875 -160.0 48.65625 -72.75 -205.25 17.25 98.75 4.0
 197.375 451.8125 -16.09375 -192.75 72.234375 74.625 38.25 -69.5 -11.875 -108.40625
 -1471.0 -813.296875 -425.375 -1563.6875 -956.765625 1373.5 49.4375 -668.625 183.875 -172.28125
 46.0625 21.609375 -37.765625 -39.0 14.359375 2.6875 -11.578125 4.15625 -37.75 14.828125
 205.6875 61.171875 117.59375 -6.59375 -69.6484375 13.6875 48.6640625 -75.6875 0.0 -13.109375
 -365.5 355.40625 -176.5625 -245.875 -123.8125 100.125 222.875 84.375 -201.5 -98.8125
 136.453125 -157.9921875 28.375 -31.8125 -2.505859375 -56.28125 20.0625 -17.6015625 18.6875 36.69921875
 105.40625 -72.8125 -86.0625 -8.875 -25.376953125 -41.90625 -120.375 -46.421875 27.75 -12.65625
 83.75 -5.40625 6.0 21.0 -41.0 -43.375 -6.96875 19.0625 -40.25 16.6875
 -173.78125 55.203125 -142.2578125 569.1875 361.76171875 -237.0625 232.0 -258.96875 -56.90625 104.46875
 58288.0 23134.75 5652.0 70352.0 16750.5 -25391.0 8764.75 16399.0 988.0 6328.5
 -270.578125 -85.5791015625 -121.44140625 46.390625 84.1162109375 161.2265625 -82.7138671875 -31.681640625 19.7421875 62.2109375
 203.625 -112.125 79.21875 75.0 22.640625 -41.375 -74.609375 3.875 63.375 50.40625
 371.65625 -429.875 179.921875 392.0625 49.69140625 -97.0 -156.46875 -103.4375 240.75 24.125
 509.0 929.25 -513.25 -30.0 -254.09375 -153.0 619.125 326.0 338.0 -216.5
 99.03125 -30.75 12.15625 36.9375 -73.234375 -49.6875 24.9140625 -5.421875 -18.4375 4.0625
 280.6875 217.875 273.796875 362.5625 -85.046875 -96.125 -44.953125 -58.6875 19.6875 -11.390625
 37.0 67.875 -62.625 57.5 22.0625 -72.75 -11.5625 8.875 3.0 2.9375
 47.125 -139.875 21.171875 -68.96875 67.078125 30.4375 -19.65625 -42.4375 -22.6875 -21.671875
 3.0 73.75 44.296875 -28.4375 9.375 -36.875 -3.8046875 41.671875 83.3125 9.90625
 71.375 28.1875 -14.78125 -32.8125 16.27734375 49.25 -5.59375 -11.15625 -47.75 -7.71875
 171.0 -11.3125 109.8125 19.0 -51.65625 79.0 82.0625 37.75 -29.25 55.5
 126.75 3.78125 34.5625 -7.375 -16.5 15.75 -25.21875 16.6875 -28.5 -10.375
 0.7890625 -56.4755859375 -38.42578125 -19.4921875 -5.9189453125 -21.671875 -104.9873046875 -10.927734375 -14.4140625 28.45703125
 -8.625 -25.71875 -26.46875 -35.8125 26.13671875 8.4375 -58.03125 -23.25 -35.6875 -32.609375
 284.734375 -2405.091796875 419.41796875 -740.546875 -220.857421875 -112.421875 -134.662109375 -127.05078125 -248.953125 86.70703125
 1307.8125 654.5703125 76.5078125 14.65625 669.98046875 -363.78125 102.08984375 -196.5625 -34.1875 126.859375
 5039.8125 -2834.5625 388.875 -966.5 423.0 -71.5 -181.0 199.5 -576.5 121.796875
 -109.46875 710.4453125 -143.9765625 21.375 145.765625 -17.8125 50.765625 -121.953125 -14.84375 -14.5546875
 2014.75 26.3125 -544.1875 -242.625 600.28125 729.75 255.1875 -259.0 100.5 -188.0625
 -160.296875 -71.8125 -116.328125 -28.375 -2.041015625 -33.0625 -50.14697265625 12.03125 -44.796875 48.95703125
 78.5 -8.375 -0.375 -1.375 -8.46875 -29.375 -12.6640625 -12.6875 -10.25 -11.03125
 6967.0 -10711.25 1605.5 -1281.0 -1722.9375 1154.5 -405.875 1108.5 -259.5 443.5
 -48.78125 -136.5625 -138.1875 -56.0 8.0546875 -36.8125 -174.953125 -54.0 -104.5 57.109375
 -175.125 84.1171875 -66.40625 -48.75 16.5703125 -34.65625 0.97265625 -2.453125 -1.296875 7.5546875
 360.65625 -136.234375 -16.4140625 -82.90625 54.0078125 -1.34375 9.54296875 -9.953125 -29.71875 -9.9375
 -15.875 61.90625 -11.8125 -43.5 78.734375 -3.0 -70.75 -23.3125 -25.5 -16.40625
 97.9375 -40.640625 -4.53125 15.53125 17.2421875 -1.375 -83.1796875 6.1875 -10.625 47.8125
 38.53125 94.5625 -17.796875 1.484375 -13.890625 -23.28125 -22.52734375 -18.3828125 -4.78125 -12.4453125
 -28.765625 0.890625 -7.2265625 -28.9609375 20.9775390625 21.4765625 -14.4482421875 -20.2578125 27.78125 -36.44921875
 4088.125 -5002.515625 6110.34375 697.375 -2568.8125 1564.0 -2509.890625 513.34375 1040.75 -1201.546875
 68.0625 36.015625 -21.40625 -17.0 -8.3671875 11.625 2.0078125 -2.90625 -16.875 0.5
 56.96875 0.59375 -23.2890625 -49.8125 -10.52734375 19.0625 19.994140625 -30.90625 -13.3125 5.5703125
 16.75 182.5625 -17.625 179.625 -174.9375 -74.5 116.9375 29.375 -57.5 111.4375
 170.25 23.9375 -2.625 -23.25 -12.953125 3.25 -13.0 -38.625 -42.25 4.8125
 -167.421875 9.25 -23.125 -40.5625 -49.4453125 -2.5 102.375 50.765625 -53.0625 -28.3671875
 87.125 5.15625 14.34375 -1.625 -44.28125 1.125 38.40625 -1.125 -30.75 20.625
 364.25 89.5 34.4375 97.625 -97.75 -21.75 169.3125 33.375 86.0 2.625
 1124.625 1035.4921875 -1853.0625 -1004.203125 1830.373046875 -1236.203125 307.177734375 1545.6640625 -346.796875 371.88671875
 0.875 -31.9375 4.625 -34.71875 39.25 29.4375 52.375 54.90625 -78.625 -9.875
 64.65625 -344.8486328125 50.48046875 -66.34765625 -5.8046875 -15.390625 -19.55859375 -38.2265625 -38.4765625 49.873046875
 -54.5 134.1875 -54.546875 -229.5 16.34375 1.25 199.5 67.6875 -99.375 -112.515625
 216.0 70.5625 156.0 16.375 -7.4375 13.75 161.375 27.875 63.25 -43.8125
 523.0 -223.6875 -100.34375 -299.875 201.609375 48.75 21.546875 -202.3125 30.0 -27.25
 17.625 58.78125 -15.234375 0.1875 31.48828125 4.28125 -25.875 -3.8125 -19.875 -12.640625
 349.0 -38.5625 147.9375 109.375 -70.34375 22.75 239.8125 -16.875 218.5 8.5625
 -108.25 -11.515625 4.625 -13.90625 43.0859375 -24.53125 -25.4921875 -2.296875 -13.5 -6.203125
 -194.25 -300.859375 13.015625 90.4375 -99.03125 -3.0 63.3984375 -6.4375 -116.5625 52.53125
 190464.0 -63824.0 50880.0 -13376.0 -3680.0 -18688.0 38400.0 -19776.0 34048.0 21056.0
 2.125 55.125 -54.0625 -102.4375 70.40625 -21.5 -5.546875 13.1875 68.0 -8.53125
 3099.9375 -880.984375 618.375 -353.1875 1141.9296875 -870.5 349.8359375 -208.15625 17.5625 70.3125
 -174.875 -1101.484375 -443.046875 2225.71875 1168.3984375 -665.375 929.015625 -376.84375 4.3125 326.3125
 170.75 1454.09375 -132.34375 -110.375 380.65625 -171.375 155.53125 -201.4375 -106.375 -21.3125
 42.859375 9.1953125 11.4453125 -25.90625 19.32421875 28.875 16.62109375 34.94921875 -50.34375 26.96875
 -200.8125 281.265625 50.71875 59.28125 8.2578125 10.34375 -35.8515625 16.09375 7.75 77.21875
 -39.0625 -126.390625 -120.09375 -61.0 38.84375 -21.8125 -174.8203125 -32.09375 -53.1875 40.4375
 -86.46875 376.859375 -194.60546875 -272.296875 -137.783203125 465.046875 18.998046875 115.359375 40.296875 -204.19140625
 109.3125 30.5 50.453125 -19.5 -39.015625 -27.25 111.0859375 1.28125 77.625 21.53125
 148.5 -127.0 -555.8125 1107.609375 -405.0 314.0 -429.5 -562.0 -917.75 -139.875
 7.875 20.78125 14.5 -9.5 103.09375 110.0 36.4375 91.25 -17.75 113.25
 -1023.5 -309.625 32.25 -227.25 75.9375 273.5 -50.9375 -269.5 -419.5 -138.5
 -151.75 96.40625 4.046875 -51.8125 2.859375 10.375 -12.609375 -85.21875 78.75 -106.40625
 66.125 -55.875 6.9375 72.875 -68.83203125 -1.5 45.515625 -50.40625 -1.875 -21.53125
 -22.5 -338.875 -53.875 105.0 310.9375 -120.5 -519.875 -150.0 150.0 129.375
 7427.0 11862.25 -324.5 11390.0 -4961.25 3716.0 1167.5 2418.0 2465.0 945.5
 -305.375 -1145.78125 172.03125 110.0 79.984375 -132.625 4.25 -60.6875 -203.25 27.53125
 17.89453125 38.18359375 67.7548828125 4.7880859375 -67.44091796875 64.337890625 46.38818359375 30.39013671875 -122.2109375 28.61865234375
 99.9375 90.34375 4.78125 -93.9375 75.15625 -27.875 -3.171875 48.375 82.4375 0.390625
 186.625 -7.9375 73.21875 -74.5625 -35.078125 -34.25 120.359375 6.375 120.0 65.65625
 201.25 -66.46875 54.53125 -17.25 -53.296875 55.625 58.96875 15.125 -51.375 8.3125
 66.25 -125.84375 -30.8125 -37.375 25.703125 -19.125 -0.5625 -20.8125 0.0 -7.28125
 -1751.0 28.125 16.0 -1142.0 -246.0 246.0 1121.875 94.25 -990.0 -209.0
 872.0 480.0 2042.0 -294.0 -4842.0 71.0 -3231.375 -7405.0 -619.0 2898.5
 19.625 -4.40625 -0.5390625 -1.64453125 0.869140625 0.560546875 0.36474609375 -0.6171875 -0.30078125 -0.0625
 41.0 -5.5 2.25 -17.1875 30.515625 -37.6875 3.359375 -8.7890625 -5.97265625 -14.0234375
 108.0 56.0 579.5 -120.5 -1573.75 -56.875 -941.8125 -2165.875 -153.9375 783.9375
 48.96875 -1.140625 -22.4375 28.5 -34.66015625 -17.5 -20.0234375 -19.34375 16.375 9.703125
 479.25 1543.0 215.46875 477.75 183.3828125 -396.5 -213.11328125 610.0 -24.625 -82.65625
 -43.875 -14.125 8.15625 58.0 -102.390625 23.125 49.4375 -60.6875 -65.25 -1.96875
 -78.0625 -41.21875 -60.359375 -73.125 67.7265625 -64.75 -52.359375 38.3125 17.75 18.890625
 -265.25 -29.96875 -268.625 -112.0 199.65625 -69.25 -88.46875 45.4375 83.25 27.0625
 27.25 -14.59375 -51.375 -16.0 22.703125 2.75 -39.5625 1.625 20.0 81.71875
 -415.25 488.1875 -298.0625 -88.75 -207.390625 36.125 10.90625 -42.3125 -34.375 -73.90625
 46.0 -171.8125 80.46875 38.9375 -83.8125 95.6875 -23.4375 -64.90625 -58.125 32.609375
 -62.8125 -87.953125 0.21875 -19.4375 65.703125 59.3125 -56.0 -20.78125 -33.125 -35.53125
 2.75 -144.5 9.8154296875 -7.41259765625 7.728759765625 -6.3203125 2.93115234375 -4.6640625 -3.1787109375 -0.35546875
 1903.0 -155.5 86.75 9.5 1173.375 -1056.5 422.125 -654.0 -255.0 169.5
 30.537109375 -51.4228515625 -10.169921875 -13.5625 -74.397216796875 11.7578125 6.2392578125 -28.697265625 -44.5859375 -5.21875
 53.25 -38.21875 2.875 -1.25 -0.96875 40.875 28.296875 17.1875 -39.875 16.71875
 -445.0 939.25 -245.1875 -220.75 105.03125 -6.25 -57.90625 58.6875 297.0 -54.875
 4434.8125 1474.671875 -4538.78125 -1386.5 -522.0625 835.4375 1458.046875 2250.84375 340.0625 1065.578125
 178.94921875 -2.0390625 -79.6171875 -90.37890625 17.240234375 -40.6796875 99.126953125 -25.056640625 53.3935546875 -25.404296875
 333.984375 330.4609375 -80.7578125 231.26953125 108.1005859375 -60.9921875 55.423828125 19.29296875 -5.03125 36.54296875
 104.5 -9.671875 9.5 -2.9375 -10.34375 26.625 5.421875 -4.96875 -4.125 12.90625
 101.0 59.828125 8.703125 47.0 12.9375 28.0625 29.828125 11.0 -3.375 62.515625
 -2739.5 -575.25 -802.5 214.0 100.71875 -96.0 1064.0 317.0 269.0 -514.0
