424.0 75.0625 -90.375 31.0 -13.0 115.0 -308.0 68.0 7.5 317.0
 2673.5 400.37890625 -77.84375 -2211.75 539.25 -41.3125 -488.375 12.625 146.125 -64.875
 534.0 90.78125 -34.0 -14.0 25.5 54.75 -127.0 11.0 -10.5 139.0
 157.5 90.04296875 56.859375 -42.5 -35.4375 -1.125 29.0 -0.875 -3.4375 3.1875
 568.0 -1530.0625 116.5 472.0 -852.0 141.0 366.0 1318.0 -383.0 410.0
 112.0 169.75 80.5 -128.0 11.0 72.5 -215.0 4.0 8.0 227.0
 36.1875 185.0 -90.0 -319.875 -430.0 -601.875 1180.0 -1058.0 -568.0 -80.40625
 919.25 37.0390625 144.703125 50.5 176.96875 46.84375 101.1875 7.75 -43.1875 -10.5625
 -34260.0 2385.84375 2444.0 -2012.0 3015.0 -600.5 -778.0 1591.0 -1720.75 -128.5
 11481.5 5518.140625 9.125 -9041.5 -743.625 2145.375 -1443.0 737.5 -10.3125 47.875
 -2584.0 2092.671875 718.3125 -188.0 315.25 -527.875 430.75 -2302.0 -1100.0 1121.25
 24995.46875 3617.26953125 2482.701171875 243.3671875 -1912.0703125 1513.40234375 -7353.1875 -6893.234375 -11178.28125 -3912.6640625
 10823.0 -735.25 -1497.5 -478.75 -1810.25 863.25 -267.5 -489.5 847.375 -103.5
 21.0 25.1171875 69.96875 91.75 109.4375 -47.0625 46.625 31.25 -35.0625 -33.5
 152.5 26.421875 -50.859375 34.5 98.5 18.75 -123.0 -7.75 64.75 -95.25
 105.521484375 -13.396438598632812 -45.74652099609375 -3.29541015625 -47.48876953125 89.7049560546875 23.47021484375 23.9140625 -18.5745849609375 -0.923828125
 768.0 -86.65625 58.875 -89.0 18.5 52.0 -103.0 -74.0 37.25 97.0
 -563.96240234375 -238.89358520507812 108.10797119140625 329.514404296875 -98.3369140625 280.97308349609375 164.068359375 37.996826171875 -90.860595703125 -17.001953125
 -19768.0 989.25 2865.5 432.0 1648.0 -599.0 -348.0 1008.0 -669.0 782.0
 554.0 212.40625 -33.5 16.0 47.0 80.5 -293.0 73.0 33.5 253.5
 2593.0 330.65625 -78.625 177.125 313.75 82.75 -684.0 219.75 306.375 -248.046875
 243.5 -35.078125 -50.109375 -1.25 -16.1875 23.5625 -2.75 -4.875 -26.0625 61.125
 -288.75 17.6484375 -198.25 -108.4375 -239.9375 41.53125 -232.25 -156.875 29.59375 10.25
 5656.0 206.25 -311.5 64.0 154.0 109.0 332.0 -454.0 -195.0 -366.0
 326.0 45.078125 -2.6875 54.25 80.0 59.625 -119.5 -43.0 9.125 93.0
 289.5 71.02734375 -98.4921875 116.1875 -218.6875 -163.40625 -96.5 -93.0625 142.71875 -1.125
 608.0 66.625 -64.5 -118.0 -95.0 237.0 -38.0 82.0 -115.0 586.0
 106.5 -51.8984375 -259.4765625 -106.5 -274.875 -15.625 -129.8125 -19.5625 -177.875 -67.625
 -157.046875 -222.062744140625 -38.64013671875 372.900390625 -114.1796875 49.6875 56.0234375 -11.74609375 -30.7197265625 -13.93359375
 566.0 180.125 91.8125 -45.0 33.5 146.0 -252.0 68.0 40.25 195.0
 -1128.0 330.0 -999.0 648.0 126.0 661.0 -1200.0 192.0 -110.0 190.0
 -218600.0 10549.25 33801.5 8916.0 41960.0 4642.0 17784.0 13030.0 -14954.0 1826.0
 1152.0 -759.0 1451.5 922.0 86.0 -2741.0 -1016.0 1403.0 -1641.5 -179.0
 97.0 -1540.5 295.75 -131.75 -827.1328125 -965.25 1071.0 893.25 139.5625 -322.1875
 299.0 69.859375 -83.78125 56.0 146.5 40.0 -158.0 -60.0 31.5 -79.75
 -3703.0 144.46875 -208.28125 -315.5 -406.0 -189.0 -303.5 30.0 68.25 185.0
 414.0 34.0625 -123.25 -85.0 18.5 150.0 -194.0 39.0 36.5 229.0
 -1088.0 486.0 -824.75 -966.0 -688.0 211.5 2134.0 -998.0 -775.5 229.0
 -6357.3828125 777.320068359375 1013.630859375 -205.91015625 1439.86328125 -1284.341796875 -139.16015625 278.3046875 -0.7236328125 96.15234375
 104.25 167.5859375 317.125 241.0 638.75 413.34375 -70.875 -77.875 38.125 -252.25
 580.0 115.8125 167.0 58.0 -50.0 309.0 -396.0 210.0 127.0 512.0
 400.0 25.75 59.125 -55.0 45.0 151.5 -274.0 46.0 -2.0 289.0
 400.0 -154.125 -12.375 -120.0 -102.0 117.0 18.0 60.0 -37.0 382.0
 78.0 82.4375 12.375 -16.0 14.5 86.0 -131.0 -11.0 2.5 147.5
 16175.5 -1595.0859375 -2952.21875 -1457.75 -3255.6875 1060.6875 -876.0 -662.625 617.8125 -345.125
 412.0 -57.75 120.875 94.0 -71.0 112.5 -142.0 -12.0 -33.5 391.0
 -108.359375 -3.31640625 -34.671630859375 8.4765625 16.166015625 19.314453125 -28.48046875 13.6484375 3.44140625 -6.634765625
 -6649.75 203.5234375 -22.9453125 -531.9375 -263.875 63.46875 -238.375 243.875 267.90625 139.625
 278.25 47.857421875 -126.3515625 -78.5625 -161.46875 96.15625 -65.0625 -90.5625 95.5 56.875
 -1549.3125 -354.5615234375 64.9140625 162.421875 261.953125 150.65625 162.75 146.953125 -248.7421875 21.515625
 566.0 107.78125 10.125 -88.0 110.0 -52.75 -190.0 59.0 -35.0 100.5
 5576.125 -443.0390625 -6505.16796875 8153.265625 -6818.234375 -1522.640625 969.15625 1898.921875 -2616.88671875 355.5
 1440.0 -1310.5 3317.0 -2680.0 -628.0 -576.0 3056.0 2864.0 -500.0 56.0
 743.625 -24.779296875 12.109375 116.875 97.75 -26.390625 41.1875 -13.125 -62.765625 -17.9375
 15992.0 -3493.453125 -4400.4375 -11054.5 1460.25 2646.75 -2113.0 1862.5 -4483.5 -879.5
 -4787.5 385.921875 394.3125 743.5 -173.25 -219.4375 44.75 -135.5 696.5 147.125
 406.0 0.84375 -39.5625 39.0 104.5 155.0 -97.0 -21.0 -78.0 264.5
 25.75 0.83203125 49.59375 -47.5625 -11.53125 -108.1875 128.6875 -109.875 -31.3125 84.125
 240.0 91.96875 45.75 88.0 137.5 63.25 -160.0 14.5 20.75 76.5
 88.0 28.96875 -62.59375 47.5 177.5 -4.75 -169.5 -54.5 100.75 -208.5
 -5260.0 374.828125 65.875 -493.0 -289.625 -186.0 85.0 156.25 77.25 286.25
 156.0 118.875 -134.5 -12.0 -68.0 128.5 -276.0 76.0 -34.0 406.0
 776.0 63.8671875 390.5 364.75 90.875 240.5 -477.0 621.75 250.5 539.0
 453.0 142.765625 -107.0625 -23.75 125.625 102.375 -245.25 -50.75 40.375 -14.0
 2739.78125 -543.5947265625 -1081.29296875 -1937.90625 -525.671875 595.61328125 -472.25 79.640625 -234.80859375 -112.328125
 -281.0 91.375 20.3125 -89.75 124.0 95.875 -82.0 -69.0 47.0 -1.5
 -30624.0625 -18954.40625 1096.59765625 25457.5625 -2015.6328125 1530.25 4501.125 -2398.8203125 -2670.64453125 -654.140625
 -92.0 -89.265625 -93.125 -32.5 -37.25 3.75 -10.25 36.0 -27.875 95.0
 200.25 -50.07421875 15.578125 -14.4375 23.625 -26.65625 -27.125 -59.625 48.53125 -49.3125
 351.25 -277.38671875 -309.2734375 -724.21875 77.5 423.5 -5.28125 214.375 -385.53125 -38.59375
 1102.25 -102.72265625 -71.875 -183.9375 101.1875 27.75 -48.0625 79.9375 -286.6875 -65.8125
 259.0 -240.1875 52.375 -32.0 28.5 -102.625 30.5 -86.0 51.875 -113.75
 -8986.66015625 236.58641052246094 1531.9154052734375 -580.3447265625 1948.14794921875 -1709.1669921875 -71.99169921875 805.26318359375 -252.756103515625 237.30712890625
 228.0 74.53125 73.5 50.5 126.0 143.5 -204.0 50.0 -5.25 243.0
 160.0 0.375 103.25 128.0 113.0 142.0 -164.0 68.0 -81.5 475.0
 -518.9375 40.66259765625 -106.33203125 -199.390625 -106.23046875 75.96875 -81.0546875 9.8125 85.05078125 -13.4453125
 -456.625 -56.548828125 -78.1484375 -71.28125 -17.0625 -3.6875 49.6875 6.6875 -17.71875 -58.3125
 287.5 177.83203125 -59.875 4.5 6.625 17.8125 -146.5 43.375 58.4375 15.125
 217.5 24.4140625 -54.28125 12.75 66.75 37.375 -50.25 -32.75 33.0 -20.0
 -4888.625 999.53955078125 812.86328125 226.9140625 -1108.4453125 -655.9765625 -797.0859375 -823.890625 844.69140625 -269.328125
 2938.0 -168.6767578125 -663.53125 -1160.625 -529.15625 125.171875 -358.96875 -245.9375 711.484375 59.4375
 246.0 38.90625 37.40625 69.0 42.75 66.625 -157.0 6.25 37.75 50.5
 -936.96875 46.810546875 54.455078125 34.0859375 15.65625 -74.16796875 18.4921875 48.2734375 -3.03125 63.4453125
 2478.0 -77.90625 -14.34375 239.0 107.125 4.0 126.5 -66.75 -57.0 -93.0
 348.0 191.9375 73.5 128.0 -40.0 185.0 -228.0 60.0 -84.5 513.0
 1093.125 5836.41796875 7789.8671875 36264.5625 -8283.3125 -7094.328125 5376.4375 -4602.25 4121.125 290.03125
 310.0 -7792.765625 -10298.96875 -47088.625 11088.75 9234.8125 -6871.25 5995.375 -5682.5 -437.5
 194.75 5.01171875 -39.2578125 19.9375 50.5 -10.78125 -11.4375 -39.25 10.9375 -12.9375
 249.0 197.328125 93.25 24.0 122.75 85.5 -214.5 -43.0 -21.5 183.5
 150.0 0.625 -312.375 -145.5 -177.25 237.5 -99.5 -79.5 259.75 -25.5
 478.0 52.96875 79.125 -13.0 54.0 75.5 -221.0 48.0 57.0 184.5
 80.5 11.0703125 -27.625 -16.75 -28.25 -25.8125 24.75 -41.5 -13.0 18.875
 1108.875 -27.9326171875 -39.4765625 136.1875 65.828125 29.4375 41.625 -27.59375 34.21875 -84.40625
 -100.0 62.0 13.375 4.0 108.5 100.25 -168.5 -40.5 33.25 73.25
 4303.0 -772.4609375 -924.625 5.25 -1784.5 559.4375 110.25 -506.25 1232.8125 106.75
 -11663.0 2685.921875 4223.125 5258.0 2444.75 -2963.75 1018.5 -676.5 1312.5 200.25
 812.0 50.59375 4.0625 -27.5 95.0 122.0 -207.0 -3.0 38.75 144.5
 -1129.5 79.6875 -141.625 -150.875 -141.875 -22.6875 -199.75 -31.0 46.4375 56.125
 904.0 112.8125 154.75 -44.0 -57.0 125.5 -270.0 194.0 -47.5 513.0
 236.0 -21.71875 -29.75 -50.0 55.0 27.0 -136.0 13.0 40.0 118.0
 544.5625 -1146.7041015625 -1606.0625 -6559.09375 1201.984375 1376.8203125 -978.1875 884.5625 -941.75 -16.09375
 120.0 -174.5 -264.75 506.0 -2.0 -178.0 176.0 -8.0 288.0 -600.0
 248.0 102.0 54.0 -19.0 34.0 149.5 -210.0 12.0 -18.0 304.0
 247.0 56.515625 -36.03125 42.75 51.875 44.125 -30.75 -79.5 43.625 14.75
 374.0 62.015625 47.0 2.75 73.125 74.75 -139.5 -10.5 48.625 73.0
 500.0 87.8125 66.375 -58.0 -4.0 147.5 -244.0 -4.0 13.0 351.0
 1344.0 -600.25 -990.0 264.0 26.0 -242.0 308.0 -408.0 126.0 -1000.0
 17570.03125 -1239.19775390625 -3571.9482421875 1022.74609375 -4312.11328125 3709.439453125 762.0546875 -1170.640625 1148.912109375 -287.73046875
 -810.0 -257.59375 -125.8125 135.5 90.0 -6.75 220.0 -66.0 -107.75 -221.5
 600.0 115.84375 5.625 54.0 87.5 130.0 -230.0 -13.0 -6.0 242.0
 378.0 -3.5625 -132.4375 -39.5 -37.25 -52.125 159.5 -60.0 -46.5 -126.0
 708.0 -53.0 -72.375 -28.0 -106.0 63.0 -48.0 30.0 -31.0 306.0
 116.0 82.25 -46.65625 54.5 155.875 28.0 -148.75 -88.0 48.0 -36.0
 -2693.0 -196.421875 -1194.875 -755.5 -1237.0 -50.0 -730.5 78.0 251.75 169.0
 1242.6875 -151.90234375 -319.8828125 -876.125 45.640625 125.015625 -216.875 78.75 -140.90625 -29.8125
 442.0 63.53125 30.8125 26.0 80.5 82.0 -230.0 8.0 -6.0 224.5
 14993.75 -5626.75 -6598.0 -18098.25 1896.0 5716.5625 -1305.4375 2706.859375 -4642.5078125 350.6875
 -1025.25 134.86328125 41.734375 -2.6875 41.8125 -51.5625 7.125 -14.9375 -89.84375 17.3125
 -211.4375 -4.8408203125 0.953125 -47.34375 -32.3125 -22.3828125 25.171875 12.984375 12.75 5.15625
 -987.5 44.96484375 -7.671875 -123.375 -46.125 68.6875 -49.1875 28.3125 111.03125 8.625
 46.9375 -24.193603515625 -15.455078125 -32.640625 -12.3671875 17.5 11.890625 -76.3515625 -6.2265625 -56.3671875
 579.875 -201.0625 -343.12109375 -1111.3125 118.90625 224.953125 -226.375 123.0625 -153.0 -28.71875
 322.0 65.25 -180.75 -68.0 75.5 105.5 -209.0 -46.0 -25.5 241.0
 148.0 -108.984375 -64.125 21.5 8.25 129.0 -42.0 62.0 6.75 157.0
 252.0 -17.9453125 53.5625 -132.75 162.375 51.5 -116.25 -154.0 67.6875 -128.0
 2515.25 -131.09375 -91.609375 118.3125 -1.9375 48.34375 127.875 -69.625 -28.8125 -19.0
 193.625 -1.0078125 56.03125 -9.09375 -22.34375 -28.53125 40.0625 -4.0 -1.4375 -10.84375
 9005.5 4636.15234375 1068.375 -8562.6875 1132.4375 1581.96875 -1035.125 433.125 845.09375 104.9375
 3196.375 -362.44140625 -491.359375 -256.0 -120.46875 -150.890625 -207.0625 -158.875 234.0625 110.3125
 17600.0 -442.0 4976.0 -720.0 -1872.0 -2480.0 3456.0 416.0 16.0 -1984.0
 82.0 37.8671875 -20.15625 -36.0 -1.75 -7.75 -49.625 -49.5 27.375 -20.875
 -28.0 -280.1875 -220.875 -148.0 32.0 62.5 -266.0 116.0 93.0 224.0
 2001.0 -80.76953125 -187.78125 146.3125 -266.0 32.78125 11.375 -67.5 162.625 26.8125
 724.0 -137.5625 213.875 -224.0 -14.0 95.0 -34.0 -196.0 41.5 -277.0
 169.0 36.0625 61.4375 47.875 58.5625 -42.9375 60.1875 -14.6875 -28.65625 -29.5
 220.0 -144.0 -233.625 -60.5 -34.5 94.75 164.5 48.0 -99.75 -7.5
 126.5625 29.3330078125 104.29296875 163.359375 88.1953125 -38.453125 44.65625 -9.671875 33.078125 -22.0
 122882.0 85251.375 -1509.75 -113632.5 9958.25 -6495.875 -20913.75 10891.75 9577.875 2640.5
 -294.0 95.546875 -119.125 58.25 118.75 -81.25 -109.0 -10.75 12.5 -131.25
 328.0 130.125 165.25 -67.0 121.5 148.5 -307.0 61.0 13.0 309.0
 798.5625 245.5419921875 15.216796875 44.171875 -164.140625 -145.4375 -86.25 -110.96875 218.796875 -7.71875
 909.875 -193.5576171875 -443.1015625 -888.84375 -174.21875 224.890625 -214.96875 82.125 -138.5625 -35.4375
 429.25 52.734375 -9.859375 -46.0 93.4375 68.0 -157.5 -79.375 48.59375 -91.625
 -1164.0 -242.6875 -424.5 413.0 1116.0 -262.0 -932.0 -888.0 584.0 -449.0
 1106.25 87.609375 198.5625 244.0 273.875 -92.28125 79.4375 12.1875 -136.0625 7.34375
 480.0 208.84375 126.25 -21.0 46.0 57.5 -246.0 -18.0 61.5 146.0
 346.0 21.375 121.875 62.0 -7.5 21.0 -54.0 31.0 -18.0 159.0
 102.0 197.78125 -210.1875 -26.0 366.25 -232.5 -33.0 -561.0 172.25 -417.5
 284.625 84.453125 -60.90234375 -12.25 39.21875 11.390625 -15.625 -94.875 18.53125 -38.65625
 326.0 42.875 1.0 5.5 58.0 66.0 -169.0 56.0 23.25 120.5
 -1914.0 177.71875 337.25 -26.5 197.5 -70.0 174.0 204.5 137.5 -14.0
 -6097.0 -2480.921875 -2158.75 8451.875 -1806.0 -2444.125 1085.875 54.625 -505.625 78.5
 330.75 14.4921875 46.546875 144.5 42.84375 -37.140625 41.90625 -8.78125 -12.40625 8.71875
 58.5 50.9453125 87.5 91.125 64.25 -14.53125 -23.375 33.0625 -32.09375 39.75
 -352.5 292.2734375 -241.0625 535.5 -41.0625 153.3125 -249.75 -31.0 176.25 35.625
 41.625 129.84375 -69.75 42.9375 22.1875 -14.9375 58.0 -61.34375 -9.921875 -8.5625
 -15.375 5.0654296875 109.8125 52.46875 -66.984375 -88.953125 25.21875 84.21875 -45.1171875 55.359375
 198.0 147.96875 25.0 -279.0 -346.0 218.25 222.0 189.0 -56.25 371.5
 168.0 187.125 -30.5 24.0 125.0 191.5 -362.0 -6.0 36.5 289.0
 608.0 -11.375 5.875 32.0 12.0 55.0 -220.0 44.0 7.0 213.0
 2694.75 -158.7578125 -71.09375 -339.0 -615.6875 -551.875 1348.125 -439.0 -588.5 275.25
 -260.0 -265.875 48.75 7.5 -98.0 5.75 -502.0 52.0 126.75 269.5
 143.0 126.796875 155.59375 402.25 122.5 -318.375 -29.0 -124.0 109.625 25.75
 232.0 135.25 -31.25 -44.0 -52.0 179.0 -180.0 104.0 -16.0 466.0
 -18.375 57.5390625 -287.1484375 -137.71875 -350.40625 195.4375 -71.5 -66.8125 304.78125 68.34375
 -1611.0 -17.875 119.78125 -73.0 37.5 -24.75 52.0 38.5 54.5 12.0
 -686.0 380.2421875 149.765625 -67.25 40.125 51.1875 156.25 -44.5 16.0625 20.125
 16.75 5.3125 -130.90625 71.3125 70.625 63.53125 42.25 -80.5625 -47.65625 15.0
 -6588.5 385.4765625 506.5625 -349.0 33.5 -126.625 132.0 277.25 229.4375 311.0
 -3863.75 -8.53515625 362.515625 -318.75 899.875 -371.40625 -116.125 319.625 -765.90625 1.8125
 -2424.0 1546.125 -321.0 -500.0 -446.0 450.0 -40.0 -500.0 417.0 -1320.0
 110.0 -14.890625 130.21875 -4.0 4.75 -74.25 66.75 2.0 -3.625 -53.75
 210.5 -7.5703125 -25.625 17.0 4.125 7.375 20.0 12.75 -20.625 -20.5
 2878.75 -53.90625 -323.15625 113.0625 41.09375 175.3125 41.3125 -169.53125 -217.421875 -67.03125
 589.25 76.875 -84.0 -9.5 -54.0 83.0 142.5 105.9375 -30.3125 40.875
 55.5625 -40.7138671875 -22.53515625 1.578125 -17.8125 15.3359375 9.5625 8.8125 -14.5546875 26.359375
 605.25 303.61328125 236.234375 116.8125 18.53125 -421.09375 16.5 -372.375 919.53125 113.8125
 1673.125 267.9375 29.734375 888.6875 -334.234375 -808.21875 -272.96875 -324.9375 175.703125 -54.65625
 -2319.0 142.7978515625 -9.75390625 -86.765625 -290.09375 -145.6484375 -121.484375 -215.109375 165.03125 -135.359375
 248.0 -16.21875 -57.9375 -4.5 -42.75 16.25 2.0 49.0 -15.0 -10.5
 312.0 -33.6875 -26.5625 -3.0 -50.5 -0.625 36.5 32.0 -13.125 -57.25
 293.5 -109.265625 173.71875 -2.75 5.8125 88.4375 57.75 -127.75 -70.625 -40.625
 445.0 -27.859375 -21.6875 -20.5 74.625 42.75 -164.5 6.75 20.375 35.5
 150.125 288.193359375 92.806640625 97.75 -36.0 -63.1875 -124.84375 -174.40625 18.734375 -59.84375
 375.0 56.0625 -23.6875 -101.0 91.75 -51.125 -94.0 -92.0 5.125 -16.5
 -52.0 32.4375 69.625 -5.0 83.5 85.5 -218.0 106.0 -54.0 343.0
 -1051.0 36.421875 32.953125 16.375 -33.5 59.9375 23.5 45.25 138.84375 90.75
 372.0 67.5 -8.9375 10.5 64.5 117.5 -364.0 48.0 63.5 201.0
 -46.0 -45.3125 -53.28125 21.0 23.0 -7.0 129.5 -129.5 28.5 -9.75
 150.9375 39.765625 -16.99609375 3.34375 -1.46875 0.6171875 -24.78125 13.375 11.5625 -5.71875
 194.0 7.796875 -50.6875 29.5 21.25 0.25 -22.5 -32.25 -7.75 -14.25
 167.75 -52.69921875 -54.37890625 -14.84375 62.78125 -26.890625 -66.25 -31.90625 58.84375 -39.0625
 -5020.0 8165.9375 7598.125 12248.0 782.0 -10791.0 -793.0 -6040.0 9135.5 78.0
 -9107.0 548.234375 843.03125 -9.625 802.125 -59.0 -35.25 164.75 406.8125 330.5
 -3895.75 779.5 2386.375 1948.75 2462.75 -2067.125 916.75 -85.25 -2149.0625 300.9921875
 -165.875 40.291015625 31.0859375 69.625 -0.03125 3.171875 36.5 -12.75 88.375 30.625
 796.125 -458.541015625 -329.49609375 -1164.0625 324.453125 365.390625 -51.28125 199.03125 -72.6875 85.53125
 -13183.125 -14546.5703125 6160.546875 -3951.75 -8541.8125 1087.5625 -3444.5625 4473.0625 -2158.953125 2189.875
 335.0 7.640625 2.96875 41.25 84.625 71.5 -210.75 -10.25 51.375 81.5
 56320.0 1108.0 -1068.0 2408.0 -1244.0 848.0 -2744.0 -296.0 -3352.0 -408.0
 192.0 -73.953125 45.5625 117.5 -1.5 -39.0 146.5 -101.5 -39.0 58.5
 943.875 -429.5537109375 -370.515625 453.390625 -552.265625 420.53125 147.234375 29.40625 -70.4453125 5.34375
 875.75 135.48046875 -84.578125 44.25 27.0 17.0 -37.75 -58.375 -27.0625 -120.75
 480.0 99.25 -124.625 94.0 -46.0 145.5 -234.0 20.0 51.0 216.0
 126.0 24.4921875 -94.65625 9.5 -11.25 3.5 25.25 -45.25 -37.375 82.75
 336.0 -38.40625 -40.875 -19.0 38.5 82.0 -242.0 0.0 19.5 167.5
 390.0 48.34375 -2.0 -40.0 87.0 132.0 -253.0 20.0 1.25 219.0
 -21792.5 7400.64453125 6554.5390625 -1488.171875 1780.53125 2787.203125 449.28125 47.578125 300.6640625 -82.4765625
 266.0 157.6875 21.375 44.0 80.0 72.75 -234.0 28.0 -22.0 193.5
 -25.5 -18.640625 58.921875 67.625 97.5625 80.1875 -130.875 -35.625 10.125 66.125
 1136.0 189.0 420.75 -172.0 0.0 192.0 -340.0 188.0 -79.0 708.0
 734.25 -42.138671875 -56.5234375 39.9375 85.0625 19.34375 -49.8125 -18.625 19.9375 -36.9375
 95.1875 88.96875 -15.4609375 10.28125 91.28125 -13.34375 70.0 -152.15625 8.21875 -29.8828125
 528.0 45.3125 -10.375 76.0 74.75 63.5 -165.5 15.0 2.0 180.0
 246.25 23.4921875 62.65625 9.3125 8.25 17.4375 35.25 16.375 -47.0625 144.0625
 3431.5 4865.77880859375 992.3828125 -4633.03125 120.67578125 -166.10546875 -1219.96875 274.3515625 109.67578125 53.9375
 682.0 812.0 164.0 664.5 79.0 113.0 -2028.0 1155.0 753.5625 -460.5
 -14747.0 883.203125 463.25 -1399.5 723.5 137.75 -569.0 625.5 -580.125 -191.75
 246.0 -26.875 13.0625 55.5 -57.75 12.0 35.5 65.5 14.0 -165.0
 376.0 -15.09375 -6.4375 16.0 -23.75 -70.75 189.0 -129.0 -30.25 -19.0
 -6899.0 1568.8125 2671.265625 5321.5 831.375 -1623.0625 1143.0 -561.875 744.6875 37.5
 472.0 -3.4453125 -33.828125 54.0625 78.34375 43.21875 -111.4375 -32.875 63.5 -61.8125
 11.0 -10.71875 -21.25 47.5 -2.75 -7.75 15.5 -33.5 -30.125 102.75
 -404.0 560.75 -245.5 -91.0 52.0 260.0 8.0 -213.0 173.0 -451.0
 7341.0 -253.609375 -93.03125 430.25 260.25 149.25 -61.0 -205.5 -361.375 -283.75
 467.0 36.0 27.71875 -69.0 -42.25 -46.75 243.0 19.0 70.0 -297.5
 305.5 -29.69140625 120.0625 -80.75 -166.8125 -92.875 207.5 200.75 -74.25 -25.375
 -638.0 -57.90625 -79.71875 -99.375 -29.5 -147.1875 23.5 0.875 -122.75 -53.125
 2380.0 1116.59375 -75.5 11046.5 -7496.75 -107.25 1331.5 -2793.0 6000.75 289.5
 -1600.0 -6.125 270.375 37.5 306.0 109.0 648.0 -52.0 71.75 -27.5
 172.0 154.375 -581.125 206.0 175.0 -40.5 2.0 -104.0 246.5 -310.0
 -461.5 183.06640625 99.625 2.75 90.0 -32.1875 -15.0 12.625 53.3125 10.375
 43.0 2.421875 -74.53125 -7.25 -26.875 -11.5 -15.0 -49.0 9.0 -51.5
 -7262.5 -48.8828125 1019.484375 2558.875 556.8125 731.1875 1206.5 477.375 -810.5625 -104.75
 201.0 -15.765625 -68.96875 19.0 24.875 -1.75 22.75 -28.75 -23.6875 56.0
 -242.0 -9351.0 -1434.5 1211.0 3740.0 -4059.0 -4482.9375 -1873.25 4480.5 -2139.0
 513.0 130.40625 438.90625 -43.5 96.0 24.0 -644.5 55.0 307.5 -741.25
 1042.0 52.453125 -157.4375 -13.25 -71.125 -30.75 43.25 -75.25 -114.375 144.5
 502.0 -66.55078125 -58.59375 59.0625 68.625 20.03125 -53.0625 -49.0625 14.1875 -41.3125
 816.0 90.75 64.0 -27.0 -5.0 96.0 -120.0 -41.0 -49.5 278.0
 220.0 2.125 69.5625 54.5 13.75 -17.625 23.5 11.0 -36.375 12.75
 24736.0 39597.0 26441.0 67520.0 -13864.0 -57940.0 -10672.0 -36248.0 56642.0 76.0
 3121.0 289.765625 436.953125 339.375 886.125 -1.75 366.875 -3.5 -214.8125 -194.625
 -2896.0 112.25 -705.0 160.0 -1148.0 -260.0 1960.0 -568.0 -1978.0 2620.0
 776.625 20.10546875 -106.328125 -37.8125 130.96875 180.4375 -140.375 -16.9375 -106.90625 311.4375
 143.5 82.5703125 -12.421875 -12.375 45.125 18.125 -29.125 1.375 -2.90625 21.5625
 224.0 95.234375 -56.6875 116.0 58.75 61.75 -218.5 99.5 93.75 33.0
 377.0 49.0390625 -29.21875 52.75 93.25 44.375 -132.75 -3.75 50.5 26.5
 153.5 14.60546875 13.578125 7.625 79.46875 4.8125 -210.3125 91.9375 33.96875 55.25
 88.25 124.5 -91.0 497.0 -197.0 29.375 49.5 -221.625 -207.4453125 104.109375
 34.9765625 -3.77490234375 -5.390625 -6.0625 -8.9375 0.5869140625 -2.13671875 -1.47998046875 -0.2431640625 -0.986083984375
 312.0 990.8125 414.0 1105.0 -748.0 -110.875 -188.5 -542.09375 -568.0625 214.3828125
 836.0 -2579.0 1200.0 -3002.0 256.0 597.25 184.0 605.75 1305.375 -808.75
 724.0 -67.75 324.375 -22.0 101.0 156.0 -156.0 72.0 -2.0 330.0
 108320.0 3155.0 -7622.0 40592.0 -24984.0 -14508.0 -9040.0 -18992.0 19568.0 -5776.0
 1256.5 -29.98828125 21.3203125 22.6875 0.0625 -9.15625 27.9375 -132.4375 -36.0625 -114.75
 0.75 -87.70703125 50.875 -25.3125 -84.21875 -63.5625 -19.625 41.75 -19.34375 24.1875
 120.0 100.4609375 -52.640625 70.5 110.3125 103.0 81.5 9.0 -16.5625 46.75
 49.625 -6.326171875 3.421875 -11.46875 -29.8125 4.171875 -11.1875 31.1875 -16.625 62.09375
 1542.0 -373.46875 51.65625 241.5 289.25 -8.5 168.0 -234.5 -99.75 16.75
 448.0 178.75 400.25 32.0 -300.0 326.0 -280.0 272.0 -252.0 1304.0
 620.0 7.28125 -48.25 52.0 76.5 119.5 -313.0 67.0 48.75 257.0
 250.0 -213.8544921875 -599.234375 -165.0625 -197.359375 0.823760986328125 -2.484375 -16.6773681640625 -39.146484375 -6.1469879150390625
 -2248.0 -539.9375 -87.75 -372.0 -968.0 -910.0 -52.0 366.0 -625.0 582.0
 342.5 262.875 -251.6875 96.0 12.125 198.0 -328.75 -95.75 -87.0 278.0
 533.25 57.4765625 131.015625 -5.75 283.375 67.8125 -214.25 -168.625 88.5 -18.625
 -1520.75 100.875 203.296875 -95.3125 62.25 1.125 5.75 12.875 69.625 54.5625
 -2197.125 4409.296875 -5226.51171875 12309.96875 -10967.734375 388.640625 1701.9375 2957.96875 -4443.75 509.5625
 -1205.421875 -47.671875 287.953125 -359.58984375 377.341796875 133.2919921875 173.478515625 31.0234375 -73.61083984375 -9.009765625
 39202.0 2679.5 -1303.0 -24290.0 6721.0 -1665.75 -5129.0 -644.0 2363.5 -558.5
 904.0 14.5625 82.25 -82.0 -1.0 95.0 -145.0 -89.0 -9.0 201.0
 187.0 42.12890625 11.375 51.375 -6.875 12.71875 5.5 -37.25 -66.09375 52.375
 732.0 -264.9375 331.3046875 -32.5 -55.5 69.5 370.5 -222.5 -191.0 -23.5
