-720.0 -282.0 86.0 62.0 -126.5 44.0 -892.0 -1012.0 556.0 332.0
 333.234375 -606.2265625 -0.060546875 24.015625 459.35546875 -428.71875 15.75 -170.6171875 -231.953125 6.953125
 202.0 -493.0 -42.0 -118.0 -31.125 -202.0 534.0 396.0 -268.0 -306.5
 4.25 -4.5625 22.546875 13.875 5.515625 43.0 10.5625 -38.25 -33.0 -25.21875
 185.0 -21.0 -295.25 -36.125 -119.28125 -221.5 96.75 218.375 137.75 137.25
 1008.0 -456.0 83.0 -286.0 198.0 -280.0 792.0 648.0 -512.0 -541.0
 -17152.0 13440.0 -28672.0 -10272.0 6656.0 9728.0 -41984.0 -5527.0 3520.0 23296.0
 -286.6875 43.6875 -21.6875 41.46875 -102.890625 176.75 -24.0 31.28125 -12.875 -26.96875
 -264.9375 -1475.59375 166.71875 -285.15625 -1747.859375 917.0625 -619.6875 990.625 989.5 -172.0625
 612.125 -1348.5 -667.59375 -3560.8125 -1250.0390625 722.0625 -445.3125 256.25 -86.625 -110.671875
 273.5 -146.3125 -168.03125 187.25 -62.546875 143.75 -12.125 125.375 -207.75 150.0625
 -12990.9296875 -1239.47265625 13012.1884765625 11517.9765625 9173.5322265625 -7264.5234375 9325.5703125 -16388.74609375 -7105.9921875 3849.302734375
 -23964.0 54746.0 -7199.0 6908.0 34486.0 -21424.0 10512.0 -20222.0 -13088.0 -43.0
 -2368.5 997.125 -369.96875 729.375 1374.0 -779.0 688.375 -1316.625 -345.0 193.4375
 1016.0 -317.0 -160.5 -44.0 -23.0 -276.0 766.0 612.0 -360.0 -324.0
 53.525390625 66.6669921875 23.374267578125 118.6015625 -51.10107421875 78.044921875 33.7080078125 -11.3125 51.8046875 5.03955078125
 -68.0 -516.0 -690.0 -356.0 326.0 -576.0 1240.0 764.0 -712.0 -628.0
 492.0625 -705.0 -42.7421875 -2789.375 -1264.2890625 529.0 -577.125 143.65625 -105.4375 -248.296875
 -810.5 328.5 -103.25 -15.0 90.25 100.5 -205.0 -90.75 -38.0 144.375
 808.0 -796.0 -319.0 -316.0 61.5 -52.0 1298.0 960.0 -640.0 -736.0
 -2020.5 -469.90625 274.875 -740.75 171.2734375 283.75 -269.5 53.9375 -44.75 -639.34375
 -852.5 -74.25 -84.4375 104.0 106.4375 183.0 -111.625 112.75 -62.0 233.25
 2855.5 43.5 218.96875 -4.5 -1.9375 58.0 123.125 35.625 -308.75 -58.6875
 -6831.0 2974.0 -772.375 1097.0 -688.1875 410.0 -434.0 160.0 -96.0 -51.75
 119.0 -51.25 -70.875 -57.5 6.25 -48.5 153.0 83.5 -105.0 -146.5
 1075.5 -531.625 295.0 -388.5 -1005.65625 609.5 -479.125 820.5 474.0 -56.25
 -2752.0 396.0 -24.0 696.0 613.0 704.0 -1956.0 -2328.0 1600.0 944.0
 -1274.5 342.71875 17.9375 -200.0 -29.0703125 43.875 -88.96875 -19.125 57.0 49.96875
 -1409.46875 923.265625 -182.78515625 19.75 293.828125 -263.71875 -106.015625 81.109375 -71.90625 17.9921875
 -30.0 -284.0 -328.0 -67.0 140.125 -114.0 520.0 480.0 -236.0 -182.5
 -287.5 -77.625 49.8125 -56.375 -61.875 -80.25 12.75 -66.5 199.75 -4.25
 3737.6875 -1122.0 -115.53125 -866.125 -362.4609375 797.5 290.0 -224.375 384.25 40.75
 8986.0 -21400.5 -400.0 -3088.0 -13503.6875 7514.0 -1666.625 5575.0 3666.0 -158.5
 41.5 43.25 -1350.0 -332.0 -360.5 -819.75 -109.125 261.5 -178.1875 230.0
 770.0 -448.0 -184.5 -164.0 61.0 -64.0 600.0 468.0 -332.0 -247.0
 -8044.0 475.25 -330.0 738.5 -182.5625 -353.0 -482.0 -44.0 99.0 -96.75
 740.0 -390.0 -467.0 -704.0 -218.0 -356.0 1288.0 824.0 -440.0 -640.0
 205.0 52.5 9.625 -36.0 165.3125 4.0 305.0 266.5 -297.0 -399.5
 -264.859375 -162.5 -474.44921875 3.3671875 29.1171875 80.0625 -49.91796875 -2.6796875 70.15625 -136.12890625
 -4929.5 -991.0 -143.625 156.75 -528.9375 -160.0 130.0 157.75 161.5 100.125
 376.0 -842.0 -191.0 -484.0 -15.5 -192.0 1314.0 1024.0 -608.0 -680.0
 1808.0 -808.0 -1624.0 -16.0 494.0 -944.0 3240.0 2624.0 -1824.0 -1788.0
 -684.0 -214.0 299.0 -84.0 6.0 204.0 -1190.0 -744.0 376.0 516.0
 -200.0 220.0 279.0 42.0 -8.25 224.0 -1034.0 -826.0 472.0 290.0
 650.0 9617.5 9483.25 -3250.0 2300.625 -13889.0 -7011.5 4620.5 -4664.0 -388.0
 441.0 -15.0 -8.75 -236.0 30.75 -61.0 -380.0 -284.0 178.0 -50.5
 -45.25 472.9375 656.375 545.875 -437.3125 -922.5 234.0 465.5 11.0 -241.625
 471.625 828.21875 117.8125 96.9375 207.5625 -146.375 -2.53125 140.3125 -459.375 -14.765625
 220.5 -825.375 -103.03125 11.375 -713.109375 172.5 -5.25 290.0 -23.75 -238.125
 453.625 -1448.25 -173.2109375 776.1875 -648.46484375 368.9375 234.5625 163.4375 365.375 169.171875
 -880.0 984.0 266.0 -72.0 -380.0 408.0 -1968.0 -1848.0 1200.0 924.0
 -3588.5 -10142.84375 7192.9375 -14204.4375 4108.5234375 906.25 -6974.40625 -2421.0 -1453.625 -5723.28125
 1047.578125 339.1875 -282.00390625 -205.125 -281.005859375 -328.640625 3.9453125 -34.0546875 62.109375 488.69140625
 15587.0 -1126.0 13.0 -1047.0 802.875 -402.0 540.5 123.0 -1476.0 -636.0
 -1830.0 270.75 1811.375 -299.0 1987.0625 -4236.0 -559.0 -1283.5 -2256.0 895.875
 1275.25 -1972.8125 824.875 -713.4375 -3000.359375 855.125 -1346.6875 2413.9375 665.25 -328.71875
 -408.0 -172.0 94.0 636.0 115.0 160.0 -1348.0 -1588.0 848.0 500.0
 632.0 66.0 -24.0 67.0 24.625 -34.0 178.0 39.0 -166.0 -107.0
 984.0 -508.0 -38.0 -720.0 -307.5 -528.0 1900.0 1124.0 -888.0 -710.0
 456.0 -1228.0 -326.0 -20.0 183.0 -312.0 1496.0 1580.0 -936.0 -742.0
 4976.5 555.0 65.6875 -229.75 569.59375 -325.5 135.125 -37.0 -165.0 354.5
 246.25 -187.5625 8.0 -140.0 34.25 -74.75 85.8125 29.4375 16.5 -135.09375
 178.0 -61.75 95.5 -18.25 3.625 33.0 37.25 -51.75 88.5 47.5
 0.0 -368.0 58.0 -784.0 329.0 -512.0 1792.0 1488.0 -1376.0 -818.0
 1130.5 1798.5 866.375 -63.25 2625.375 -2704.0 266.5 -1505.25 -1625.0 538.5
 80.0 -568.0 -335.0 -268.0 84.0 -28.0 1048.0 1004.0 -912.0 -393.0
 -2488.9375 97.03125 -690.8515625 1863.8125 40.62890625 -317.0625 600.4375 -265.875 60.25 374.421875
 -3734.0 357.75 -129.03125 76.25 -357.875 -372.5 -73.0 -190.125 806.25 -1.6875
 -47.75 -25.875 -181.6875 -246.625 -9.96875 -96.0 -83.875 60.625 -32.25 -225.0625
 409.416015625 -491.029296875 -64.312744140625 -59.5146484375 -275.524169921875 289.755859375 86.1904296875 -45.6533203125 143.732421875 -25.052734375
 979.0 -764.8125 295.09375 141.125 -234.25 -351.75 -146.625 161.125 -112.25 -5.75
 74.5 49.5 -412.5 127.0 127.375 -20.0 -49.375 154.75 152.0 142.5
 -2608.125 -2194.19140625 -15147.359375 3914.2890625 1395.359375 -2458.5390625 -486.34765625 -3261.53515625 1143.7890625 -6685.34375
 346.0 35.0 70.0 -38.5 10.375 -31.0 -243.0 -266.5 133.0 78.25
 -812.0 304.0 512.0 302.0 -96.75 376.0 -906.0 -774.0 344.0 307.0
 515.5 -18.375 60.890625 -226.625 -208.1875 154.125 -114.6875 321.4375 69.0 -54.03125
 42.3125 -155.3125 -228.9296875 -174.0 145.921875 324.25 -88.71875 -154.75 -24.0625 80.625
 47.9375 3.4375 18.40625 132.625 89.45703125 30.25 -12.0 90.0 -42.25 74.40625
 -38.0 41.1875 -329.25 -9.625 20.375 192.125 -56.5 12.5625 -321.0 -94.65625
 -988.603515625 -132.92919921875 68.49407958984375 523.7587890625 -106.1109619140625 -45.853759765625 -239.167236328125 91.48974609375 62.470703125 61.43023681640625
 5745.375 1517.8125 896.09375 -2878.25 -5668.0546875 5803.25 716.375 -1075.3125 1784.75 -588.6875
 1332.0 -1062.0 50.0 -48.0 -285.0 -584.0 1166.0 1076.0 -712.0 -590.0
 437.5 200.1875 59.5625 72.9375 68.875 -101.125 -51.75 -6.125 -7.125 -77.46875
 984.75 -422.875 139.25 -61.5 80.09375 -120.0 46.25 23.5 50.5 60.125
 792.0 -82.0 703.0 28.0 53.0 72.0 -1764.0 -1492.0 608.0 636.0
 1284.265625 389.41015625 225.4453125 33.3203125 447.3583984375 -385.1875 -167.76171875 243.1328125 -156.59375 -88.53515625
 1941.75 -799.65625 179.953125 -38.4375 0.9765625 -174.0625 -143.21875 440.0 -88.125 -50.625
 252.4375 7.5 -36.546875 -101.34375 -23.234375 -65.8125 -140.59375 -25.25 -90.375 -95.75
 424.0 56.0 -434.0 -76.0 65.5 -40.0 1036.0 772.0 -372.0 -408.0
 -96.83984375 -1131.955078125 17.716796875 -193.103515625 -870.85791015625 401.94921875 -83.927734375 364.36328125 383.62109375 -77.919921875
 -264.0 467.0 5.5 98.0 -117.5 296.0 -714.0 -462.0 412.0 261.0
 61.875 72.90625 -15.171875 79.828125 -50.19140625 64.46875 -68.53125 -42.71875 -99.40625 -1.171875
 1378.5 -504.0625 162.546875 -92.6875 -40.796875 -19.25 31.5 70.0625 66.5 42.25
 411.0 -16.0 48.75 -100.0 13.3125 -128.0 362.5 129.0 -176.0 -229.25
 1200.125 2736.3125 1089.390625 -6.1875 -748.421875 -518.875 -2070.75 3108.1875 486.875 -437.8125
 92.9375 1971.875 371.4921875 -390.34375 337.546875 -487.125 -684.21875 905.09375 -36.25 -204.390625
 606.0 28.0 261.5 4.0 -12.75 106.0 -544.0 -372.0 220.0 185.0
 -386.0 1269.75 185.5 323.5 130.875 -110.5 140.5 -260.0 340.0 -26.75
 696.0 445.0 186.0 -38.0 11.25 -8.0 -743.0 -630.0 428.0 311.0
 680.0 -812.0 -226.0 -400.0 24.0 -400.0 1418.0 1132.0 -776.0 -750.0
 311.78125 361.66015625 591.259765625 -306.6171875 31.0537109375 -824.53125 -411.1796875 274.7734375 -293.453125 -34.34375
 -156.0 362.5 71.75 126.0 -81.125 20.0 -364.0 -203.0 236.0 41.5
 268.75 -87.15625 -50.03125 -79.4375 2.734375 -102.0 -26.8125 -36.0625 7.75 -64.84375
 253.75 -196.0 -114.9375 -531.5 -87.8125 -252.0 52.125 16.25 110.75 -208.5
 54.0 34.5 27.125 59.0 81.125 37.0 -137.25 -58.0 5.5 109.0
 252.0 -246.0 33.0 -122.0 300.0 -264.0 652.0 550.0 -336.0 -360.0
 496.0 -364.0 -102.0 -592.0 -98.5 -240.0 1928.0 1288.0 -1064.0 -672.0
 -1719.5546875 -1003.25 -7578.26171875 2748.21484375 886.76171875 -1585.2734375 -67.3046875 -2050.1875 603.0390625 -3706.013671875
 1840.0 1560.0 764.0 -120.0 -1550.0 720.0 -3904.0 -3080.0 2144.0 2024.0
 168.0 -259.0 -176.0 144.0 34.75 -256.0 770.0 630.0 -452.0 -327.0
 212.375 -35.71875 -16.3828125 -99.1875 -37.46875 -54.9375 33.5 -99.9375 80.625 -163.234375
 101.625 -64.75 -64.5 -2.5 -13.65625 -146.75 151.5 55.0 -18.0 -154.0
 1984.0 -108.0 -67.0 -34.0 232.75 -300.0 692.0 822.0 -488.0 -407.0
 -7016.0 -2971.5 -1065.75 -2208.0 357.625 698.0 -278.0 775.0 -1166.0 1633.0
 444.1875 176.78125 22.546875 65.09375 221.65625 -125.1875 148.625 -256.78125 -116.25 20.28125
 856.0 -526.0 -62.0 60.0 -79.0 -124.0 1256.0 1144.0 -728.0 -550.0
 -4533.0 17463.75 -6936.0 15714.0 -70.375 11898.0 384.0 14203.5 5596.0 -5746.0
 1092.5 -1012.40625 101.890625 14.40625 -554.078125 132.8125 146.03125 266.59375 -4.0 -121.171875
 527.875 62.5625 -55.921875 30.5 -58.015625 -119.5 97.0625 -48.875 232.125 -6.53125
 -682.5625 1838.125 -27.59375 12.3125 1109.34375 -606.75 126.8125 -567.625 -96.25 158.40625
 4282.0 -776.5 398.75 -240.5 343.375 199.0 87.5 -375.0 -693.0 48.0
 -162.625 -612.375 -380.546875 113.5625 -111.5390625 476.125 288.75 -268.625 52.25 71.625
 604.0 -496.0 -115.0 -40.0 107.0 -216.0 826.0 826.0 -520.0 -345.0
 -218.75 -316.375 -88.9375 -160.25 -174.875 -122.0 -237.0 -175.625 -72.0 -280.4375
 1504.0 -1152.0 -372.0 -848.0 -143.0 -160.0 4104.0 2432.0 -2576.0 -1904.0
 -2409.265625 177.2265625 -179.20703125 -125.1796875 -609.484375 661.0625 -155.7578125 245.7890625 190.1875 -2.98828125
 296.7734375 77.78125 -33.359375 51.484375 -30.3271484375 6.359375 -109.8984375 -18.453125 -79.8359375 8.265625
 1807.5 1382.1171875 923.16796875 -4997.0546875 -666.728515625 1732.21875 -1151.8671875 -284.546875 -39.296875 -1055.2265625
 -3779.0 -1546.0 -822.5 123.5 923.9375 -747.0 1081.0 -2455.75 -868.0 293.25
 -9496.5 -2695.75 760.4375 -1472.0 1086.125 519.5 3490.25 708.25 1943.5 -308.375
 -1656.5 65.875 -76.0625 149.25 -128.5 -53.5 -110.0 -120.0 139.5 -72.125
 -180.0 -671.0 -689.0 150.0 282.5 -324.0 904.0 744.0 -172.0 -543.0
 -1437.875 -1216.25 6.453125 -767.625 -805.125 998.75 -359.125 207.6875 853.25 364.15625
 -172.0 470.0 -84.0 -122.0 -314.0 8.0 -790.0 -698.0 456.0 302.0
 -53144.0 10440.0 -1766.0 2848.0 -4424.0 -4816.0 -1312.0 -2208.0 11168.0 -468.0
 165.5 110.5 -62.4375 -136.6875 -67.078125 -90.875 -154.125 -160.875 54.125 -174.1875
 -1759.75 466.90625 -75.75 -192.75 -352.5546875 399.0625 -148.65625 156.0 110.125 15.46875
 -94808.0 105234.0 -37234.5 69634.0 -115581.75 51672.0 49231.0 -9464.0 22626.0 25412.0
 -24.0 -569.0 -81.0 -170.0 78.25 -344.0 789.0 528.0 -384.0 -463.0
 1476.0 -12.0 -276.0 -18.0 206.5 -204.0 838.0 788.0 -464.0 -400.0
 468.40625 -409.359375 162.6171875 -57.296875 -383.857421875 383.65625 163.0625 -281.75 117.6875 -4.0625
 1528.25 626.75 203.78125 -109.375 911.375 -658.0 164.5 -537.0 -433.25 184.6875
 490.0 -95.5 -9.0 -126.5 93.8125 -35.0 189.0 93.5 -119.0 -96.25
 3979.0 -389.0 -78.25 -42.0 264.75 -12.0 38.5 166.5 -809.0 76.25
 -2633.25 -219.75 -498.4375 42.5 -689.09375 798.25 -82.625 -146.25 380.75 13.75
 1056.0 -122.0 -53.0 -32.0 179.25 -184.0 722.0 748.0 -500.0 -227.0
 -80.0 968.0 826.0 -960.0 -718.0 592.0 -2512.0 -1840.0 1232.0 1132.0
 -160.0 35.25 237.75 167.0 85.1875 558.5 -147.5 44.5 -297.0 49.0
 191.3671875 31.375 87.09375 -205.578125 91.7529296875 39.625 -57.2109375 -110.59375 60.78125 -38.21875
 220.0 -100.0 31.0 140.0 -116.5 140.0 -752.0 -564.0 340.0 215.0
 -5860.0 1360.25 -378.4375 229.5 -295.3125 331.5 -672.5 -117.75 194.5 -69.0
 -7891.375 6044.25 -19.3125 4054.0 -14654.609375 1962.625 2093.1875 765.375 924.375 1964.3125
 262.484375 742.09375 245.53125 -64.625 368.626953125 -472.53125 -121.109375 15.734375 -180.984375 -24.0390625
 -150272.0 30872.0 -8856.0 6128.0 -13892.0 -16832.0 -1888.0 -6656.0 31744.0 -1016.0
 -3105.0 -376.0 890.375 -1822.5 -495.75 -626.0 -2270.5 -1381.0 1733.0 1391.0
 57.625 54.78125 -90.8125 30.8125 -36.833984375 -89.5 -3.875 2.1875 29.9375 -23.09765625
 -5.0 -96.25 -66.0625 -99.5 -65.125 -219.0 80.25 155.0 247.5 -48.5
 120.875 54.0 215.8125 -85.375 -57.2578125 103.75 45.625 -96.9375 -43.5 56.71875
 416.0 -194.5 -118.875 -163.5 -4.0 -76.0 182.25 148.0 -99.0 -211.5
 2976.0 -36.0 -182.0 -340.0 -326.0 -392.0 1680.0 1620.0 -1184.0 -938.0
 95.3125 257.125 87.0625 -80.125 -37.796875 20.75 -53.9375 -47.5 12.25 71.25
 228.5 -173.5 13.5 -133.0 238.9375 288.0 -7.25 -230.0 141.0 215.125
 1702.5 745.0 387.625 -165.875 -565.78125 374.25 -664.75 1263.625 430.5 -142.5
 -3328.0 4.0 254.0 800.0 396.0 880.0 -3152.0 -1824.0 1072.0 1732.0
 -4134.71875 477.28125 373.78125 -427.75 -1548.529296875 1531.125 -664.25 908.9375 960.125 -170.875
 -750.0 212.0 -366.875 232.5 -309.75 -41.0 -192.25 92.0 -515.0 -252.25
 -6683.0 1729.0 -518.25 244.5 -88.0 306.0 -327.5 -33.0 656.0 -129.0
 151.0 71.25 -5.84375 13.25 7.9375 -32.25 -21.25 -47.0625 31.5 -28.5
 9416.0 -100.875 239.125 -315.25 649.34375 38.5 306.625 91.75 -810.0 -148.75
 1339.96875 599.234375 267.1640625 -1875.515625 -1551.232421875 1219.125 -295.1875 50.46875 218.65625 -301.453125
 396.4375 45.53125 238.8046875 -146.875 34.3984375 97.4375 -13.46875 -38.0625 -328.9375 30.203125
 -33.3125 9.53125 -38.640625 85.5 41.6875 -36.125 6.8125 -1.84375 54.75 66.671875
 178.359375 -13.84375 -53.716796875 -18.2421875 44.875 -8.40625 -1.703125 -27.5546875 -5.90625 -9.2890625
 438.09375 -36.625 -11.5625 8.3125 -29.90625 -27.75 -23.390625 -34.53125 -98.0 54.421875
 163.3125 -28.828125 36.9375 -43.5 41.03515625 122.5625 -29.375 205.21875 -422.0 -98.46875
 271.5 -62.25 -42.8125 11.125 -156.40625 -117.5 -117.875 -113.75 -35.25 104.375
 -6455.0 3902.0 -1290.140625 2045.8125 568.5546875 1391.75 1238.0 -1348.625 676.625 201.1875
 12275.0 -4666.9375 1575.359375 -4672.0 -7094.40625 5277.375 169.75 -374.375 1510.0 -443.25
 -490.05859375 -184.9296875 -112.687255859375 125.53759765625 55.27386474609375 222.451171875 -113.48583984375 -27.3369140625 -19.1845703125 61.89599609375
 102.25 43.125 32.84375 -31.875 -36.03125 21.5 -60.625 -66.0 17.25 36.5625
 71.5 49.0625 -43.71875 -51.6875 -40.28125 -75.25 -30.625 -48.625 7.5 -26.1875
 97.75 24.125 -41.1875 34.5 -5.328125 -2.875 -33.375 -12.6875 -15.375 -13.1875
 121.0 164.75 -32.5 126.0 -53.15625 -63.0 -12.5 69.0 -26.0 -16.0
 -4011.0 -253.375 63.59375 2083.375 -1316.328125 -1231.5 -927.125 1555.25 216.5 -6.3125
 1400.0 -980.0 -536.0 -508.0 539.0 -312.0 1688.0 1228.0 -848.0 -756.0
 208.0 90.0 236.5 -150.0 -156.75 124.0 -733.0 -742.0 344.0 203.0
 2054.25 -842.5625 160.859375 -244.0 -363.9375 162.6875 -90.84375 222.1875 31.625 85.0625
 676.0 -56.0 -450.0 -96.0 -0.5 -320.0 970.0 972.0 -328.0 -326.0
 483.75 329.625 268.15625 -240.0 -57.109375 196.0625 -112.625 -182.28125 143.625 -9.34375
 269.1875 -57.6875 -59.1796875 -22.09375 348.6640625 191.625 147.28125 167.5 75.0625 -153.453125
 89.5 -188.625 38.46875 -200.75 -37.296875 -127.75 44.0625 -81.75 26.125 -59.78125
 127.5 -87.25 18.0625 -234.0 -100.625 -161.5 -152.125 -119.0 40.5 -59.875
 -3932.625 5020.75 -1689.96875 3053.0625 30.65625 2182.5 2150.125 -1996.875 1046.875 232.1875
 3730.0 -986.125 353.078125 82.09375 0.96875 50.875 -42.96875 343.6875 -79.625 -23.484375
 18986.5 -11983.75 1345.0 199.0 -3434.4375 2820.0 182.0 1511.0 1250.0 886.625
 -537.703125 879.0546875 44.00390625 -38.3359375 893.4208984375 -651.609375 187.203125 -643.375 -400.4375 202.2578125
 -12483.5 -351.75 -1376.0 2045.0 1533.4375 -790.0 953.5 -2400.5 -1139.5 746.625
 -664.62109375 -339.18359375 -516.359375 -163.6953125 -92.230224609375 -265.07421875 -24.662109375 67.7109375 -190.140625 198.5146484375
 -40.5 -3.5 59.625 -16.25 76.4375 -65.5 150.25 90.5 -79.0 -78.25
 1410.5 -2307.0 59.78125 -1207.3125 -1812.375 1754.0 -336.875 746.625 855.125 477.0
 125.75 -114.9375 -117.625 98.5 -1.46875 48.125 179.0 50.75 -18.75 41.1875
 418.94140625 -611.5322265625 78.92578125 -388.9228515625 -124.651611328125 -230.80859375 -240.8212890625 244.6181640625 -79.013671875 -22.22607421875
 -630.5 -69.0 -131.78125 -47.125 109.59375 291.75 -15.875 186.75 -184.75 -47.0
 116.0 -203.0 -284.5 14.0 4.75 -86.0 543.0 530.0 -246.0 -56.0
 222.1875 57.5625 -59.125 -222.59375 29.203125 -95.8125 -71.4375 70.03125 7.125 99.53125
 332.0 -437.0 -407.5 -2.0 170.625 -186.0 681.0 432.0 -192.0 -310.0
 232.0 -1.0 26.25 -42.0 -34.3125 0.0 -223.0 -212.5 93.0 -3.25
 29663.0 -38168.0 -1747.0 -7942.5 -8653.3125 -8162.0 -243.25 -6605.0 -3936.0 -5121.25
 -424.0 130.0 130.5 79.0 12.875 -38.0 -445.0 -397.0 276.0 179.5
 155.0 55.5 -139.5 -20.0 -26.75 -72.0 298.5 211.0 -146.0 -188.0
 -32.0 -440.0 -162.0 296.0 43.0 -808.0 2152.0 1992.0 -1232.0 -712.0
 104.0 -7.0 -70.0 -352.0 140.0 -256.0 609.0 490.0 -408.0 -343.0
 -243.0 23.9375 207.5 -109.0 159.1875 188.0 173.625 -68.25 34.0 -238.25
 211.0 -164.0 -120.0 -33.0 53.375 -138.0 383.5 205.0 -218.0 -189.5
 251.90625 130.546875 -189.21484375 54.28125 -33.1484375 19.203125 -66.2265625 125.8359375 -48.734375 17.09765625
 1523.6875 -3070.828125 364.078125 -3530.25 -1217.41015625 68.3125 -839.9375 309.4375 -279.8125 -273.078125
 135.0 -48.40625 -123.75 46.9375 -18.375 106.0 -102.75 15.375 -106.84375 69.3125
 -1724.0 -110.75 -319.4375 385.375 426.84375 -237.0 376.625 -713.5 -328.5 80.125
 319.0 -251.0 -40.625 -41.5 -86.03125 -14.0 31.75 -16.0 27.5 -45.125
 -578.25 51.6875 -106.0625 131.0 28.9921875 152.75 207.875 290.125 -123.75 60.0
 -1360.5 -223.4375 -1256.3125 184.8125 1416.890625 433.25 1631.125 -2591.0625 -413.375 346.5
 355.0 -26.5 -113.75 16.0 49.75 -166.0 400.5 357.0 -140.0 -227.5
 227.75 20.21875 0.359375 -130.625 -54.90625 -59.625 -7.6875 -32.375 37.125 30.9375
 229.0 -87.75 118.875 -181.75 186.5 256.5 -310.5 0.5 -746.5 25.75
 -1756.0 -410.5 -76.125 311.0 -219.1875 -107.0 132.5 84.5 200.0 -42.0
 1314.0 -160.0 -95.25 -246.0 -191.0 -596.0 -468.0 -160.0 -436.0 562.5
 175.78125 56.21875 -33.75 25.75 -31.93359375 27.375 -4.203125 -32.59375 -38.78125 -42.9765625
 -2298.0 -1213.75 -243.5 -373.0 -1919.34375 1627.5 -510.25 599.75 771.0 7.375
 -9093.5 7140.125 -540.7578125 1238.46875 6501.140625 -4712.25 -522.15625 -912.21875 -2352.625 -6.546875
 -45.625 -450.25 19.203125 14.8125 -20.5 -0.125 -28.375 87.8125 -149.625 -23.625
 180.0 80.125 -151.25 111.0 43.96875 65.5 38.5 104.75 -182.0 17.5
 1777.0 -122.0 23.875 -175.0 360.9375 -19.5 -48.25 1.5 -75.0 425.25
 88.09375 -159.265625 43.1015625 -104.09375 -42.765625 -26.9375 59.421875 -27.828125 -3.09375 -87.1875
 1020.6328125 -881.140625 188.6005859375 -580.140625 -409.73876953125 41.890625 -378.84765625 527.650390625 56.109375 -133.1689453125
 311.875 77.65625 -20.09375 -106.125 28.328125 -48.4375 -18.78125 69.1875 -24.1875 0.359375
 -5095.25 -1885.0 -48.66015625 -86801.5 34357.0 -95429.0 39817.0 123838.5 63732.75 82067.5
 -204.5 259.0 -210.0 164.0 32.984375 672.0 -110.25 -171.0 -738.0 245.0
 184.0 -183.75 -459.125 5.0 -413.53125 -552.0 -71.0 -169.75 188.0 -168.375
 417.125 146.25 35.0 66.46875 -94.625 -127.1875 -11.09375 -86.25 -16.5625 35.28125
 1272.0 -1328.0 -96.0 -84.0 189.0 -416.0 1728.0 1536.0 -832.0 -874.0
 81.125 47.3125 -51.8125 32.1875 51.765625 8.75 -43.3125 -16.5 -69.875 40.25
 -3590.875 3683.6875 -2176.875 3081.625 -1969.53125 4444.125 1432.625 1409.75 2951.0 -773.46875
 -595.0 1374.75 -109.0625 164.0 -5.09375 147.0 -369.125 -200.125 -113.25 -157.875
 -173.75 55.75 123.625 1049.25 7.96875 593.25 -468.0 244.375 -299.0 906.375
 165.0 35.25 59.875 484.0 18.25 -23.5 129.75 -70.75 298.0 -201.875
 215.75 38.125 -117.78125 -193.3125 -57.921875 -150.0 -44.4375 62.125 29.125 55.4375
 -42.5 -72.75 102.75 36.25 113.6875 85.5 -100.5 -36.75 21.0 -62.875
 229.03125 -20.203125 -66.9375 -114.0625 28.375 -58.96875 -54.640625 -54.375 46.6875 -6.609375
 60.5 -72.75 -99.5625 -191.5 -52.4375 -237.0 70.0 -108.75 164.5 -173.625
 -905.0 -1400.0 11734.5 -3865.0 5474.0 -1739.5 8317.625 21557.875 -6751.0 -2784.375
 20.734375 2.9375 -1.0 -2.25 2.0859375 -1.8671875 0.2734375 -0.6796875 -0.279296875 -0.85546875
 207.0 24.0 62.375 37.5 -42.5 -4.5 16.75 89.4375 -10.28125 -7.90625
 10.0 -320.0 1872.5 -1599.0 -831.5 -397.0 2030.875 5002.71875 -1057.28125 -1126.0
 92.0 320.0 61.0 -148.0 -146.75 136.0 -688.0 -634.0 300.0 244.0
 -2591.25 1741.75 -295.03125 1450.375 2564.6875 -805.5 869.0 -978.5 -398.75 275.5625
 -115.5 121.65625 -49.9921875 30.59375 13.9375 -12.625 -4.71875 4.71875 3.6875 -26.703125
 33.5 -76.5 49.625 5.25 -43.6171875 71.25 -55.125 -126.5 -52.625 36.9375
 -22.875 -33.3125 -77.875 -111.5625 118.28125 -39.75 173.625 90.0 180.75 -3.5
 186.40625 -23.46875 41.6953125 -62.78125 27.38671875 41.28125 -8.828125 -23.390625 -39.25 27.2578125
 46274.0 -4960.0 596.0 -1392.0 2714.0 -248.0 940.0 1962.0 -4916.0 2886.0
 -10784.0 3952.0 2552.0 480.0 1468.0 1824.0 -7072.0 -6336.0 4224.0 3720.0
 -1304.0 328.0 78.0 132.0 104.0 160.0 -1006.0 -976.0 688.0 416.0
 128.0 -343.125 -7.94921875 -32.87890625 3.53515625 -21.359375 12.421875 -16.37890625 -7.9453125 -2.1494140625
 -55872.0 -4426.0 -4041.0 -1906.0 -17580.0 11456.0 -3482.0 6282.0 8924.0 -2675.0
 346.515625 -368.03125 -71.3125 -371.6875 8.39453125 -32.0 41.484375 60.9375 -121.375 -185.34375
 496.0 -1008.0 -24.0 -212.0 -442.0 -376.0 1664.0 1540.0 -688.0 -690.0
 706.75 -1490.5 -5.6875 -71.375 -146.15625 -32.5 18.0 48.0 -327.75 216.375
 -4493.9375 -7272.03125 7017.734375 -9118.28125 4358.0703125 804.0625 -5232.5 -3374.5 -1205.8125 -4924.0
 476.140625 331.57421875 -747.4375 197.265625 4.328125 608.890625 -199.232421875 -99.625 -116.64695739746094 -31.265625
 3210.09375 -777.34375 388.94140625 -2145.0 -2381.99609375 1777.625 -113.890625 -115.921875 406.84375 -176.6171875
 -124.0 134.0 120.5 98.0 -50.5 40.0 -456.5 -275.0 102.0 161.0
 520.0 250.5 -524.625 156.0 -12.875 -248.0 -296.0 146.5 -444.0 -203.25
 169.0 126.5 -93.0625 -15.375 -46.96875 29.75 -76.875 -85.25 -74.5 -36.6875
