116.0 -58.5 -34.78125 -8.375 -28.46484375 76.125 66.421875 14.0625 5.5 -39.71875
 1613.375 -760.625 -296.5859375 56.171875 649.5390625 -692.09375 111.451171875 101.46875 -403.265625 -32.5625
 168.875 24.875 -31.9375 -31.875 -13.537109375 22.75 -30.2578125 -9.875 -17.28125 -1.640625
 202.0 -10.25 -1.25 68.75 -17.5 -23.0 -115.125 -147.25 -11.0 145.125
 -49.5 47.40625 75.984375 -40.5625 -89.88671875 -120.375 -11.5703125 0.625 23.84375 -44.515625
 -73.25 -14.625 -35.03125 -6.1875 35.359375 66.5 -0.90625 -0.90625 -45.5 -11.4375
 -855.5 -420.875 88.625 -19.546875 96.0 961.75 850.5625 704.26953125 -575.5 -355.90625
 513.75 -371.6875 -89.78125 -192.3125 -314.4921875 136.375 -116.90625 0.78125 -6.125 18.78125
 -2326.0 733.0 -146.0625 -310.625 861.625 -416.25 444.90625 -662.75 -96.75 -275.25
 255.125 -281.640625 -81.7265625 34.78125 -594.0859375 233.84375 12.6953125 -90.4765625 154.5 -36.46875
 1961.0 -332.5 -516.625 -404.25 223.0 405.5 -127.875 153.5 -581.0 -207.75
 -3037.1484375 701.248046875 211.46728515625 -7303.515625 1777.172119140625 -4423.26171875 10612.35986328125 -5650.98046875 -3537.072265625 -2953.81640625
 892.75 -164.34375 0.34375 6.03125 -220.44921875 88.625 -75.5078125 76.84375 11.4375 20.59375
 24188.0 -5387.53125 -1448.1328125 -84.609375 -3294.275390625 2439.59375 -1062.0625 1157.0390625 195.0625 225.09375
 15.4375 39.296875 -36.1953125 4.71875 -0.4453125 -5.34375 -19.91796875 -43.0 -22.90625 60.1171875
 -38.192626953125 46.61083984375 58.21421813964844 -29.961273193359375 -34.05620574951172 34.34112548828125 -8.58880615234375 -26.80743408203125 15.49957275390625 0.8768768310546875
 138.0 7.8125 -46.1875 17.4375 -35.3125 0.625 9.546875 14.03125 -20.125 34.875
 -211.8125 49.171875 194.31640625 -29.80859375 94.803466796875 -290.546875 -53.7109375 44.783203125 -161.78125 4.228515625
 -463.75 274.90625 14.09375 112.28125 121.3203125 -0.75 48.2578125 -19.984375 -15.9375 73.953125
 -47.25 -59.09375 -56.71875 -72.28125 31.0078125 26.0 3.5 -20.65625 -27.5625 -38.40625
 -2148.0546875 -194.253173828125 -2.921875 -2.703125 20.83984375 221.34375 -29.515625 60.00390625 -64.375 66.4462890625
 -2362.875 92.71875 27.84375 -73.65625 -140.77734375 171.8125 -117.8671875 -53.078125 -283.46875 42.109375
 -440.75 81.546875 33.0546875 84.40625 6.8125 -20.125 -32.65234375 -0.0078125 58.09375 26.0234375
 -4252.0 1160.0 161.5 -179.0 194.875 524.0 -264.25 -91.0 -702.0 -176.5
 167.125 43.75 -2.109375 7.5 -12.439453125 -1.25 -36.265625 -32.75 -16.53125 27.640625
 -189.0 487.71875 472.0703125 -610.34375 488.931640625 -628.0 -230.70703125 601.359375 -247.875 -73.9375
 -108.75 -10.84375 55.59375 -43.0 -60.8125 27.125 25.41796875 14.25 12.75 -111.53125
 -2427.75 313.8125 51.0625 18.25 181.81640625 -126.8125 99.734375 -158.203125 -9.5625 -2.625
 -448.15625 172.6953125 -12.8984375 -43.734375 -39.92236328125 32.421875 30.6650390625 31.98046875 51.3515625 -29.34375
 7.125 19.1875 -47.671875 -20.359375 16.3359375 35.1875 2.6796875 -23.875 -11.90625 -18.46875
 -960.0 -507.5 -56.0 -76.0 30.84375 290.0 79.0625 60.5 566.0 -152.5
 1031.25 -177.015625 -107.71875 115.375 -81.794921875 96.75 -72.26171875 67.7578125 25.4375 67.96875
 -4233.25 -117.5 -177.25 -61.5 -894.96875 755.0 -344.5 227.34375 118.5 90.1875
 -348.0 -1288.5 2347.0 -679.0 1401.0 2606.3125 -143.625 -3.125 638.875 -1035.0
 297.875 46.84375 -33.53125 -36.125 28.0859375 -6.875 -58.75 -71.21875 -16.3125 38.21875
 -2367.0 652.625 105.0 98.875 339.984375 -166.25 21.1875 -69.25 -52.875 67.25
 138.375 -10.734375 -64.3671875 -42.796875 6.48828125 89.6875 -7.125 -31.9140625 7.25 -10.515625
 -288.0 96.0 -1854.0 5.0 -29.0 508.0 1216.25 148.0 120.0 -239.0
 12.15625 -48.578125 -175.59765625 14.03515625 22.172607421875 21.21875 -91.281494140625 -55.3671875 28.453125 83.953125
 -2973.25 294.1875 40.40625 14.75 9.3359375 -150.25 5.046875 52.375 72.1875 226.71875
 -85.5 -32.5625 -10.65625 22.625 -9.58203125 46.0 77.8359375 -17.546875 -29.75 52.90625
 45.75 -42.25 -0.84375 -45.3125 13.8671875 35.25 -13.921875 -89.25 42.5 -13.6875
 71.375 -25.625 -114.875 -56.25 -11.89453125 48.75 -6.65625 62.8125 -43.25 -61.046875
 82.125 11.4375 -14.78515625 15.375 -15.771484375 -5.84375 -6.607421875 -26.8203125 -3.125 17.3984375
 -71.25 -228.5625 67.0 178.125 -196.86328125 4.875 -413.109375 540.96875 -205.5 -5.84375
 196.0 14.0 -62.5 -68.0 -18.3515625 59.125 -38.375 -58.578125 -35.125 -1.546875
 -26.609375 -24.22265625 -27.12890625 30.39453125 15.343505859375 -27.03125 24.96435546875 -5.6953125 53.765625 0.65234375
 -6366.0 1471.5 -299.125 216.75 761.65625 62.0 447.875 -1064.75 -231.5 -242.75
 1030.0 -678.5 -138.0 -208.5625 -467.75 272.0 -178.234375 90.40625 32.5625 -1.25
 5999.0 -95.75 883.375 -2364.25 -4308.515625 3930.5 834.96875 -2811.75 2141.75 -443.875
 -156.75 -41.375 -36.34375 -38.25 51.6328125 55.625 59.484375 -33.78125 5.625 -73.71875
 3096.53125 2142.390625 -327.23046875 178.296875 48.9287109375 659.0 24.51171875 890.02734375 352.25 -226.19140625
 38.0 59.5 32.9375 6.125 -25.953125 -30.75 151.03125 49.25 -20.25 30.375
 1063.25 -174.15625 -26.75 17.578125 49.51953125 -37.71875 41.46484375 -19.7265625 -70.53125 -28.8984375
 770.4375 -69.2734375 -52.25 27.265625 -12.654296875 39.09375 -118.474609375 222.203125 19.1875 34.984375
 -5709.75 516.5625 83.75 -140.4375 320.4609375 -414.5 300.46875 -478.8125 -158.0 -253.5
 15.5 23.5 75.375 -40.0 -26.4296875 -13.5 15.25 -22.125 47.0 -35.25
 175.875 41.6875 -47.671875 -21.96875 -4.96875 -26.875 -23.1953125 11.03125 -9.25 18.0
 201.5 27.125 39.0 -10.75 21.1640625 26.375 -15.9375 -76.25 24.0 17.84375
 48.75 63.3125 -4.90625 3.6875 -25.60546875 -20.625 -12.09375 -13.125 -7.125 56.8125
 703.0 -80.375 -84.0859375 -49.4375 -44.646484375 -30.0625 47.7265625 -16.109375 -154.9375 121.78125
 -25.0 -68.78125 -12.984375 -67.5625 3.2109375 57.0625 31.890625 -42.34375 36.4375 -48.75
 162.375 45.421875 51.6796875 20.4375 -68.4609375 -80.125 -81.95703125 -20.4765625 -50.5 31.0078125
 66.5 8.171875 -18.9921875 -46.59375 10.9482421875 12.25 3.2900390625 -25.921875 -15.125 -6.109375
 1.375 288.75 17.0 -5.4375 234.40234375 33.0625 107.234375 -65.875 -48.5625 -43.859375
 769.0 67.75 91.1875 36.25 13.75 -9.5 65.6875 -8.125 21.25 -30.75
 2473.625 -1151.4765625 -47.57421875 -1402.484375 720.4404296875 -357.625 111.921875 -4.890625 34.75 -88.546875
 11840.0 -774.0 -371.25 392.5 816.3125 1021.0 464.875 213.75 -431.0 -767.0
 939.0 89.0 64.875 -268.5 68.46875 4.5 -63.625 -113.875 -248.0 -162.625
 815.734375 -237.5625 -95.443359375 133.984375 -106.34912109375 81.6796875 71.453125 -130.98828125 33.20703125 -26.455078125
 -873.5 406.75 105.25 -103.875 340.40625 -268.5 169.34375 -81.875 26.875 -39.6875
 2062.0 698.5 217.5 -218.0 74.6875 419.0 -231.0 102.5 -441.0 -510.75
 -312.125 254.9921875 1181.8173828125 642.17578125 273.6904296875 908.625 249.2021484375 617.7529296875 259.32421875 -929.396484375
 109.75 6.09375 -10.6328125 -21.375 17.70703125 16.25 -17.57421875 -49.75 -4.4375 6.21875
 -37.5 1.21875 -156.3125 -76.125 145.5234375 54.125 44.390625 -118.453125 -44.375 46.8125
 -707.6875 151.0859375 27.974609375 -36.11328125 85.88427734375 -77.3125 39.6591796875 -49.3984375 -1.875 -7.19921875
 -385.359375 9.7890625 129.7509765625 -104.39453125 -87.10498046875 -51.28125 7.1630859375 93.951171875 -16.68359375 30.4404296875
 118.125 17.53125 23.2109375 20.15625 -102.52734375 -84.25 -21.4140625 50.71875 -23.75 28.96875
 147.0 87.375 61.21875 -99.125 17.703125 136.875 -88.03125 -150.625 -43.375 -64.59375
 -893.5 -14.3359375 -23.27734375 -218.98828125 -63.362060546875 -42.75 -130.8994140625 9.392578125 32.63671875 -98.7529296875
 1582.125 -918.3125 -320.7890625 360.296875 662.701171875 -729.9375 32.76953125 134.2578125 -480.1875 -15.3515625
 15.75 0.71875 -12.15625 3.8125 4.52734375 16.25 -7.5703125 -28.21875 -10.875 33.53125
 780.75 -100.5625 6.875 18.5 95.40234375 -28.5 11.390625 38.125 -32.0 -74.0625
 1111.75 -206.875 -2.15625 -76.1875 -78.39453125 -33.625 -16.5078125 33.375 -28.875 -41.9375
 140.375 -3.5 -20.328125 25.28125 -9.26171875 11.375 47.4609375 -8.71875 9.125 7.625
 -582.5625 -79.546875 -61.828125 -86.0546875 11.82421875 -12.421875 42.66796875 -100.64453125 -0.640625 -31.16015625
 696.4375 77.234375 -113.21875 89.265625 27.1162109375 182.75 4.37890625 -8.5625 82.78125 43.96875
 -968.0 87.0 135.25 -12.5 -84.0625 1194.0 -476.125 -541.75 -383.0 -740.25
 133.75 48.1875 45.578125 5.8125 -37.26953125 -33.5 -12.30859375 -12.625 -5.0625 6.265625
 -483.625 123.9375 7.0 160.65625 -67.25390625 152.0625 -82.6953125 45.46875 89.0 52.734375
 9.0 10.625 -75.03125 11.90625 33.3359375 17.4375 -24.8359375 -31.328125 -7.5 14.140625
 1230.0 166.5 69.0 -33.0 113.53125 373.0 -256.25 -247.75 -176.0 -467.25
 -198.65625 -20.259765625 40.0478515625 42.8046875 -10.544189453125 7.9140625 -10.32763671875 49.853515625 90.64453125 49.5048828125
 -25.375 27.421875 -37.421875 -1.96875 -1.611328125 21.5 -1.40625 -46.15625 -28.4375 27.34375
 2137.0 -18.828125 1284.078125 -921.859375 -34.42578125 -1291.46875 -1466.3515625 2452.1796875 -548.375 132.96875
 2718.25 -1545.90625 -533.48828125 438.265625 -1057.935546875 649.75 -121.763671875 -215.171875 219.1875 32.98828125
 70.25 -7.90625 -45.625 -13.1875 17.294921875 26.5 24.6640625 -5.4375 -29.75 15.09375
 82.25 -205.875 -27.75 -201.125 -152.83984375 9.375 14.8125 -0.5625 -20.25 -24.1875
 116.0 -43.25 -12.140625 -20.78125 -19.9580078125 14.8125 62.1015625 -13.5625 53.1875 -64.71875
 192.125 -44.671875 -65.1171875 -66.28125 21.265625 63.375 -17.41796875 -50.5234375 -40.8125 13.5
 3174.5 -1064.625 -316.4375 718.75 -1421.1875 930.25 -814.0 494.125 522.25 446.625
 167.5 63.125 -27.09375 -66.0 -16.328125 12.625 -64.23046875 -29.46875 -20.375 73.0
 74.625 -3.5625 -8.90625 -23.6875 -4.814453125 20.5 -3.52734375 -15.109375 -7.09375 -19.671875
 -56.0 6.0 -294.0 620.0 -109.875 -1096.0 1032.0 1083.0 806.0 1505.0
 44.5 36.162109375 -2.4677734375 -1.47265625 -0.271240234375 5.2578125 -10.631591796875 -9.40234375 -24.6953125 5.1201171875
 -30.0 9.59375 8.40625 -39.28125 12.83984375 37.9375 -47.328125 -55.640625 33.5625 -31.078125
 -54.5 72.25 81.875 163.75 -225.796875 -157.0 103.0625 133.5625 -59.75 71.25
 792.15625 -1127.550537109375 -4605.0142822265625 -2153.47412109375 -1221.4480285644531 -3291.712890625 -1596.9646606445312 -2018.8505859375 -918.68115234375 3511.96484375
 -212.0 -4.75 -22.875 -129.75 -21.5625 -1.0 -2.25 -38.75 -6.0 -183.5
 89.75 37.09375 32.2578125 1.0625 -17.751953125 -29.6875 -1.0625 -24.046875 -6.46875 33.03125
 130.75 41.25 -29.84375 57.4375 -19.15625 -29.625 30.6875 -76.21875 -6.75 138.3125
 212.5 96.5 -63.375 -227.125 -19.265625 71.25 -29.90625 -68.625 39.25 -62.75
 141.0 31.625 -10.515625 -29.6875 4.54296875 -1.6875 -41.1484375 -7.125 -40.75 15.34375
 -3541.375 740.0 34.0625 324.953125 66.822265625 -22.65625 47.55859375 -184.46875 30.5625 335.0859375
 842.9375 -358.671875 -25.015625 -17.3125 -239.349609375 55.3125 -66.2421875 -0.0234375 -9.40625 -19.8125
 88.5625 31.328125 -37.890625 -11.421875 1.11328125 17.03125 -7.5859375 -34.0546875 -22.25 22.625
 -3426.0 2450.65625 -781.375 -420.125 -951.328125 3852.6875 -219.0 -778.0 820.25 934.875
 10806.75 -734.796875 421.296875 88.609375 1321.9033203125 -1605.53125 736.509765625 147.703125 -283.09375 -26.8046875
 2237.0 -66.125 -26.28125 18.390625 75.296875 73.1875 46.80078125 49.234375 -107.21875 -160.15625
 -17728.0 6726.0 3888.0 452.0 11789.75 -10088.0 5084.0 -2160.0 -1764.0 -1367.0
 -45.75 -45.0 20.8203125 -1.421875 -41.3818359375 -10.5625 0.484375 -7.29296875 3.75 -25.80859375
 -7385.0 828.0 70.71875 109.25 393.78125 -229.75 308.109375 -484.765625 -103.375 -101.1875
 67.0 -9.75 36.09375 -24.875 -15.50390625 -8.0 13.4609375 -47.5 30.9375 3.84375
 1300.0 -59.0 -124.5 -386.0 46.375 140.0 -295.625 -151.25 -442.0 -441.0
 149.0 27.5 -68.375 -22.5 64.15625 66.5 -25.90625 31.75 -121.5 17.5
 112320.0 30440.0 31116.0 3272.0 81356.5 -43408.0 34810.0 -7272.0 -29936.0 -19328.0
 282.046875 46.27734375 -10.02734375 14.64453125 14.56005859375 32.640625 -43.82421875 -40.62109375 -52.046875 -22.1328125
 1854.0 -1592.75 649.609375 647.875 2677.724609375 -1130.5 -546.21484375 -23.109375 -686.5625 406.96875
 -74.3125 -110.65625 -329.421875 368.015625 -195.0439453125 351.96875 99.421875 -254.578125 212.296875 41.0546875
 7922.0 2320.75 1499.0625 -379.875 -601.8203125 -327.75 -1678.25 -560.3125 -1575.625 -679.3125
 -1891.46875 5.9140625 6.640625 -47.125 -80.9091796875 25.609375 -51.595703125 31.3515625 26.0390625 -9.49609375
 118.5 -87.6875 -155.3125 -15.3125 -22.40625 25.125 137.6640625 -29.5625 118.5 60.90625
 -1294.375 281.53125 -100.03125 -152.90625 345.80859375 -128.6875 260.1796875 -307.671875 -108.625 -28.140625
 -22.0 308.9375 122.125 -60.625 -252.21875 -35.625 74.125 -25.90625 91.5 17.3125
 807.25 -67.5625 -2.6875 -11.4375 32.125 -23.125 12.46875 10.71875 -59.125 -38.125
 -493.0 -240.25 -169.25 262.5 -87.1875 -11.0 80.625 -68.6875 72.75 57.5
 577.96875 -116.5078125 43.6015625 15.6875 -57.435546875 0.859375 -48.81640625 69.625 -3.546875 1.4375
 3641.5 -6186.625 -954.15625 -2017.5 5389.53125 -3507.25 -633.625 1496.625 -1622.75 -144.53125
 111.75 3.5625 1.15625 -3.7578125 3.34423828125 12.234375 10.138671875 -5.0859375 -4.28125 -5.67578125
 161.0 -19.75 -77.28125 -25.75 -3.578125 53.0 40.046875 -8.75 15.0 9.1875
 127.0 428.875 327.3125 -1466.875 -826.90625 978.625 597.265625 -988.34375 676.8125 -248.46875
 -466.484375 203.19921875 -7.126953125 -59.0625 179.923828125 4.421875 99.7314453125 -105.126953125 -46.09375 -45.677734375
 -55.375 25.15625 -76.671875 -28.875 2.9765625 33.3125 -51.375 -13.328125 -78.625 -18.265625
 -384.75 214.3125 132.5625 -10.1875 -40.9453125 -54.625 114.78125 41.96875 33.1875 -27.5625
 2111.1875 -295.78125 -48.4453125 -1.140625 -195.876953125 152.625 -116.265625 118.328125 34.09375 8.015625
 190.375 74.3125 -81.890625 19.125 62.46484375 13.375 -22.84375 -74.46875 -25.0 68.8125
 59.5 24.0 -17.625 -5.3125 -25.96875 19.75 -8.40625 2.0 -39.75 42.125
 141.5 32.0 16.0625 27.625 5.203125 -18.375 7.84375 -1.1875 8.375 22.78125
 143.25 45.1875 0.375 -5.375 -29.699462890625 -26.125 -25.765625 -12.453125 -26.25 20.546875
 63.25 -8.25 -47.09375 -66.875 3.953125 13.5 -12.1875 -106.375 51.75 41.65625
 8412.0 -1668.0 -920.25 199.0 -361.875 86.0 63.3125 -145.25 -426.0 121.0
 2929.8125 -1069.140625 1367.265625 -1266.4921875 -420.251953125 607.609375 -19.583984375 -925.87109375 575.0859375 145.25390625
 -730.125 185.859375 62.796875 -96.453125 224.412109375 -155.5 144.6640625 -90.984375 -74.21875 -67.7109375
 648.25 -105.1875 -35.53125 -60.1875 -15.744140625 -24.0 2.05859375 7.96875 -76.875 -39.296875
 167.6484375 35.7958984375 89.51025390625 22.025390625 -27.2200927734375 87.1044921875 -115.6092529296875 30.197998046875 -7.9599609375 -6.666748046875
 321.4375 14.265625 -117.25 -10.1875 96.59375 237.6875 15.0625 46.25 -167.875 -194.625
 152.0 26.875 46.8125 -42.75 32.171875 78.375 -95.5625 -106.3125 -74.25 -60.375
 141.25 -61.8125 59.25 -45.71875 42.828125 87.125 10.0078125 -31.203125 24.1875 -50.96875
 96.375 -47.5625 -49.1015625 -19.296875 8.6630859375 53.21875 25.97265625 -28.984375 -2.59375 -9.8671875
 113.0 5.5625 -26.8125 -59.1875 41.15234375 71.0 -24.6484375 -57.0 1.25 25.6875
 -363.6875 -72.109375 -44.681640625 21.0078125 55.13232421875 -68.625 5.314453125 105.60546875 37.671875 -50.2421875
 -1968.0 -976.0 364.0 -892.0 -466.25 232.0 591.0 1424.0 -76.0 -3826.0
 -160.25 -448.171875 -407.375 228.8125 -423.27734375 594.375 41.80859375 -341.5234375 218.3125 113.03125
 -7.5 -73.375 -255.75 -50.625 47.859375 115.75 -17.9375 -64.0625 -86.125 73.5625
 9879.5 -3281.84375 128.53125 -416.75 -1916.0078125 390.75 -904.953125 1528.25 766.5 219.84375
 -609.0 -70.375 15.25 -92.5 -206.515625 147.75 -133.75 -34.5625 21.25 50.5625
 -9918.0 1486.25 444.875 -333.5 -446.875 218.0 -9.4375 72.75 494.5 315.375
 89.5625 63.5 -2.203125 -157.109375 54.4990234375 276.28125 -256.5859375 -182.2890625 -192.703125 -152.0390625
 -476.875 153.78125 -2.9375 361.5 333.63671875 -110.375 17.15625 -6.25 79.875 13.46875
 1038.25 411.1875 280.375 -684.1875 109.984375 -194.875 406.109375 -62.625 70.3125 -301.375
 127.25 73.75 -34.65625 21.53125 -2.22265625 -27.625 -35.4765625 13.390625 9.125 -33.296875
 174.25 95.4375 69.96875 296.375 93.625 -414.875 215.8125 115.71875 192.125 194.96875
 -566.0 -112.375 -5.3125 -32.25 29.203125 -8.0 46.03125 81.125 2.75 -187.5625
 -2296.9375 24.734375 174.40625 -143.6875 -151.1640625 120.0 -22.5625 -83.4453125 3.25 -52.4375
 200.103759765625 53.6485595703125 -57.35205078125 -12.77197265625 -47.68267822265625 -12.43603515625 -75.6826171875 53.89208984375 -41.966796875 -89.9462890625
 327.0 -32.5625 27.875 5.125 -27.7890625 17.25 25.921875 11.1875 -79.6875 38.09375
 -1804.6875 -440.890625 -0.91796875 1714.2109375 161.0322265625 -414.015625 -407.0859375 29.8203125 -518.0625 151.91796875
 918.0625 -794.203125 -340.828125 759.65625 185.12109375 -335.5625 -359.666015625 485.57421875 -265.359375 203.30078125
 -163.28125 -61.20703125 -156.5908203125 -4.853515625 66.321533203125 96.06640625 -34.35546875 -66.138671875 -1.470703125 -44.01171875
 -136.0 -16.75 57.75 -39.25 -15.2578125 -26.75 -5.765625 21.6875 4.625 -35.1875
 -318.0 -120.125 -9.125 -10.375 -2.734375 -22.5 34.59375 41.3125 33.5 -155.1875
 195.625 97.953125 -19.4453125 -21.34375 10.740234375 34.4375 -4.15625 30.515625 -20.890625 -62.3984375
 137.5 48.5 0.5 2.4375 -44.78125 -20.5 -26.953125 -19.3125 -11.0 61.03125
 694.53125 249.3046875 133.693359375 -24.6953125 78.8525390625 51.8125 -5.5478515625 -126.126953125 37.296875 53.33984375
 145.5 -115.25 -113.125 -57.625 87.71875 41.5 -17.59375 -68.75 -5.625 29.0
 90.25 -43.875 -39.734375 -29.1875 19.822265625 23.25 30.5078125 -67.0 23.875 16.0625
 -1827.125 306.0 76.5 87.28125 45.212890625 24.8125 -36.2578125 6.34375 13.875 -0.84375
 -239.25 -8.6875 -97.6875 -50.25 33.208984375 44.0 -48.3359375 -48.84375 -46.8125 6.46875
 648.0 56.9375 -68.09375 106.5 20.830078125 36.25 12.671875 62.375 -150.25 59.125
 44.6875 -21.6953125 23.73046875 4.328125 -10.4990234375 -16.0 29.703125 5.4921875 36.96875 1.14453125
 423.0 58.9375 -81.421875 -171.109375 -69.208984375 -140.0625 -157.015625 -45.1640625 -52.375 41.9609375
 172.5 23.375 21.78125 -82.9375 42.4921875 -15.0 -177.40625 -89.359375 104.25 -72.859375
 -200.0 -733.375 -296.46875 362.5 -116.640625 -66.75 21.125 -292.46875 -202.375 -76.53125
 1205.0 -73.1875 -71.0 54.09375 -61.3203125 205.5 -115.34375 -4.78125 -98.5 -51.21875
 8740.6875 -1666.4453125 389.8125 269.0 -469.46875 337.0 54.875 842.5625 734.5 364.328125
 34672.0 -9603.0 -1176.0 737.0 -6603.625 2738.0 -3890.5 3443.5 28.0 -275.0
 44028.0 -8670.0 -2668.0 466.5 -6539.875 5004.0 -3638.125 3059.5 1845.0 473.0
 90.1875 -466.8203125 -338.63671875 339.7734375 -139.8671875 -194.03125 9.7998046875 167.6640625 -240.359375 -197.8828125
 159.0 27.4375 19.59375 15.59375 -6.03125 -26.8125 -25.60546875 -13.234375 -14.78125 30.3125
 1114.0625 -124.21875 -64.2265625 26.0625 29.724609375 11.875 70.51171875 -79.875 -187.90625 -125.8046875
 -752.0 1.25 -270.25 98.5 74.3125 16.0 51.65625 216.0 56.5 -92.5
 475.8948974609375 -131.33273315429688 -137.0848846435547 31.565750122070312 16.68051528930664 -35.8878173828125 28.786396026611328 43.66698455810547 15.312713623046875 -4.0622406005859375
 -412.25 53.375 -10.125 3.6875 14.9296875 -14.375 -12.59375 -32.6875 -10.625 26.5
 89.25 0.0 -108.875 -8.84375 65.5390625 -2.25 -2.703125 15.8125 -47.25 -13.03125
 1278.125 1281.53125 -202.625 111.96875 66.44140625 -112.375 -483.2578125 -39.234375 30.96875 -29.671875
 155.625 30.28125 -32.546875 -10.625 -6.544921875 -1.5 -3.34375 -44.859375 1.25 43.703125
 -24.75 10.4375 -29.71875 -7.625 -21.6015625 11.625 9.375 -18.0 -2.625 22.6875
 8877.75 -588.9375 2069.953125 -318.6875 -764.4375 618.0 -475.0703125 -987.28125 466.875 707.625
 168.125 6.4375 -17.71875 -7.125 -11.732421875 5.6875 -14.296875 -42.421875 -14.46875 15.671875
 378.5 29.5625 4.0625 19.75 -66.0234375 -16.25 -35.140625 -0.6875 -44.3125 53.90625
 9.5 -36.625 -46.53125 95.65625 13.587890625 -22.0625 -33.03515625 -36.96875 -10.65625 60.15625
 41.25 27.421875 -81.390625 -19.625 18.607421875 65.6875 -36.59375 -74.15625 -56.625 25.1875
 537.5625 136.5234375 -49.71875 -85.25 -139.765625 -48.5 50.8125 139.75 -92.25 3.0859375
 86.0 -59.375 -60.1875 -15.25 -32.25 -0.25 1.6875 -25.375 6.0 38.875
 -1014.5 -731.03125 159.5625 383.46875 39.609375 282.6875 575.328125 43.09375 138.9375 182.953125
 -284.890625 -57.7197265625 -827.9453125 141.6875 826.2798461914062 -753.14453125 111.564453125 711.9033203125 -460.986328125 -170.0
 726.0 -74.5 1382.0 636.0 391.25 -752.0 -340.0 -37.5 1565.125 -1205.25
 -7942.25 359.1875 502.46875 175.3125 -129.63671875 -283.625 -444.4140625 333.625 -45.9375 126.84375
 225.5 -0.625 106.875 -36.875 -40.1875 -93.375 -37.53125 9.0625 5.875 55.0625
 195.0 37.25 255.0 -94.5 -61.0 -31.5 -12.53125 -183.375 -19.0 70.75
 -18.0 1363.5 1087.0 -862.625 431.171875 -826.5 -912.34375 1643.5625 -141.0 232.75
 19.5 16.0 -49.5 16.125 3.71875 -3.75 -16.21875 1.21875 -44.0 44.59375
 355.125 146.28125 -108.46875 -202.8125 -112.19921875 -99.4375 -220.5078125 -31.015625 -75.28125 19.109375
 37.25 -2.96875 3.296875 -13.28125 -7.37109375 -57.25 -19.0390625 -25.53125 12.3125 1.984375
 -1827.5 360.3125 86.625 -270.125 -231.61328125 96.5 -27.640625 -36.0 30.625 61.1875
 -1758.5 -0.25 -65.25 -65.125 -1.203125 63.75 -114.328125 -64.53125 22.625 21.8125
 -348.9375 59.8515625 21.93359375 17.6015625 12.123046875 -8.34375 1.880859375 33.49609375 -70.25 -12.36328125
 -3120.90625 576.9375 -99.75 -139.9296875 500.5205078125 -195.953125 344.51953125 -501.80859375 -100.875 -85.2421875
 -6487.0 869.1875 -429.0625 -1922.875 751.78125 173.5 898.8671875 -1059.96875 262.0625 -260.90625
 -1885.0 326.1875 108.875 116.5625 200.72265625 -68.25 110.953125 27.625 35.75 77.25
 107.0 55.625 119.25 28.625 -54.6328125 96.5 19.84375 53.625 -57.5 -63.5625
 -967.5 161.625 87.3125 23.625 9.375 16.0 3.78125 61.8125 -79.375 -22.75
 164.25 139.078125 -25.296875 -172.0625 -112.1435546875 -90.9375 -177.001953125 -53.1328125 -58.484375 3.2421875
 141.25 -129.6875 -47.8828125 212.609375 40.6796875 -30.96875 4.28125 -7.6328125 -39.59375 -25.90625
 116.71875 173.26171875 -43.462890625 -51.78125 9.16162109375 -14.8125 -127.6357421875 -19.76953125 -38.9921875 11.697265625
 55.9375 -385.45703125 1318.3046875 300.703125 -52.625 176.40625 130.375 -201.359375 290.0 -367.515625
 -306.0 67.875 -109.3125 -3.5 124.25 95.5 -103.375 -40.625 97.0 -94.625
 3112.0 -285.0 -511.0 -161.0 411.75 874.0 -230.5 -826.0 22.0 -1590.0
 -1256.0 -55.0 42.5 35.0 182.96875 -323.0 0.1875 3.0 192.5 404.75
 -206.0 28.5 23.625 61.25 -137.984375 -24.0 63.0625 80.25 -63.5 51.5
 1702.0 113.0 94.25 81.0 -122.71875 -29.0 -27.75 -39.75 -56.5 232.5
 2778.71875 -3.984375 88.2724609375 -620.74609375 -578.371826171875 615.11328125 28.337890625 -64.2431640625 412.5 48.5146484375
 -2510.0 -1240.25 32.875 -1405.25 -1303.6875 217.5 -206.125 -359.375 -585.5 61.625
 262.5 43.609375 30.9765625 -50.03125 22.34765625 26.8125 -26.6171875 -48.4375 -5.03125 26.5078125
 -123.25 20.0 -54.03125 -3.375 2.8515625 -34.75 -33.609375 -19.4375 -53.6875 21.46875
 -400.6875 -361.2109375 202.265625 501.5234375 98.58203125 422.4375 530.421875 21.3203125 244.140625 118.5390625
 131.25 -16.09375 -74.65625 -11.84375 23.26953125 28.125 -3.546875 15.03125 -12.125 0.65625
 -20.75 21.4375 -35.3125 -14.0 26.5546875 5.0 -62.59375 -64.71875 -4.5 21.09375
 37.0 -28.375 59.8125 -99.625 70.46875 158.0 -59.5625 74.9375 -2.75 -372.3125
 158.0 -341.0 867.5 411.0 -9.0 384.75 -13.75 -698.625 463.5 -178.609375
 36.625 5.0 0.5 1.25 0.125 1.4453125 -0.10546875 0.32421875 0.09375 -0.2421875
 199.5 74.0 619.375 -130.625 -207.625 -35.7421875 -64.23828125 -298.39453125 288.71875 -28.0859375
 80.5 338.0 -1273.5 -295.0 66.5 -192.4453125 42.875 889.8125 -601.875 141.5625
 81.875 14.6875 -66.765625 -30.71875 22.37109375 17.6875 -58.8203125 -87.390625 -4.25 26.09375
 -630.0 37.75 -368.0 -501.25 253.984375 241.0 471.15625 -564.0 187.0 -45.0
 798.75 127.9375 -22.21875 -40.875 94.09375 69.75 -61.3046875 34.5625 -63.1875 -95.59375
 -242.5 -338.0625 40.1875 159.125 -15.20703125 -305.375 278.84375 145.40625 163.5 196.65625
 -887.5 -83.625 80.25 573.75 -85.015625 -923.25 794.25 569.375 682.5 576.0625
 940.0 240.0 163.3125 -66.375 103.328125 150.5 -130.9375 -2.625 -236.25 -241.5
 -224.25 83.5625 -42.71875 97.0 -37.603515625 -28.75 17.14453125 18.34375 47.375 -6.1875
 45.5 -23.375 -10.0625 -48.875 -45.890625 84.75 65.53125 88.5 -46.625 -146.625
 84.625 27.53125 -74.3125 -63.125 12.3330078125 18.8125 -88.390625 -50.671875 26.8125 39.75
 119.0 -219.578125 -50.8125 -18.083984375 -11.169921875 -7.95947265625 6.89501953125 -6.0322265625 -6.381591796875 -1.5748291015625
 1588.0 -627.0 -37.8125 -201.75 -99.3828125 -94.0 -9.828125 132.375 151.25 -178.0625
 -2156.0 -2509.0 -162.0 -728.0 460.796875 1524.0 754.5 -1630.0 -172.0 941.0
 -22.0 54.0 19.8125 12.5 -24.5 3.0 -46.4375 53.25 -20.75 4.5625
 200.625 222.40625 -80.703125 44.40625 13.423828125 121.5 117.2578125 -6.609375 -166.4375 45.15625
 -12715.0 -5688.3125 1580.03125 793.25 967.7265625 -2051.25 -504.328125 -2596.9375 -1216.0 863.0
 811.1953125 336.1015625 -228.640625 -402.732421875 289.2685546875 300.880859375 -345.525390625 49.09375 -133.4833984375 46.173828125
 106.90625 253.80859375 -17.197265625 -303.69140625 56.4990234375 66.578125 173.6962890625 -139.73046875 81.9140625 -76.318359375
 98.75 71.15625 78.546875 10.71875 -21.390625 -25.375 -55.984375 12.71875 25.0 -43.828125
 0.5 -117.875 -1.5625 -22.375 3.5625 29.25 50.65625 -101.875 68.0 6.6875
 81.625 -21.15625 -21.15625 -38.4375 14.62109375 55.875 -17.296875 -4.2265625 -36.40625 -67.6328125
