-70.0 68.5 10.0625 -155.0 254.75 134.0 -255.75 -93.0 -215.0 466.0
 -747.15625 -101.296875 86.263671875 -455.71875 194.5703125 334.125 254.10546875 -310.0625 -28.53125 -11.03125
 82.0 -5.25 88.4375 -32.0 -47.75 -66.0 29.5 46.0 -97.5 1.75
 759.25 256.375 -203.5625 -307.0 -77.875 181.25 -173.375 25.5 -219.5 151.0
 -16.0 866.0 376.5625 -596.5 -576.0 -92.0 -265.0 -88.0 -160.0 -111.75
 -80.0 81.0 93.625 -26.0 -84.25 57.0 108.75 -81.0 -38.0 -219.5
 5036.0 -2806.46875 3984.0 -1708.0 -1792.0 -3392.0 -10148.0 -8442.0 698.0 -835.5
 672.0 -2620.0 -873.5 1260.0 121.0 -368.0 763.5 -64.0 -358.0 84.0
 -3840.0 21984.0 7251.5 2328.0 7634.0 -1464.0 330.0 -4768.0 -1252.0 3286.0
 -1849.5 -6516.0625 3680.953125 5194.5 -4721.5625 7516.5 884.3125 -2999.5 -113.125 316.125
 32.0 -285.0 -538.125 -743.5 -653.75 294.0 -220.0 -3.0 -373.5 224.0
 -581.28125 2974.640625 -6512.521484375 301.671875 3697.6484375 761.734375 5597.8359375 -833.6875 -4260.28125 -4309.7890625
 644.1484375 -187.83984375 -180.39306640625 91.11328125 -112.048828125 -121.375 -5.9560546875 90.3359375 14.32421875 3.283203125
 -300.40625 -58.125 -38.912109375 -110.9609375 126.4140625 26.71875 131.619140625 -120.578125 -53.5 -109.078125
 207.5 95.25 -7.84375 -80.5 0.625 23.5 -45.5 31.5 -113.5 36.75
 2014.25 -3841.28125 -673.19921875 -707.484375 -322.5546875 1091.6875 720.390625 -700.875 -7.03125 -63.953125
 233.0 224.0 7.125 -149.75 -10.25 -41.5 -292.5 94.5 -225.5 311.5
 -115.04296875 123.3740234375 -137.265380859375 -771.94921875 255.53564453125 -116.021484375 299.218505859375 -223.353515625 -126.03515625 -63.85986328125
 2321.0 -512.5 -22.0 600.0 351.0 69.5 185.0 -54.0 -143.5 -168.25
 213.375 -209.71875 68.0703125 -196.625 43.0625 15.0625 -216.6875 121.875 -318.875 215.8125
 25585.375 -853.5 1003.5 -1372.0 277.75 202.0 -1994.0 -262.0 -2352.0 36.25
 -1589.0 16.0 101.5625 26.75 -228.9375 142.75 42.75 -203.0 81.75 57.625
 -364.75 138.125 305.3125 156.0 69.875 -120.25 -0.375 63.5 104.875 -96.125
 27852.0 -2896.0 -2244.0 1383.0 643.5 1354.0 -827.0 -1096.0 -2604.0 -86.0
 183.0 22.75 107.6875 -36.5 17.5 -28.0 -10.0 44.0 -85.0 -82.0
 -1580.0 15019.0 -14593.0 12042.0 -8288.0 -26158.0 -11348.0 11252.0 -3498.0 -3314.0
 266.0 -96.5 90.3125 15.5 -48.25 65.0 -95.5 -47.0 -107.0 -19.0
 -211.5 35.4375 0.0546875 180.625 -101.53125 -102.875 -26.859375 23.125 -30.8125 -17.25
 -1234.75 1036.15625 864.03125 -2320.5 2839.609375 -1124.125 1037.015625 -231.0625 -336.75 -311.21875
 306.0 59.625 71.15625 -78.25 -2.875 14.0 -119.5 17.5 -174.0 163.5
 220.0 -129.625 11.9375 153.25 50.625 1.75 -27.125 -21.75 -26.25 135.0
 194.875 -1778.765625 -494.5546875 -116.375 -280.0625 346.5 256.09375 -353.25 -261.1875 -196.5625
 10260.0 -4377.0 -1828.75 680.0 -482.25 -810.0 -214.0 -177.0 -828.0 77.25
 500.0 26.0 868.5 107.0 -640.25 -838.875 562.75 -268.75 278.0 -73.75
 299.0 54.375 24.09375 -108.5 23.9375 13.25 -68.6875 70.75 -132.5 29.875
 -1140.5 74.75 -352.875 -629.5 -124.5 -78.5 -190.5 93.0 -240.0 173.5
 658.375 -10.25 76.015625 -131.8125 -1.90625 210.0625 -272.15625 -6.375 -188.1875 281.34375
 -1871.0 -807.875 1014.5 1482.875 -681.25 -588.75 731.75 285.75 329.5 1003.375
 45.5234375 -760.8203125 647.73095703125 745.5078125 -363.6728515625 190.1875 -161.6376953125 164.546875 62.16015625 -14.689453125
 3049.5 -2055.375 -925.1875 245.625 -39.375 -138.25 295.75 15.0 -155.5 -282.375
 205.0 -89.25 -64.875 -1.5 -99.375 83.5 24.375 98.5 -52.0 -37.75
 907.0 -461.0 -170.0625 -168.0 -79.0 96.5 -318.625 -25.0 -141.0 321.5
 219.0 -87.375 -40.875 91.0 -55.625 83.0 106.625 21.0 -47.75 9.125
 13.0 7.75 100.125 7.0 -87.5 42.0 -4.125 27.0 -93.0 -59.5
 1047.0 1590.75 -217.625 1118.25 -572.9375 -763.75 -980.3125 977.0 415.25 318.375
 584.0 -155.25 209.6875 -49.0 -98.5 24.0 -11.75 102.0 -197.0 55.75
 172.078125 171.73046875 -93.9091796875 -8.71875 -77.140625 -184.3359375 109.986328125 22.53125 59.5 48.34375
 -654.25 232.3125 46.203125 79.0 -109.4375 -83.75 -72.34375 6.75 -9.25 14.5625
 7282.5 -5667.875 -2118.375 -123.75 -2356.4375 1031.75 -928.4375 1438.25 465.0 -242.375
 -6323.75 8281.9375 3480.02734375 -1643.25 2574.984375 1208.5 723.6875 -912.875 187.25 -299.9375
 154.0 -109.0 177.875 176.0 8.25 67.0 220.0 -150.0 77.0 -31.0
 46032.0 -39519.25 7645.25 28456.5 -7203.0 19695.0 -139.5 -15600.0 -6144.0 5708.5
 -309.8125 -229.21875 -102.796875 -148.1875 -30.1953125 70.46875 -90.8125 94.9375 -268.34375 -2.96875
 598.625 14.1875 145.28125 143.0 100.484375 -94.0 31.40625 -16.0 -85.5625 -94.15625
 702.5 2182.875 -416.046875 1924.9375 -722.90625 -2008.625 -1354.4375 1496.75 308.625 241.1875
 8617.0 -210.75 -606.46875 1539.375 -532.53125 -724.375 -855.8125 1535.5 779.75 254.0625
 392.75 33.3125 92.734375 -116.0 -42.0625 -5.75 -34.0625 58.0 -194.0 143.75
 292.75 81.5 -104.125 120.5625 104.96875 -115.375 90.125 116.0 1.75 203.8125
 209.0 58.25 54.125 -26.5 44.375 93.5 -103.625 60.0 -186.0 -15.75
 223.0 -0.25 18.3125 -46.5 -6.875 30.0 -40.625 -34.0 -58.0 92.0
 -14036.0 2165.0 1602.75 1714.0 511.0 -402.0 521.0 -600.0 1532.0 289.0
 -78.5 -92.25 188.703125 -2.375 -60.53125 142.5 -221.53125 -9.25 -174.5 303.375
 25.0 -193.625 -132.5625 239.25 200.6875 37.5 127.8125 17.0 182.25 -208.25
 -80.5 143.875 -78.40625 -123.75 21.5 25.5 -183.6875 53.0 -206.5 343.25
 -678.75 2290.96875 -647.3125 1921.4375 -1217.4375 -1582.75 -1187.46875 1537.0 688.875 15.75
 194.5 1.25 -30.625 55.5 60.6875 -7.75 -23.25 32.0 -54.0 -13.625
 2183.4375 -8830.234375 -3134.77734375 5851.75 6392.453125 -6301.59375 -3442.8984375 1277.53125 -1052.46875 886.65625
 -3198.5 70.125 -462.40625 -346.75 8.75 172.5 -65.78125 130.0 319.5 -183.75
 451.0 334.375 -103.21875 -590.75 -118.125 -149.5 93.125 580.0 72.25 247.875
 346.578125 -684.7890625 -281.82421875 -113.984375 -213.7265625 126.484375 67.41796875 -48.15625 71.71875 -12.3984375
 -304.53125 -233.8515625 0.9296875 -186.703125 242.30078125 -68.96875 282.681640625 -311.578125 -294.625 -135.546875
 -101.875 -131.19921875 328.4384765625 -169.890625 167.73046875 -13.171875 -72.650390625 158.78125 63.7578125 19.6484375
 3071.74609375 -795.0845947265625 -878.8622131347656 4236.4554443359375 -2423.5193481445312 679.011962890625 -1036.016357421875 2430.3466796875 732.658203125 -1031.4425048828125
 161.0 9.75 36.03125 -40.25 -1.5 40.0 -83.5 -2.0 -161.5 49.5
 22.0 -145.5 282.375 131.0 -285.0 138.0 72.5 26.0 -169.0 -152.0
 53.875 -289.359375 -11.55859375 -86.15625 -6.0546875 174.71875 71.1796875 -99.5625 66.09375 27.046875
 -647.09375 -582.7109375 296.35546875 164.9296875 250.37109375 500.1875 -239.96875 -223.90625 -34.0 -199.3828125
 154.5 43.3125 -166.84375 -247.625 -30.6875 130.5 -339.1875 -63.75 -25.5 189.625
 -801.5 -63.75 273.40625 758.0 71.625 194.5 -177.9375 -379.0 -335.25 37.125
 846.5 605.4375 -259.84375 -188.25 -249.25 -455.25 184.828125 257.5 -46.1875 213.625
 3258.0 -2116.84375 -1305.7734375 1414.28125 -2238.328125 199.875 -838.953125 753.6875 491.8125 152.125
 200.5 73.875 38.09375 -127.5 -71.25 35.5 -81.25 -58.0 -88.0 93.25
 -1195.5 107.5 -33.5 190.5 56.5625 -81.0 -37.5 -197.0 -1.5 110.25
 709.8125 -239.84375 -221.5234375 -16.5625 -40.65625 -99.0625 -2.796875 -14.375 -39.0625 36.90625
 203.0 67.5 63.0 -50.0 -9.25 39.0 -84.0 -42.0 -67.5 18.75
 -1933.5 -1664.5 591.109375 -1312.375 767.8125 1312.375 1148.4375 -1506.375 -508.125 -195.75
 -1620.6875 -2546.796875 663.0234375 -1407.5625 895.5 1735.75 1555.2734375 -2107.25 -718.0625 -378.15625
 -283.0 37.5 135.28125 452.5 264.5625 -12.75 -185.0 -296.75 -176.75 -77.5
 171.5 51.0 49.5 -77.5 -12.125 65.5 -66.25 22.5 -105.5 2.0
 1388.375 -208.53125 -161.2265625 27.25 -30.265625 -49.375 8.78125 41.9375 -114.4375 -12.34375
 233.0 79.0 72.0625 -30.0 11.0 51.5 -55.75 38.0 -70.0 77.25
 -166.5 -308.125 -18.21875 212.25 -95.875 -3.75 -29.0625 -250.5 -127.5 -106.5
 160.5 -300.625 -243.25 19.625 -205.9375 105.25 -116.875 64.25 -224.5 57.875
 210.0 -5.5 117.6875 -57.75 -30.875 66.0 -60.125 55.0 -190.5 34.25
 -10738.0 163.0 -2844.0 719.5 -1196.5 -2805.0 178.75 -1326.0 -1112.0 -1679.5
 262.0 625.8125 -1062.84375 774.5 -745.328125 -1661.4375 -732.734375 938.6875 46.4375 -193.1875
 228.0 -69.25 -30.25 -57.0 93.0 14.0 -8.75 52.0 -162.5 -53.0
 -1707.875 303.65625 145.609375 -40.9375 13.96875 -64.375 39.265625 12.25 308.5 105.875
 -86.5 -55.6875 -11.21875 13.25 56.0 41.5 -167.9375 -2.5 -108.0 220.125
 -134.0 6.5 -144.75 1.0 -29.5 21.0 -201.25 115.0 -168.0 437.0
 -341.75 473.0 -152.578125 378.8125 -299.3125 -415.0 -296.921875 448.875 83.6875 -72.6875
 320.25 168.4375 -141.703125 -115.375 -54.9375 -70.5 -72.28125 31.75 -100.375 385.8125
 246.5 43.5 68.765625 -87.5 -12.8125 56.0 -92.5625 53.25 -177.5 88.125
 -173.5 -612.375 -39.0 539.0 -28.125 -120.5 -22.375 -470.5 -99.75 66.25
 105.0 -7.0 228.375 85.0 69.25 131.0 -58.5 98.0 -209.0 -64.0
 171.0 -21.75 32.78125 -181.5 -14.875 56.5 -173.5 15.5 -177.0 88.25
 660.5 384.5 154.1875 28.0 -123.8125 -24.0 -260.375 78.5 -150.0 281.5
 -3725.484375 678.31640625 1091.3193359375 -4598.40625 2213.01171875 -921.8125 820.23046875 -2330.796875 -567.515625 1194.09375
 237.0 47.75 135.5 183.5 -120.75 -18.0 315.75 -49.0 -4.0 -105.0
 336.0 101.875 120.5 -64.25 -51.75 -24.5 -36.5 85.0 -175.5 -9.25
 -1120.0 520.5 -1380.125 -687.0 -1216.5 -778.0 -7.0 4.0 -770.0 443.5
 862.0 -79.5 258.0 -30.0 217.0 263.0 -620.0 180.0 -610.0 612.0
 202.0 124.875 81.40625 -118.75 -5.875 -17.5 -42.625 70.0 -92.5 -17.25
 4544.0 -9220.0 -2757.0 4596.0 146.0 -960.0 2576.0 -1040.0 -1392.0 292.0
 -801.5625 -311.828125 710.82421875 -490.59375 224.90625 1321.25 535.328125 -672.1875 178.65625 63.40625
 557.0625 -21.53125 35.1015625 -28.90625 36.390625 78.125 -197.4375 16.9375 -168.5 168.09375
 -29211.125 36068.0 12545.0 1600.0 8723.75 -2155.0 -4676.0 4416.0 -176.5 3097.0
 3178.25 -361.75 -323.734375 149.1875 95.6875 76.0 45.3125 86.25 -69.75 -63.0
 24.9765625 -60.951171875 56.96875 5.6796875 -65.73046875 50.25390625 -22.361328125 -36.4375 -49.59375 73.82421875
 5365.5 -1735.0 -1380.4375 -246.0 -336.0 199.0 -78.125 -25.0 724.0 -13.625
 -518.625 20.46875 2.26953125 56.875 17.7890625 20.9375 62.265625 34.5625 15.53125 -53.5
 -602.25 -101.25 185.03125 -203.625 87.84375 333.125 211.390625 -231.875 -54.1875 -55.625
 264.75 -89.125 99.390625 -148.0 -8.4375 4.75 -182.6875 133.0 -247.25 72.375
 -6380.0 392.0 -914.75 3605.0 116.0 -556.0 -787.0 -1982.0 -780.0 -677.0
 -34.0 -128.5 -252.5 -305.0 99.0 105.0 12.5 104.0 -351.0 -326.5
 1016.8125 -249.625 -131.5 24.203125 22.796875 82.125 42.21875 -13.71875 0.84375 -20.625
 -3282.0 -2951.5 1500.0 1067.0 1250.75 2322.0 -1045.25 -1437.0 111.0 -1103.5
 1407.5 -207.125 -2594.578125 760.046875 101.3046875 767.1875 -957.3828125 -841.625 117.5625 647.140625
 751.0 -2621.875 502.046875 -854.375 -57.8125 1998.125 625.609375 -653.25 366.625 73.0
 14824.008488045918 3577.4313829481907 1666.1507955623474 -2633.0051357220946 -1482.5538368603593 -1189.5884785538365 -5177.056799492071 -635.109072981897 -2606.7097771720582 -1384.7126501944367
 -367.5 6.0 16.625 -36.0 -43.375 -81.5 122.5 73.0 168.0 -109.0
 1465.75 -1632.0 -288.65625 -217.5 128.0625 -213.25 -609.3125 -128.75 -222.25 641.25
 -16438.0 3829.5 3219.25 -1015.25 2418.5 1046.0 1663.375 -2682.5 -2633.0 -410.25
 484.0 300.0 314.25 -408.0 -459.25 -116.0 -38.5 -118.0 -91.0 -22.0
 18144.0 -7098.0 -1183.5 5064.0 1665.0 -1232.0 2221.0 696.0 1768.0 -3214.0
 -214.5 234.375 6.640625 -86.25 98.78125 19.625 -265.5 -151.5 158.75 -88.875
 159.25 268.1875 -21.828125 122.1875 79.640625 -32.375 -35.3125 -20.9375 -20.625 -2.4375
 40215.875 -101927.1015625 -102736.970703125 9609.640625 102578.01171875 -86922.578125 -34733.56640625 1611.40625 -13377.84375 13562.4921875
 -119.0 187.5 -7.75 44.0 43.5 -77.5 114.875 14.0 -71.5 11.5
 -511.6875 -46.65625 -99.5625 -133.1875 -42.421875 65.0625 -190.1953125 -56.0625 -105.34375 292.9375
 -555.5 1664.453125 -7.71875 118.9375 314.015625 -579.59375 -187.40234375 106.625 -181.625 -31.65625
 -155.375 746.5 -489.515625 816.1875 -674.53125 -768.25 -522.28125 718.375 371.75 -48.125
 311.0 5.375 190.40625 -15.25 26.75 -27.0 -76.125 152.0 -237.0 60.0
 -16224.0 702.0 -99.5 -712.0 3021.0 -204.0 1796.0 1068.0 2424.0 -3122.0
 -612.5 715.4375 244.4921875 -154.28125 417.953125 57.25 98.671875 -280.9375 -78.1875 30.03125
 -25.0 -482.0 16.25 -16.5 -182.25 79.0 -28.25 60.0 35.5 -211.0
 298.0 -103.5 268.625 317.0 55.25 228.0 181.25 136.0 -53.0 -209.0
 137.84375 47.37890625 21.9091796875 -14.4140625 30.89453125 1.34375 -47.294921875 -0.96875 -39.546875 51.9296875
 268.40625 39.6484375 -135.267578125 -99.65625 40.203125 38.34375 -63.0 38.46875 12.46875 127.9375
 450.0 -54.0 170.6875 -114.0 16.75 83.5 -264.875 -10.0 -290.0 266.5
 4169.0 -1603.5 -1313.125 -86.5 -167.25 125.0 36.0 119.5 -374.0 170.25
 9489.625 -14519.4375 -17833.5625 5918.875 16843.0625 -6924.875 -7193.921875 -4072.125 -1938.1875 3726.75
 -658.9595947265625 372.4435577392578 208.474853515625 -16.254180908203125 213.25564575195312 78.44180297851562 115.88392639160156 -308.9764709472656 -152.15658569335938 -14.960067749023438
 58208.0 -23008.0 -5360.0 16136.0 7304.0 -3936.0 9870.0 400.0 5328.0 -11328.0
 -5168.0 335.0 -371.25 1016.0 -620.5 -470.0 943.25 -698.0 1582.0 -745.0
 176.7265625 102.125 55.1875 42.75 -4.953125 -15.25 97.0 5.0 -31.375 70.5
 -204.0 55.75 134.375 -42.25 46.625 -6.5 -104.25 -8.5 -129.5 66.25
 1652.0 49.5 -1706.0 -1464.0 -1222.5 110.0 -753.5 386.0 -1732.0 1408.0
 863.0 -258.0 -88.265625 -163.0 -33.28125 28.625 -204.65625 -12.0 -163.25 257.6875
 28.0 69.25 -26.0625 -189.75 -31.75 70.75 -193.875 66.5 -171.5 191.625
 577.0 -553.0 -39.35546875 -33.125 124.6875 -77.25 -26.125 48.875 137.375 -217.8125
 816.0 -0.5 1009.375 591.0 1380.25 300.0 332.5 -130.0 1199.0 -895.5
 40.5625 -80.21875 -137.390625 -102.9375 -98.484375 31.625 -108.5 160.75 59.75 0.625
 276.0 -369.0 894.5 -20.0 249.75 347.0 -104.0 321.0 -401.0 -515.0
 -10033.5 5691.875 2503.51171875 -20.0 1056.375 -195.5 -197.25 -740.0 -341.0 212.5
 -850.25 637.0 295.375 28.0 192.03125 -60.25 39.21875 -59.875 -87.0 21.75
 5872.0 -218.0 -1439.0 -988.0 1248.0 1240.0 -1788.0 312.0 -760.0 -1394.0
 252.875 50.9375 -51.6640625 -37.28125 25.359375 -133.4375 36.140625 -7.8125 -22.6875 44.03125
 -4581.0 1210.25 839.125 810.0 332.25 62.0 -40.125 -207.5 344.5 -0.75
 434.125 -942.0625 -142.3984375 1373.53125 -1528.515625 636.75 -536.96875 196.0 286.875 250.8125
 159.25 8.125 15.515625 -46.5 22.1875 29.5 -100.71875 -21.5 -77.25 -9.25
 523.5 -106.625 -101.484375 -2.625 151.34375 41.75 23.96875 -110.75 112.375 23.1875
 436.0 117.25 -164.25 -189.0 -195.25 125.0 -117.25 -90.0 -175.0 175.5
 187.6953125 -50.421875 51.0 32.3125 -16.6875 -56.03125 0.125 -54.40625 -1.125 78.28125
 386.21875 -389.96875 -16.25 166.25 245.953125 -388.4375 633.25 184.84375 640.625 -193.4375
 235.25 -35.6875 -59.671875 168.53125 35.546875 44.75 69.0546875 -63.0 -7.84375 85.5
 -8464.0 7730.8125 2828.734375 6760.125 -1626.21875 -1424.25 -2732.375 1047.375 -707.625 471.375
 2803.75 1415.4375 -420.140625 -205.75 267.59375 -498.75 -152.78125 264.75 -211.625 -168.5
 -1837.25 -1062.1875 369.53125 174.625 418.78125 794.375 -376.4375 -338.5 69.75 -369.625
 722.0 43.5 -901.0 -641.5 -388.25 -94.0 -158.875 -153.0 -147.0 292.5
 348.0 42.25 -47.5625 -87.5 -167.875 217.0 -67.0 -80.5 -231.5 233.5
 -105.75 -10.125 115.53125 125.375 33.96875 -25.75 75.25 69.0 -28.0 116.125
 121.5 79.125 -24.78125 -68.75 -38.125 34.25 -89.5 -20.75 -66.5 165.625
 1415.75 -1167.75 1515.2421875 1313.0625 226.671875 773.125 133.5 -588.0 -300.0625 106.59375
 240.0 86.5 11.75 -18.5 31.25 -96.0 38.0 -46.0 67.0 -62.0
 187.0 21.25 38.46875 -108.25 16.75 81.0 -96.875 -51.0 -52.0 90.0
 2185.375 -987.21875 -485.8125 119.3125 -330.828125 47.8125 -102.546875 180.5 55.4375 -31.46875
 165.0 83.625 -69.0 15.125 110.0625 -42.0 73.25 136.25 -25.0 -50.625
 -39.0 -151.5 1.28125 202.5 63.1875 10.25 66.75 -81.0 108.25 140.875
 93.75 17.0 -31.90625 40.1875 27.84375 79.375 -33.296875 -97.75 42.0 75.9375
 231.34375 205.40625 -191.94921875 -183.5 -26.921875 -17.21875 -176.734375 -127.5 -41.734375 90.9453125
 -68.125 -172.375 150.125 17.75 -158.0 -12.75 104.375 40.0 -145.25 42.0625
 259984.0 -221230.0 -124117.5 44559.0 -135225.5 -33946.0 -45796.0 68942.0 44194.0 6803.0
 -383.0 861.75 -65.4375 -356.0 48.875 120.0 -230.5 -60.0 332.75 115.5
 -41974.0 16459.0 7391.0 -1182.0 4732.75 1120.0 -1178.0 -1930.0 -5758.0 844.4375
 560.25 -41.484375 -11.96875 94.1875 -65.1875 48.25 -21.4375 56.5 81.53125 -25.4375
 -3273.5 -2207.375 653.0 -1449.25 919.75 1000.0 1481.3125 -1605.0 -1117.0 -553.25
 -11191.0 3231.75 -3745.6875 -7822.0 -4947.75 -8042.0 -399.5 4542.0 626.0 -407.0
 129.0 -97.0 -45.0625 1.0 94.25 55.5 40.375 43.0 -90.5 -104.0
 36996.0 -12655.5 -5779.0 1833.0 -1305.0 -8.0 306.75 1630.0 237.0 -284.0
 -296.25 -141.5 -217.21875 60.25 58.125 -34.0 145.0 -207.0 142.0 274.125
 -1838.25 3302.640625 889.50390625 245.15625 852.953125 -801.59375 -308.4453125 281.09375 -214.59375 -38.4375
 -686.125 174.984375 72.3125 -60.78125 -27.25 16.0 -16.671875 -12.4375 13.90625 30.421875
 447.0 62.5 19.0625 204.5 331.75 72.0 -197.0 70.0 -205.0 478.25
 180.75 -29.375 -66.84375 70.0 -62.4375 -16.0 -39.15625 -92.125 -10.125 26.3125
 332.0 12.5625 24.984375 -69.0 3.9375 27.875 -169.0625 -5.5 -172.625 190.5625
 254.25 20.875 42.671875 -144.625 -9.8125 63.5 -154.0 7.25 -182.5 162.25
 5506.5 -12133.125 -308.6875 -327.25 -3228.9375 894.75 2655.6875 -3652.0 -2597.25 695.875
 219.0 87.25 46.5 -84.0 11.625 18.5 -66.75 29.0 -113.0 42.5
 239.25 77.4375 22.6484375 -79.5 57.40625 101.875 -90.59375 -21.125 -47.9375 51.90625
 -139.0 109.75 25.0 240.0 48.0 76.5 32.875 -86.0 73.0 98.0
 232.0 33.25 143.4375 -13.5 35.125 113.0 -68.625 86.0 -217.0 -12.75
 1865.43359375 636.875 428.5 364.0 118.25 -239.5 173.0 257.5 93.0 -101.875
 192.0 68.0 46.78125 -51.0 -4.25 37.75 -126.6875 -5.0 -116.75 158.5
 31.0 394.125 -108.125 122.5 -132.0 212.0 -250.65625 -21.5 -126.125 110.375
 15.0625 -1112.6640625 -2412.908203125 -3028.15625 764.94921875 432.609375 1036.076171875 -1318.40625 -272.140625 25.3984375
 -70.5 62.0 -271.0 1.5 167.5 360.5 6.5 307.75 -291.25 148.625
 2600.125 -523.1796875 -126.533203125 74.421875 103.359375 221.21875 -4.69921875 -43.28125 -282.65625 -276.3359375
 485.0 221.0 -373.6875 -381.5 -120.125 -11.0 -153.375 13.5 -129.5 82.25
 -85.25 -22.625 14.71875 -90.1875 -9.828125 -16.875 -44.625 104.125 -102.9375 -87.0
 -6849.0 -2690.5 5550.375 -5224.0 3007.0 10158.0 4131.75 -5018.0 810.0 1001.0
 239.0 205.25 84.4375 -72.5 -2.75 23.0 9.1875 3.5 -55.75 -24.5
 96.0 344.375 -154.21875 -192.0 -91.5 157.25 -104.40625 -52.75 -13.0 -77.875
 331.0 -148.25 -238.1875 -138.0 430.25 -87.5 -251.4375 -3.0 -91.0 -164.75
 -275.375 -81.65625 28.921875 -123.5625 -52.15625 3.375 -37.03125 43.0 -48.625 -114.5
 2164.0 273.5 377.125 -322.0 -358.5 -98.0 -43.25 379.0 -904.0 103.5
 128.15625 -53.0625 76.298828125 55.3984375 -0.48046875 24.171875 58.453125 14.375 0.109375 34.3125
 367.5 452.0 139.36328125 285.4375 20.3984375 -168.1875 -127.484375 250.78125 43.65625 36.640625
 -233.25 850.3125 -496.953125 -1857.1875 2153.3125 -2742.125 378.625 716.125 6.375 -351.9375
 354.125 -732.53125 -194.2109375 81.0625 71.703125 -135.1875 224.015625 265.375 321.84375 -44.84375
 213.125 -63.28125 -199.09375 -76.75 251.078125 162.1875 -172.203125 281.0 -114.375 -399.28125
 -1135.0 414.25 62.1875 -102.75 -31.5 102.75 -171.125 -43.5 -54.75 24.375
 231.21875 -128.953125 -21.65234375 -38.21875 -37.3359375 3.28125 -34.484375 -65.03125 21.015625 7.796875
 258.375 -484.46875 -932.4296875 1381.875 -902.0 -1235.125 -742.734375 769.625 -37.875 78.71875
 48.875 263.78125 -74.953125 6.625 -72.34375 2.375 -123.34375 -81.875 -82.625 112.25
 409.625 -612.0 2335.125 -3441.453125 -942.375 1471.09375 -3718.125 -2320.75 -3655.28125 3022.0625
 900.0 -302.75 424.6875 352.0 284.25 -296.0 11.0 -315.0 759.0 246.5
 1512.0 726.0 -871.25 -806.0 -9.5 576.0 -562.75 18.0 -244.0 46.0
 -33.0 18.125 64.84375 20.75 92.3125 -38.0 24.375 -2.5 76.75 -134.0
 10.0 65.75 145.9375 -42.0 -71.0 32.0 131.25 -18.0 -61.0 4.0
 299.0 87.0 82.0 394.0 -112.5 123.0 93.5 109.0 -310.0 421.5
 4514.875 -4690.34375 -2065.796875 2474.0 -2278.0 -1124.125 -960.0625 1065.25 73.125 251.0625
 -7272.0 -1937.0 -5972.5 3818.0 3527.5 -3862.0 1140.0 -6320.0 -5692.0 4001.0
 322.0 -12.5 123.0 -321.5 -266.0 60.0 156.0 242.0 -140.0 81.5
 91.0 -358.75 160.8125 497.0 -180.5 -118.0 -38.125 128.0 -531.5 39.75
 526.5 -539.25 -126.53125 77.0 -135.125 -32.5 -18.375 -26.0 11.75 133.875
 179.25 97.0625 -157.328125 -209.625 -48.90625 -25.75 146.5 275.125 149.375 -34.5
 730.0 -47.0 181.25 10.0 -10.5 74.0 79.0 4.0 -108.0 -167.0
 283.0 221.625 -192.0 -437.125 74.8125 161.25 -302.8125 -67.25 -114.5 -8.375
 172.25 -60.0 303.75 -702.125 -206.0 858.84375 -586.609375 -1636.1875 626.265625 261.03125
 24.125 -4.3125 -0.8125 0.109375 -0.125 0.41796875 0.05810546875 -0.060546875 -0.080322265625 -0.11328125
 176.875 33.0 -27.0 -22.0 -24.125 -26.5 -2.125 40.7734375 -8.171875 -13.11328125
 111.0 -180.0 360.0 -776.0 -270.5 1026.5 -671.9375 -1807.5625 701.90625 278.625
 258.0 26.9375 130.03125 -137.0625 -31.21875 11.625 -254.28125 2.875 -254.25 257.0625
 10436.0 1430.5 782.0 -243.0 1944.0 -196.0 -60.0 700.0 750.0 579.0
 742.625 20.5625 -13.265625 -12.4375 41.6875 -125.875 -15.90625 55.375 -15.25 -131.125
 -25.5 -69.375 -78.90625 -34.25 7.6875 -43.75 93.0 54.25 29.75 67.75
 75.125 139.09375 -64.2265625 -11.375 81.515625 32.75 53.546875 -48.625 -26.9375 150.25
 92.125 -78.4375 11.4609375 24.0 30.59375 -3.375 12.265625 30.8125 8.8125 -11.90625
 2976.0 -1156.0 -738.0625 959.5 778.0 -112.0 218.5 -702.0 187.5 -62.5
 828.0 -317.0 -89.0 7.0 -306.5 -276.0 362.5 174.0 -108.0 -282.0
 477.75 -10.25 -13.8125 -213.375 -55.75 46.0 -162.09375 55.25 -143.375 204.0
 164.0 -377.75 -110.5 -3.625 -4.609375 -3.212890625 19.453125 -11.328125 -9.015625 0.1171875
 -6166.0 13670.0 6626.5 4074.0 7005.5 -1224.0 1616.0 -304.0 448.0 -1949.0
 237.5 -279.25 108.5625 -43.0 -51.5 78.0 -166.5 206.0 -418.0 117.0
 319.5 133.75 -69.6875 4.0 93.9375 16.5 -44.1875 58.0 -16.0 42.0
 -1244.5 497.0 116.90625 -58.5 79.75 243.5 63.5625 -60.5 65.5 107.625
 -127420.0 -15028.0 -51645.0 74177.0 -26380.0 7382.0 -30781.0 -43934.0 -27013.0 22788.0
 836.75 361.0 464.5 370.21875 -72.28125 90.625 405.015625 -165.90625 41.015625 -50.84375
 -552.8125 -733.328125 93.4765625 -279.671875 490.4453125 -436.625 182.3125 20.28125 -85.09375 -44.0
 150.0 73.75 50.4375 -199.5 -97.5 25.5 -73.25 28.0 -94.5 -106.5
 420.0 -546.0 -210.625 946.0 433.75 -113.0 129.5 -328.0 27.0 40.5
 167.0 -6.0 231.15625 239.5 -45.1875 -144.5 244.0 -44.0 66.625 201.25
