-83.75 2.0 45.375 93.125 -95.578125 -72.25 43.875 -0.375 130.25 45.90625
 -3176.75 328.75 -662.53125 732.15625 918.953125 -289.0 651.3125 -1078.84375 62.6875 -187.59375
 -104.25 -86.875 -26.4375 40.1875 -98.44140625 -105.0 -31.25 -82.5 33.375 93.84375
 195.75 33.9375 71.375 2.1875 -16.45703125 -87.125 18.5 -55.25 156.875 -58.46875
 -284.0 -98.0 262.0 -636.5 280.1875 212.0 178.0 806.0 548.0 -80.5
 334.0 312.75 229.25 170.0 218.375 314.0 496.0 613.25 130.0 -375.75
 2632.0 -416.0 1208.0 1411.75 104.0 656.0 -46.0 -288.0625 2206.0 -2038.0
 0.0 583.25 117.125 -224.25 311.75 -2.75 50.25 -72.0625 -150.0 12.0625
 7048.0 -618.5 -225.0 -126.5 122.34375 -255.0 216.0 484.0 -504.0 154.0
 311.34375 152.9453125 -291.9140625 44.640625 467.36376953125 -378.5625 165.828125 6.8125 -122.25 -95.796875
 -85.0 -23.25 8.5 -137.75 83.90625 187.5 123.25 61.75 -163.0 152.75
 -1713.8671875 141.45703125 -984.03125 2349.744140625 1600.39453125 -2750.43359375 2567.37109375 -3417.654296875 -988.67578125 -540.4677734375
 -1359.9375 157.640625 121.203125 21.28125 -9.5517578125 -26.5 -3.3125 54.453125 -38.625 -1.140625
 -706.5 -114.0 -14.0625 140.8125 173.421875 -136.75 81.625 -197.875 131.375 -108.21875
 340.25 9.625 19.625 -24.875 33.55078125 -23.875 9.25 16.5 -21.375 -10.8125
 61.578125 -22.7890625 4.52734375 -56.841796875 -19.15234375 19.7890625 17.53125 -81.154296875 10.859375 0.455078125
 141.25 -43.5625 -53.25 -68.9375 35.1875 -88.375 -32.75 -7.25 -90.625 86.28125
 -652.25 -85.859375 59.8515625 -689.734375 -508.80712890625 97.375 -265.71875 215.4375 -34.203125 106.265625
 -1904.0 1206.0 247.875 -278.0 515.296875 -411.0 -272.25 -508.25 -146.5 225.0
 230.75 -7.71875 71.625 112.1875 -83.6015625 -123.0 -25.875 -77.5625 138.25 81.78125
 -514.484375 -253.8515625 -131.3125 241.546875 -95.671875 28.5 -136.34375 128.38671875 -266.3125 -108.41796875
 204.0 -197.0 954.0 790.5 337.75 1024.5 -118.0 -54.25 -559.5 -597.5
 -550.75 86.25 -19.1875 -0.875 -150.61328125 -16.0 -33.875 63.96875 58.5 76.125
 8882.5 -575.25 -148.0 -648.5 373.96875 404.0 176.5 -259.25 -760.75 105.0
 293.5 132.5 6.75 11.625 22.65625 40.75 140.875 159.9375 45.5 -90.0
 -858.0 561.875 194.5 99.875 613.375 -180.75 93.5 -223.125 -12.0 -51.25
 -27.0 508.75 101.75 84.5 128.28125 160.0 468.5 512.0 371.0 -351.0
 417.0625 -186.2578125 3.265625 -44.2890625 -148.0556640625 -3.25 -39.609375 87.390625 -15.46875 -7.7265625
 -574.5751953125 116.128662109375 -98.870361328125 -143.780517578125 73.77500915527344 -59.35546875 6.81884765625 28.5048828125 -16.30078125 -21.50146484375
 0.0 46.09375 51.75 51.0625 -51.96484375 -48.5 29.9375 7.1875 79.375 9.5625
 616.75 -220.84375 61.5 -69.0625 50.65625 76.125 -77.125 -88.84375 5.125 -103.28125
 1115.5 -862.8125 -466.359375 -358.5 -328.64453125 55.0 126.75 -257.0234375 -9.375 -100.4140625
 -2574.859375 0.046875 22.0 554.75 1214.3828125 -687.25 -171.1875 -140.6875 -467.5 -426.71875
 56.375 346.5 -312.25 -55.5 -232.1875 -294.4296875 -295.9375 -78.0625 42.8125 -92.09375
 170.25 87.8125 7.75 7.8125 -26.71875 -22.875 32.875 15.5625 37.5 21.1875
 -5163.5 454.25 140.8125 256.125 846.46875 -13.0 423.5 368.5 -560.0 -82.25
 84.25 31.375 24.4375 52.75 -91.09375 -62.375 3.6875 -32.1875 41.75 72.1875
 -656.0 -237.5 -296.5 -376.5 -7.1875 -114.0 351.0 314.75 -272.0 -6.0
 -136.921875 -84.36328125 -136.6845703125 -135.76953125 12.59326171875 111.9453125 -6.40625 0.3896484375 17.0546875 -33.017578125
 5214.5 -382.4375 -52.4375 -230.0625 -26.201171875 -123.1875 444.6875 115.65625 -195.3125 138.46875
 -127.25 116.9375 129.6875 48.34375 -115.25 -72.6875 29.1875 -93.78125 25.6875 223.46875
 -14.0 -120.125 8.5 94.0 -53.609375 -97.5 -189.0 -206.75 -136.5 215.875
 120.5 85.8125 -18.5625 -22.0 3.7109375 -86.5 44.125 120.625 298.75 -42.0
 -1.0 83.375 50.75 -6.25 67.1328125 58.0 162.5 219.625 55.0 -165.75
 -74.4140625 47.703125 124.861328125 153.689453125 -113.151611328125 155.0546875 -214.62890625 447.919921875 -7.91015625 161.2734375
 -6.25 213.0625 91.8125 98.8125 -39.96875 20.25 147.125 74.6875 94.75 21.5
 -565.15625 -22.15625 202.65625 241.03125 -105.9873046875 -255.125 27.59375 170.5 74.28125 48.90625
 -2518.625 786.0 170.296875 -39.734375 827.2548828125 -390.625 114.28125 -579.828125 -114.75 -139.421875
 2878.75 -342.0 154.75 -84.625 305.34765625 -77.0 82.5 -18.25 -71.0 -159.125
 2175.0 -2851.5 -2151.125 -1889.875 -2574.65625 1453.5 952.5 -2207.5 902.0 -189.0
 82.5 81.8125 76.125 68.3125 -1.7265625 -10.375 111.5 75.6875 116.25 -44.875
 4015.640625 2552.703125 -1011.12109375 -1367.6953125 -1388.1142578125 822.5 480.1640625 1622.125 343.859375 -802.71875
 -37.25 -186.625 362.5 63.75 -70.8515625 -102.875 263.625 80.3125 -117.5 -27.875
 -235.75 331.40625 98.15625 -210.140625 173.796875 -75.5625 -60.59375 -110.359375 -86.34375 57.96875
 242.6875 201.921875 -44.0 -41.671875 169.634765625 7.265625 -14.375 212.3125 58.40625 74.96484375
 -2963.875 854.71875 292.4375 2.125 381.7763671875 -217.375 11.375 4.421875 -291.3125 13.671875
 40.0 285.25 -7.75 7.75 110.296875 80.0 303.5 388.125 199.0 -273.5
 325.5 79.125 -163.875 79.875 121.3671875 23.0 30.0 47.0 24.75 18.5
 281.0 -59.46875 17.625 -99.0 56.8984375 -29.25 48.125 51.6875 -56.0 44.59375
 94.125 -23.6875 -30.015625 -18.875 60.19140625 -71.875 -40.4375 -43.109375 -71.125 100.75
 -13822.0 1864.5 364.0 101.75 203.09375 -114.5 -549.75 9.5 550.0 73.125
 94.0 119.125 85.5 180.375 -92.6640625 -1.0 138.75 83.8125 155.75 -47.6875
 28.0 19.5 -74.0 -74.5 -93.25 -9.0 84.0 32.5 -71.0 16.75
 51.25 -121.0 79.8125 61.6875 -49.921875 -139.25 -61.25 -147.25 29.375 150.625
 -3106.625 1107.359375 262.796875 -37.234375 58.2646484375 448.59375 -85.5625 315.609375 3.9375 202.8984375
 126.5625 28.765625 29.265625 -34.9375 14.45703125 13.6875 37.78125 7.859375 -32.5625 5.28125
 -1432.625 1421.90625 -30.953125 1068.09375 -1338.490234375 256.5 433.125 -149.0 250.625 -317.625
 -1737.0 32.71875 -98.9375 -20.71875 -107.267578125 -2.8125 238.375 112.015625 -31.3125 102.90625
 335.0 211.25 -146.75 266.0 -41.46875 9.0 -24.5 12.25 150.5 -30.875
 19989.0 -2547.25 6.5 32.25 -2366.6484375 1355.0 -1864.5 4170.5 -781.0 1284.25
 -465.75 226.125 -64.8125 94.65625 247.87109375 -40.0 148.375 -158.453125 -40.375 -0.390625
 -555.25 274.5625 -138.9375 -143.75 -256.6484375 -295.0 29.75 15.0 168.25 131.5
 -3678.703125 -1656.79296875 8151.87890625 -152.78515625 326.119873046875 2500.7265625 1971.1015625 345.857421875 104.421875 -4477.330078125
 -18.75 40.875 33.6875 10.3125 -1.84375 -27.25 65.625 91.03125 40.25 -55.46875
 182.0 232.5 42.0 64.5 185.78125 133.0 286.5 478.75 221.0 -268.375
 -1542.0 208.1875 -72.5625 126.5625 66.79296875 70.0 94.75 -66.0 -7.875 44.03125
 553.0625 -8.6875 -253.265625 -319.15625 132.0146484375 273.84375 -12.375 -204.75 -19.59375 -59.9375
 332.0 110.5 -40.625 0.0 13.421875 15.0 64.875 107.0625 -50.75 -55.4375
 105.5 186.875 -51.75 47.375 -108.27734375 -51.5 -109.5 -81.5625 152.5 9.0625
 -124.125 -0.203125 -42.671875 45.25 3.3642578125 20.75 -62.84375 -19.328125 -0.71875 -29.0078125
 1913.625 -593.65625 245.265625 -597.984375 -881.55419921875 338.59375 -417.015625 575.4375 31.34375 175.9609375
 196.5 -34.5 -6.71875 -32.4375 -2.1953125 -5.0625 -0.40625 -5.6328125 -53.0 -5.390625
 4252.375 -660.40625 -38.1875 -19.578125 10.4111328125 -21.5 -12.53125 -121.5625 -133.65625 -135.390625
 -1151.5 -34.125 -195.375 149.0 -741.53125 -122.25 -544.125 -99.9375 664.75 80.3125
 499.0 282.0 -9.25 170.5 194.828125 196.5 368.5 363.0 166.0 -278.0
 -571.8125 381.765625 -173.171875 22.6875 111.2451171875 312.125 116.9375 -175.421875 46.5625 115.1171875
 -137.0 846.09375 -119.25 -201.9375 205.0 544.1875 175.375 -184.625 123.25 201.203125
 248.6796875 -14.765625 39.15234375 -45.40234375 1.4788818359375 -40.9140625 60.64453125 -15.220703125 -53.90234375 31.357421875
 67.375 -64.875 -53.03125 -49.0625 -20.28515625 -49.375 -68.5625 -73.40625 -83.625 83.25
 -951.8955078125 -220.198974609375 -83.4866943359375 74.0430908203125 -288.05759048461914 102.8919677734375 -13.1658935546875 163.45956420898438 113.5223388671875 -22.0478515625
 220.0 122.125 8.6875 1.875 21.1015625 4.375 109.125 125.375 6.75 -39.9375
 136.75 -93.3125 105.875 -79.8125 -33.431640625 15.375 82.8125 -29.34375 -133.375 32.8125
 1553.75 -24.546875 109.30078125 -96.81640625 227.472900390625 -59.265625 38.3203125 -64.05859375 -104.40625 -21.21484375
 32.5 57.125 23.21875 -38.28125 -3.265625 -34.6875 43.40625 72.53125 -4.625 6.625
 -55456.0 -17036.0 -6172.0 -19444.0 -8748.125 -2360.0 6432.0 -28114.0 1064.0 -11456.0
 1896.25 -760.25 -387.5 -172.8125 -606.142578125 349.5 -119.0625 333.65625 51.875 124.0
 20.75 54.6875 10.125 57.5625 0.140625 -20.125 51.6875 42.03125 50.75 -29.5
 1016.625 1.375 -13.8125 -123.28125 133.41015625 -98.375 63.375 -20.171875 -30.1875 38.9375
 82.5 113.875 -19.125 58.625 15.296875 -0.75 178.5 144.125 181.0 -39.6875
 85.75 -70.9375 80.6875 77.5 -64.8125 -79.25 -86.5 -87.6875 117.25 101.40625
 258.171875 -307.158203125 -147.869140625 -87.240234375 -164.7388916015625 -21.609375 41.1171875 -130.94921875 20.4609375 -30.4150390625
 -910.0 -780.25 109.75 -311.5 -199.78125 -47.0 -703.5 -214.75 -581.0 445.25
 4.25 52.8125 18.78125 45.359375 -64.9609375 -32.59375 47.03125 16.359375 10.3125 11.90625
 350.0 -700.0 130.5 -634.0 -63.59375 -154.0 9.0 -336.5 -115.0 95.5
 345.5 -7.84375 1.1875 -49.0625 23.54296875 -16.3125 10.125 38.25 -37.6875 35.359375
 246.0 178.375 50.5 176.0 -67.75 15.0 175.75 126.25 221.5 -82.25
 -908.0 1028.0 284.0 465.0 929.6875 12.0 765.0 532.0 582.0 -784.0
 -11235.125 -4520.53125 23548.75 634.66015625 1283.620849609375 6479.421875 6239.671875 311.3671875 348.5625 -12612.6015625
 343.0 -235.25 -67.0 -323.5 185.703125 -6.0 -30.25 187.75 74.5 -299.125
 96.8125 -57.4375 -29.9375 -85.625 -15.28515625 -43.875 -52.25 -4.375 -126.75 76.625
 -64.0 47.0 68.5 141.0 133.25 98.0 -108.5 108.75 0.0 -80.25
 -907.5 227.25 -3.0 280.0 -150.359375 -101.5 332.75 171.75 238.0 35.9375
 370.375 63.46875 -42.84375 -18.0 36.85546875 -18.1875 30.5625 77.0 11.5625 -23.90625
 -7676.0 -228.0 -55.5 -252.0 -768.125 -126.0 -433.0 48.0 1084.0 711.0
 -1608.75 -107.5625 -421.625 -689.125 288.203125 181.75 834.75 -1724.0 164.5 -555.625
 54.5 -58.21875 46.625 -67.46875 -82.421875 -78.0625 -53.0625 -74.71875 -23.0 93.28125
 -4479.234375 2842.125 635.59375 1464.9375 -178.271484375 1725.484375 -131.90625 1240.3203125 477.875 635.484375
 -3593.25 575.125 89.3125 -81.75 22.19140625 90.375 12.625 41.96875 -37.25 -11.84375
 447.8125 -23.5625 -59.4375 -47.5625 75.18212890625 14.40625 -48.3125 35.1953125 42.21875 -22.6796875
 -2562.0 360.5 38.4375 57.90625 358.3828125 -249.0 25.5 -125.625 -76.875 -93.21875
 6786.0 -1000.5 -8.75 -208.125 616.6953125 445.0 -110.75 -417.875 -695.5 -455.875
 -477.0 957.0 499.0 361.0 65.78125 413.5 -417.0 1011.5 55.5 353.25
 311.75 128.4375 26.9375 -46.625 121.8671875 85.5 90.75 166.0 -8.75 -140.9375
 -352.0 -766.0 488.5 -641.0 -484.8125 42.0 503.0 -35.25 -610.0 189.0
 538.0 777.0 56.5 499.0 311.3125 308.0 1083.0 899.5 324.0 -660.5
 -1020.5 107.5625 16.625 29.59375 -4.240234375 92.0 2.625 -75.34375 13.125 -6.96875
 267.4375 28.9375 -56.5 -73.671875 33.435546875 82.28125 -28.53125 -61.1875 -38.625 -19.671875
 -5472.125 3999.65625 1138.390625 -3209.5625 -6183.0205078125 2007.8125 170.75 104.609375 424.375 -258.3125
 -424.75 252.953125 24.5 5.328125 -133.05859375 181.0625 -114.34375 311.6875 120.375 106.3515625
 4664.75 1312.4375 689.28125 569.625 -152.56640625 -49.375 -1120.5 -183.59375 -1062.625 -158.3125
 -2051.0 -250.625 -16.5 128.125 32.2578125 7.25 -64.25 32.5625 -120.25 59.25
 -482.0 485.5 -165.0 524.5 -153.3125 -43.0 509.5 165.0 250.0 -137.25
 -2209.375 694.859375 -409.171875 -243.875 -219.84619140625 510.4375 -105.15625 -317.6484375 171.90625 -5.9609375
 -126.5 91.5 145.5 398.5 -390.25 -201.25 -179.5 -311.8125 3.75 264.0
 -1261.0 244.5 63.5 -6.875 84.1171875 -48.5 -102.0 -32.8125 38.25 -16.8125
 644.0 27.125 -50.625 -45.125 -36.71875 -40.0 -54.75 65.0625 -103.75 28.3125
 921.25 -104.4375 125.25 -25.9375 -124.873046875 12.125 -66.75 197.21875 -61.125 20.875
 -38592.0 31330.0 1238.75 5190.0 -29514.34375 6469.5 8392.0 -2521.75 3572.5 -6032.25
 67.25 -42.625 -15.5625 -95.875 -61.6875 -96.5 -146.625 -102.5 -89.0 151.0
 -76.5 44.625 40.9375 114.75 -89.2265625 -61.5 34.5 -11.875 117.0 34.125
 -1530.203125 538.37890625 -79.72265625 955.90625 583.1748046875 -67.2734375 416.4921875 -651.265625 127.3046875 -116.927734375
 460.625 -149.046875 -84.796875 73.625 -103.4609375 70.21875 10.8125 35.859375 32.1875 29.4609375
 145.125 71.34375 -4.9375 -66.3125 -36.3125 31.875 96.0 75.53125 -70.375 9.40625
 2428.0 -592.5 -15.75 -469.5 212.28125 -11.5 -99.75 -206.875 -232.0 -137.125
 759.0 -72.53125 -76.875 44.4375 -54.373046875 72.0625 -0.875 5.8125 89.5625 43.859375
 258.75 51.03125 62.7109375 0.5625 -9.359375 16.9375 -20.375 -18.46875 -53.25 6.5078125
 405.5 130.5 103.875 -25.125 206.28125 193.0 236.0 367.125 31.5 -283.0
 129.75 41.6875 -3.15625 21.96875 33.57421875 9.1875 -52.5 -8.8125 -36.0 9.90625
 277.0 79.875 -24.0 -367.0 434.625 180.0 -693.5 -249.5 -134.0 -45.75
 -476.0 -79.25 70.25 157.0 -294.703125 -234.0 -255.0 -437.25 -157.0 474.5
 36165.0 -3872.0 468.25 -159.0 711.1328125 613.5 1796.25 -443.25 -992.5 -1447.0
 783.75 -1689.75 367.375 2542.46875 2626.9296875 -674.5 135.875 -891.8125 -20.4375 188.203125
 -1.8125 -36.359375 41.765625 9.5 49.705078125 -89.125 -29.59375 31.9375 -20.4375 -45.0703125
 498.5 126.25 10.3125 -33.75 113.5703125 -108.625 -13.375 -16.0 -19.5 -15.25
 -490.5 59.625 114.75 161.25 -226.6328125 -183.5 -51.5 54.1875 215.25 220.125
 -0.3125 10.23046875 55.859375 96.484375 114.603515625 8.1875 -10.3125 -22.5390625 -113.1875 -8.140625
 110.625 69.6875 29.3125 170.15625 165.59765625 75.9375 185.125 70.40625 175.3125 13.6875
 -376.75 -61.75 -74.75 -148.0625 3.140625 17.75 102.0 -52.625 -103.625 160.0
 222.5 106.5 64.0 129.875 -55.890625 -6.25 210.5 95.0 103.0 -83.8125
 -157.0 -309.375 281.625 -122.0 46.984375 -218.0 -359.75 -269.5 -231.0 276.5
 -355.875 -57.796875 95.875 16.875 -55.515625 -50.0 -103.1875 -104.25 152.625 -9.21875
 356.0 704.0 -772.5 -924.5 472.5 -50.0 -1199.0 221.0 576.0 32.5
 443.0 1180.625 1105.125 1255.5 706.90625 -457.75 -776.5 1977.125 -378.0 336.8125
 380.5 -261.0625 -202.5 -398.0 52.96875 -1.0 -112.5 46.75 -167.0 116.75
 1517.25 792.5 692.75 -130.0 1181.78125 -617.5 -48.0 -560.875 101.5 38.0
 -219.375 -155.890625 -45.4375 48.1875 -149.55859375 154.875 -87.03125 -2.3046875 -30.5 15.2421875
 6264.0 -715.5 -155.5 465.0 -669.71875 -52.0 449.5 196.5 195.0 169.0
 125.0 -2.125 78.4375 201.84375 134.759765625 114.875 104.75 110.375 84.5 -24.59375
 3604.5 -121.875 7.5 -299.25 137.0 2.5 151.75 -0.75 -221.5 172.8125
 -2270.21875 490.7578125 -148.515625 38.296875 1103.06298828125 -676.609375 -152.53125 370.078125 -301.6875 6.8984375
 2808.5 820.125 401.375 -126.0 -385.7265625 -272.75 183.25 -337.25 -1077.5 106.25
 -84.0625 84.328125 -112.546875 -163.0859375 -136.21240234375 -210.109375 -147.78125 -162.390625 -37.25 97.23046875
 125.0 9.25 -43.9375 -111.375 53.25390625 15.5 -99.25 -4.3125 -18.375 10.78125
 -6144.265625 670.67578125 101.984375 385.34375 -252.51025390625 -126.3125 145.96875 211.765625 202.25 0.625
 340.0 45.75 77.375 17.375 -60.75390625 28.25 100.5 6.25 -218.5 -23.90625
 660.5 45.75 -59.1875 -2.75 -58.802734375 -1.5 56.875 65.9375 -93.375 80.0625
 3752.25 -32.21875 1378.15625 -2227.28125 -760.0859375 128.375 -1335.8125 1754.828125 -487.25 608.875
 2416.875 -890.3515625 86.734375 -697.8671875 -631.443115234375 41.984375 -262.03125 139.1796875 -74.390625 89.203125
 139.265625 -54.16015625 -227.5234375 -198.33203125 95.898681640625 233.4609375 10.6640625 -136.359375 -18.21875 -43.783203125
 171.5 -66.0 -140.75 -235.375 18.3046875 7.0 -335.5 -106.375 32.5 152.75
 160.71875 -13.4140625 -11.265625 -22.5234375 -21.45458984375 -16.71875 39.765625 24.34375 -50.453125 28.078125
 166.25 -30.75 -3.1875 45.5 60.29296875 84.25 18.625 40.15625 -128.0 4.6875
 87.5 -10.90625 23.03125 -16.0625 -41.0390625 -84.25 -24.0 -2.75 -6.625 56.46875
 -10402.5 -338.5 -563.0 5053.0625 745.265625 -1896.125 759.125 -1797.8125 -179.0 -425.03125
 76.25 160.40625 -16.5 31.03125 88.625 85.5625 263.125 179.0 -8.9375 -30.890625
 134.0 126.1875 45.0 65.875 41.5703125 17.0 156.25 155.0625 115.5 -67.8125
 2250.5 -421.75 223.75 -23.5 408.5625 -149.25 125.625 -157.5625 -236.0 -209.5625
 -382.0 -597.0 225.0 -203.0 75.5 -132.0 -357.5 -439.0 -158.0 371.0
 -560.0 199.0 -101.25 -103.5 46.96875 101.0 98.5 72.25 116.0 -76.375
 54.844482421875 20.34503173828125 16.149627685546875 4.588409423828125 6.931821823120117 -19.5595703125 18.28753662109375 34.116943359375 -67.49853515625 6.491607666015625
 -79.0 -171.875 47.75 -110.875 75.7109375 -3.0 10.5 4.25 -29.0 16.5625
 204.5 -27.5625 -190.875 -46.0 -116.3125 116.75 109.625 90.0 -83.5 83.75
 3198.125 -1264.71875 -78.65625 -448.65625 -770.3359375 -187.125 -296.1875 298.59375 -27.0625 -39.546875
 -4532.0 438.25 194.0 407.875 756.703125 -482.5 135.0 -256.125 -133.75 -126.9375
 17911.375 22.34375 748.75 -331.625 3205.5 -2141.25 710.359375 -556.37890625 -490.75 -546.890625
 909.5625 -334.0 -12.015625 -40.12890625 -149.906494140625 -111.46875 -61.015625 78.3984375 -18.1640625 -39.45703125
 -9776.0 -390.0 211.0 297.0 404.15625 -1274.0 -243.5 -510.25 -603.0 -209.25
 -15059.25 -2169.3125 -968.1875 3010.4375 -2411.5625 -4049.75 -803.875 3149.9375 -1353.25 -1306.375
 251.25 11.0 -22.375 -67.375 29.29296875 52.125 53.5 103.9375 3.75 -35.3125
 -8.9375 -1255.171875 -419.6875 98.546875 -879.4560546875 608.65625 30.1875 179.671875 -8.625 -287.4921875
 -63.25 -10.75 110.25 126.453125 4.818359375 -50.1875 146.59375 66.203125 -36.9375 54.171875
 352.75 -28.6953125 -127.15625 4.58203125 -27.574951171875 26.09375 -16.4609375 119.0234375 21.59375 30.39453125
 -150.71875 12.6640625 16.0 -106.3828125 48.3994140625 26.71875 2.96875 15.296875 40.71875 -19.33984375
 71.0 369.25 86.25 237.0 -116.875 -42.5 152.75 30.375 209.5 -32.5
 138.625 -28.59375 156.3125 -10.453125 -40.2001953125 -13.0625 63.1875 -14.46875 -89.4375 -41.609375
 119.125 45.796875 12.8125 63.5 -39.9765625 -63.0625 31.375 -20.34375 38.75 63.40625
 107.875 56.9375 19.1875 48.375 -21.734375 -47.125 44.8125 39.71875 81.375 -16.78125
 -11474.5 1573.515625 -2711.6875 -503.75 218.34375 -2915.25 724.8125 1186.5 -1089.75 -1040.59375
 240.0 102.875 -33.75 5.0 -5.3515625 16.0 87.75 115.4375 34.5 -30.375
 282.0 227.125 -76.375 -32.0625 -79.8828125 -13.125 111.375 127.0625 54.75 -51.09375
 507.0 34.875 -9.0 -107.75 36.9140625 41.25 35.875 30.6875 -139.25 -25.5
 -38.0 97.625 31.765625 -14.5 -47.234375 -16.8125 77.0 68.84375 -22.09375 22.59375
 -148.65625 120.2109375 -54.9375 184.65625 92.2822265625 146.375 -9.546875 196.953125 -24.375 -210.515625
 288.375 71.03125 -12.40625 -21.5625 11.5078125 -21.875 85.0625 134.65625 28.125 -26.59375
 328.125 67.90625 47.640625 26.09375 -41.400390625 66.3125 86.8125 41.734375 -99.0 -23.625
 818.375 511.28125 -1184.40625 2295.15625 1344.431640625 -967.3125 971.625 -72.78125 58.375 -662.890625
 58.0 41.0 -2.0 -52.75 29.125 -50.75 146.5 87.75 104.6875 -2.5
 -508.75 -384.75 -175.5 121.1875 107.3125 -206.625 77.5 -375.1875 0.0 -149.59375
 252.75 -56.5 90.0 50.375 30.6796875 56.5 18.0 49.375 -109.875 -4.3125
 292.0 -109.375 92.25 -57.25 -40.609375 -157.75 -26.75 21.625 -77.0 101.125
 -1098.25 1455.75 652.875 440.9375 752.31640625 -35.25 -104.375 363.875 -35.25 133.25
 319.0 90.3125 -2.8125 -44.125 90.53125 1.75 89.75 144.0625 68.25 -70.5
 91.046875 6.517578125 -5.189453125 50.45703125 -11.4364013671875 -8.37109375 68.986328125 52.759765625 -84.3203125 -11.556640625
 4614.0 529.0 379.25 -183.75 -869.7890625 -325.0 489.5 -441.125 -1744.5 -14.0
 13736.0 -1388.625 -268.5 38.5 14.328125 189.5 632.0 -62.125 -817.0 -310.0
 -1918.0 21.25 94.0 415.0 -193.1875 114.0 114.0 89.5 -239.0 -61.5
 277.08203125 22.6328125 37.4296875 -2.6904296875 -32.754302978515625 51.232421875 22.404296875 -4.57470703125 -69.1953125 -24.5458984375
 923.25 -314.3125 -53.5 -38.625 -287.017578125 127.0 -56.6875 208.40625 7.75 34.0625
 -11784.0 5843.0 1851.5 -6333.0 1326.5 1428.0 1514.0 -6571.0 1526.0 -343.5
 5063.25 -153.0 -45.53125 -281.15625 247.626953125 144.5 152.0625 -141.34375 -524.4375 104.5
 373.5 142.25 -36.75 -10.625 -29.2265625 -258.5 -183.25 -21.0 108.5 70.9375
 2566.0 -607.0 30.5 -344.0 298.4375 178.0 80.5 -191.0 -229.0 -93.0
 -221.0 -216.0 -51.625 -199.875 118.59375 39.0 -149.25 -40.75 -14.0 9.5
 441.6875 -208.5 -31.46875 -267.90625 95.33642578125 -148.21875 -112.265625 148.2421875 -85.6875 28.1484375
 151.75 -105.125 51.4375 -83.0625 -0.76171875 -24.75 -25.625 -22.5 -81.0 -7.40625
 8.625 -1878.9375 3912.9140625 -1083.8984375 -156.5 -54.0 -1002.875 -1195.5 1043.78125 -178.0
 322.8125 42.078125 -164.03125 -183.65625 30.05078125 1.4375 52.28125 157.25 141.0 -37.921875
 14480.0 -3100.0 -10344.0 -4820.0 8063.5 8456.0 984.0 5636.0 -14696.0 1126.0
 -90.25 81.71875 41.875 23.125 -133.34375 -110.75 88.5 54.4375 44.75 33.5625
 204.9375 -53.3125 -2.25 117.4375 99.9111328125 -141.125 -68.625 -82.3203125 74.6875 150.609375
 147.0 -1.0 61.5 78.5 -51.875 -14.0 269.0 8.25 -148.0 -102.625
 -22506.0 4489.875 1232.5 -4835.0 6676.5703125 -3394.5 -1359.25 1738.5 -1986.75 614.1875
 962.0 829.5 111.875 -533.25 618.6796875 -255.0 -39.25 -359.875 -354.0 132.25
 143.75 10.6875 5.8125 -61.5625 -77.40625 39.875 16.5 -0.0625 -84.75 29.40625
 125.0 27.5 -0.640625 -22.25 20.4970703125 -40.8125 -7.1875 43.703125 5.4375 8.578125
 158.125 -26.75 -21.28125 4.828125 58.03125 69.0625 59.84375 50.46875 -8.9375 -16.8125
 230.0 -94.875 -94.625 -17.875 26.171875 -95.0 -87.0 8.875 6.625 5.5
 -16.25 -201.0 22.0625 -116.875 -78.296875 -153.25 -132.625 -152.875 -108.5 186.25
 142.0 175.0 -27.5 -69.75 90.28125 89.0 -234.0 33.75 14.0 7.5
 -37.0 -3360.0 5606.0 -402.0 1392.0 1520.5 213.25 -4758.75 4830.5 1324.75
 43.0 6.875 2.75 -1.125 0.21875 3.5625 0.71875 0.337890625 0.404296875 -0.69921875
 379.0 84.0 285.0 535.625 78.625 -122.8125 -140.484375 -124.78125 135.015625 -44.80078125
 730.0 5288.0 -6720.0 -4986.0 -10546.0 -1763.0 677.75 7508.828125 -4447.375 2343.5
 196.25 127.9375 31.25 24.1875 -18.28125 71.75 149.5 205.1875 96.25 -120.5625
 1414.5 667.25 910.5 1267.875 694.90625 -385.0 -695.5 1931.25 -257.25 359.125
 278.25 32.34375 5.4375 55.125 -8.646484375 12.5 28.6875 -29.34375 8.1875 0.578125
 -74.75 -13.3125 -32.34375 21.578125 -21.0283203125 7.125 57.90625 0.734375 -30.1875 22.0625
 23.359375 91.87109375 -29.033203125 -332.87109375 -415.8157958984375 -291.8515625 -261.4453125 -155.818359375 -212.4375 55.173828125
 329.625 -81.46875 20.6875 70.1875 180.021484375 213.875 -2.25 28.90625 -119.8125 -24.6875
 -555.75 258.3125 23.65625 -107.25 23.7578125 -58.5 247.0625 96.1875 -3.0 39.46875
 1519.0 -16.5 60.0 -102.5 158.4375 99.5 420.0 572.375 278.5 -300.5
 150.0 -577.5 -1.5 -116.5 -208.890625 -216.0 -373.25 -340.375 -271.0 218.5
 448.0 -1016.0 -423.25 -57.3984375 -76.1875 -81.625 29.640625 -41.75 -28.28125 5.05078125
 -1342.0 2067.0 263.0 -640.5 1006.9375 -628.0 -209.0 -689.0 -208.0 546.5
 -577.0 -323.25 -104.5 520.0 -354.4375 -296.0 99.5 -333.5 126.0 324.0
 -173.0 -130.5 -30.75 -77.25 52.0 -226.5 -312.5 -297.5 -40.0 375.125
 -2636.0 5.75 90.75 129.0 -111.46875 127.5 -149.0 -213.25 16.0 34.5
 7002.125 -3655.46875 -626.90625 609.15625 -1360.32958984375 -677.875 -208.53125 -829.8125 -251.734375 282.8828125
 517.265625 374.984375 -101.0625 -102.484375 88.3984375 201.390625 9.234375 -61.1875 -2.2275390625 -72.9609375
 555.0 240.34375 36.78125 -65.15625 273.033203125 -121.3125 -18.59375 97.546875 -70.6875 31.96875
 379.0 498.5 157.25 71.5 200.28125 131.0 321.0 560.5 340.0 -497.25
 -157.25 104.0625 83.1875 10.96875 16.466796875 12.5 -114.3125 -50.96875 7.25 -125.0625
 319.5 18.0 40.5625 94.625 11.453125 58.25 -12.0 -22.25 -149.25 -32.875
