109.5 34.875 76.0625 62.875 2.0625 27.375 -49.75 84.0 -121.75 66.875
 -868.0625 307.71875 -35.98046875 -46.671875 115.609375 -335.984375 38.234375 -12.46875 -87.203125 -56.59375
 204.0 -180.5 20.90625 20.25 -30.25 14.75 -95.75 68.0 -106.5 42.875
 -336.0 190.25 -10.75 -199.0 -7.0 105.0 -14.5 109.0 -62.0 1.0
 109.0 -532.0 -34.6875 -484.5 -46.5 -259.0 51.0 111.0 52.5 -302.5
 97.75 -32.4375 36.234375 19.75 -15.0 -16.8125 39.0 5.0 -33.25 -8.8125
 502.0 2456.0 -1008.0 1032.0 -1880.0 -2996.0 7120.0 -4573.0 6162.0 357.0
 -571.78125 13.8046875 -34.208984375 -138.3125 -37.4140625 85.2890625 39.375 10.96875 58.765625 24.421875
 88.0 2585.25 966.46875 457.0 563.75 -274.625 -486.375 -51.75 -516.5 -46.25
 6059.0 -2259.125 81.6484375 -1173.9375 -472.34375 3200.1875 144.375 -380.6875 795.875 40.84375
 88.25 -162.4375 125.84375 -83.8125 113.25 -119.625 -150.0625 58.0 87.3125 -76.25
 4667.890625 -8905.50390625 16005.6328125 -1670.890625 -6722.5859375 955.234375 -12017.671875 -3548.4765625 13220.8046875 10458.5
 -198.5 532.5 95.078125 110.125 12.8125 -150.8125 -46.25 40.25 -163.25 13.0
 1065.875 -280.21875 -40.6796875 137.90625 -28.75 -31.53125 -45.1875 44.25 -16.03125 4.78125
 156.0 94.125 36.21875 -47.5 -10.875 -36.6875 -8.0 -2.75 41.75 -86.3125
 224.5234375 4.212890625 -121.23828125 -247.998046875 73.1171875 -33.7890625 53.693359375 43.42578125 89.125 -2.44140625
 82.0 61.5 14.5 -72.0 0.5 -90.0 194.0 -94.0 232.0 -124.5
 1963.15625 -578.7578125 245.759765625 -112.5859375 -498.9296875 1112.2109375 -125.6015625 28.390625 404.4296875 31.953125
 801.72265625 -170.95849609375 55.7578125 16.24609375 5.5380859375 198.0654296875 -5.40625 132.2451171875 -42.2109375 -84.025390625
 202.0 -197.5 13.5625 72.5 11.0 36.75 -122.5 85.5 -199.75 133.0
 -964.3125 274.34375 -682.25 -330.375 65.4375 258.0625 -283.0 132.375 -250.375 188.984375
 -414.5 -25.25 -73.28125 -58.25 43.5 18.25 -7.5 56.0 56.0 -98.5
 -454.5625 -256.9375 -150.0078125 -145.375 -234.171875 35.859375 59.53125 68.3125 175.421875 -89.484375
 1391.75 622.625 238.453125 -14.625 134.875 365.3125 34.375 245.75 -47.5 -22.4375
 149.375 37.84375 45.890625 -12.625 47.96875 -51.96875 -16.5625 -5.0 17.25 -74.125
 -3408.75 227.1875 102.7734375 -1150.875 710.25 477.4375 307.75 -209.0 371.625 144.5
 95.5 -97.0 102.34375 -49.5 -104.75 -8.75 -62.0 58.75 -68.875 -36.125
 156.5 290.4375 75.8984375 228.3125 -32.0625 -116.4375 -27.03125 -24.875 -107.75 -40.0625
 -10.78125 -640.1953125 29.2109375 440.1796875 -692.59375 635.6875 -209.703125 17.359375 205.7421875 48.234375
 232.0 -9.875 59.1875 72.75 -26.75 26.125 -54.375 73.0 -119.125 47.75
 273.84375 -9.3984375 16.427734375 0.375 9.0625 -43.765625 46.875 -132.5625 128.125 -42.28125
 -142.5 -794.75 -1017.84375 531.5 -1681.25 -475.25 -629.75 793.25 575.5 54.75
 -59984.0 -1853.0 -9179.5 -10026.0 -3743.0 831.0 1276.0 252.0 5914.0 3065.5
 170.5 189.25 -77.125 -53.75 -124.21875 28.9375 -190.5 -126.0625 -3.5625 -234.375
 145.375 122.375 89.359375 2.75 13.234375 -3.5 -58.375 32.5625 -47.0 -29.46875
 -1471.5 -651.0 -414.0625 -372.125 -171.6875 -321.25 -140.0 49.75 58.0 -29.375
 87.125 6.3125 50.2734375 54.375 1.75 28.9375 -28.625 98.875 -113.3125 56.25
 207.75 -213.5625 -369.09375 -278.75 7.125 234.25 -121.625 247.625 -322.0 59.875
 4012.125 -7237.375 4859.0546875 3351.25 -6632.34375 -337.84375 -240.8125 2119.8125 -363.0 431.28125
 -439.0 155.75 263.625 455.0 8.75 -172.75 621.5 20.0 26.0 143.25
 108.5 -95.0 88.0625 256.5 118.125 43.0 -195.0 152.0 -312.0 219.75
 -104.0 -128.0 48.875 188.0 70.0 17.0 161.0 38.0 -10.0 109.0
 138.0 -98.25 71.375 -16.0 -73.0 11.5 -46.0 19.0 -57.25 -53.0
 86.5 38.625 38.375 8.5 -29.875 -68.625 47.5 15.0 4.75 -31.5
 -579.0 -2719.5 -962.625 -571.25 -750.0 776.25 35.5 136.0 237.75 -0.5
 127.5 100.875 106.5625 31.75 -65.375 -19.0 28.625 12.5 -55.125 28.125
 -118.0 -90.65625 26.8515625 70.75 40.1875 32.8125 44.8125 -70.625 39.125 -33.40625
 -62.0 140.625 -54.40625 49.5 -94.875 -22.0 -38.625 76.0 -30.5 -56.625
 547.625 -987.46875 -427.1015625 -25.375 -318.78125 57.875 -12.21875 155.125 252.21875 40.75
 -1293.625 157.6875 583.625 1152.9375 -314.09375 24.09375 -263.625 -113.5 -347.5625 -30.5625
 158.0 -48.375 74.5 -64.5 -143.0 -1.625 55.0 39.75 2.5 -67.0
 -1063.03125 -335.11328125 2478.1259765625 2102.0859375 -435.2109375 145.78125 -198.03125 533.125 -203.2265625 -143.34375
 -61.5 -128.5 121.03125 -48.5 -346.0 -238.375 58.125 -381.75 175.375 -262.5
 972.875 -102.875 7.46875 152.34375 18.0 -38.875 80.28125 11.375 -76.03125 -116.1875
 -787.9375 203.828125 -595.07421875 1002.09375 -1180.96875 -1334.71875 -625.8125 822.65625 161.1875 238.953125
 -5538.0 -2805.0 -1935.125 32.0 -2152.5 -1603.5 -426.0 704.0 726.0 568.0
 143.875 -56.15625 25.46875 61.125 10.9375 -29.6875 -60.625 92.5 -83.25 78.90625
 88.859375 200.58203125 148.107421875 78.125 255.546875 -174.51171875 -128.30859375 51.4140625 117.8515625 -13.16015625
 11.0 83.0 -54.9375 119.0 57.25 -95.0 145.5 2.5 12.5 38.0
 65.0 6.0 33.3125 72.75 3.625 -21.5 7.25 14.5 -44.875 23.75
 2607.0 -1044.0 -287.3125 159.0 -114.0 -278.5 -618.0 466.0 -912.5 -146.5
 -4.75 -49.875 33.921875 15.9375 -14.4375 3.1875 -47.625 74.5 -76.4375 41.1875
 292.0 314.0 204.75 505.0 -359.0 12.0 246.0 -438.0 40.0 166.0
 137.75 150.6875 138.703125 106.375 -70.25 28.9375 -63.0 91.125 -166.25 93.8125
 3881.0 -752.25 -28.0625 332.5 -83.5 124.5 -187.5 443.0 367.0 144.5
 184.75 131.4375 57.5703125 -4.25 7.25 64.5 -27.75 99.375 -107.875 32.875
 -10200.3125 14504.9375 18253.453125 -10652.4375 -11163.71875 16820.59375 6455.25 1266.125 639.0 -2114.5
 -1552.5 -39.0 18.9375 -107.25 -198.5 37.625 107.75 -110.5 134.25 97.125
 -206.0 622.25 -240.25 -512.5 6.75 -180.0 323.0 88.5 292.0 -108.5
 3314.375 -3202.03125 -729.7109375 -214.8125 -181.78125 723.375 219.375 -249.0625 -42.375 -114.03125
 -10842.0 -39005.0 -15784.0 -19558.5 -8197.0 16915.5 2138.5 1657.0 9598.0 -2635.5
 138.09375 -72.4765625 259.220703125 -39.421875 120.3359375 -110.4765625 -17.8046875 28.40625 98.8515625 -51.8515625
 1622.3125 -1837.14453125 5.4306640625 1777.90625 -1486.7890625 957.4921875 -522.421875 1309.078125 603.375 -392.08203125
 113.5 -33.25 40.6328125 98.0 13.96875 -48.96875 -66.625 52.25 -117.0625 57.0625
 160.0 -100.75 22.4375 86.0 -1.5 47.5 -21.0 15.0 -92.5 1.5
 -208.921875 57.8125 -26.9482421875 36.9609375 -25.46875 -78.78125 23.890625 -15.34375 -5.890625 18.0703125
 471.5625 607.31640625 -292.578125 -136.98828125 -347.21484375 -320.828125 240.98046875 276.3984375 11.47265625 234.7890625
 139.0 162.0 98.5625 14.5 1.5 4.5 -231.75 73.5 -181.0 -18.5
 -7.5 51.75 -131.8125 -322.0 135.0 107.625 -82.75 101.25 -3.75 -51.0
 -17770.5 -354.375 -1976.46875 -4582.5 -1131.625 -2881.375 -751.625 1269.0 2232.25 -1892.375
 2798.75 -1454.1875 -905.625 -1736.125 709.375 357.75 653.5625 -294.5 62.125 -1.1875
 191.4375 -0.171875 75.921875 12.3125 -19.15625 4.0 -76.6875 50.125 -114.59375 3.6875
 721.375 -27.59375 -30.171875 86.25 24.28125 -113.9375 -51.375 -12.6875 -110.65625 -30.125
 2826.0 1772.0 1069.0625 832.5 505.0 151.125 102.75 -56.75 -447.25 45.0
 4.0 -165.5 -4.375 -133.0 -22.0 -95.5 93.0 33.0 106.5 -141.5
 -1919.75 2042.125 -109.484375 893.5 -624.0 -1608.625 -572.25 562.375 -50.375 27.375
 -8297.5 8348.125 -768.375 4045.0 -3422.75 -6486.0 -2430.5 2680.75 327.75 100.75
 33.25 174.25 -47.25 -213.375 88.8125 8.3125 11.75 130.375 -11.75 -33.5
 107.8125 52.125 39.484375 -85.25 7.59375 -43.8125 -30.4375 4.0625 48.25 -59.3125
 1512.25 -994.375 -229.6875 279.5 -131.3125 -48.6875 5.875 24.875 17.75 -6.125
 97.3125 23.515625 76.1875 -11.46875 30.53125 -18.671875 -4.34375 61.78125 16.5625 -10.4375
 66.625 -104.0625 17.734375 121.375 62.25 10.28125 -32.125 131.0625 -82.25 125.8125
 -374.71875 108.9140625 -42.21484375 -12.703125 58.09375 -97.1015625 -75.484375 -2.9375 -13.890625 26.796875
 104.9375 60.40625 88.234375 41.9375 -0.40625 10.875 -49.9375 62.1875 -82.0 9.4375
 -54912.0 177732.0 62384.0 34536.0 18148.0 -28940.0 -10880.0 6936.0 -2176.0 4384.0
 4132.25 -5584.625 -753.015625 -645.375 118.0 1875.6875 566.75 -769.125 -68.375 -149.5625
 292.0 -108.25 -7.46875 55.25 -31.0 -1.875 -46.125 18.25 -66.625 19.25
 82.0 46.375 -52.640625 77.625 158.09375 -172.1875 -58.4375 -60.125 -139.9375 118.3125
 125.0 -202.375 55.9375 102.5 69.0 2.75 -79.75 222.25 -211.5 123.125
 212.5 -194.21875 5.0390625 35.625 16.0625 44.375 -132.625 155.25 -182.4375 69.75
 607.61328125 159.158203125 78.221923828125 385.939453125 -79.9150390625 -357.5380859375 -76.306640625 77.1015625 -189.2578125 46.7080078125
 123.25 168.875 -50.421875 129.5 -1.5 49.375 -80.5 145.75 -199.25 213.125
 116.5 78.75 83.125 -4.21875 -11.71875 -3.75 -50.3125 82.0 -79.0 22.71875
 154.5 -127.25 -9.875 60.5 10.0 30.25 40.75 6.0 20.5 11.375
 93.0 57.625 26.4375 -75.75 33.375 -58.5 -24.25 48.5 24.0 -59.25
 36.5625 26.53125 65.52734375 44.4375 -16.015625 -35.5 53.5 36.6875 13.6875 -9.875
 189.0 -68.25 13.125 9.25 -126.0 11.875 -197.5 -68.5 -85.75 46.875
 -792.6328125 267.138671875 483.43798828125 -727.69921875 67.34765625 -652.99609375 280.19140625 -467.93359375 -337.16015625 262.751953125
 182.0 -2.0 29.875 -72.0 -99.5 43.0 -126.0 124.0 -210.5 72.0
 260.5 52.75 68.859375 53.5 116.6875 -10.5625 -87.25 101.125 -100.375 59.4375
 403.5 -594.5 -333.046875 149.375 43.6875 -7.0625 151.875 -13.125 -83.375 169.375
 -116.0 225.5 140.9375 64.5 78.5 -55.0 93.0 47.0 70.0 -86.0
 135.5 242.25 104.5 -144.5 -23.0 -41.25 -45.75 -5.25 56.0 -87.0
 4612.5 -3130.25 -1200.1875 280.0 -268.25 -398.25 -166.0 -98.5 -234.75 -215.75
 10314.5 -640.625 -1753.25 3378.75 -5183.5 -2378.875 -1485.5 2185.25 1134.75 470.75
 2.5 29.25 33.53125 -3.5 11.25 -90.5 24.0 40.0 13.0 -44.625
 929.1875 -1496.0 -1558.875 -1974.25 -162.046875 -140.53125 598.0 502.03125 1249.0625 -104.875
 828.0 194.0 -46.421875 360.875 211.0625 -347.3125 172.75 -229.125 -174.5 -15.875
 994.25 -171.4375 -79.390625 103.875 57.8125 -18.75 75.375 -32.375 9.75 -31.1875
 846.5 -154.6875 73.90625 206.0 15.375 -113.5 23.5 33.75 -124.125 19.5
 -84.28125 -95.1171875 -166.9375 173.015625 -27.1953125 -2.28515625 163.4453125 -49.8359375 85.3046875 66.30859375
 -440.75 338.46875 265.1640625 -168.875 215.0625 273.09375 75.9375 -151.1875 -21.25 -31.59375
 112.25 70.125 89.921875 101.25 -22.0 -3.9375 -84.25 52.375 -110.0 61.125
 14.0 -122.0 -57.8125 185.0 131.5 29.75 60.5 258.5 -139.0 182.5
 -302.0 -115.5 -49.25 63.5 -9.5 -153.0 212.5 -52.0 305.5 -209.5
 -1155.28125 737.421875 264.70703125 -108.375 203.6171875 124.46875 57.984375 -104.46875 -2.21875 -13.828125
 908.0 562.0 -131.0 -234.0 -301.5 -266.0 -82.25 213.0 -80.75 97.0
 -1347.875 958.78125 3116.7734375 1168.875 -818.75 906.8125 261.125 555.1875 -220.125 -260.21875
 253.09375 -91.71875 296.98828125 144.0 21.23046875 239.9296875 -66.21875 36.5625 43.2890625 0.734375
 16682.0 4365.0 1773.25 -2711.75 -2262.0 -1842.0 -5272.0 -330.5 -1415.0 -2089.75
 -1944.0 -66.0 39.25 124.0 -138.0 48.0 -203.0 -69.0 -81.0 81.0
 548.0 -66.0 283.5 524.0 558.0 -51.5 -154.0 459.0 -395.0 358.0
 1780.375 -1139.703125 -416.14453125 170.46875 -278.125 -150.796875 -32.0 204.78125 97.4375 7.46875
 58.0 145.0 300.75 -366.0 -295.0 -191.5 329.0 27.0 123.5 -185.0
 64.5 52.1875 79.6875 133.0 10.5 -67.1875 12.75 -66.875 -45.125 -6.25
 -204.0 178.5 -30.125 -123.0 63.5 -59.5 251.5 38.0 119.0 7.0
 -18.625 405.84375 127.7421875 166.125 49.84375 -194.0625 -52.21875 -23.0 -97.5 2.75
 -530560.0 1.034878e6 908314.5 -1.03776e6 -658016.0 1.260504e6 492140.0 -104524.0 6340.0 -124022.0
 114.375 80.09375 84.25390625 -43.375 -20.859375 -7.484375 -22.21875 28.8125 -43.90625 -28.71875
 71.0 -181.625 14.96875 71.0 -42.5 9.75 -41.25 64.75 -114.75 55.75
 151.75 525.1875 -72.3828125 -565.4375 350.34375 -39.625 145.59375 -58.5625 72.75 2.1875
 828.96875 -575.484375 -330.72265625 69.15625 -216.7734375 -159.65625 -71.421875 157.09375 17.265625 20.8828125
 179.5 170.875 161.71875 160.0 116.0 -10.5 -36.25 80.0 -47.5 29.375
 -7790.0 1002.0 -216.875 -456.5 -350.0 6.0 662.0 -538.0 932.0 250.5
 -752.5 342.75 258.5625 -280.5 168.75 464.5 -12.0 -86.0 25.0 -107.0
 154.5 120.375 1.1875 -157.0 22.875 -37.125 27.25 65.75 76.5 -105.75
 146.0 5.0 73.3125 -61.5 -34.25 -45.75 10.0 20.5 20.75 -54.25
 69.0 367.75 142.8125 -49.0 23.75 -33.25 -99.5 -13.0 45.0 -14.25
 56.375 65.6875 -42.9404296875 -109.125 -37.875 42.5 17.875 15.875 -25.75 -26.90625
 144.5 -46.75 32.625 -92.5 -86.625 6.25 11.0 16.75 -9.0 -19.25
 -1034.5 757.125 186.625 114.5 252.625 31.5 -17.5 -104.5 291.5 -3.625
 -38832.0 76866.0 50836.9375 -85127.0 -31644.0 80154.25 39120.0 -15070.5 -4895.5 -9398.0
 -337.875 -737.09375 -24.7734375 -608.40625 342.40625 703.125 289.375 -316.8125 135.28125 -40.46875
 -1508.0 504.0 381.125 298.0 -103.5 -339.0 497.0 -264.0 280.0 195.75
 349.0 32.0 165.375 634.0 -379.0 -44.0 26.5 137.0 -73.5 541.5
 295.0 47.75 179.25 163.25 61.125 62.125 -237.75 28.5 -220.5 136.15625
 8.0 -174.0 39.0 -394.0 -26.0 -205.0 333.0 -410.0 420.0 -419.0
 -40.25 -54.3125 158.140625 -88.125 -147.5 0.375 79.25 -77.75 -4.875 17.625
 102.875 -46.75 47.5625 25.875 -39.0 -5.4375 -19.0625 45.625 -65.375 16.875
 62.0 22.5 46.25 -43.5 -17.5 -45.5 105.0 8.0 16.5 -37.0
 1406.5 -248.5625 -93.6171875 370.0 73.8125 -215.125 378.375 -356.625 542.375 -124.875
 -89.0 509.5 304.1875 538.0 -312.5 230.0 -377.5 -278.5 -108.5 587.25
 -577.0 1820.5 538.875 307.25 185.4375 -340.5625 -192.5 198.375 7.0 66.6875
 496.0 -1.0 132.625 182.0 45.0 178.5 -140.0 168.0 -319.0 258.0
 17239.875 -6884.59375 -2358.365234375 2922.8125 -637.3125 -1290.75 136.4375 388.5 -339.5 70.65625
 304.0 3060.3125 1328.3125 648.5 1040.5625 -444.5 31.625 -483.625 -862.0 -45.5625
 2558.0 666.25 221.125 -9.5 38.25 578.5 44.5 90.0 -225.5 -64.75
 -16.0 18.0 -42.9375 121.25 114.5 30.0 -159.25 142.0 -193.25 148.75
 3198.0 618.25 510.9375 1150.5 450.25 115.0 163.5 -269.0 22.5 -26.0
 -3683.5 2819.25 1446.15625 -2849.75 6411.875 -5096.625 2187.375 -558.75 -1990.5 -455.25
 80.0 29.5 6.625 32.0 1.75 105.0 -67.0 74.5 -145.0 33.5
 159.0 130.5 47.25 121.0 53.5 132.0 -167.5 128.5 -194.0 90.5
 37.0 80.625 7.3125 57.375 -4.5 20.75 70.125 -21.75 -22.0 74.75
 -21.0703125 -76.6875 6.66015625 22.4375 -13.140625 -3.5625 -92.265625 -0.8046875 -60.71875 27.16796875
 -65.59375 -67.609375 77.78125 20.875 -35.5625 36.71875 25.25 65.453125 -59.34375 -45.9375
 42.0 -73.75 41.34375 5.75 -41.375 11.625 216.25 7.25 72.0 -44.875
 6475.0 -1242.4375 -1202.359375 -538.0 -1526.4375 660.5625 -492.375 1119.875 1305.25 115.4375
 3106.0 5638.3984375 595.994140625 2320.875 -1449.640625 -1827.1875 -1300.875 1205.46875 -252.078125 -45.84375
 10125.5 167.875 1159.078125 2548.625 676.4375 1673.1875 314.125 -698.625 -1319.625 1061.5
 -109.5 141.25 -71.3125 -66.25 81.375 87.125 12.5 56.0 46.0 79.375
 33.0 -17.75 -46.375 -22.125 11.3125 24.625 46.75 13.625 9.75 45.3125
 -47.0 -21.75 72.46875 -26.0 3.625 35.625 -132.125 48.0 -98.5 -62.0
 40.25 92.375 94.4375 15.375 1.25 -26.0625 -61.0 100.0 -97.375 30.5
 200.5625 358.625 -338.4375 36.4375 420.546875 251.984375 -124.0625 -80.5 181.34375 -42.40625
 79.0 78.75 -38.9375 -76.5 28.25 -34.0 114.0 -37.0 153.0 -111.25
 163.5 19.125 96.484375 17.25 -16.8125 18.5625 -35.5 -30.875 36.0 -35.875
 7135.0 1186.75 686.0 1371.5 964.5 -1262.625 252.0 -480.75 -1337.125 -349.5
 189.0 99.125 31.1875 -3.0 5.5 28.5 -71.0 72.25 -116.0 76.125
 446.0 -138.75 -93.375 116.5 -8.25 -47.25 125.5 -30.5 153.5 -51.25
 59.25 -66.3125 -29.796875 -5.5 3.6875 3.4375 -46.125 -5.125 -48.5 5.5
 -20.0 -133.625 -26.90625 213.25 -60.875 -149.75 147.5 -125.75 55.75 47.875
 235.5 2.375 39.65625 -42.5 -179.75 85.125 -50.25 38.75 -152.5 -37.0
 -3268.0 4247.75 6389.0 7488.5 2111.0 1805.75 -1129.75 -3991.0 -5927.25 -182.0
 -5521.0 3126.9375 1130.015625 -272.0 752.1875 -420.03125 48.9375 -491.3125 -89.0625 92.71875
 -350880.0 101512.0 41468.0 -43008.0 -1544.0 39720.0 -12896.0 6520.0 13808.0 25189.125
 -480.6875 956.7578125 425.064453125 93.28125 290.0703125 -81.3984375 60.75 -169.234375 -99.53125 21.9609375
 -3202.0 51.0 790.4375 -1034.25 1204.75 991.0 791.0 -1029.0 -215.5 7.5
 -59.4140625 170.705078125 -154.23828125 -98.0234375 136.6015625 54.130859375 -120.17578125 24.603515625 57.859375 -34.52734375
 100.25 31.0 41.015625 2.0 -8.9375 -37.46875 -2.6875 22.4375 -10.0 -2.875
 2723.25 -3638.5 -1536.609375 -189.0 -652.5625 -272.0625 121.9375 119.6875 -57.1875 -41.3125
 269.0 -57.0 -70.84375 -26.0 8.875 17.0 -119.0 63.5 -82.75 -23.5
 -1856.875 784.75 494.78125 507.5 -8.71875 -28.71875 -121.3125 -91.6875 -143.0 -40.6875
 151.125 39.71875 22.578125 88.1875 22.15625 -9.0625 -44.25 -41.9375 -18.9375 66.375
 93.25 -110.34375 -4.7265625 -5.75 -81.84375 -12.9375 83.375 -54.875 58.0 -74.71875
 -163.5 -31.5 -42.5625 138.0 22.5 -25.5 128.5 34.5 45.25 65.0
 97.5 20.875 117.90625 101.5625 29.25 4.21875 -83.6875 67.5625 -132.6875 49.0
 114.0 -12.875 81.09375 29.5 -22.0625 3.75 -66.625 35.0 -74.875 9.875
 21.5 -3989.9375 -16342.671875 -8804.375 -2440.21875 1395.8125 1095.25 -7402.0 -3302.75 1212.0
 62.625 22.875 46.37109375 -2.0 -5.0625 -57.0 8.875 29.125 4.0 -30.6875
 296.5 4.875 25.53125 -44.5 -3.875 -31.0 -75.0 7.0 49.25 -80.25
 102.0 17.25 21.625 -19.5 39.5 24.75 91.0 60.0 -15.0 92.25
 61.5 76.375 101.21875 28.25 27.125 -25.5 -21.5 36.0 6.25 -66.375
 23.96875 103.59375 87.796875 33.125 10.8125 6.125 72.0 21.6875 42.5625 -74.421875
 134.0 6.75 23.1875 47.0 48.625 -35.375 -13.0 44.75 -18.75 -6.375
 228.28125 51.56640625 33.1474609375 -8.875 63.1171875 30.65625 -111.1484375 90.203125 -41.8984375 8.9140625
 -1401.5 393.625 576.0 838.34375 461.71875 -888.78125 -47.21875 183.0625 -288.34375 -62.53125
 637.5 258.25 41.0 51.5 -90.0 23.0 88.25 80.5 -64.0625 47.0
 -2647.75 1035.40625 154.328125 77.0 -56.53125 -256.9375 -124.75 -29.625 -68.0 87.375
 114.0 20.5 -19.1875 60.0 -131.5 -65.25 66.0 21.0 -32.0 48.5
 216.0 192.75 111.40625 -14.25 -82.125 13.75 -46.25 2.25 -50.5 -54.125
 -2486.5 296.625 559.0 -496.25 801.375 931.0 359.5 -901.75 -371.0 62.625
 55.5 24.5 72.59375 53.0 10.25 -30.625 15.25 -10.75 -2.875 -3.25
 -66.0 149.0 -83.4375 -146.25 80.0 36.25 73.0 89.0 -55.25 6.0
 -38.0 33.0 -20.25 126.5 40.5 13.0 -169.5 96.0 -244.5 119.5
 -4200.0 2140.0 -1664.0 -2840.0 -654.0 346.0 2462.0 1032.0 1322.0 -768.0
 298.5 120.375 -46.8125 -635.25 200.625 201.125 -670.0 599.5 -592.5 -121.375
 51.375 -35.65625 109.28125 -4.75 -48.0625 15.25 -7.0 -5.3125 -27.4375 -28.53125
 1024.0 -1105.25 -589.53125 -4.75 -315.25 -169.875 -5.0 200.25 196.75 105.375
 2467.5 -223.625 -525.5625 -2378.0 2485.25 -2111.875 1067.0 413.25 -103.125 -94.625
 1179.0 -1993.5 -908.5 -267.0 -468.25 234.5 -22.0 301.0 560.75 127.75
 124.0 368.0 -44.0 -282.0 -207.0 -92.0 -59.0 -474.0 151.0 -63.0
 2437.25 -204.625 33.0 277.75 -61.25 68.125 -3.875 25.875 -324.0 92.1875
 -111.5 -56.625 16.78125 103.5 -67.5 -97.875 139.625 -103.0 80.75 46.5
 -1514.265625 617.40234375 882.98828125 123.4765625 810.71875 467.8203125 206.859375 -723.6640625 -475.48828125 113.85546875
 55.5 -80.125 62.1875 218.5 -33.75 -70.625 117.0 -6.0 4.75 103.625
 266.0 797.5 -1416.0625 -465.4375 -450.0 1246.5 209.75 -10.0 -907.5 311.25
 214.0 -103.25 177.859375 -129.0 76.5 -186.5 64.0 -156.0 289.0 -146.75
 -2587.0 257.5 170.5625 296.5 547.25 -285.5 1263.0 443.0 452.5 247.5
 79.875 39.125 21.765625 48.75 21.8125 0.09375 -26.6875 -5.0625 -5.1875 -15.15625
 202.5 -20.25 147.828125 93.875 74.4375 57.125 -173.5 137.375 -238.75 151.875
 -80.0 188.5 -80.875 -163.0 -101.5 43.0 82.0 -5.0 16.5 20.0
 6040.5 -11570.25 -11226.28125 -10501.625 -6653.125 -311.125 1408.0 6124.5 9280.875 -360.625
 51308.0 2573.0 7006.25 7626.0 1200.0 3734.0 -570.0 2058.0 -7838.0 1746.0
 -356.0 -264.0 406.5 -56.0 -303.0 -289.0 80.0 -30.0 7.0 -440.0
 217.25 -64.0 4.09375 130.5625 22.09375 -16.40625 107.125 44.1875 -48.8125 108.96875
 -93.0 -219.75 124.375 191.0 -139.25 58.0 214.5 -130.5 96.0 108.5
 214.0 -12.75 -52.0 -92.25 17.9375 -4.1875 -159.5625 64.0 -75.0 -23.3125
 180.0 -55.5 -29.875 -12.75 -52.5 2.75 -94.5 7.5 -38.0 -15.75
 -74.5 386.375 47.28125 108.25 74.0 -66.125 51.75 -74.5 63.0 105.25
 175.4453125 -160.3125 -74.359375 -943.4375 340.21875 1097.677734375 -359.6650390625 -1385.6484375 667.615234375 87.14794921875
 35.90625 -9.875 -1.0 -2.0625 -1.9375 1.34375 -0.765625 1.146484375 0.0654296875 -0.85546875
 23.0 -156.0 111.0 -41.3125 133.25 251.8125 -83.71875 -186.25 59.2578125 -2.5234375
 184.0 -62.0 -72.0 -679.75 122.0 589.125 -220.5 -739.0625 384.6484375 1.125
 159.75 -55.125 44.015625 2.0625 -12.125 -1.375 -6.125 29.875 -9.875 16.0625
 -167984.0 -1400.0 13735.0 -62000.0 52944.0 39388.0 30104.0 -35104.0 -2016.0 -396.0
 348.140625 98.69921875 67.6953125 -66.578125 64.609375 -62.296875 -55.953125 71.234375 -10.703125 -77.8046875
 -112.0 -119.25 23.8125 37.0 -28.25 89.75 -29.0 68.0 -88.0 65.25
 -40.0 114.5 -106.25 237.0 394.5 245.0 -366.0 238.0 -460.0 419.0
 125.75 -26.34375 -5.1875 -47.8125 -2.25 33.3125 -52.4375 43.6875 -49.6875 -26.75
 -157.5 325.0 330.328125 75.875 58.75 59.8125 146.5 62.625 16.5 10.625
 -118.0 -361.25 36.8125 -436.5 -332.5 -53.0 530.5 -180.0 305.5 -269.0
 207.0 -158.0 -48.9375 34.0 41.0 22.0 -114.5 75.5 -89.0 95.75
 168.0 -387.0 -140.5 -3.1875 1.6484375 -12.09375 10.6875 -6.46875 -12.796875 -1.903411865234375
 1384.0 -6286.0 -2315.5 -1378.0 -2291.0 1330.0 -332.0 1438.0 2118.0 46.0
 -16.3515625 -247.607421875 70.63017272949219 83.4765625 -118.76953125 94.57421875 -17.1953125 66.9453125 -161.28125 167.1640625
 231.5 -45.0 77.9375 -6.0 71.75 32.0 -245.5 199.5 -202.0 47.0
 -751.0 -968.5 -523.84375 -133.25 -133.25 -180.875 47.0 -38.75 4.75 7.625
 5566.125 -4952.28125 -18752.03125 -8222.9375 -2854.40625 3678.390625 -870.90625 -6648.8125 -533.71875 1675.1875
 254.375 247.09375 541.6875 -125.40625 152.65625 339.0390625 -9.765625 -158.15625 -36.53125 -18.1328125
 -1702.5625 638.1953125 707.9140625 158.140625 719.58984375 -319.41015625 197.390625 -266.7421875 -398.38671875 -65.00390625
 17.0 -88.875 2.375 -141.0 43.375 -91.125 26.25 66.5 62.0 -123.5
 318.0 353.0 -136.875 -588.75 -117.75 82.5 -122.25 -30.5 -33.75 -208.75
 100.25 53.25 -3.40625 14.125 -51.125 43.5625 -97.25 -40.375 -60.625 82.625
