-44.0 155.625 -491.65625 -17.25 20.125 171.5 -53.125 61.25 97.0 -337.25
 -2807.125 -1042.8125 471.640625 1944.5625 -1029.0 -1293.3125 -663.3125 541.9375 -497.125 117.4375
 284.0 -222.8125 294.28125 33.875 -48.0 -87.25 123.25 56.75 -19.875 172.875
 50.75 15.375 25.0625 21.25 -8.5 11.75 -18.3125 -21.875 -19.75 9.1875
 141.75 44.0625 -201.90625 -142.875 235.5625 85.25 70.9375 181.875 126.625 -257.1875
 48.0 -145.75 152.0625 67.0 -48.5 -21.5 11.75 4.0 -124.0 109.5
 2418.0 558.0 -1800.0 404.0 -100.0 917.0 3092.0 2328.0 -179.0 791.0
 12978.0 1791.0 1031.0 1690.5 275.0 260.0 603.0 213.0 -261.0 -743.0
 -657.0 -193.75 -293.1875 318.25 -968.5 -702.5 -978.5 883.5 236.5 247.0
 -3903.25 1766.03125 2571.7578125 4162.5 -1228.40625 -1415.5 -1182.4375 1158.9375 -427.75 76.96875
 -54.0 87.375 65.625 -36.625 -57.125 -13.75 -103.75 -117.0 -8.0 34.5
 -670.6484375 -92.77490234375 -200.93817138671875 -113.177734375 262.13525390625 25.2177734375 442.41357421875 -41.701171875 -416.1328125 -384.95556640625
 -1282.25 763.875 45.0 68.3125 124.3125 -131.25 25.8125 -69.5 -49.0 -4.5
 -5636.0 6880.0 475.0 3156.0 -2838.0 -2716.0 -4184.0 3292.0 332.0 1727.0
 193.6875 43.8125 9.796875 31.28125 18.625 3.875 64.0625 32.0625 15.375 -25.625
 99.0068359375 -43.758544921875 -38.43218994140625 -42.986572265625 -5.936767578125 46.31640625 10.98486328125 -20.4755859375 20.400390625 1.56591796875
 36.5 -1.625 -53.0625 13.5625 63.75 16.0 187.5 151.5 100.25 -115.75
 3713.25 -1407.78125 -1080.40625 -2593.21875 396.875 1737.8125 772.1875 -833.75 497.25 9.875
 1769.625 999.5625 280.5859375 764.8125 370.9375 155.125 -40.0 -30.8125 -199.1875 -77.28125
 161.5 84.3125 208.859375 -30.25 40.375 -81.75 146.625 106.125 40.25 89.375
 242.1875 -309.09375 -357.3125 53.375 199.3125 68.125 -61.75 107.125 165.375 -185.169921875
 -1990.5 174.75 49.4375 -191.25 37.375 -83.75 203.0 174.75 326.0 -119.5
 -104128.0 30416.0 1064.0 -12656.0 -5264.0 -10304.0 160.0 -10528.0 -1248.0 13936.0
 704.5 541.75 648.609375 286.6875 -373.375 101.375 -489.875 -440.875 -495.125 524.8125
 120.375 74.0625 -166.90625 -24.0625 45.5625 -1.25 36.5 50.1875 77.1875 -145.03125
 43.75 -1118.5 -225.359375 -216.6875 -193.4375 201.25 7.25 -126.125 125.625 -30.5625
 391.0 -344.0 165.5546875 102.46875 -15.125 -27.0 135.875 159.5 -37.9375 15.4375
 8836.0 -7317.875 -2.375 -1950.25 370.125 2860.5 1255.75 -919.5 340.5 -764.125
 -8590.75 5077.9375 2262.65625 5605.8125 -1609.125 -1760.0 -1221.0 -65.875 -1859.0 174.1875
 192.5 -13.625 202.28125 50.375 36.125 -65.75 163.25 89.625 -8.75 68.5625
 -198.0 75.875 -96.09375 -85.375 62.75 21.5 9.125 -1.25 57.75 -71.25
 34.0 -1210.5625 -62.3125 -81.8125 -479.4375 599.875 160.8125 -331.3125 75.0625 -49.40625
 -1.253808e6 260124.0 65871.5 -72560.0 50592.0 15520.0 -36080.0 -11776.0 11968.0 96820.0
 105.75 4.75 388.0 24.25 -204.50390625 -204.25 -129.875 -147.125 22.4375 -147.75
 219.0 188.5 193.5 12.875 102.25 -27.5 186.75 147.25 27.0 39.25
 986.0 276.5 -167.125 37.0 14.5 -108.0 114.5 -5.0 33.0 -145.25
 358.0 -196.5 322.625 -22.75 124.5 -152.5 316.5 151.5 5.5 152.5
 -26.0 -7.25 32.59375 31.25 16.75 31.75 37.75 80.0 -153.25 67.25
 -61.0546875 -208.716796875 283.482421875 45.5625 -0.029296875 59.26171875 -100.17578125 -123.265625 32.57421875 86.59765625
 -1560.0 -627.5 -621.0 -393.25 24.5 58.0 112.5 80.0 310.0 -121.5
 158.0 -144.0 -70.0 -232.0 -35.5 49.0 -177.0 -236.0 -147.0 -21.0
 176.5 181.875 267.84375 -23.75 74.75 -64.0 177.0 95.0 5.5 117.125
 259.5 95.875 -257.53125 -38.125 131.25 83.25 18.0 117.5 183.5 -260.0
 173.0 -98.375 219.625 20.5 75.5 -39.25 189.75 113.25 11.75 40.375
 -274.90625 -1029.8359375 59.396484375 -158.8359375 -71.984375 398.296875 267.875 -225.203125 25.625 -86.28125
 198.0 -166.75 48.4375 45.5 -43.0 43.0 115.0 143.0 -36.5 -59.5
 -176.46875 -220.875 173.2265625 147.015625 80.890625 117.9375 -3.4765625 -135.265625 47.46875 -50.3125
 494.6875 -476.265625 -108.77734375 -6.875 -113.28125 -172.21875 29.765625 39.78125 -53.09375 15.453125
 4611.0 -1685.5 -347.453125 288.9375 -642.1875 488.375 -180.75 325.375 345.125 -289.1875
 -1804.1875 1531.359375 491.87890625 619.578125 228.359375 -420.96875 -71.96875 40.5625 -259.3125 -22.078125
 -161.75 87.4375 -248.78125 -83.0 74.4375 18.75 -101.0 -81.5 149.875 -119.3125
 64763.0 24051.0 46503.71875 36830.875 16256.0 -2114.5 -14612.875 35470.25 18881.25 -4407.0
 -188.0 -731.0 314.75 121.5 470.5 -117.0 -357.0 536.0 61.5 -1012.5
 -2086.0 2259.0 206.375 393.5 286.0 25.0 -22.0 352.0 380.0 -899.0
 -35752.0 1716.0 -10287.0 180.0 -18758.0 -12304.0 -15434.0 15888.0 7064.0 7818.0
 -11212.0 7838.0 860.5 1952.0 1600.0 -3012.0 159.0 -1682.0 -2562.0 -1119.0
 259.5 15.5 426.21875 125.625 -17.875 -144.5 261.25 161.5 -52.5 204.75
 -153.5 25.4375 62.140625 -20.3125 46.0 -38.375 5.0 80.625 -20.0 5.3125
 392.0 67.5 -43.125 -86.75 92.5 -16.25 125.5 59.75 123.75 -47.125
 162.0 -107.25 356.875 106.375 64.25 -124.0 176.625 46.75 -85.0 223.25
 383.0 -998.9375 -291.625 -403.375 -169.125 -165.0 -62.625 -51.25 -161.75 -2.75
 88.0 -40.3125 68.9921875 -5.0625 20.8125 -26.375 41.6875 40.875 -14.9375 53.5
 -284.0 -138.0 -715.0 -399.0 334.0 -118.0 -11.0 75.0 249.0 8.0
 -102.0 -161.5 -15.375 62.0 -39.5 46.5 115.25 82.5 -55.5 -109.0
 1472.5 369.25 611.359375 108.625 1058.25 733.0 785.625 -811.5 -383.0 -431.25
 1736.0 191.0 -42.5 -176.0 234.0 -62.0 198.0 44.0 168.0 38.0
 269.75 -1954.11328125 -548.47265625 2202.9140625 1164.7578125 -1979.40625 -843.828125 250.171875 -484.640625 167.046875
 176.0 -391.5 -44.75 598.5 373.0 -394.0 -210.5 -165.0 98.0 492.5
 62.84375 -81.49609375 79.36865234375 99.08984375 -18.71484375 -69.625 -39.171875 -53.03125 -39.46484375 112.109375
 269.21875 -2.974609375 40.296875 -86.896484375 95.662109375 157.984375 79.58984375 -70.60546875 36.6953125 -7.8046875
 -5137.25 2521.875 -278.4375 472.3125 -346.0625 -1060.125 -572.25 456.0 -49.375 200.8125
 4512.0 736.0 -741.0 2480.0 -480.0 -224.0 3528.0 -1728.0 2080.0 -912.0
 -4270.0625 340.4609375 4889.240234375 -4888.69921875 1559.875 -2511.390625 168.4140625 -4003.0078125 -1529.9140625 2637.98046875
 322.5 -114.0 372.65625 -31.0 96.75 -120.75 222.25 101.5 23.25 181.0
 518.0 -176.0 -225.875 281.5 -174.0 275.0 -270.0 49.0 -100.0 -305.0
 553.0 1338.875 707.625 337.625 838.25 400.75 370.25 -684.75 -330.25 -211.875
 -19.0 53.08203125 -60.75390625 -44.48046875 -20.0 -30.59375 18.99609375 56.953125 -11.0546875 31.4609375
 390.0 -124.75 261.375 -221.5 165.5 -204.0 159.25 118.5 60.0 130.75
 -90.5 -313.75 260.5625 27.375 -51.375 -27.0 -154.625 -216.75 -119.375 236.75
 -57.7421875 99.5859375 -82.58447265625 -114.015625 -35.943359375 -89.109375 -25.634765625 50.90234375 10.0546875 -18.01953125
 350.90625 -241.390625 -232.611328125 -121.6015625 -393.3515625 381.5 -69.8671875 -34.953125 209.3125 39.25
 -120.75 -113.625 218.46875 87.8125 -32.9375 -56.75 64.875 67.875 -106.0 88.875
 630.0 -58.75 -122.21875 115.5 34.5 -90.0 -36.0 -176.75 -109.25 38.875
 -636.5 -132.25 21.4453125 -87.3125 66.25 -165.5 -69.0 -30.375 -160.125 32.0
 151.0 -81.6875 -75.421875 -129.75 91.5 18.5 4.375 38.875 73.75 -140.875
 1903.5 -721.65625 881.265625 -301.609375 1055.8125 1321.5625 1067.375 -1191.25 -235.4375 -396.5
 9386.5 -2486.5 2927.1875 -576.375 3391.125 3888.0 3423.375 -3738.5 -1050.0 -1449.375
 22.76513671875 -21.961395263671875 59.25788879394531 88.11920166015625 -33.562713623046875 -39.3707275390625 -9.317962646484375 -40.696533203125 -20.356201171875 58.654327392578125
 78.0 236.5 -535.625 6.75 -37.0 167.0 -116.75 9.0 53.0 -348.5
 -3534.0 1285.0 264.75 -258.0 382.0 -267.5 224.5 12.0 15.5 125.5
 -17.0 -117.25 -111.875 -129.75 145.0 23.5 101.25 45.0 182.0 -55.75
 124.5 -16.677734375 56.9739990234375 63.48193359375 -29.60888671875 -49.6845703125 -39.478515625 -77.3779296875 -19.3984375 105.82177734375
 644.0625 -320.84375 -108.619140625 29.3125 -106.8046875 19.9375 -41.6640625 57.265625 63.734375 1.2734375
 26.0 34.875 127.84375 39.25 53.625 -40.25 158.4375 95.0 21.5 24.75
 -23204.0 -1518.0 -1702.75 -524.0 1594.0 -722.0 4876.0 -8218.0 -5720.0 -3681.0
 -274.015625 -182.7734375 285.1416015625 71.9140625 -26.859375 329.84375 19.66796875 -143.203125 13.90234375 97.53125
 -194.0 417.5 -239.0625 6.0 21.0 16.0 -144.0 -45.5 5.5 -206.0
 144768.0 -54272.0 -3332.0 19104.0 3872.0 16640.0 6688.0 12288.0 1696.0 -19456.0
 -1544.0 -542.0 -189.125 -353.0 198.0 22.0 419.0 215.0 342.0 -105.0
 270.0 -166.0 285.875 -20.75 54.5 -40.0 187.0 145.0 32.5 105.0
 -292.15625 -148.0078125 67.322265625 -51.0234375 -2.1171875 221.421875 153.734375 -187.671875 -0.8125 -33.46875
 -117.75 273.375 -292.9375 191.0 82.125 175.625 -28.5 127.75 92.5 -295.0625
 98.0 69.625 359.625 -12.0 39.0 -142.25 210.5 113.5 -34.0 172.875
 -83.0 -2.25 170.1875 342.75 -242.75 -107.5 -20.75 -410.0 -3.0 423.5
 -379.0 95.0 -330.0625 -52.75 33.25 121.25 36.5 27.75 111.5 -175.25
 113.5 -130.25 133.984375 53.0625 7.8125 -30.5 109.375 96.875 0.5 43.5625
 -408.0 -850.0 -1563.5 422.0 -908.0 720.0 -768.0 212.0 -440.0 -764.0
 -133.234375 334.94140625 -563.689453125 38.16015625 114.98046875 37.484375 127.1328125 234.375 67.796875 -178.5546875
 720.0 118.0 -66.5 -613.0 404.0 -92.0 478.0 304.0 544.0 -98.0
 244.25 24.375 -3.796875 -10.375 66.3125 -1.625 189.375 151.625 64.5 -93.375
 341.0 0.5 -197.25 59.125 14.25 73.875 -44.0 -62.125 -30.25 -57.1875
 184.0 -585.0 242.5 -385.0 564.0 48.0 276.0 200.0 322.0 111.0
 81.5 -12.25 110.46875 73.5 38.125 -3.625 68.6875 74.125 34.5 -38.75
 145280.0 17616.0 10056.0 18704.0 1736.0 2272.0 7592.0 2016.0 -3328.0 -8216.0
 1333.5 -1294.625 -142.75 -272.5 -268.875 456.75 66.25 -28.5 210.25 29.25
 239.5 61.75 -46.53125 28.875 12.0 44.75 195.0 78.0 113.75 -90.0
 -10161.75 4169.75 -2340.5 5306.0 -2430.25 -7424.875 -1251.0 1469.375 -3163.5 -1280.5
 718.0 -1975.75 -262.0 -447.75 -1277.75 900.0 -124.75 453.0 683.0 609.75
 2878.0 -377.0 52.9375 128.75 26.5 22.0 -133.0 -58.5 -222.5 -198.0
 -1304.0 863.75 101.53125 81.25 364.0 -256.25 135.75 -164.25 -128.0 -91.875
 -1326.0 128.75 -30.3125 -173.75 -111.5 18.0 10.25 -14.5 70.5 55.5
 -3734.0 2150.5 80.1875 460.75 -516.75 -326.0 -707.5 690.0 383.0 557.0
 218.0 -41.5 -104.0 18.0 0.0 47.0 -102.5 64.0 -234.5 -92.5
 -282.0 -92.25 36.0625 282.0 -240.0 -84.5 56.0 -215.75 169.5 315.25
 -68.0 25.0 483.8125 62.0 51.25 -257.0 256.5 -75.5 -68.0 346.0
 738.75 -545.90625 -98.94921875 -63.0625 -91.703125 66.84375 13.40625 52.03125 67.96875 -24.046875
 1.125 -81.515625 84.16015625 39.328125 47.03125 79.59375 -63.859375 -49.875 -23.5 -34.609375
 5273.0625 -3254.046875 -2757.13671875 4241.453125 719.609375 -2521.3125 -2646.6875 856.9375 175.65625 793.59375
 2120.0 549.75 -652.15625 95.5 -348.125 -1510.0 -1231.375 2102.75 810.375 472.25
 11890.5 3875.0 -310.625 -1893.875 -925.125 -898.25 -3617.75 -459.0 -1900.75 -1767.5
 -1094.75 -41.75 -102.609375 -87.625 -39.875 50.375 -26.1875 -89.875 119.125 21.25
 272.0 -76.0 2894.0 -92.0 174.0 -972.0 964.0 76.0 120.0 1418.0
 -767.0 133.75 -45.1796875 -101.46875 -25.59375 -105.5 83.078125 -95.59375 57.984375 6.109375
 1028.0 417.0 -91.75 -644.0 -87.0 106.0 325.0 107.0 448.0 -174.0
 256.0 377.125 173.3125 164.75 37.375 -37.0 -41.375 -36.0 -98.5 -8.375
 384.0 -72.5 -73.3125 104.5 -59.0 -21.5 33.25 34.5 57.5 -7.0
 -573.75 677.0 73.984375 174.25 208.75 -186.375 36.5 -61.5 -144.75 -14.6875
 20633.75 -42671.21875 -31585.6484375 24374.65625 30627.15625 -34045.125 -13767.375 821.3125 -5291.3125 4384.34375
 -40.75 154.9375 -260.46875 -86.625 9.875 154.25 -64.25 -13.0 130.75 -201.4375
 -221.0 -73.0 -155.4375 60.75 17.5 68.0 -41.5 32.5 9.0 -137.5
 -796.0 -271.96875 -9.12109375 502.96875 -719.59375 288.4375 -168.3125 -165.96875 -19.15625 47.78125
 965.25 40.875 271.203125 12.4375 506.0 373.375 398.75 -413.5 -160.25 -206.0
 404.0 -596.0 753.0 -13.0 188.0 -376.0 720.0 232.0 170.0 531.0
 4399.5 -253.5 292.5 185.1875 -222.625 -98.5 -410.25 -144.875 -535.375 -327.25
 7838.5 -5655.75 -768.96875 -552.375 -1341.5 332.0 -332.5 928.0 558.875 145.75
 601.0 322.25 229.1875 -16.75 37.0 -52.5 230.25 65.0 123.5 41.0
 -153.5 123.25 -96.375 -89.375 36.25 42.5 18.0 -14.5 90.25 -102.5
 191.5 -58.9375 65.96875 7.8125 48.0 10.125 60.5 52.875 21.875 -47.0625
 376.0 143.0 855.75 -152.0 -508.0 312.0 -1112.0 300.0 -1204.0 -33.0
 414.0 -369.5 762.625 0.5 -22.5 -260.0 466.0 118.0 85.0 387.0
 -867.5 728.5 185.46875 108.125 49.125 59.25 30.125 -8.25 50.25 -11.25
 4538.46875 -6130.875 -5852.01171875 2430.4921875 4832.96875 -3748.28125 -1545.96875 -1047.46875 -725.15625 648.2890625
 57.1875 -30.06640625 -24.337890625 -17.74609375 87.2578125 -94.296875 35.05078125 -21.65625 -54.2578125 -44.63671875
 318.0 118.375 177.65625 92.375 -16.625 -54.5 -21.625 -74.25 -133.5 102.5
 153.0 48.25 -151.625 -27.5 -82.0 -29.5 -163.0 181.5 133.5 -185.25
 25.46875 81.65625 -14.21875 -1.4375 82.53125 20.125 34.75 12.84375 88.375 -7.65625
 -400.0 -420.0 -1445.0 1532.0 -384.0 580.0 1216.0 -612.0 936.0 -446.0
 2491.0 -100.15625 -873.984375 -684.96875 726.75 320.625 365.8125 551.125 -53.375 572.90625
 122.0 -141.125 117.9609375 -36.75 10.4375 -69.375 99.8125 59.375 -17.9375 100.0
 894.0 251.0 408.25 -154.0 96.0 -114.0 221.5 133.0 179.0 134.5
 242.25 -58.140625 136.6953125 71.625 89.46875 -104.9375 151.4375 159.25 153.5 -205.3125
 -904.0 -1.25 833.53125 -186.25 -244.5 6.5 -151.75 73.0 19.75 81.5
 -1146.0 4503.75 1875.25 471.0 1390.75 707.5 -28.5 -174.0 45.5 421.0
 132.0 329.0 -338.75 264.0 -72.0 24.0 -204.0 62.0 -302.0 -376.0
 1498.9375 588.63671875 92.51171875 645.21875 655.5390625 -518.859375 72.53125 -163.671875 -681.65625 -411.1953125
 -224.0 -1280.5 -152.125 279.0 -594.0 699.0 -378.0 399.0 632.0 132.5
 -2398.0 1486.5 538.375 112.0 -12.0 174.0 -32.0 14.0 -105.0 263.5
 314.0 95.5 235.375 -334.0 10.0 -75.0 -385.5 116.0 -174.0 94.0
 223.5 891.625 167.7734375 520.625 147.1875 25.0 -117.625 -205.25 -211.25 86.875
 -23806.0 10965.75 6583.875 17317.0 -7187.25 -3163.0 -3802.75 -978.5 -5293.0 698.25
 112.75 50.75 20.21875 10.375 -6.9375 -12.625 23.3125 -10.25 15.375 -11.5625
 32.5 34.75 -13.0 -52.25 55.0 -32.0 -7.25 48.75 -18.75 -7.625
 184.5 47.1875 156.171875 -82.1875 -26.75 -88.125 -60.625 55.375 -30.875 -29.8125
 1583.75 -197.0 -87.359375 140.5 101.0 58.0 40.75 -12.75 -109.25 -65.875
 268.0 -54.3125 11.625 20.5 -91.0 -87.875 84.5 -182.5546875 77.0 151.0
 91.0 -94.515625 92.75390625 12.21875 -20.9375 -5.3125 58.34375 94.875 -17.6875 -4.28125
 27457.0 7759.0 -5199.375 -5100.0 -6211.0 7329.5 -4359.75 3384.0 7679.0 923.25
 -67294.0 35362.5 13957.5 6736.5 38046.5 -36109.0 8578.0 1519.0 -18079.0 -3908.5
 -604.56640625 -248.13671875 138.763916015625 -2.87109375 128.091796875 136.083984375 -108.412109375 -51.478515625 20.75390625 -74.814453125
 107.0 -154.25 59.94140625 -53.75 -16.0625 2.0625 -101.3125 29.0625 -41.65625 -5.6875
 -121.76953125 121.669921875 57.421142578125 -5.6787109375 19.724609375 -11.70703125 10.24609375 47.46484375 14.01171875 -37.8984375
 202.25 340.625 194.765625 -9.6875 -57.0 -132.625 -33.0 42.375 -73.125 -15.5625
 158.0 -85.5 110.875 -16.25 28.25 -24.5 184.25 60.0 57.0 35.0
 236.8125 377.6171875 -189.3828125 -42.1875 166.2734375 25.40625 -89.078125 -35.765625 103.078125 28.0859375
 -392.0 21.5 383.375 -7.5 39.5 -127.0 306.5 27.0 203.0 234.0
 400.0 -18.5 -237.5 36.0 13.0 61.0 -86.0 25.0 -136.0 -219.0
 669.0 49.71875 -35.375 115.71875 -0.15625 -120.5 -42.0625 -0.75 -45.125 -3.28125
 936.0 304.0 -293.8125 -210.0 151.5 46.0 121.5 -16.0 357.5 -233.0
 169.5 -7.0 -196.125 -10.125 67.25 147.75 -54.25 -26.25 40.25 -89.625
 69.5 32.96875 24.921875 -21.46875 -7.125 37.5625 22.75 79.25 -17.0 5.5
 71.25 -6.546875 -130.87109375 -49.765625 -21.84375 -13.8125 3.8125 -18.0625 38.640625 -63.21875
 -1.25 57.34375 -12.0625 -10.4375 -22.0625 -9.875 -15.375 14.75 2.625 -42.3125
 3568.0 5607.40625 -2401.4140625 -3149.21875 1886.375 -2597.4375 -648.125 2308.0625 836.625 -338.09375
 2854.6875 -1316.71875 -102.578125 44.203125 -352.40625 170.6875 -293.4375 418.34375 68.3125 168.890625
 -1073.4375 -3274.484375 -681.078125 -969.1875 -621.375 576.75 -162.625 783.1875 516.125 380.7421875
 -864.71875 363.1171875 -69.119140625 53.5625 -11.1015625 -170.609375 -34.7578125 15.640625 -56.171875 -4.9765625
 235.5 -255.375 344.390625 -35.375 271.5 -20.125 123.625 -347.625 -201.125 163.125
 -175.5625 -1061.359375 616.083984375 68.0078125 -635.578125 -186.234375 167.6640625 64.8828125 -391.109375 -194.6015625
 179.0 33.0 403.0 12.5 58.5 -90.25 203.0 119.5 44.75 163.5
 -4568.5 3226.375 579.96875 136.125 707.875 -194.0 260.875 -201.5 122.0 -80.25
 592.0 67.0 314.9375 -5.75 -177.0 36.0 45.5 116.0 78.5 264.25
 -1007.375 1805.296875 316.166015625 747.890625 199.078125 -762.125 -264.40625 329.15625 -261.1875 22.109375
 -1001.5 200.25 -84.125 -85.75 26.75 88.0 45.625 8.25 90.5 -50.125
 470.0 -63.0 58.875 3.25 137.5 -108.0 304.0 175.0 216.0 -51.0
 76.75 13.5 -66.6953125 -28.0 -0.0625 -13.625 -34.25 -33.625 19.8125 -60.625
 73.375 123.96875 18.2890625 23.09375 27.09375 -9.125 82.25 56.75 53.375 -36.09375
 -81.0 -8.75 -91.9375 98.25 -12.75 52.0 18.75 66.0 -10.5 -151.25
 -2875.75 -2808.359375 -844.0 -2269.71875 -1658.0 -843.3125 1034.875 -235.875 -894.75 -75.9375
 53.0 199.5 192.125 -56.25 71.25 -84.5 110.0 100.0 58.0 68.5
 85.5 55.625 -633.3125 -118.125 -24.25 70.0 -10.75 56.0 166.25 -427.5
 616.0 -262.5 854.625 45.0 151.5 -422.0 376.0 92.0 -197.5 594.5
 436.0 -169.0 262.875 -10.5 234.0 -32.0 301.0 187.0 158.0 7.0
 376.4375 26.375 -108.0859375 -67.125 -58.3125 -164.375 99.375 -67.4375 128.125 -11.953125
 95.0 30.75 213.5 -32.875 66.0 -58.5 86.0 30.0 37.75 89.375
 178.90625 -38.5 204.1650390625 108.171875 -22.1015625 -21.2421875 80.23828125 132.0 -58.4765625 93.03125
 -16796.5 3040.625 9861.875 15188.5 -4294.875 -7189.0 -4152.375 5301.75 -2093.5 44.125
 -1696.0 154.0 -1320.0 -108.0 512.0 2140.0 -1440.0 900.0 -3397.0 1087.0
 -12652.0 12680.0 2102.875 2660.0 1299.75 -1362.0 -1013.5 -605.0 -905.0 540.0
 -346.0 -254.25 221.625 -144.25 -31.5 -116.5 -157.0 70.5 -60.5 43.25
 42.5 -48.625 -79.5625 -22.125 10.625 47.0 -70.375 -46.125 -86.0 11.375
 3029.9375 -4677.109375 242.6015625 -364.125 -781.03125 1823.6875 450.828125 -730.0 193.8125 199.015625
 -35.0 183.5 -365.375 101.25 -63.5 237.0 -105.0 42.5 151.25 -332.25
 168.0 -74.34375 229.375 123.34375 -52.84375 -85.625 171.375 97.1875 -8.1875 49.5625
 42.0 27.125 22.109375 43.1875 44.625 -25.125 41.6875 7.375 29.25 -28.875
 -1062.4375 -114.234375 -119.7421875 -229.84375 -125.6875 -0.875 -128.6875 -63.4375 45.25 92.546875
 -1872.0 171.75 -48.75 -190.25 129.5 39.0 31.25 25.5 228.0 -55.0
 -352.0 152.0 273.125 -176.5 -62.5 -277.0 -37.5 -64.0 -268.0 316.5
 -14066.5 9722.5 1417.4375 868.375 2415.875 -327.25 705.5 -1745.5 -851.25 -334.0
 -493.0 -5261.25 -735.6875 -4548.875 1140.875 3208.25 1886.875 -1654.0 1451.875 -179.75
 63104.0 3192.0 -4930.0 12176.0 -1736.0 4912.0 1048.0 1936.0 8536.0 -2760.0
 146.0 53.125 40.0859375 -2.25 18.4375 -23.25 49.5 21.125 9.375 0.5625
 -988.5 184.6875 0.734375 -42.375 -37.9375 -47.6875 -51.4375 -41.8125 -43.75 33.875
 98.5 -83.75 197.84375 93.625 10.375 -56.75 231.5 159.75 97.0 -18.0
 -1772.375 2766.09375 -756.15625 606.34375 3.78125 -2051.875 -638.5625 942.125 -347.0 -113.25
 104.75 -35.28125 98.046875 53.71875 9.9375 -66.125 147.53125 88.8125 42.0 -19.96875
 57.4453125 15.1015625 -143.24658203125 66.51953125 -34.03125 40.1484375 206.2890625 -10.7421875 119.65625 7.48828125
 193.0 -88.625 -77.5625 -200.5 185.75 89.5 -53.5 130.5 75.0 -102.25
 257.0 68.25 112.8125 132.0 21.25 -25.0 101.0 122.5 -46.0 96.5
 9184.0 -276.0 -1952.0 -246.0 408.0 1740.0 -1984.0 -996.0 -1236.0 -412.0
 189.5 -75.875 290.015625 104.375 -50.0 -47.375 87.75 12.25 -102.875 214.0
 53.25 46.25 62.46875 -0.25 39.5625 -65.875 70.375 -15.625 13.75 -29.5625
 1275.5 1324.75 -179.5390625 1181.9375 -345.34375 -1469.4375 -929.53125 1238.5625 -54.4375 257.25
 -2290.0 675.0 130.0 -285.5 -3.5 -205.5 -194.75 -157.0 30.0 212.5
 -35.0 -71.0 -33.0 -206.5 25.0 88.75 -306.375 39.5 -215.5 -77.375
 1464.0 -374.0 -416.875 -163.75 241.75 23.0 148.5 347.5 373.0 -609.75
 53.0 97.25 -216.15625 -149.875 -59.5 66.0 -256.75 -192.25 -95.75 24.75
 142.0 72.5 429.25 1049.5 -286.5 -108.0 165.0 -28.0 -180.0 836.0
 112.0 562.5 388.5 33.75 144.5 -73.0 205.0 179.0 144.0 67.0
 -3.0 49.25 307.0625 -207.0 -92.0 -34.0 -384.25 24.5 -59.5 33.5
 -183.0 -392.0 128.0 -642.0 -1241.0 1325.125 -720.25 -1028.0 947.0 441.03125
 20.0546875 -2.75 0.32421875 -0.3203125 -0.380859375 0.5625 -0.2127685546875 0.18310546875 -0.055419921875 -0.222412109375
 61.75 -12.5 14.5 5.625 6.65625 30.34375 -10.671875 -25.73046875 5.5546875 -1.515625
 86.5 -41.0 4.0 37.5 40.25 45.9375 -8.00390625 -75.09375 8.453125 5.8828125
 -31.5 105.4375 -193.8046875 -45.59375 0.4375 48.9375 12.4375 66.625 132.5 -180.8125
 -683.0 2203.3125 -425.71875 170.5 -18.625 -1518.75 -1073.75 1687.375 636.875 491.40625
 -1222.0 273.5 31.1875 -135.5 16.75 -29.5 76.75 64.0 117.25 66.0
 8.75 -96.4375 4.078125 -52.8125 -12.0 -11.625 -6.5 -6.0 -46.125 30.5625
 67.5 48.125 -84.859375 28.75 54.8125 32.375 59.8125 -3.375 34.375 -40.3125
 -1100.0 114.0 348.75 -516.5 -31.0 -82.0 -392.0 382.0 -284.0 35.0
 3841.0 -498.1875 29.28125 226.5 -150.875 -63.0 -112.0 -266.625 -515.625 -72.25
 321.0 -313.5 205.5 26.75 22.0 4.0 21.25 181.0 -90.0 -70.25
 350.0 229.5 546.0 -141.5 69.5 -122.0 220.0 153.0 136.0 223.5
 85.0 -196.0625 -33.5 -12.125 -1.34765625 -1.716796875 6.767578125 -3.59375 -4.376953125 -1.3710556030273438
 -4695.5 -472.375 -126.75 -1424.5 174.5 -611.0 126.75 -72.0 -68.0 422.375
 3.875 -18.03125 -81.5546875 -12.5 -57.875 19.625 -13.0 -57.625 92.5 -108.40625
 1666.0 40.0 -5.625 -82.0 140.0 -74.0 333.0 44.0 219.0 -36.0
 -579.0 1134.25 678.4375 461.75 379.75 149.5 90.0 219.0 156.0 -4.5
 -8214.0625 -1514.0078125 -4191.619140625 -1404.359375 -3114.8515625 102.515625 435.234375 -2949.203125 -1814.40625 477.0703125
 76.015625 326.21875 331.890625 24.16796875 24.34375 215.95703125 72.609375 -104.046875 -12.1748046875 -20.138671875
 80.9453125 -735.7578125 193.71044921875 91.458984375 -204.1953125 235.22265625 61.89453125 -83.61328125 4.890625 -10.39453125
 -61.5 169.0625 -542.09375 -85.9375 139.0625 22.125 20.75 43.375 167.875 -425.125
 -155.0 57.875 -62.625 -109.1875 -3.125 1.5 -84.75 -90.0 43.75 -15.375
 2.0 29.625 48.09375 -55.25 -2.0 -79.0 17.25 -15.75 -9.5 80.25
