1881.5 174.75 31.5625 892.75 -71.4375 464.0 -27.25 188.0 -882.0 4.25
 -154.625 -107.671875 204.9765625 784.578125 -204.8984375 159.6875 -32.65625 46.90625 177.9375 16.40625
 -89.125 -31.25 -68.4375 649.0 -36.125 291.5 -121.75 73.5 -564.5 3.875
 140.0 -19.75 182.75 22.75 48.5 97.5 53.5 -6.75 84.5 -73.125
 612.0 -1274.5 260.375 -1094.5 -24.375 -1508.0 240.0 -525.5 1422.0 -904.5
 -300.0 -100.5 -4.0 -14.5 308.0 67.0 267.0 -26.0 -19.0 50.75
 2557.0 -574.5 446.0 361.5 612.0 431.0 -1217.0 -775.0625 -756.0 -7.5
 2296.0 -1850.0 337.375 -42.5 -293.1875 161.5 230.5 101.75 362.0 0.75
 -16720.0 22780.0 1127.0 288.0 10852.0 -6352.0 -2880.0 -6472.0 -488.0 6550.0
 -2701.0 3227.75 -5430.5 -14303.5 -6390.3125 6443.0 2353.0 -3751.25 946.0 -240.875
 332.0 24.125 -55.59375 -2.25 70.0 99.0 61.0 -150.5 222.5 43.625
 39774.8125 -771.859375 8817.83203125 -30323.1484375 -16735.6171875 29314.46875 -28937.9375 35183.375 10272.1875 -1904.265625
 -627.75 81.75 149.71875 32.875 -258.015625 197.375 -114.875 180.9375 56.6875 19.34375
 -360.5 479.625 -182.09375 6.375 448.75 -168.75 339.25 -398.75 -49.25 127.75
 -108.75 119.125 -24.734375 244.96875 50.15625 107.5 -66.625 17.40625 -195.125 30.75
 -151.3125 213.2421875 51.1875 -101.72265625 91.1875 -77.359375 -81.140625 60.8359375 -49.578125 -29.6875
 -390.0 112.375 -75.75 504.0 -75.125 98.0 -132.5 -62.0 -270.0 -59.5
 439.8046875 -115.986328125 15.51123046875 876.51953125 309.9580078125 -657.796875 -126.09375 370.1171875 -201.85546875 129.986328125
 -8468.0 3754.0 707.75 -1915.0 728.75 572.0 864.0 -831.0 262.0 755.5
 -976.0 86.0 -186.8125 1116.0 -251.875 394.0 -227.0 116.5 -1040.0 -20.5
 2014.25 -303.1953125 -289.25 36.75 -432.25 -404.0 -417.5 9.0625 474.0 138.5625
 1404.0 -300.5 87.125 -126.375 101.1875 49.0 90.75 -102.625 -139.25 -98.0
 165.0 1524.0 -502.5 -146.25 373.125 -303.0 -353.5 -517.0 -641.5 -77.0
 84096.0 3544.0 2687.0 2664.0 13702.0 -19952.0 -224.0 -4168.0 3328.0 -13240.0
 0.25 47.0625 -101.2265625 124.5625 63.53125 98.1875 -88.9375 9.1875 -128.9375 5.28125
 556.5 2.125 1.8984375 467.375 238.390625 32.5 -281.75 509.375 45.75 -56.5625
 -103.5 -88.5 -80.125 878.25 42.625 511.5 -54.0 -5.375 -833.5 -39.125
 -621.375 198.8125 34.9765625 7.5625 101.09375 -180.5 19.4375 -151.8125 -28.0 51.375
 2400.3359375 -996.13671875 65.056640625 1614.1640625 -603.572265625 592.671875 516.15625 -297.5859375 520.859375 247.931640625
 593.25 -89.75 -56.375 468.375 22.25 232.5 -174.75 34.25 -433.0 63.0
 -186.0 -326.75 113.75 134.0 -162.125 255.0 -26.5 -53.0 -201.5 326.75
 2272.875 968.6875 720.2734375 -340.875 -201.5 -61.25 -762.625 1120.4375 -67.0 -38.0
 -3980.4609375 -1721.4375 -146.125 1257.25 -1312.375 809.0 -423.5 -327.25 -79.0 47.125
 -303.0 32.25 -29.25 -163.0 -95.25 -173.359375 -108.3125 -16.125 98.4375 139.25
 174.25 -30.5625 -44.6875 138.5 12.1875 77.0 -116.0 70.0 -215.5 1.25
 -11236.0 12274.5 -16.25 1778.5 4648.25 -3880.0 -607.0 -1598.5 -690.0 715.75
 777.5 -188.125 88.0625 1172.0 27.25 641.0 -238.5 189.25 -912.0 97.125
 188.0 -22.75 248.0 -117.0 -72.5 50.5 128.0 139.75 105.5 19.25
 -362.4375 -285.7578125 -445.84326171875 3.0546875 -38.6044921875 -33.265625 -93.6796875 -18.7109375 -26.0 -106.6171875
 -6458.0 -341.0 -136.234375 869.03125 -332.59375 4.0 -103.125 448.5 471.75 -87.90625
 327.25 -127.4375 -186.34375 364.125 92.625 115.5 -204.0 131.25 -456.0 -0.1875
 366.0 291.5 -137.0 769.5 -273.25 282.0 -529.0 11.0 -721.0 -130.0
 -719.0 -276.25 -85.28125 652.5 -94.0625 462.5 -57.75 115.25 -860.0 53.875
 -104.375 31.8125 61.375 261.5 48.0625 76.5 -197.25 -68.3125 -255.25 -20.09375
 -7320.0 15102.75 1905.78125 804.125 8877.625 -7194.0 -1645.25 1200.5 -3503.75 -371.0
 -390.0 -59.5 -158.9375 382.5 -231.0 229.0 -375.0 120.0 -332.0 -48.75
 -53.6875 19.69921875 49.54150390625 28.78125 -33.1484375 -110.1015625 -24.18359375 21.47265625 78.4765625 -1.056640625
 -572.0 1266.5 -1085.125 677.5 3105.25 -3154.0 595.0 -2265.0 -733.0 374.0
 -689.375 482.1875 91.37890625 150.6640625 36.453125 -89.6875 -104.03125 82.046875 114.15625 -30.8984375
 1875.375 -1346.75 -298.46875 1020.8125 -863.4921875 861.6875 828.9375 -801.015625 588.9375 249.21875
 -150.75 -123.125 29.5 822.0 57.875 400.5 -381.5 116.75 -619.0 -39.5
 2494.09375 1516.6328125 -1347.1015625 -1973.96875 -172.841796875 619.15625 -169.828125 1415.78125 201.90625 337.5703125
 -8370.0 16786.5 4355.6875 11435.25 -21308.5 8735.0 -4604.0 -10939.5 -15111.0 5949.25
 -87.25 681.6875 -62.84375 64.28125 146.15625 -5.25 -158.125 -129.375 24.25 36.71875
 977.0 -1692.4375 -321.2734375 333.34375 -557.53125 773.25 -46.375 602.0 457.75 -243.34375
 -2282.0 2830.0 1437.75 -20.0 166.5 -829.0 -1145.0 750.5 -550.0 799.5
 662.0 -36.0 -127.25 1014.5 -82.625 338.0 -698.0 -87.5 -678.0 -224.5
 173.875 -2.90625 56.01953125 83.90625 36.484375 -105.125 -34.46875 2.25 80.75 -57.328125
 333.0 41.75 -97.25 50.75 79.75 -58.5 -236.0 -86.75 49.5 -51.5
 448.0 23.75 -48.375 405.75 -45.125 145.0 -211.0 -32.0 -475.0 -14.75
 117.5 414.5 5.90625 8.125 146.671875 -87.75 -1.375 -72.875 -112.75 -28.0
 -28.0 43.5 -39.875 846.75 7.3125 440.5 -115.0 92.5 -694.0 91.0
 1924.0 395.0 53.5 141.0 630.5 510.0 956.0 353.0 78.0 -170.5
 -1798.0 -202.0 -216.25 1186.0 106.375 690.0 -70.0 38.5 -1216.0 52.25
 -353.90625 397.63671875 163.423828125 -49.83203125 99.6865234375 -75.75 -83.8671875 122.9140625 -118.8359375 -34.044921875
 88.0 -311.875 8.96875 -488.25 -1.21875 -220.5 69.5 -29.0 466.5 72.5
 1025.5 -2340.59375 3122.375 3251.03125 1351.125 577.125 53.6875 -2191.71875 493.25 -724.359375
 6500.0 -687.0 -388.0 -890.0 -278.75 -834.0 362.0 -104.0 -552.0 -439.0
 -1530.0 -210.75 116.59375 -2154.75 -1828.1875 -1571.5 262.0 1079.25 6.0 1021.5
 158.25 -727.125 -320.8984375 -179.15625 34.09375 54.5 374.3125 -523.625 0.25 0.9375
 -428.0 -1578.25 -686.6875 59.0 -1875.0625 2103.5 -60.0 592.25 588.5 -454.125
 191.0 -136.0 -246.625 -207.5 127.25 -39.5 89.5 241.25 -148.75 -221.75
 2776.0 -13471.078125 -31592.60546875 -46.25 -5564.15625 -5513.6875 -9557.09375 -239.03125 -1418.65625 -15735.671875
 281.25 -67.4375 -87.21875 258.0 3.5625 48.5 -104.75 76.125 -268.0 8.0625
 -578.0 598.5 113.5625 286.75 147.3125 330.0 132.5 -88.25 -161.0 19.125
 491.25 346.1875 89.5625 -66.5625 251.75 -225.375 17.125 -73.125 -86.5 120.65625
 -2811.7867431640625 560.2870788574219 1766.221061706543 2207.1466674804688 -1074.4734725952148 -1616.4232177734375 192.45513916015625 1639.2462463378906 203.97076416015625 -519.3775024414062
 -236.0 -112.0 -196.125 275.25 -16.8125 -80.0 -239.0 235.5 -530.0 45.875
 1128.0 365.5 94.625 2526.0 1383.0 1218.0 -1524.0 -1413.0 1868.0 671.0
 -916.875 -2.6171875 76.439453125 504.6484375 -84.107421875 -29.71875 -222.296875 120.28125 -8.65625 66.02734375
 -600.5625 -868.65625 -80.9140625 -1207.703125 -709.03125 314.9375 -9.1875 -274.609375 7.21875 -69.1875
 -103.0 12.75 51.625 224.75 39.25 132.75 48.5 54.0 -228.75 54.875
 1188.875 4.90625 40.90234375 -53.265625 142.8984375 -155.8125 -2.5625 -18.40625 -83.6875 10.984375
 -1171.0 1645.5 -48.28125 224.875 676.0625 -618.0 -163.5 -231.5 -138.0 54.5
 212.0 -19.0 3.875 -213.5 156.5 -109.0 191.0 60.5 267.0 42.25
 233.75 -316.125 -246.46875 104.5625 -28.8125 275.5 141.75 -97.875 143.625 -78.90625
 -3881.0 -2846.0 -2939.0625 665.25 910.875 -81.5 2481.5 -3682.75 -287.0 637.75
 371.75 93.3125 158.546875 61.6875 -172.3125 75.25 -251.75 -187.375 556.25 220.5
 169.0 14.75 -148.5 352.25 -85.0 103.0 -358.0 98.0 -405.0 -122.5
 -1070.8125 126.71875 24.54296875 39.265625 -455.015625 417.25 -79.59375 196.125 108.9375 -64.34375
 105.75 54.0 51.6875 343.5 -19.375 117.5 -191.75 30.25 -259.5 -80.5
 216.5 226.8125 117.9375 521.265625 377.8984375 295.125 -244.5625 -311.09375 179.4375 76.703125
 1346.0 -1718.0 528.0 -78.25 -287.75 63.0 398.0 467.5 449.0 65.5
 -229.75 76.25 -67.4375 356.3125 21.5625 178.0 -103.875 18.3125 -311.25 44.375
 3787.5 -1326.75 -995.5 -1424.75 1206.9375 -1402.0 1590.5 -2593.625 -449.75 510.375
 268.0 1514.375 339.8125 270.625 266.46875 -84.75 -445.0 788.0 47.75 -103.8125
 275.25 -14.4375 -90.25 436.125 82.71875 202.0 -99.0 47.5 -399.0 55.1875
 1006.0 534.75 -654.875 170.75 15.125 -371.0 -537.5 -194.5 -642.0 -212.25
 -1575.0 -765.75 181.625 1297.0 -172.625 412.0 -526.5 236.5 -1062.0 -137.25
 614.0 -79.0 -13.9375 1263.0 100.9375 451.0 -159.5 130.0 -916.0 154.25
 -1179.8125 355.6796875 -258.76953125 54.34375 176.4609375 30.140625 175.828125 -209.5703125 0.203125 -70.2734375
 -494.0 262.5 171.125 830.5 -51.375 210.0 -181.0 35.5 -742.0 -139.5
 253.5 -40.875 -86.3125 524.0 -104.09375 193.5 -200.75 50.125 -422.5 -21.25
 1288.0 3670.0 -1789.0 -3647.0 -1055.0 -3204.0 2010.0 3486.0 -3878.0 644.5
 111.5 9.0 6.5625 18.5 78.15625 9.0 -11.5 29.625 22.25 11.5625
 872.0 34.5 -108.6875 1058.0 -135.625 350.0 -416.0 -24.0 -682.0 -2.75
 -492.0 -138.75 -384.875 1231.0 68.0 976.0 -280.0 4.0 -1512.0 124.0
 -5615.25 32706.75 77566.5859375 -1222.5 13227.796875 14251.625 22898.5625 1454.25 3560.375 38861.21875
 -1350.0 681.5 -60.875 431.0 -473.0 268.0 -508.0 231.0 -43.0 -26.5
 34.0 -74.0 -182.875 216.5 -18.75 -106.0 -273.5 30.5 -157.5 21.5
 -231.5 -1069.0 -107.578125 -265.9375 135.40625 554.25 -16.125 146.8125 -240.375 443.25
 -548.0 260.0 -356.75 2170.0 -350.0 836.0 -1008.0 -272.0 -1292.0 -330.0
 210.5 -27.5 -178.625 38.8125 24.375 20.75 -96.0 11.625 -93.75 -21.25
 15274.0 -8781.0 1130.75 -908.0 -515.25 -552.0 1279.0 350.0 214.0 438.5
 544.25 87.125 281.203125 631.5 -255.59375 454.25 -615.625 1179.9375 187.75 -302.5625
 -144.375 -95.09375 22.859375 378.25 -28.5625 192.75 -124.25 46.25 -371.0 -6.0
 459.375 1749.88232421875 -109.0 -78.1875 11.25 858.875 -393.25 1150.9375 333.8125 -597.4375
 -603.5 1138.75 -77.9609375 -104.9375 494.640625 -255.875 171.0 -184.75 -35.375 100.625
 -1030.75 -266.125 50.953125 -206.3125 -134.8125 218.75 -14.625 -215.0 -346.625 48.8125
 10334.0 -2889.0 -72.25 -551.0 -140.5 -434.0 -70.0 557.0 238.0 -270.0
 24072.0 -3868.5 819.625 -1521.5 3281.0 56.0 189.0 -332.0 1158.0 960.5
 2758.875 -1123.6875 322.9609375 -229.6875 -814.859375 544.25 -359.5 544.8125 238.375 25.5625
 -1080.0 -120.5 -195.9375 499.0 -209.25 432.0 -218.0 121.0 -577.0 -88.5
 236.0 504.0 -32.75 -1079.0 -862.75 -660.0 89.0 500.0 63.0 610.5
 1456.0 46.0 -32.5 -670.0 287.5 32.0 588.0 172.0 520.0 408.5
 -472.84375 379.6484375 -76.095703125 -19.453125 63.216796875 68.28125 47.90625 -94.625 23.328125 -8.1015625
 1214.0 -291.40625 -829.1875 -1053.96875 507.46875 736.4375 -69.125 -762.78125 -46.9375 240.59375
 4764.625 -7214.5 2733.78125 -3525.8125 7463.265625 -2215.75 -2874.6875 1468.71875 -1409.375 -1588.296875
 1735.0 -367.375 -443.46875 737.875 512.8125 71.0 -282.75 935.875 217.5 -337.625
 7624.5 2313.8125 419.234375 1142.25 -539.96875 -110.0 -2159.75 -644.8125 -2029.125 407.1875
 409.0 -76.5 131.3125 -304.25 -391.5 -510.0 -47.0 41.5 157.5 -46.5
 -138.5 -272.5 -138.78125 105.5 157.9375 60.0 76.75 172.375 -183.25 -109.5
 -12418.0 4711.0 -1082.875 1000.25 1838.625 -367.0 588.0 -2668.5 -141.0 1021.5
 230.0 -79.5 76.8125 720.625 -204.75 183.5 171.25 129.0 -395.75 107.0
 -1576.0 323.0 19.0625 -182.0 82.25 -171.0 -49.5 40.0 -102.0 -30.75
 -2238.0 -2397.5 -355.0 -434.75 -198.5 1219.0 -2.0 802.0 -275.0 929.75
 770.5 -331.625 29.0625 -12.21875 19.1328125 -171.21875 -36.640625 3.0 -38.5625 70.5625
 5641.0 -16189.875 7573.59375 336.3125 13146.03125 -4495.0 -3871.5 -745.875 -2177.25 -2579.8125
 -75.5 21.4375 -80.984375 300.25 96.03125 112.75 -53.25 108.375 -315.5 -20.5625
 -994.0 320.5 288.4375 1296.0 64.6875 467.0 -50.5 195.0 -836.0 23.75
 3746.5 -1752.4375 330.6953125 1998.78125 -188.171875 221.875 479.25 -403.875 379.125 247.71875
 784.875 -762.3125 61.421875 49.328125 -384.0703125 330.75 -72.375 196.625 136.8125 -26.84375
 238.0 290.0 -328.75 144.0 -175.75 60.0 -594.0 29.0 -251.0 -79.0
 -2398.0 647.375 -90.375 108.34375 -141.97265625 -18.46875 -127.4375 34.6875 -34.3125 -4.7890625
 -2167.0 1519.25 -66.1875 -67.75 143.625 334.0 17.5 54.5 -121.0 -29.5
 92.0 3.5 83.0 -158.5 155.5 -40.0 294.0 6.0 176.0 207.0
 249.5 125.25 -8.109375 220.375 -44.25 112.75 -121.0 -33.625 -141.0 -50.8125
 237.5 39.375 1.84375 -22.75 168.109375 16.5 -36.625 -6.375 29.0 -42.125
 -107.0 154.375 87.5 -114.5 -133.4375 -13.5 235.25 49.25 190.5 257.875
 389.0 -3.5 -118.0 510.25 -107.25 41.0 -348.0 -62.5 -621.0 -104.75
 -266.0 -2752.0 174.875 607.0 -289.75 9.0 -190.0 491.0 609.0 -47.75
 4461.0 -8197.375 2308.3359375 275.28125 9362.671875 -2951.125 -2000.0 1080.9375 -1134.75 -1065.59375
 -1242.5 123.0 -100.3046875 51.125 68.1015625 -93.5625 71.6875 -231.453125 -75.125 58.7734375
 428.5 -571.875 -0.515625 -379.0625 -225.53125 -661.5 33.75 200.125 286.125 -87.375
 1352.0 -204.0 -243.5 -1502.0 -268.0 -344.0 40.0 200.0 260.0 -100.0
 -74.75 -63.853515625 -36.40625 33.125 -13.140625 127.75 118.125 48.390625 -136.5 39.4375
 -318.5 -27.75 76.21875 -89.375 -156.125 -165.25 209.5 244.25 -192.0 62.5
 24.0 -193.75 -186.453125 -77.25 -32.625 -89.75 -61.5 16.75 -67.0 -78.5
 490.75 163.4375 -44.71875 659.75 151.0625 219.0 -249.5 74.0 -547.5 38.875
 84.0 93.5 217.625 416.75 150.0 78.0 311.0 54.5 -257.0 11.0
 -378.75 -161.75 155.171875 -112.5 -262.75 -352.5 -669.0 -339.75 469.5 350.0
 -6792.0 397.0 -748.875 -1159.25 295.375 521.0 578.0 1398.5 -772.0 972.25
 -97.0 2738.5625 -398.34375 169.53125 1512.421875 -324.625 182.125 -52.78125 -95.875 -113.625
 -472.0 39.0 3.625 611.5 49.5 158.0 139.0 89.5 -383.0 -29.5
 795.25 285.875 205.4375 -228.25 286.65625 -38.0 -2.0 -182.25 -147.25 -24.0625
 -78.5 555.421875 -58.53125 -86.546875 267.609375 -133.625 -7.9375 -95.8125 -153.625 -18.0859375
 -6180.0 1716.0 -131.0 765.5 -100.625 138.0 -641.0 -68.5 743.0 -87.5
 38.9375 -31.09375 37.79296875 -27.734375 15.81640625 -34.21875 -3.3125 11.59375 5.6875 14.6484375
 -2203.0 1096.0 -2.0 -244.75 269.0 146.0 -74.0 -55.5 38.0 -176.0
 -1222.625 747.5 104.087890625 -271.203125 485.67578125 -671.34375 -725.1875 969.421875 -342.90625 -101.15625
 61.25 53.3125 61.578125 -77.9375 -63.6875 13.75 3.875 -46.6875 -8.0 -53.4375
 -143.5 85.125 67.84375 -81.0 -104.53125 -116.0 188.0 238.25 -234.0 6.75
 -1268.75 -1308.5 -268.5625 -475.0625 236.71875 257.5 136.375 86.625 -238.375 243.625
 475.25 -20.3359375 -494.5 -638.0625 -278.84375 -460.375 -168.0625 294.296875 -882.875 -511.046875
 139.40625 -163.63671875 -6.9375 -151.9375 -11.78125 -349.5 -54.3125 41.8125 223.625 47.46875
 275.5 9.4375 69.5 -3.28125 -13.046875 -19.0 39.125 -22.0 19.125 -14.25
 2010.625 -1129.2265625 333.8671875 1454.34375 -930.5234375 577.46875 226.71875 77.1484375 443.390625 303.5390625
 11596.25 -2908.0 850.296875 5749.75 -712.875 1253.0 1601.375 -1107.1875 1299.875 794.03125
 -255.20703125 -161.9990234375 -213.694580078125 -126.93310546875 130.913330078125 254.4140625 9.115234375 -122.138671875 -15.30078125 60.42236328125
 -413.0 -839.375 -299.984375 -398.1875 257.140625 278.375 181.625 332.375 -244.5 221.21875
 -137.15625 -136.140625 11.861328125 -29.515625 -74.171875 -39.78125 111.40625 55.140625 -23.5625 -14.7890625
 289.5 158.25 20.65625 -26.625 9.4375 -149.0 -45.25 -120.875 -43.5 -31.75
 1112.25 -73.5 95.8125 526.0 -9.09375 244.5 -186.375 6.625 -499.0 -61.1875
 3741.59375 208.53125 -237.26953125 -1767.875 245.4296875 493.75 211.53125 -353.125 96.3125 -177.1640625
 441.0 195.75 81.3125 -86.625 -118.6875 -181.75 -93.25 -4.125 74.25 -33.875
 -908.0 -327.125 -104.4375 825.25 109.125 285.0 -361.0 116.0 -689.0 110.375
 43.625 -284.53125 155.796875 204.1875 123.09375 -386.375 -16.25 -56.75 153.625 153.4375
 777.0 313.0 -18.59375 490.5 -63.0625 21.0 -148.0 -45.25 -227.75 -15.875
 -1080.0 786.0 1202.25 1010.0 -735.25 1514.0 804.0 -88.0 882.0 1743.0
 -52.875 -72.125 81.8125 -9.3125 -52.953125 -107.625 93.1875 55.0625 79.5 -74.84375
 559.0 -71.25 -96.421875 -55.0625 -32.53125 -124.0 -80.0 45.125 -99.0 23.1875
 285.25 -1.96875 1.3203125 129.875 23.765625 88.75 -100.8125 -7.3125 -75.875 116.0
 -3558.5 -14155.75 -1367.34375 -4852.625 -1544.1875 -1947.5 -1451.5 841.0 -1953.0 -510.5
 -13312.0 6041.0 -196.25 324.5 1818.5 -204.0 1082.0 -1635.5 -1346.0 302.5
 -10907.0 8069.953125 -1071.5 -2536.0 -640.75 4760.0 -579.75 357.0 -426.0 232.0625
 -701.75 315.5 32.4453125 -80.4375 -174.375 83.125 -100.875 53.0 68.25 -7.96875
 -54496.0 26224.0 2090.0 -950.0 -2001.0 -336.0 -3944.0 1374.0 1748.0 -1322.0
 -318.66015625 -297.7783203125 -219.8568115234375 -141.4404296875 -85.1318359375 -75.4609375 -28.259765625 60.2861328125 -152.8515625 181.84912109375
 248.625 188.25 -83.40625 106.5 27.921875 2.0 -78.9375 50.0625 -11.375 60.875
 -8008.0 -8230.0 1454.25 3489.0 -6075.5 2700.0 -724.0 2264.0 2328.0 -111.0
 -32.0 5218.0 2246.25 1152.0 -1303.0 2692.0 1096.0 -220.0 1260.0 3225.0
 1358.5 3025.875 303.328125 602.0 584.1875 -9.5 75.0 84.125 239.5 130.0625
 1891.5 -62.25 229.125 -24.75 194.53125 50.25 279.25 27.5 142.25 -24.9375
 -332.0 202.375 47.59375 745.0 112.5625 252.5 -158.25 50.5 -774.0 -32.375
 208.0 -159.0 66.0 76.0 -136.375 -95.0 70.0 -47.0 -199.0 131.0
 -182.25 216.375 89.5625 716.25 -80.4375 166.5 -182.0 64.25 -483.0 -85.625
 -5.5 -40.0 -56.21875 810.0 -45.25 459.0 -176.0 138.5 -800.0 35.625
 -233.25 -892.0 -1366.25 -2557.28125 -291.21875 74.0 31.125 964.5625 -51.25 576.4375
 235.5 -55.5 -96.78125 213.125 -14.1875 -29.5 -264.5 91.5 -112.5 -24.625
 -67.875 149.3125 -58.78125 307.25 49.6875 204.75 -142.5 27.375 -292.5 12.375
 472.0 -123.5 183.375 263.0 106.75 6.0 68.0 69.5 37.0 90.5
 99.0 92.25 -45.5625 471.875 37.390625 280.25 -285.0 -31.0 -476.0 -25.375
 291.4609375 100.58984375 21.609375 -3.03125 -28.51953125 8.84375 -27.203125 19.921875 144.875 -35.30078125
 -251.0 21.75 -77.28125 572.75 -106.5 341.0 -187.0 95.5 -570.0 -33.5
 70.5 -13.0 -95.9296875 -34.96875 -24.484375 29.5 -31.0 -14.5 -41.875 27.96875
 3023.0 -6299.5 1282.625 8108.0 4463.75 -8369.0 -3459.5 7403.0 -2373.5 1325.75
 140.1875 13.6640625 61.59375 29.765625 -12.3828125 -15.0546875 157.75 85.0 -48.90234375 -27.046875
 784.75 132.53125 164.109375 -176.625 169.65625 -235.5625 -79.75 -5.3125 -185.625 148.53125
 207.75 -1104.1875 28.9765625 50.15625 21.328125 333.0 -13.625 299.5625 -261.125 351.3125
 -3228.0 2696.0 1365.5 674.0 -484.0 1696.0 890.0 -161.0 708.0 1892.0
 2572.0 5028.0 432.9375 852.0 2273.5 -689.0 -490.5 1587.0 26.5 -347.0
 11.5 97.125 63.34375 758.25 79.8125 348.0 14.0 27.125 -817.5 -76.75
 -631.0 6.25 -92.875 27.75 -24.75 -60.0 22.0 78.0 -155.5 73.75
 201.0625 16.234375 -47.01953125 -2.59375 73.484375 -9.21875 -19.5 -40.46875 -33.65625 -49.421875
 -1776.0 357.75 -18.65625 44.75 -64.9375 10.0 83.0 11.25 57.0 14.0
 4785.0 348.5 -347.5625 -88.0 572.0 841.5 -191.0 -860.75 -787.5 -10.25
 1563.0 14.5 -74.875 933.75 290.625 441.0 -503.5 167.75 -102.0 229.0
 331.0 -71.3125 -74.609375 116.25 298.171875 -385.125 -77.5 -252.125 -44.0 187.25
 -6379.0 2580.625 -1145.375 655.0 3941.875 -2535.5 -691.0 1340.5 -1122.0 -72.3125
 -1933.0 -347.5 25.9375 69.25 -270.6875 212.5 21.0 71.5 20.0 91.375
 63.125 -68.90625 -141.0859375 -147.640625 -21.28125 -54.8125 -5.5 12.875 -175.0625 -95.046875
 -934.75 677.875 16.3203125 248.1875 -104.3125 -100.5 117.0 150.125 249.5 105.3125
 -514.0 -237.0 -120.0 73.0 -249.0 28.0 -6.0 84.5 -306.0 247.0
 -1606.0 -1758.25 -1128.78125 -1140.375 813.3125 -578.5 716.0 -1238.0 -603.0 17.0
 -684.0 -258.0 43.375 31.0 -88.0 4.0 -134.0 96.5 -71.0 204.5
 64.0 -60.75 1340.59375 -1854.6875 -602.0 -1357.0 7.0 1032.25 997.0 1122.0
 -551.5 -22.5 83.4375 -95.5 567.25 394.0 -81.5 -53.0 -194.0 358.25
 -250.75 -275.375 45.580078125 599.5234375 -99.92578125 88.34375 -218.984375 -36.6328125 726.5 113.21875
 -91.78125 20.875 -31.25 -12.296875 14.515625 -43.9375 11.6875 38.296875 -29.15625 19.09375
 -183.5 36.5 23.6875 1078.5 -6.5 433.0 -250.5 -38.25 -854.0 -147.75
 1106.5 4.125 36.78125 64.625 -88.75 -146.0 56.0 -94.625 55.5 -98.5625
 -3270.0 -5791.75 -82.40625 -3760.125 -175.3125 -1974.5 -2523.5 2721.75 -1820.5 -201.875
 -902.1875 385.328125 22.36328125 366.59375 75.9453125 221.90625 -82.4375 -42.9375 101.65625 139.9296875
 -398.5 -206.125 118.359375 -428.4375 -179.8125 -218.25 480.25 -73.875 -219.75 -336.625
 309.625 20.640625 65.921875 140.1796875 115.62890625 1.3125 -128.625 -61.296875 -8.09375 -31.4296875
 -920.0 462.0 -31.0 133.0 -93.25 -42.0 -98.0 28.0 -216.0 211.0
 -341.0 -2720.625 -3102.59375 -202.625 1908.25 32.5 1110.25 1506.5 3772.5 -138.375
 190.5 105.75 -211.4375 236.5 17.875 38.0 -237.5 97.25 -250.0 -13.75
 181.5 -51.75 268.34375 -47.625 262.3125 428.5 -175.75 -24.5 79.0 293.8125
 316.0 448.0 2020.0 -1328.0 -2784.0 1100.0 -1883.0 -10472.0 2863.0 -164.5
 52.5078125 7.125 -1.3359375 -2.78125 0.671875 2.478515625 1.109375 -0.337890625 0.001953125 0.48828125
 158.0 4.0 41.5 22.0 31.0 9.0 -25.0 -106.875 20.5625 22.4375
 412.0 112.0 794.0 657.0 443.0 -207.75 -497.5 -1435.125 287.5 240.75
 -3.5 167.0 110.3125 689.625 -75.875 153.75 -100.5 -12.625 -417.0 24.375
 247.0 -4960.875 1567.765625 -138.9375 -2294.203125 361.125 -623.375 392.9375 14.125 399.375
 -0.0625 92.03125 -58.97265625 5.21875 7.62109375 -20.9375 8.875 41.609375 -3.71875 14.15625
 502.875 10.8125 127.28125 90.59375 145.046875 189.25 -212.125 -290.5625 248.625 66.46875
 -872.0 -194.5 595.0625 -168.0 -351.25 -201.0 559.0 507.0 -268.0 400.0
 185.25 -86.796875 -97.359375 -85.0546875 -6.75 -15.65625 85.90625 -15.40625 -31.125 -52.3125
 -1004.0 723.375 -217.59375 -85.0 -51.34375 90.5 47.125 225.875 -179.75 17.125
 -1032.0 -92.0 7.25 1140.0 351.0 716.0 302.0 91.0 -788.0 113.0
 550.5 -110.5 -537.625 929.25 -3.5 363.0 -191.0 265.5 -922.5 111.25
 107.5 -298.6875 -14.76171875 -4.740234375 -13.86328125 -10.2216796875 7.3212890625 -7.4599609375 -4.56298828125 -0.965576171875
 -953.0 -1523.0 -426.25 -494.0 -1752.875 1478.0 -171.0 118.25 -108.5 -738.25
 -232.5 -366.375 -160.1875 -141.625 18.84375 -4.0 141.25 218.0 -238.5 -11.4375
 816.75 238.9375 56.125 610.25 130.5625 171.0 -296.5 151.375 -449.5 66.75
 1495.0 -789.75 -356.375 260.375 -33.875 -348.5 -224.5 -10.0 736.5 -216.75
 -5760.71875 -2190.265625 1148.453125 -68.0859375 -18.5546875 -1396.609375 -790.546875 -481.546875 -915.171875 -452.3515625
 542.375 439.796875 -421.0 -116.65625 -5.5234375 120.1875 -32.5625 -212.875 -107.5390625 -33.375
 2887.25 -43.875 45.5234375 1597.46875 794.515625 -494.375 190.875 151.625 7.0625 298.8125
 -60.0 -38.5 55.75 357.0 182.875 295.0 133.0 199.0 -296.0 101.5
 -220.0 71.8125 -116.1015625 -7.03125 -73.953125 -22.0 28.25 92.875 -90.875 -13.0625
 172.5 40.875 47.78125 16.75 87.6875 -47.0 -63.5 -203.75 -132.5 -78.375
