178.0 -172.46875 67.25 -161.25 -31.25 5.0 -44.5 126.5 -84.0 88.5
 -3431.75 -1364.494140625 -571.21875 1682.0 -711.21875 304.625 -1264.0 89.25 -483.0625 -236.8125
 686.0 -283.0 109.0 -219.5 -8.25 75.0 -138.5 202.0 -85.0 151.0
 155.875 24.8203125 -35.53125 23.0 21.28125 -5.25 -15.25 -29.5625 -9.875 7.625
 -2416.0 157.59375 -271.0 -62.0 235.0 55.5 -208.0 408.0 388.5 -156.0
 164.0 -256.0625 66.0 -233.75 -53.25 -43.5 -76.0 221.5 -164.25 179.75
 5852.0 -1198.0 -536.0 -398.0 -1199.0 -811.25 1201.0 102.0 -1296.0 -713.5
 748.0 3.015625 -50.875 107.25 258.625 157.0 62.25 15.5 -130.25 -68.5
 14414.0 -422.2109375 -802.75 -1241.0 -1690.0 -1590.5 -351.5 -564.5 1100.5 406.0
 -1455.75 -2367.3359375 -252.625 -2379.3125 1337.65625 -140.3125 1095.375 -75.875 -387.375 -121.8125
 1136.0 -2952.21875 -946.0 -606.0 -208.0 -232.0 840.0 1064.0 -284.0 1532.0
 -5914.5 375.81884765625 -1327.75 1127.125 736.125 963.875 2769.09375 1448.0 1422.90625 784.28125
 3654.0 -125.771484375 -270.5 -265.25 -443.125 -231.75 -243.0 -150.5 199.25 11.75
 -1961.0625 92.5013427734375 92.921875 107.90625 86.6328125 189.328125 45.875 82.9375 -125.5234375 -33.03125
 124.5 48.875 -169.59375 147.875 204.75 -39.75 -51.25 -115.5 -34.5 46.375
 293.015625 4.925201416015625 -21.326171875 8.53125 11.353515625 -55.2734375 -31.806640625 26.42578125 -18.47265625 -3.16796875
 328.0 -1165.125 919.0 -876.0 -668.0 72.0 -118.0 1156.0 -652.0 654.0
 4885.08203125 1150.0229263305664 344.3154296875 1115.923095703125 -463.691650390625 -542.09033203125 -492.78515625 48.896484375 455.603271484375 135.14990234375
 543.0 -86.8828125 11.25 -2.0 -109.75 -97.0 74.0 -15.25 -71.5 14.75
 -772.0 88.3125 -572.25 267.0 445.5 -96.0 -71.0 -310.0 44.0 56.25
 1718.4375 129.93115234375 48.974609375 38.86328125 -42.3984375 -98.0078125 -71.8125 144.328125 178.484375 -226.27926635742188
 12715.0 -357.888671875 -672.875 -215.5 381.875 -2.25 -31.0 -340.5 -661.0 -594.5
 -1082.0 11.1171875 -375.0 -119.0 -451.75 -616.5 -134.5 -32.0 335.0 185.5
 -3024.0 661.0 -409.0 844.0 574.0 288.0 546.0 -6.0 450.0 -724.0
 284.0 -169.5625 69.5 -124.75 16.0 23.25 -55.75 151.5 -120.75 132.25
 -2902.0 -100.36328125 130.1875 314.34375 543.53125 -388.9375 4.1875 285.875 -142.125 -80.09375
 85.0 47.21875 140.75 23.0 -48.9375 12.875 -127.9375 -43.75 48.5 -71.875
 -962.25 83.1015625 -8.890625 -191.046875 18.6875 36.96875 36.40625 1.375 -25.875 -20.046875
 -5079.875 -68.531982421875 303.453125 1553.65625 -259.296875 1249.71875 -216.53125 -208.15625 -40.515625 -110.78125
 374.0 -210.5625 -66.125 -160.5 103.5 18.25 -73.0 166.0 -110.75 163.5
 212.0 -179.28125 -124.25 -101.625 73.3125 -2.375 -23.875 92.25 -51.0 -35.875
 1649.0 168.265625 -184.65625 -269.75 -1054.875 377.75 -105.25 -260.75 433.375 328.5625
 -354.0 243.87109375 60.609375 86.1875 255.71875 591.875 11.4375 248.75 -500.34375 -258.375
 -1245.75 411.5 -991.25 550.65625 -81.671875 -1179.515625 1496.09375 -875.59375 -1098.5625 -268.28125
 700.0 -576.5 350.5 -565.0 -94.5 59.0 -2.0 689.0 -274.0 273.0
 -1540.0 232.8125 -823.0 -629.0 -2098.0 -1564.5 -712.5 122.0 1230.5 657.0
 298.0 -335.5625 156.25 -464.0 -49.0 49.0 -83.5 365.5 -129.0 193.5
 1284.0 98.06640625 54.0 -356.5 160.5 -72.5 -227.0 166.5 81.0 15.5
 1347.0 -122.435546875 -506.921875 -354.734375 7.3125 -409.703125 -84.59375 -96.390625 134.421875 -66.625
 7424.0 3310.0 -5128.0 -1864.0 -576.0 -4528.0 -7512.0 -3440.0 1816.0 3648.0
 128.0 534.25 -655.5 664.0 437.25 -64.0 40.5 -728.0 91.0 -83.0
 500.0 -311.75 9.25 -228.5 45.0 58.0 -10.5 210.0 -177.0 170.0
 56.0 -840.125 942.0 -893.0 -731.0 94.0 -97.0 920.0 -220.0 325.0
 408.0 -546.8125 309.0 -364.0 -167.5 68.0 -81.0 410.0 -230.5 288.5
 2448.5 -316.51416015625 -18.09375 -145.5 439.15625 -143.3125 332.5 -121.6875 28.5 60.9375
 85.0 -165.3125 -250.75 -55.25 180.0 -76.0 6.5 57.5 -75.75 146.25
 -437.5 -130.19140625 -90.65625 26.40625 9.5 -49.0625 -36.375 69.8125 15.6875 -30.34375
 556.75 29.98193359375 -108.46875 -211.5625 -140.84375 30.4375 6.375 -7.625 -41.875 15.8125
 -1242.5 57.1279296875 -117.375 -118.125 369.875 65.0 177.375 100.125 -77.5 169.875
 -106.0 -455.8125 -8.375 93.625 98.875 -48.125 -81.5625 -29.5 99.4375 -19.125
 276.0 3.875 32.25 -103.5 63.25 27.5 -101.5 99.5 54.5 -16.0
 -6448.25 588.83203125 1369.140625 349.453125 89.796875 113.59375 -586.03125 -118.15625 -503.140625 -182.140625
 -84.0 483.609375 175.5 219.0 -29.0 114.0 -280.0 -386.0 280.0 -144.0
 1697.5 -64.1396484375 -88.25 -110.875 -102.9375 4.0 -126.1875 5.125 -49.6875 -24.375
 158.625 -255.642578125 -71.203125 -121.21875 11.40625 379.34375 -5.46875 33.15625 -274.609375 -47.03125
 -6744.0 400.939453125 252.125 -273.125 -2.6875 541.5 157.375 -0.5 -194.5 -58.5
 -248.0 -386.5 410.5 -629.0 -237.25 46.0 -206.0 525.0 -145.5 108.5
 -524.0 -315.578125 -221.5 4.75 -47.125 248.5 135.25 -71.5 26.5 -22.0
 144.0 132.96875 -378.0 63.625 281.25 -61.0 50.0 -236.0 -70.5 62.5
 642.0 -191.6875 8.5 -123.25 92.5 43.0 -74.0 118.0 -97.5 150.0
 8600.0 -34.84375 -546.0 -98.0 -427.5 -255.0 -251.0 23.0 21.0 -418.0
 203.0 52.4375 -288.5625 4.5 229.5 -0.5 -44.0 -106.5 -29.5 80.875
 -7.0 363.048828125 274.6875 -106.75 -109.6875 61.375 -124.625 174.5 259.625 -141.0625
 -324.0 -849.5 284.0 -434.0 -22.0 69.0 60.0 624.0 -327.0 277.0
 -1299.5 -80.521484375 16.4375 493.1875 -127.0625 -423.1875 -346.6875 208.0 165.1875 145.9375
 144.0 -997.25 490.5 -669.0 -171.5 -35.0 -118.0 916.0 -380.0 543.0
 8000.0 2183.873046875 -340.259765625 2079.76953125 -790.96484375 -849.703125 -580.453125 662.1171875 657.30078125 341.26953125
 -1611.0 100.8486328125 48.4375 -10.25 -43.9375 -2.75 -88.625 74.375 122.6875 80.0
 253.75 12.62841796875 220.25 -58.84375 -126.6875 46.375 -113.0625 -66.1875 145.15625 -11.25
 1228.0 -137.652099609375 -19.109375 173.046875 65.84375 -253.34375 -91.59375 25.6875 69.265625 16.0
 3641.75 -233.423828125 -21.6875 425.25 13.9375 -265.0 -191.8125 79.125 109.6875 -70.4375
 68.0 -472.44140625 -5.25 -52.75 -38.5 104.5 42.5 95.0 -116.75 174.0
 22408.8125 1632.3663330078125 -5538.57421875 -4257.0234375 793.05078125 -3236.546875 249.0 -2053.875 2092.09375 -600.75
 375.0 -263.84375 100.125 -286.5 -39.0 31.0 -2.75 235.0 -104.0 122.75
 -57.0 372.0 -371.375 274.75 280.5 85.25 -150.25 -275.5 119.25 -19.0
 4296.0 -37.26953125 -426.375 -752.125 -703.25 -291.75 -112.25 -308.25 384.0 196.375
 7345.25 2172.1708984375 1543.59375 -766.15625 184.0625 1313.4375 -24.6875 -878.0 83.40625 600.625
 584.0 -2.625 -156.0 -7.5 197.25 63.0 -17.75 -68.0 -60.0 -15.0
 45.5 -88.8974609375 180.625 -25.8125 -113.1875 63.25 -112.375 151.375 74.625 80.625
 18061.875 -909.840087890625 -243.640625 58.875 1955.921875 -576.75 -86.6875 1075.59375 -1500.9375 607.65625
 -32561.0 -3480.32421875 -214.375 4816.5 1175.4375 74.5 -3351.875 2544.5 -3812.875 -1189.25
 386.0 251.75 -359.0 216.75 261.625 -10.0 -49.25 -266.5 70.75 -41.25
 -365.0 27.14453125 24.875 88.375 164.875 140.75 87.25 -62.0 -124.25 -127.875
 1940.0 9.875 -601.0 -461.5 -1295.0 -1219.5 -512.75 2.5 870.5 413.5
 428.0 578.234375 -546.5 481.0 263.75 -148.5 67.5 -683.0 132.5 -201.0
 -5297.0 13.603515625 185.625 912.5 -176.125 -471.0 -463.25 521.75 -24.75 34.5
 114.5 -387.3310546875 -20.5625 568.9375 -50.625 -571.75 -256.25 226.0 78.5 32.875
 317.0 15.9140625 196.75 9.25 -124.9375 83.75 -117.0 11.75 70.625 -26.375
 187.5 -66.8125 -25.4375 -85.375 105.625 32.0 -57.25 32.75 -132.5 94.5
 1235.0 -43.943115234375 -98.328125 -78.5625 -90.578125 -2.8125 -65.09375 -44.5625 -4.28125 -13.125
 78.0 -366.3125 116.75 -353.0 13.75 -21.5 32.0 288.5 -191.0 174.5
 909.0 20.62890625 280.25 22.25 -151.625 43.5 -98.25 13.0 105.0 -17.25
 1169.25 -28.70654296875 -105.90625 -62.625 -40.375 17.625 -59.25 -17.6875 -2.625 -7.4375
 -108.0 -391.8125 185.5 -440.5 47.75 84.5 51.0 417.0 -220.5 195.0
 10310.0 -813.43359375 -423.75 775.5 -509.5 -291.0 -343.25 -352.0 504.75 158.25
 2882.875 -83.335693359375 -107.921875 138.78125 -166.09375 -26.46875 -43.9375 -133.96875 154.46875 71.71875
 244.0 -84.25 -65.0 -147.0 93.25 84.25 -87.0 104.0 -53.75 101.5
 1776.0 -28.703125 265.0 -77.5 78.0 108.0 -265.0 20.0 -27.0 -100.5
 372.0 -232.40625 357.5 -300.5 -253.5 -22.0 56.5 270.0 -55.0 23.0
 728.0 -600.75 40.0 -561.5 -87.0 46.0 -179.0 521.0 -211.0 330.0
 -1468.75 -109.612060546875 57.3125 359.328125 63.78125 -274.375 -209.0625 169.25 -2.875 5.625
 -84.0 -648.9375 171.5 -553.0 -91.0 -20.0 57.0 465.0 -528.0 453.0
 345.0 -209.875 87.875 -150.5 -26.5 -2.5 -76.5 166.0 -105.5 136.25
 -78.0 65.248046875 69.875 33.0 -29.0 11.25 -29.25 8.5 68.625 3.0
 422.0 -526.875 205.5 -402.0 25.0 42.5 14.0 353.0 -313.5 268.5
 461.5 -75.4375 -25.5625 -130.875 121.25 68.5 -115.75 76.0 28.5 86.5
 -640.0 -1358.75 1520.0 -1329.0 -1094.0 500.0 12.0 1588.0 -310.0 286.0
 13871.625 1843.101318359375 -4020.453125 -2511.1484375 940.421875 -1694.6875 143.8828125 -1783.46875 1437.9765625 -569.6484375
 1320.0 -877.75 594.0 -658.0 -396.0 58.0 -105.0 956.0 -411.0 283.0
 314.0 -236.9375 -119.125 -128.5 178.5 62.0 -2.0 29.0 -183.5 149.75
 132.0 -216.1328125 20.0 -3.5 -37.5 54.0 -99.5 -135.0 -80.0 127.0
 96.0 -2669.25 1518.0 -1922.0 -924.0 292.0 -172.0 2384.0 -1172.0 1108.0
 162.0 -162.125 -60.5 -84.25 124.0 11.0 -35.0 49.0 -90.5 164.5
 18176.0 -368.1875 -1448.0 810.0 2271.0 1862.0 372.0 136.0 -1658.0 -1346.0
 2518.0 122.65625 -130.3125 -387.4375 -128.0 280.375 105.0 -189.75 -10.875 -116.0
 262.0 -99.71875 2.875 -85.75 63.875 -16.0 -13.0 84.0 -62.0 80.5
 -2438.0 -17082.5 -4919.5 -6123.0 12280.0 -22526.0 -14988.0 14456.1875 -6335.953125 -8832.0
 -593.5 29.60546875 26.625 32.4375 45.3125 -29.0 42.0 -32.375 -15.75 -2.6875
 -3163.0 85.1044921875 35.125 107.21875 -115.0 -29.875 161.0 -137.625 -4.15625 248.1875
 -5887.0 285.2109375 307.0 1.0 300.0 -13.5 412.25 -48.75 121.5 152.5
 10076.0 -52.15625 -749.5 -64.0 597.0 114.0 -74.0 -566.0 -472.0 -513.0
 -273.0 203.09375 -16.375 -460.125 -58.3125 244.25 198.5 -121.5 -22.375 -47.875
 54.0 -407.8125 17.0 -331.0 -26.0 32.5 -23.0 187.0 -205.0 223.0
 1570.0 164.9921875 167.5 -248.5 -91.75 108.5 -198.5 -51.0 166.5 -78.0
 1344.0 -1485.25 944.0 -1726.0 -249.0 484.0 214.0 1408.0 -531.0 311.0
 6152.0 -210.72265625 -596.75 -187.0 -698.375 -642.5 -543.0 -251.25 450.25 157.25
 -1271.5 -357.8115234375 -261.9375 135.75 -36.96875 -230.4375 15.75 128.1875 -24.0 -86.375
 1199.65625 -1620.0007934570312 -1768.869140625 -2187.0576171875 75.88671875 771.76953125 884.107421875 -47.775390625 -430.341796875 -74.998046875
 23586.0 -5961.76953125 2212.5 11311.25 8264.25 -11858.5 854.0 2024.5 4445.25 1117.0
 3546.0 475.57421875 539.0 44.0 -290.75 -54.0 621.75 -106.0 -192.0 -423.5
 -4.5 -9.3154296875 3.5625 -11.25 -56.4375 -19.75 -8.75 33.25 21.0 1.25
 -820.0 993.375 -662.0 816.0 399.5 -53.0 239.0 -1002.0 326.0 -529.0
 1130.78125 37.111053466796875 -101.318359375 -410.392578125 -309.8515625 -48.92578125 -4.36328125 -111.62890625 187.751953125 155.68359375
 800.0 -225.5625 313.75 -203.5 -12.25 59.0 -168.5 61.0 -75.0 78.5
 446.0 12.796875 -43.625 2.625 64.8125 82.125 -25.875 -14.875 -58.75 -5.25
 404.0 -45.7734375 28.25 -48.0 89.75 -74.5 -65.0 -234.0 -17.5 -60.5
 -2117.5 108.6328125 180.3125 50.5625 241.8125 312.125 182.5 132.0 -162.25 -65.5
 -90024.0 -33595.677734375 -1050.71875 -32609.28125 10101.5625 9617.1875 9512.5 -5985.9375 -9806.875 -4056.1875
 306.5 110.40625 -195.75 171.75 168.875 -18.0 4.25 -153.75 5.25 -15.5
 252.0 -74.21875 4.125 -89.25 42.625 -5.0 -72.0 59.5 -9.75 47.0
 2633.75 145.4091796875 -106.65625 -549.03125 12.65625 -559.0 50.0 54.75 156.78125 80.0625
 396.875 67.609619140625 40.0 -143.53125 136.015625 196.65625 319.921875 -110.875 -25.65625 12.890625
 516.0 -563.5 -84.0 -273.0 66.0 -4.0 -174.0 393.0 -230.0 363.0
 11260.0 -211.609375 -164.5 171.25 545.0 53.5 175.5 -1552.0 -534.75 -683.5
 -4916.0 161.734375 370.125 46.375 441.8125 321.75 478.375 126.125 4.1875 10.0625
 378.0 -133.15625 307.125 -128.25 -170.75 -80.25 140.5 164.25 -101.0 -51.75
 128.0 -416.9375 203.0 -357.0 -38.0 74.0 -98.0 313.0 -193.0 185.0
 160.0 -94.3515625 58.0 82.5 63.0 4.5 -61.5 52.0 -120.5 139.0
 -237.0 50.09375 -214.1875 -4.125 129.625 23.0 -208.25 58.0 100.75 62.0
 663.0 128.5625 -280.875 121.75 255.0 -1.5 -91.0 -209.5 -7.25 163.25
 -3726.25 92.64208984375 183.3125 28.828125 -125.8125 -19.15625 -64.09375 -19.96875 171.53125 92.3125
 2256.40625 35.784942626953125 -927.9765625 -672.388671875 -21.7646484375 -116.6640625 296.515625 248.2265625 -4.962890625 68.119140625
 649.5 -46.73779296875 -21.4375 31.625 6.34375 112.3125 50.5 -34.1875 -62.3125 12.1875
 1130.25 17.01953125 -100.53125 -37.125 -71.90625 41.125 -89.6875 27.5 -16.6875 1.8125
 -832.0 389.2734375 73.25 -274.5 -216.0 527.5 -263.5 223.5 967.0 -461.5
 279.5 -21.078125 -41.150390625 0.25 69.125 37.125 55.25 21.75 49.8125 -53.0
 30.0 -56.107421875 257.25 108.75 -101.625 -11.5 32.0 -26.25 57.0 -84.25
 728.0 233.609375 52.5 -98.0 238.0 -247.0 -395.0 -362.0 -142.0 -27.0
 -13.5 68.125 -229.625 39.25 166.75 -31.0 -58.0 -145.0 5.5 45.0
 -252.0 -916.375 91.0 -571.0 69.5 30.0 -71.0 630.0 -456.0 550.5
 218.0 -90.125 443.75 -402.25 -635.0 555.5 241.0 -38.0 971.0 -961.5
 212.0 -188.25 244.5 -57.0 384.0 65.0 149.0 -176.0 -453.0 354.0
 -14350.0 -15.03125 681.125 1468.0 369.875 -1079.0 -914.75 1011.0 -70.75 -377.0
 92.0 64.34375 -444.375 233.375 299.75 -90.25 179.75 -398.5 -19.25 -12.0
 7691.5 -428.28125 -653.1875 125.625 -248.875 -1526.0 -693.5 74.75 890.75 95.75
 841.0 -98.65625 103.625 -141.75 -43.125 -363.5 -10.5 -12.5 319.0 171.5
 -8312.0 559.25 338.5 239.0 658.5 503.0 98.0 -244.0 180.0 287.0
 159.5 38.4833984375 14.5625 -3.875 -7.8125 41.625 28.5 -5.375 3.375 -29.75
 29.75 -188.078125 -61.9375 -56.3125 11.625 -28.25 22.875 116.875 54.5 -95.8125
 5171.5 -273.7880859375 -427.75 -3568.8125 483.1875 -1518.375 993.0 -35.75 385.625 203.125
 187.0 -12.345703125 -3.75 28.875 51.5625 113.5 38.375 -44.5 51.125 -43.375
 -70.5 55.294921875 55.125 28.875 55.5625 48.0 -26.125 5.0 13.1875 -33.0
 414.0 -87.41796875 90.75 6.5 -12.5 50.5 -81.25 8.0 83.25 -35.25
 -8.5234375 26.85498046875 -35.046875 20.8359375 15.6640625 -20.97265625 -18.015625 -71.0859375 -16.046875 12.740234375
 -99.0 146.484375 -58.71875 78.125 76.0 15.5 -105.5 -46.375 113.9375 -44.5
 197.5 -31.27978515625 47.5 -18.5 -24.40625 20.0 -58.1875 19.6875 7.5 -8.375
 35308.0 2027.359375 -901.5 -7451.625 -2004.5 -445.25 3509.5 -3322.25 4380.0 1196.75
 -3354.1875 344.5858154296875 97.234375 -994.8125 -111.796875 1250.265625 774.890625 -408.34375 43.0625 -8.34375
 -4066.71875 323.0672607421875 134.82421875 -6.59375 -525.11328125 136.40625 111.765625 -332.125 330.796875 -155.8046875
 388.0 -140.8203125 264.0 22.5 -12.0 32.0 -245.0 39.0 213.0 -128.5
 -44.0 -158.234375 246.5 -108.0 -22.75 83.5 -199.5 88.0 151.0 -95.0
 85.0 -45.35546875 51.875 -48.75 -80.90625 36.25 6.4375 135.75 49.9375 26.9375
 340.0 -491.25 350.5 -513.5 -206.0 101.0 -56.0 510.0 -181.0 264.0
 4958.75 -1372.578125 964.1875 -1275.6875 -1010.3125 -1314.875 -1357.375 -107.75 -632.6875 -60.375
 218.0 -404.828125 451.0 -348.5 -387.0 35.0 28.5 428.0 -203.0 161.0
 366.0 219.6875 -383.0 172.25 238.75 -3.5 -121.0 -243.0 69.0 55.875
 -290.0 91.927734375 -64.0 -105.3125 -117.1875 20.75 -50.5 3.0 8.625 71.75
 912.0 58.875 -567.75 132.5 453.5 -65.0 -63.0 -229.0 -79.5 164.25
 3088.0 -774.5 -1106.0 -560.0 2018.0 1748.0 -1652.0 -516.0 440.0 1952.0
 28.5 49.45068359375 -9.0 58.9375 -30.90625 -19.375 6.75 -60.0 27.9375 -55.125
 6.03125 192.97015380859375 46.89453125 110.37890625 30.53515625 173.34375 -221.96875 -19.4296875 190.015625 -65.1875
 -1776.0 -1939.0 1628.0 -201.0 -1004.0 346.0 1182.0 1020.0 -962.0 1668.0
 -6336.0 8726.109375 9080.0 36557.0 -1906.0 -1074.0 -7895.0 1504.0 8264.0 875.0
 4592.0 -149.24609375 -401.75 -202.25 -595.0 -193.0 -335.5 -66.5 246.5 29.0
 7714.5 -231.8671875 217.40625 95.0625 637.75 1523.25 168.375 825.125 -1066.3125 -831.8515625
 -147.421875 15.2755126953125 11.9765625 32.8984375 -5.244140625 -1.91015625 -10.78515625 13.34375 -1.93359375 -0.2109375
 58124.0 -7016.4453125 -7636.5 1896.0 -18476.0 -15459.0 -13379.0 -4473.0 8943.0 3546.0
 6784.75 -1802.578125 2302.0 -2658.375 -2525.3125 -1877.625 -1371.125 -60.125 -223.8125 290.5
 489.0 -158.9375 -4.5 -97.0 87.5 37.5 -0.25 59.0 -137.75 103.25
 -724.0 788.2421875 1206.5 277.5 399.25 192.5 779.0 977.0 -190.5 -577.5
 -4744.0 115.0 404.0 -80.0 -1352.0 -700.0 826.0 664.0 -358.0 -1298.0
 226.875 130.927978515625 94.3984375 250.3125 -165.1171875 273.75 63.96875 -175.4375 253.4375 39.171875
 -469.25 43.6932373046875 91.0078125 32.15625 5.0703125 50.953125 7.96875 1.5625 36.453125 -18.546875
 1092.0 -581.75 445.5 -468.0 -290.0 105.0 -109.0 651.0 -333.0 245.0
 -372.5 178.3916015625 1.28125 114.5 15.6875 152.875 -87.25 -45.5 171.75 -98.375
 586.0 -347.5625 109.25 -361.5 -56.0 -4.5 -73.0 353.0 -131.5 204.5
 361.0 -38.5 -245.9375 23.25 233.5 -24.75 -74.25 -38.0 -36.0 131.75
 879.25 -3246.421875 1400.21875 -531.0625 -1975.625 -658.0 -3209.875 -347.125 -2218.3125 -553.0
 357.0 -117.21875 59.0 -87.625 50.75 40.75 -29.0 97.25 -121.25 81.5
 160.5 219.109375 -180.6875 215.5 232.375 -26.25 28.25 -259.75 47.0 -119.0
 425.0 223.171875 91.0 184.0 -89.75 -156.25 209.5 -186.625 -19.25 -161.75
 132.0 -508.5 397.0 -475.0 -344.0 -76.0 -50.0 532.0 -310.0 322.0
 252.5 -58.625 -284.9375 -8.25 -59.75 -26.5 214.5 136.25 129.25 -17.5625
 12.0 -495.1875 311.5 -414.0 -76.5 65.0 41.0 431.0 -311.0 228.0
 -258.0 -41.6201171875 123.4375 79.8125 -16.0 142.5 -210.5 68.5 151.3125 -15.25
 -63661.0 -39927.3017578125 -7799.75 -42299.375 8869.4375 16392.625 15980.375 -10142.875 -7770.875 -3644.75
 -5840.0 -2128.0 448.0 277.0 -792.0 2198.0 -1794.0 2280.0 2943.0 -2302.5
 -156.5 114.150390625 -176.9375 -525.125 -401.0625 -45.875 -31.875 -58.875 4.875 27.75
 584.0 -146.96875 465.0 -119.0 -131.5 223.0 -522.0 58.0 295.0 -175.0
 9696.0 194.0 -2112.0 40.0 3556.0 3288.0 -3104.0 -904.0 472.0 3432.0
 398784.0 -9460.53125 -14374.0 54174.0 -43420.0 -32292.0 -35732.0 -6332.0 30614.0 12104.0
 142.0 -257.9375 235.0 -361.0 -142.5 35.0 -64.0 427.0 -168.0 127.0
 -130.5 105.56640625 132.6875 68.625 -49.625 173.875 -211.0625 -2.875 171.0625 -59.25
 529.0 -47.41015625 -232.75 -24.75 25.25 59.0 170.5 10.0 -14.625 -65.375
 -837.25 71.453125 122.84375 55.125 -25.5625 -123.25 -22.875 -180.375 142.0 -77.4375
 4187.0 18.109375 -7.125 -18.0 184.75 80.75 -181.75 -352.5 19.25 -335.25
 668.1875 23.5556640625 65.65625 88.15625 -105.4609375 39.421875 49.234375 -137.359375 -58.875 121.09375
 504.75 42.6796875 -136.4375 -284.375 -172.6875 16.8125 19.25 -110.25 68.78125 126.8125
 -12649.0 1163.49609375 1195.375 5376.75 -603.125 2411.0 -1091.0 84.5 -24.75 -161.0
 -3337.0 136.58984375 300.125 -93.125 -219.5 -174.5 39.5 112.0 124.25 252.25
 300.0 64.30078125 -965.75 -667.5 321.75 982.5 -335.5 -211.5 254.0 478.5
 6388.0 -209.6875 -39.5 -61.0 511.0 161.0 -106.0 -630.0 -142.0 -676.5
 -48.625 148.298828125 106.640625 50.3125 -23.984375 186.96875 -154.9375 14.21875 211.0 -89.34375
 39836.0 -2652.078125 -2852.0 -27.0 -4762.0 -3079.0 -2143.0 -622.0 1941.0 1250.0
 -178.6875 179.52569580078125 -1.27734375 9.8125 -34.875 206.5546875 -137.8125 29.2578125 151.09375 -26.6015625
 197.625 4618.845703125 99.22265625 -3241.55078125 -940.65380859375 -3153.6640625 1402.703125 3810.146484375 -3116.69140625 -478.6484375
 -1164.0 176.25 228.5 286.0 214.0 134.0 -324.0 -216.0 179.0 -73.0
 -4504.0 -3572.23828125 126.5 -1615.75 1449.25 839.0 -2342.0 1334.5 -2600.0 1567.0
 -250.0 -9.9375 -73.1875 37.5 51.125 -31.25 78.375 -76.0 -70.1875 52.875
 548.0 -512.375 361.0 -340.5 -141.5 104.0 -125.0 391.0 -175.0 184.5
 352.0 -249.578125 383.5 -75.5 23.0 227.0 -221.5 355.5 426.5 -268.0
 -7084.0 -290.052734375 -500.5 -3234.25 764.5 512.0 759.875 161.5 -1448.0 -295.375
 13692.21875 -244.34686279296875 -1041.734375 -103.54296875 -262.88671875 413.1328125 -656.03125 175.4453125 -282.34375 -688.109375
 -684.0 9.5 -549.25 197.0 262.0 -258.0 43.5 -180.0 36.0 -53.0
 -276.0 66.8984375 -751.0 -227.0 14.5 35.0 85.0 290.0 221.0 -106.0
 -59.3359375 50.923065185546875 102.6552734375 42.818359375 -40.6953125 126.25390625 -163.8828125 79.94921875 120.001953125 -15.91015625
 227.875 60.739013671875 -59.328125 47.28125 -3.78125 4.4375 -27.1875 -80.3125 55.84375 -14.03125
 -60.0 -204.0625 -100.625 -141.0 113.5 -41.5 -13.5 122.0 -125.25 143.0
 480.0 -127.7265625 331.5 -72.0 -209.0 107.0 -178.0 287.0 301.0 -139.0
 295.0 1368.5 -216.0 -1050.5 -226.0 377.5 -383.0 -750.0 -1022.875 -10.21875
 19.5 -1.40625 0.625 -0.640625 -3.0625 -2.84375 -0.78125 -1.18359375 0.75 -0.462890625
 139.5 396.890625 35.0 -345.83203125 -67.8125 80.65625 -105.59375 -219.6640625 -243.828125 26.203125
 160.0 145.0 12.0 280.0 40.0 132.0 -44.0 276.0 234.0 102.0
 88.0 -364.875 159.5 -400.5 -30.5 88.0 -69.0 312.0 -153.5 249.0
 -5560.0 -1259.5 730.0 -1482.0 3946.0 -710.0 2242.0 348.0 -1718.0 -634.0
 -189.0 69.3916015625 72.9375 52.1875 -26.625 4.125 48.3125 -41.5 18.6875 -22.9375
 249.0 -18.607421875 -163.8125 -41.875 24.3125 11.875 12.625 -71.25 -36.0 76.875
 42.0 68.14453125 31.125 72.5 -35.0 58.25 110.875 24.875 -40.625 -43.875
 -335.0 -93.86865234375 79.5 -31.09375 -82.40625 -39.625 16.1875 136.9375 -55.03125 173.65625
 3682.0 -251.3125 -75.25 -171.5 252.5 183.0 76.0 173.5 -375.5 22.5
 1744.0 -1009.4375 861.0 -620.0 -424.0 96.0 -22.0 864.0 -380.0 334.0
 342.0 86.53125 -279.375 79.75 163.875 -107.5 51.25 -160.75 -24.75 30.25
 248.0 -237.5625 -389.625 -5.4033203125 -50.53125 -84.7109375 -29.09765625 -12.791015625 -48.26904296875 -24.98388671875
 -9336.0 -126.0 -1032.0 1489.0 4000.0 4718.0 1100.0 46.0 -3874.0 -1472.0
 352.5 -199.796875 20.1875 -101.5 -35.0625 -49.75 20.75 142.125 -128.625 129.25
 316.0 -881.375 700.5 -778.0 -514.0 75.0 -31.0 992.0 -336.0 518.0
 14872.0 -259.818359375 -539.0625 -318.125 -1038.375 -690.0 -567.875 353.875 201.5 -400.875
 741980.0 -93952.0234375 329857.0 510100.5 128512.5 -73174.0 -25634.0 -118893.0 235499.0 18413.5
 409.75 -123.25 156.5400390625 294.60546875 264.095703125 -27.953125 125.7578125 28.84375 -15.7421875 2.486328125
 7685.0 1176.1640625 -23.03125 -4394.875 413.25 40.0 2102.8125 -773.0625 714.875 326.34375
 888.0 -815.125 575.0 -998.0 -271.0 92.0 -37.0 846.0 -352.0 444.0
 -151.0 72.7265625 -99.15625 14.75 70.21875 -23.5625 130.75 -246.1875 24.1875 -137.3125
 -95.25 -62.6796875 39.0625 -20.8125 -57.21875 22.5625 34.8125 107.25 5.90625 95.6875
