61.0 -40.5 27.125 238.625 202.453125 37.0 -29.75 -38.0 60.5 -137.5
 383.09375 291.84375 -33.4375 184.6875 -681.75732421875 813.421875 402.8125 -591.4140625 417.65625 -66.4765625
 -293.0 136.0 59.125 419.75 215.28125 135.75 -122.0 -59.5 25.25 -262.375
 3554.0 -290.0 -451.25 -158.25 -141.03125 110.0 2.0 -216.5 -344.0 -414.25
 -670.0 206.75 15.875 1216.0 -83.546875 681.25 -110.25 224.625 10.5 -450.5
 41.5 -52.125 -110.03125 292.0 34.640625 -71.0 -38.25 2.6875 49.75 -177.84375
 -776.0 2616.0 -2424.0 2367.0 1032.0 1092.0 -7424.0 -2301.0625 648.0 1876.0
 -929.75 244.5625 17.5 -74.0 -86.046875 107.25 -34.25 29.75 62.625 -75.71875
 3823.0 -1101.75 -340.5 51.0 -1910.09375 815.0 -664.5 1530.0 -41.5 -631.625
 -363.25 771.625 251.125 -723.125 -195.421875 172.0 -140.1875 385.25 -1.375 -14.9375
 240.75 -54.9375 -108.0625 -66.0 10.015625 35.875 -49.875 -131.1875 102.875 -173.375
 -872.8046875 -37.650390625 -440.873046875 565.4765625 372.92236328125 -738.724609375 593.896484375 -873.60546875 -337.4140625 199.24267578125
 -6776.0 733.5 -100.0 -521.0 -1772.0625 1271.0 -994.0 723.0 534.0 -803.0
 2311.0 51.125 82.0 115.25 424.109375 -167.5 313.0 -162.875 -247.0 -12.25
 274.90625 4.859375 -30.109375 -5.25 22.36328125 -31.875 1.671875 26.1875 36.25 -20.328125
 -952.375 481.15625 383.84375 64.34375 -140.04296875 224.9375 -12.8125 17.203125 80.375 -61.03125
 190.0 -195.75 -183.875 522.75 188.15625 -45.5 -113.625 -38.25 42.0 -233.1875
 722.0 260.875 140.0625 -3176.8125 -939.5625 1040.25 -267.875 -200.875 -147.125 -165.125
 -4362.0 -161.5 -525.5 -98.5 -683.5625 400.0 -6.0 509.5 9.0 558.25
 396.5 -239.0 38.75 -222.5 80.84375 120.25 -12.0 25.875 17.0 33.125
 3183.0 -118.0 526.0 764.0 363.75 288.0 -930.5 -793.375 20.0 -588.75
 -155.4375 -26.802734375 -18.912109375 -69.7734375 -12.814697265625 36.86328125 49.8359375 -50.201171875 63.57421875 -7.8173828125
 -1810.5 419.6875 -34.375 -192.0 -218.453125 143.5 -60.0 213.3125 128.5 -135.6875
 -6856.0 452.25 -278.0 533.5 -223.8125 -183.0 -96.0 185.0 135.0 148.0
 232.1875 38.4453125 -45.5 -18.328125 20.701171875 -44.53125 21.90625 25.09375 23.59375 -9.0078125
 -388.5625 191.8515625 -4.6875 147.328125 193.533203125 16.5625 -20.21875 105.609375 83.4375 -94.35546875
 318.0 -235.25 -120.75 -204.375 -55.359375 1.5 116.0 41.0 102.0 52.125
 -615.625 19.453125 92.703125 -31.546875 -15.298828125 -63.3125 -57.0 17.875 -12.875 12.03125
 810.375 -241.8125 -457.40625 601.375 685.56640625 -550.875 174.75 -70.6875 -94.1875 232.75
 189.75 -30.875 -18.75 165.875 26.078125 31.875 -32.75 7.0625 6.5 -100.71875
 491.5 -46.375 -73.25 34.875 68.140625 43.25 -97.0 -88.9375 -281.5 33.3125
 -1313.1875 461.96875 -497.875 -466.59375 115.0703125 575.75 519.625 -691.7734375 276.3125 -110.3671875
 -40624.15625 7015.33984375 3208.0 -147.25 1404.3203125 670.0 -166.75 -572.4375 401.5 -184.8125
 -41.578125 516.5859375 -431.96875 -196.8125 -338.8671875 -663.1318359375 -115.6171875 126.2490234375 -27.162109375 -43.36328125
 147.75 9.0625 5.9375 -44.0 60.359375 17.75 21.0 28.25 36.875 8.0
 -2039.0 892.25 208.875 -93.875 391.16796875 -143.75 -107.125 23.375 -40.4375 -239.625
 647.25 -101.125 -137.25 457.25 196.5625 -87.5 -144.375 -54.75 94.0 -265.6875
 167.0 -62.0 -12.8125 -80.1875 3.3203125 18.75 152.5 68.375 -63.25 -3.71875
 -497.625 -152.59765625 2148.0078125 654.92578125 250.3603515625 1354.5078125 3.078125 26.578125 457.09375 356.30859375
 8093.75 -197.25 -23.09375 -480.96875 382.68359375 0.5625 122.0625 -159.03125 -503.125 -30.09375
 354.0 -136.625 144.8125 -272.5625 139.9453125 10.5 165.75 170.875 177.0 41.0625
 368.5 -44.5 -423.5 613.5 -219.734375 318.5 -2.0 40.375 -58.0 -417.0
 75.0 -111.75 -112.25 391.5 -18.8125 311.0 -101.25 -4.125 72.5 -339.0
 320.0 -33.875 -87.3125 280.125 111.015625 110.0 -78.125 -9.4375 -28.25 -106.875
 -43632.0 11450.0 1807.0 -133.0 5834.0 998.0 1748.0 -2557.0 442.0 -4.5
 340.5 8.59375 -19.625 -250.875 -136.03125 -104.0 86.125 45.6875 82.0 50.0
 81.9609375 26.43359375 42.359375 -2.4765625 -4.8525390625 -74.359375 -45.2265625 -6.859375 55.5859375 11.400390625
 -795.0 -248.6875 -216.0 65.09375 -75.9609375 -1.8125 37.5 -220.96875 65.6875 24.3125
 4756.671875 -330.4921875 -51.3046875 -106.998046875 340.9013671875 -274.6953125 15.875 -37.6484375 -138.7109375 -40.560546875
 -107.625 125.09375 -509.375 101.25 -57.26953125 297.625 447.625 -567.0625 239.25 39.65625
 312.125 -15.46875 0.0625 50.8125 -20.15625 -41.75 65.4375 -4.90625 72.5 -123.0
 921.625 -9069.75 1553.71875 -6126.65625 3026.7890625 128.5625 -3633.25 -1167.90625 -1025.375 -3024.71875
 -1864.0 1854.0 20.0 94.0 5114.0 -4792.0 -3188.0 -1378.0 2768.0 -4452.0
 -2871.25 485.75 261.4375 65.59375 102.24609375 -41.125 12.875 19.625 137.125 -62.84375
 -116.84375 186.6875 -110.3046875 48.421875 349.22705078125 -182.03125 -15.40625 70.9453125 -47.984375 -4.26171875
 -16035.0 2534.25 2301.75 157.75 103.75 -84.0 -964.0 976.75 -288.0 -74.625
 -168.5 -81.625 143.125 75.875 78.015625 118.5 33.5 -27.25 49.0 -85.0625
 224.75 -0.5625 -44.0625 -33.0625 118.49609375 -3.625 -6.5 17.875 66.75 -91.96875
 56.5 -65.90625 53.5 -116.8125 28.125 28.9375 97.0 60.9375 66.875 50.234375
 164.625 82.21875 -74.8125 57.28125 -10.33984375 -55.5 18.8125 19.9375 9.1875 -47.46875
 -454144.0 100224.0 95808.0 1472.0 42424.0 29696.0 28160.0 2080.0 19968.0 -32160.0
 -2.0 -88.125 90.625 219.125 187.5 153.5 -54.0 -42.75 -5.5 -132.375
 -61.5 98.5 -40.125 165.625 50.921875 -111.75 13.375 152.6875 -20.25 -52.9375
 156.5 237.625 63.25 682.125 268.1640625 232.5 -142.875 -84.8125 -104.625 -291.5625
 538.15625 18.203125 27.515625 31.8359375 -104.1982421875 162.859375 -69.109375 195.8984375 13.625 -65.9765625
 127.875 -101.75 -100.875 291.5 19.671875 -4.875 -20.625 75.0625 122.75 -56.59375
 949.4375 159.921875 -420.5390625 -1047.6484375 -853.5390625 417.78125 97.71875 -90.078125 100.4375 36.5390625
 420.75 -74.75 -113.6875 -34.5 -121.53125 -23.125 238.5 119.4375 -87.5 -41.78125
 181.0 -92.5 242.5 221.25 59.125 117.0 85.75 167.75 -101.5 17.875
 529.5 591.625 290.5 409.5 408.3828125 6.25 -329.25 862.125 -125.0 -234.3125
 -2350.0 131.5 -91.625 239.75 450.75 -599.75 134.0 -624.3125 -154.75 229.6875
 -564.75 14.4375 -27.25 -56.4375 22.8125 134.5 153.5 44.3125 19.25 -172.46875
 4659.4609375 3893.625 -12534.68359375 45.625 -994.013427734375 -3331.890625 -3392.82421875 201.34375 -198.96875 -6485.9306640625
 139.0 6.5 37.625 202.25 95.21875 25.75 -80.25 -37.75 51.25 -136.375
 161.0 -133.5 73.625 -384.75 5.1875 38.5 76.25 20.75 105.5 100.375
 826.84375 -93.421875 -63.9453125 -4.5703125 165.19921875 -190.171875 46.953125 -114.8359375 -14.015625 20.171875
 -220.7890625 -3.36328125 94.306640625 138.537109375 -46.7425537109375 -75.08203125 16.7734375 88.5224609375 -29.80078125 -29.6552734375
 55.5 -10.25 7.8125 200.0625 102.203125 37.625 -58.375 -15.0625 -38.75 -131.09375
 130.5 110.125 -111.125 22.25 105.25 81.0 -154.5 36.375 -82.5 -157.625
 -815.234375 -38.736328125 -87.681640625 272.5703125 -31.486572265625 14.9609375 -173.0390625 14.4697265625 4.546875 69.4267578125
 1793.75 -1478.796875 256.171875 -1924.78125 -1465.9970703125 87.28125 -980.125 965.125 -280.46875 -236.2421875
 213.5 -3.9375 -19.375 -27.3125 -10.6484375 -56.25 16.875 26.75 71.375 -16.9375
 498.25 -30.03125 -3.6875 -7.53125 61.84765625 -76.6875 -28.875 -17.6875 -50.875 21.96875
 3537.25 -1003.25 -337.375 221.8125 -349.08203125 -140.375 -39.625 55.5 -150.5 107.125
 150.5 46.6875 8.375 139.125 131.8125 40.5 -51.5 -74.375 111.0 -116.5
 -454.375 -156.78125 -210.8125 78.625 -321.8359375 302.5625 27.5625 -7.71875 112.6875 -120.65625
 3957.0625 -740.546875 -125.84375 -200.6953125 -810.6083984375 451.90625 -120.6875 387.8984375 204.75 -136.328125
 191.125 -4.8125 23.34375 86.8125 39.58203125 39.6875 2.375 35.59375 -60.3125 -10.046875
 424.5 26.21875 -44.5 -21.09375 -12.43359375 -80.75 10.3125 9.21875 9.0 -22.203125
 17941.0 -4014.0 -1276.0 629.5 -1359.46875 -158.0 62.5 107.5 -213.0 675.25
 217.25 49.0 -27.25 205.3125 90.125 82.75 -30.5 -19.0 56.0 -115.0
 385.25 15.671875 -11.9375 72.015625 25.396484375 46.40625 -39.1875 -8.59375 -110.125 -6.484375
 1680.0 -400.28125 -217.09375 -84.625 -356.52734375 176.5 -88.0625 153.71875 65.375 -32.03125
 123.0 5.75 12.4375 72.25 66.8984375 -0.5 -14.3125 18.59375 23.75 -26.125
 -740.625 -1430.90625 1125.625 1147.28125 -858.654296875 -892.375 -1612.8125 2267.46875 -536.875 83.90625
 -1434.0 -2397.5 -1386.0 -1739.5 -1735.375 98.0 1715.0 -4008.5 741.0 931.5
 153.0 8.0 -78.09375 -17.875 -18.6796875 -105.125 52.8125 20.0625 72.75 -43.671875
 -429.0 220.5 -36.875 -91.375 7.34375 -82.5 -110.25 60.125 173.75 -116.25
 430.0 -197.5 157.25 209.75 209.96875 290.0 -78.0 -114.0 18.0 -174.375
 -142.0 -89.0 37.625 298.0 126.140625 139.0 -107.75 4.75 6.0 -156.5
 -1323.0 170.90625 -58.828125 -140.078125 -38.607421875 107.875 109.8125 -228.328125 66.84375 11.09375
 -130.0 -46.0 157.0 311.0 255.453125 213.5 -193.0 -47.5 -22.0 -180.25
 216.0 153.75 -9.875 258.125 83.390625 52.25 -23.0 32.75 54.0 -128.25
 -438.0 -78.5 232.0 545.75 -109.375 109.0 31.5 171.25 -319.0 425.875
 464.5 8.09375 -76.1875 239.0 9.4375 -89.25 -0.9375 36.625 43.25 -77.4375
 97.5 -174.125 -118.875 267.875 133.375 75.5 -8.75 -15.5 79.25 -135.375
 -17.0 -605.25 -518.75 -1361.0 -353.5625 -593.0 369.5 248.25 -309.0 602.0
 154.1875 673.94140625 -1978.232421875 422.146484375 -150.890625 -735.671875 -516.65625 4.64453125 -6.890625 -1152.4541015625
 220.0 -85.25 123.0 428.5 376.375 200.0 -167.5 -155.0 -42.0 -90.25
 183.5625 -18.796875 -15.78125 71.90625 13.71484375 9.0 -4.9375 45.984375 -9.75 -2.171875
 406.265625 -215.056640625 -80.7666015625 150.365234375 49.6177978515625 162.3984375 52.998046875 84.333984375 3.81640625 -12.0390625
 -568.0 361.5 73.5 1486.0 899.625 563.0 -317.0 -317.0 81.0 -690.0
 263.375 63.96875 -42.78125 -162.125 -88.1875 -12.875 52.625 111.34375 -23.75 55.40625
 380.0 3.0 425.0 118.5 60.6875 330.0 151.0 -82.0 -84.0 -286.0
 -3099.125 356.75 113.84375 -278.671875 -16.068359375 103.1875 224.8125 -786.59375 89.3125 163.9296875
 196.5 30.5 -31.0 132.6875 57.2421875 38.375 -26.875 22.625 37.125 -89.03125
 11857.75 -5257.0 -3321.0 3259.875 246.755859375 -1152.0 84.0 -727.5 -1738.25 1209.0
 4077.0 -456.5 -92.875 -198.125 -184.953125 84.25 44.5 87.5 -70.25 -5.5
 795.5625 -81.5546875 -17.421875 -34.515625 64.232421875 26.234375 6.203125 -15.734375 -16.203125 -29.99609375
 867.1875 -214.1875 -21.265625 -7.203125 -63.978515625 -12.0 29.09375 23.640625 26.4375 45.0703125
 -4853.5 195.25 179.875 409.875 -175.90625 112.25 -85.25 -68.625 123.5 80.6875
 2320.75 -420.9375 -434.3125 -7.46875 -238.203125 300.125 227.6875 -126.34375 47.125 -60.390625
 57.0 -16.875 58.5 123.375 40.6875 72.5 11.25 18.375 -10.5 -50.375
 372.0 -152.0 365.0 532.75 -185.9375 21.5 193.0 49.25 -186.5 440.0
 392.0 173.75 -248.75 599.0 62.53125 -95.0 -163.0 -88.25 -31.0 -282.875
 -826.625 201.234375 48.640625 39.34375 157.81640625 -81.1875 70.671875 -105.84375 -22.40625 -1.9453125
 222.921875 -10.515625 -143.5703125 -157.91015625 58.969970703125 154.5 12.109375 -100.193359375 -21.046875 26.19921875
 -1456.75 -521.84375 1963.40625 3864.5625 -1289.3515625 -1678.0 -1032.0 1507.03125 -548.75 145.5
 3773.25 -1170.6875 -1307.1875 1377.25 -182.203125 -661.25 -260.5 1187.3125 68.0 -352.4375
 1827.5 477.5 301.5 208.25 -36.21875 -17.75 -435.0 -77.875 -378.75 63.8125
 -1385.25 -26.3125 -242.5625 -107.25 -150.154296875 -45.5 -71.78125 -63.171875 260.75 -154.09375
 498.5 -163.875 -287.125 71.625 -56.796875 -40.25 144.75 39.25 139.5 -23.5625
 -1557.5 9.625 -59.3125 125.8125 106.671875 -130.375 60.75 -94.0 44.625 61.0625
 223.0 271.125 10.625 548.0 -152.953125 92.0 -154.0 -157.0 -45.0 -209.75
 44.125 -68.328125 282.84375 129.4375 96.31640625 -32.25 59.0625 -54.25 -12.5 -17.15625
 467.25 -186.375 -123.203125 -139.140625 138.0703125 228.46875 -158.8125 64.6875 -124.65625 65.5234375
 368.4375 -137.484375 25.078125 -11.125 -212.787109375 104.4375 -78.84375 180.390625 -2.21875 -28.4609375
 -45735.5 30608.375 1864.4375 3310.0625 -26349.11328125 2040.875 8068.0 -1103.125 1324.75 6990.15625
 323.0 42.28125 -134.5625 166.375 98.65625 -27.25 0.75 -4.875 47.25 -149.65625
 281.0 -10.875 -22.75 317.5 142.453125 17.0 -23.0 -34.75 72.0 -200.3125
 -4534.5 1972.0 1297.25 -393.3125 -1296.6796875 1724.0 288.75 -739.75 641.75 -361.0
 -3361.5 1244.125 15.625 80.5 1281.1953125 81.5 759.75 -881.0 121.5 -4.9375
 -206.0 -48.6875 -199.0625 327.5 70.390625 -27.5 -106.125 -5.25 7.5 -117.625
 772.4375 31.265625 -160.421875 -30.734375 -4.2265625 -78.3125 -104.40625 27.15625 1.15625 47.4453125
 2971.65625 -295.5703125 -267.484375 16.9375 46.0654296875 -17.125 136.796875 -134.875 -51.796875 45.46484375
 716.5 306.125 -147.625 419.25 44.765625 -188.5 -72.375 52.3125 79.5 -160.9375
 56.5 25.375 -39.25 189.5 49.7890625 -29.25 -8.25 54.375 101.5 -63.6875
 63.0 -22.75 89.625 -102.375 90.7421875 7.0 31.75 38.0 30.25 -33.6875
 380.0 -880.375 295.875 -167.0 58.625 475.0 -79.75 47.875 -483.5 644.25
 -98.0 -50.625 -19.0 137.125 80.234375 70.5 -36.0 -33.9375 -21.0 -115.625
 -1404.5 394.25 301.0 -116.375 138.234375 57.75 96.0 36.5 117.75 -108.8125
 5595.0 -4994.34375 -416.09375 -540.9375 5055.8359375 219.9375 -543.75 -1587.84375 36.0625 -1122.609375
 821.3984375 -155.525390625 -21.72265625 -21.87109375 -93.98828125 2.8359375 -50.046875 75.56640625 -21.62109375 1.07421875
 1767.0 -299.0625 275.78125 175.875 117.1875 -4.375 209.6875 -157.15625 -108.125 -19.40625
 -109.25 -27.8125 170.75 -46.3125 -100.0859375 158.75 -115.75 61.0 -69.25 -159.5
 105.25 -17.125 -35.75 33.25 90.890625 2.0 -3.5625 94.03125 137.0 67.125
 -454.5 110.625 -160.1875 -99.5 -57.5546875 -78.0 -82.125 -40.0625 -15.625 -41.53125
 229.0 -92.375 160.375 -58.625 -70.953125 129.0 198.0 -37.75 -11.5 64.3125
 61.5 0.125 -29.75 214.625 78.9375 60.5 -36.5 -37.25 32.25 -151.9375
 -476.5 227.625 -43.5 813.25 359.6875 -68.0 -181.25 7.75 43.0 -387.25
 1648.0 -685.0 -463.0 447.0 -325.25 -18.0 175.0 -629.0 -512.0 68.0
 3248.0 -3522.0 1682.0 5996.0 8923.0 2964.0 -2208.0 548.0 2380.0 -1742.0
 4632.0 282.5 -479.625 -972.375 186.546875 255.0 760.75 -1114.75 136.5 169.0
 201.0 -84.5 142.25 448.5 406.03125 228.0 -263.0 -116.0 27.5 -108.75
 201.25 94.5 278.3125 -32.875 599.0703125 -263.125 92.875 -330.0625 -86.0 36.78125
 -1336.375 403.5625 214.0 -100.0 205.8125 38.25 34.5625 29.15625 85.5 -80.8125
 -2257.5 505.875 -112.0625 83.8125 -83.015625 68.875 -297.375 -10.71875 -59.625 -14.625
 376.125 -30.90625 78.9375 36.40625 31.11328125 -13.75 61.0 15.1875 8.4375 29.890625
 522752.0 -113152.0 -107392.0 1728.0 -48688.0 -30848.0 -31360.0 -3072.0 -24448.0 35328.0
 -548.0 -471.625 259.5 -804.4375 324.7890625 -846.5 -821.0 1047.6875 -473.25 -23.25
 108.0 40.546875 54.15625 -40.921875 65.453125 46.40625 -4.0 32.328125 93.9375 9.921875
 -93.75 12.5625 -134.0 -16.0625 65.94140625 -65.25 -178.125 -36.53125 5.125 -86.375
 820.0 -138.75 -22.875 284.125 165.859375 194.0 -108.5 224.125 72.5 -139.125
 282.34375 -1.15625 -104.03125 -10.0625 -22.51708984375 -62.125 -23.359375 13.09375 -25.4375 -22.41015625
 894.625 178.125 103.25 -36.875 40.1953125 32.0 -37.0 -52.5625 -156.75 132.5
 305.0 -108.375 163.125 42.3125 -31.21875 -30.75 237.5 50.6875 92.5 20.6875
 549.75 -528.875 835.8125 -800.4375 -1728.66015625 255.125 -1232.5 1938.5625 -34.625 -91.25
 28824.0 -2228.0 5794.0 6365.0 10052.875 -10988.0 -3388.0 4321.0 -4816.0 4363.0
 -435.59375 -72.640625 -226.201171875 8.654296875 40.58837890625 188.265625 -52.4375 -78.96875 -18.46484375 59.75
 296.0 -403.75 2.75 580.625 531.375 644.0 -270.75 183.625 137.0 -222.625
 34.0 13.375 -27.375 -83.375 -75.328125 -189.125 34.25 -69.5 15.375 6.25
 30.75 -154.5625 -293.75 178.3125 38.4140625 -9.0 -169.75 116.4375 87.0 -81.0
 107.0 -42.0625 -221.625 611.5 93.84375 -43.5 -84.0 -42.25 11.0 -264.5
 193.8125 345.796875 439.03125 865.046875 336.56640625 -34.03125 108.28125 -559.6328125 88.4375 -190.59375
 994.0 38.25 -355.5 339.25 -63.8125 -219.5 77.0 132.5 180.0 -170.375
 170.75 -193.4375 -37.75 -474.125 -133.4375 -145.0 176.75 91.875 108.25 88.8125
 -2009.25 421.4375 239.90625 50.875 289.04296875 -153.5 -13.9375 0.78125 -33.125 -37.09375
 120.0 -80.3125 97.4375 -192.1875 24.75 26.75 46.625 72.0625 63.375 11.8125
 184.5 62.46875 -51.5625 -38.3125 -16.26171875 -5.625 -44.375 42.5625 -0.4375 139.546875
 1342.0 282.5 -1061.5 -313.5 138.59375 -77.0 -1179.0 -185.25 -225.0 -402.25
 243.25 22.75 207.0625 132.6875 120.5703125 81.5 -8.875 27.0 -58.125 -11.9375
 96.5 -28.5 102.625 -22.0 -24.21875 -13.0 -36.5 -11.625 10.0 25.5
 -4450.0 -791.5 1607.0 2228.0 -4019.4375 1546.0 87.5 69.25 1166.0 270.5
 -340.5625 383.484375 290.5078125 119.046875 359.0009765625 -142.125 41.828125 -10.921875 -11.96875 1.6875
 -18386.375 2820.25 1510.875 -52.625 421.70703125 1030.5 -81.125 -615.806640625 -134.25 635.25
 -38.875 188.4296875 -162.46484375 -16.453125 155.880859375 45.515625 179.6015625 -181.8125 67.640625 -76.89453125
 -1388.75 243.84375 188.71875 -86.875 -170.14453125 117.375 -164.5 202.5625 53.125 -112.3125
 -255.171875 -62.01171875 -173.48828125 -46.97265625 -90.09326171875 -136.9609375 -78.953125 74.69921875 -138.9375 127.263671875
 126.8125 29.578125 -46.734375 71.34375 20.947265625 -17.4375 -31.375 -16.03125 -10.125 -50.375
 7145.0 -961.5 -366.75 243.875 282.328125 7.0 10.0 -353.625 -528.0 385.25
 64.75 -36.65625 110.875 -67.0625 17.5859375 -50.75 14.125 -79.4375 18.125 5.4375
 582.921875 -195.45703125 -405.2421875 -293.2421875 -46.381103515625 90.265625 140.9765625 -222.7109375 60.1953125 -18.8671875
 560.625 7.203125 44.109375 14.40625 79.0732421875 11.59375 -21.0625 -40.7265625 -31.28125 11.125
 468.625 76.65625 -97.625 191.375 113.03125 -86.25 -58.6875 -28.65625 61.25 -194.4375
 -171.5 -73.25 317.625 225.9375 269.28125 47.9375 -126.0625 -4.5 -44.3125 13.4375
 -17.5 67.5 -33.625 322.5 94.875 31.75 -63.0 -1.75 31.25 -160.125
 200.0 -35.125 -40.75 74.625 47.125 22.0 5.0 -9.875 -0.25 -94.625
 -400.625 -140.9921875 -1661.9140625 -2721.578125 -365.041015625 -181.5625 106.203125 968.53125 -213.625 431.8359375
 131.0 47.4375 53.25 106.375 72.125 46.75 -22.25 5.8125 30.75 -43.3125
 21.25 51.34375 64.5625 -318.375 -29.03125 20.75 86.4375 29.5625 -29.25 89.15625
 649.0 138.15625 -126.75 347.375 -57.28125 -139.5 32.875 57.6875 -24.5 -36.625
 -290.0 -154.5 -202.5 490.125 247.75 74.5 -157.0 -50.75 -41.5 -184.0625
 141.84375 -276.201171875 -124.15625 -113.328125 231.3483123779297 224.15625 -96.03125 -154.65234375 115.09375 -327.37890625
 377.25 -52.5625 -76.5625 262.625 251.8125 -10.0 -90.625 -47.5 27.75 -134.125
 -118.875 160.703125 -378.21875 -458.84375 -313.3349609375 -717.34375 128.21875 -105.21875 242.125 -258.96875
 -762.75 -251.78125 -464.34375 -427.6875 433.681640625 -513.78125 -118.15625 443.15625 -190.8125 37.625
 -158.875 -65.6875 117.4375 -123.6875 163.0625 -32.359375 508.75 224.3125 204.015625 93.703125
 -2824.5 41.25 -25.65625 101.875 -319.5234375 241.5 -32.4375 -14.46875 36.375 -15.28125
 110.0 -197.9375 116.1875 331.40625 438.91796875 34.75 -35.375 -32.4375 117.125 -91.5625
 -106.875 -99.21875 137.8125 16.6875 63.1328125 39.75 -36.5 -94.75 -21.75 -7.03125
 1492.0 -321.8125 1225.5625 962.25 -493.12109375 -402.75 -793.625 1249.125 -243.125 336.15625
 84.25 40.0 -60.4375 255.1875 184.96875 14.0 -52.75 -6.875 -10.25 -173.53125
 1367.25 -45.25 582.375 423.375 778.390625 185.5 -291.375 -4.8125 -75.375 242.1875
 125.25 -60.6875 -27.6875 37.75 54.4609375 27.625 -49.625 -17.6875 -72.75 -23.6875
 1248.0 19.5 -266.5 -25.5 -17.75 -32.5 19.0 91.0 -112.5 122.25
 376.5 -200.375 -86.875 -52.375 148.671875 -28.5 44.5 -270.25 190.0 -128.0
 58.5 -39.5625 17.875 41.625 17.703125 62.375 62.375 37.25 -8.375 239.125
 -539.859375 -23.02734375 30.5703125 -27.78515625 0.243408203125 1.5859375 -29.5625 12.998046875 27.46875 32.3515625
 644.875 396.03125 -1435.28125 1677.3125 671.3515625 438.6875 920.0625 -175.53125 705.8125 -234.359375
 1944.5 -774.125 -469.625 130.75 -682.828125 -72.5 -73.5 240.125 -63.25 -71.5625
 268.1875 0.859375 -100.15625 -39.734375 -2.1328125 -52.9375 44.59375 44.140625 24.84375 -114.0
 -1331.25 184.75 51.5 345.3125 -66.23828125 117.125 -247.125 49.0 -203.125 77.6875
 633.5 -104.0 441.9375 402.5 631.06640625 158.75 -296.8125 -186.0 -109.6875 87.9375
 -1493.5625 72.21875 -348.03125 -538.4453125 66.3125 199.125 185.65625 -343.9140625 89.6875 -140.4453125
 436.40625 31.484375 77.375 71.375 -17.7529296875 118.859375 -20.9375 27.953125 -82.453125 -21.88671875
 212.0 -1923.5 -4847.6875 6526.125 8536.0 7368.0 7652.0 -888.0 7014.0 -9335.0
 129.75 -40.96875 10.25 24.5 242.109375 100.5 62.875 107.0625 407.75 -63.25
 -1031.0 453.25 323.0 11.75 -519.46875 -93.0 -91.5 46.5 14.5 478.5
 -90.03125 11.71875 -7.71875 4.35546875 35.302978515625 -23.5546875 -29.80078125 -12.962890625 -19.0546875 24.603515625
 104.75 -148.25 -150.25 591.25 59.5625 51.5 -45.0 -27.25 71.5 -277.25
 -994.0 78.0 91.0 -681.5 -430.46875 -731.0 127.5 -268.25 -177.5 256.0
 3931.25 295.375 1908.125 3023.25 -1108.1328125 454.625 -564.0 1500.125 403.625 328.75
 582.25 80.8125 -129.9375 -111.0 0.453125 -11.75 101.25 52.0625 -54.625 -55.53125
 818.25 266.375 -331.875 18.9375 85.140625 -179.375 -255.0 44.21875 -97.875 -159.15625
 232.25 -1.625 96.5625 -8.90625 11.23046875 -17.125 41.125 0.34375 2.0 37.9375
 86.375 204.84375 -444.625 -365.21875 -486.4296875 -346.6875 17.25 -89.28125 132.5 -265.40625
 -7400.0 -3470.0 -4.0 -26.0 685.0 432.0 -1060.0 -1158.0 1988.0 -964.0
 313.0 -38.4375 54.75 75.5 77.65625 52.25 -12.25 -21.8125 38.75 -85.21875
 392.0 -130.5 153.0 803.5 762.6875 472.5 -222.0 140.0 143.5 -357.5
 232.0 4812.0 -6858.0 -352.0 -2666.0 -1219.25 -172.875 4976.75 -7011.25 2406.75
 29.4375 5.9375 2.828125 -1.609375 1.4375 1.46875 0.4453125 0.126953125 0.062744140625 0.1181640625
 225.5 30.0 128.5 259.125 97.375 -109.625 -79.34375 -62.21875 60.7998046875 5.63671875
 217.0 1828.0 -1644.0 -1763.0 -3536.0 -757.0 151.875 1982.4375 -1450.625 -739.375
 78.5 32.0 -36.875 309.625 146.0625 23.0 -84.75 -35.625 59.5 -144.0
 -7389.0 164.0 -1135.25 -261.0 195.125 848.5 1242.25 -1936.875 584.0 -41.75
 -208.0 109.03125 28.84375 -56.03125 48.50390625 1.4375 -81.125 -21.84375 -19.8125 -20.125
 -125.0 -65.984375 -32.7578125 69.3359375 -5.0234375 8.390625 -69.671875 25.8515625 7.546875 -43.55859375
 246.375 233.53125 4.15625 -33.0625 97.08984375 13.5 -71.40625 -26.875 -49.71875 -100.8125
 263.0 11.5 -32.875 273.625 -273.921875 -206.75 151.25 -43.75 -42.5 285.9375
 -4664.0 320.0 -80.0 -72.25 -167.78125 -56.5 94.5 113.75 -64.5 31.5
 -1288.0 -105.0 209.75 256.75 143.75 406.0 -110.0 -139.75 4.0 -61.0
 276.0 -42.0 -89.5 702.25 69.84375 195.5 -312.0 -89.75 50.0 -380.375
 163.0 -309.765625 -155.296875 -20.3720703125 -31.49609375 -27.787109375 9.96875 -14.1708984375 -9.31494140625 -1.8369140625
 7549.0 -1860.1875 -774.625 334.3125 -863.765625 -549.0 12.75 -311.0 -436.0 458.5
 -35.0 -76.0625 -9.0 -111.25 15.375 124.0 30.75 11.5 -32.0 -46.0
 -223.25 271.0625 -62.375 447.375 116.234375 42.0 -127.25 20.5 23.0 -171.75
 2764.0 97.0 110.4375 -306.1875 376.6328125 140.5 141.625 -80.625 -26.125 34.34375
 4640.625 -17088.765625 3524.390625 -5056.09375 4506.703125 181.375 -5227.9375 -4438.4375 -1251.90625 -5251.046875
 636.037109375 512.796875 -215.26953125 1.234375 140.77392578125 459.521484375 -90.9482421875 -81.6484375 -52.75567626953125 26.25
 -1420.0 88.4375 416.75 -942.0625 -163.8798828125 -185.53125 -550.6875 631.6328125 -239.40625 -108.078125
 1111.25 338.1875 -78.25 464.25 117.125 1.0 -132.125 -19.5 154.5 -171.75
 386.75 39.125 -18.9375 -51.09375 89.89453125 26.625 -9.5625 2.78125 28.625 25.21875
 -189.75 93.71875 -94.0 90.84375 154.859375 -43.9375 -223.875 21.375 33.125 -178.3125
