5.1875 -76.140625 -38.83740234375 15.140625 -9.875 26.9375 -43.140625 -11.0625 -61.40625 4.9765625
 -148.4375 -1317.3740234375 -41.2730712890625 104.486328125 -70.552734375 -34.66015625 153.548828125 -198.91796875 -52.45703125 12.908203125
 61.625 86.3125 -67.48046875 -17.78125 -0.96875 29.0 -38.75 -16.75 -64.875 33.3125
 25.4375 -5.625 -4.85546875 -7.0546875 15.578125 16.15625 -37.984375 -16.5 -10.90625 -3.3671875
 -107.0 -5.4375 -257.2421875 139.9375 -262.6875 -365.75 73.5 106.125 35.5 33.6875
 74.8125 -14.46875 19.232421875 -16.9375 66.25 111.25 -46.875 -36.0 -74.0625 4.453125
 343.625 -158.953125 329.6875 -37.78125 304.0625 355.65625 170.8125 238.1875 -344.0 -133.9765625
 510.5625 271.390625 114.53515625 28.21875 426.21875 134.8125 2.78125 -23.0625 -0.5625 -94.546875
 439.25 -1599.71875 382.3203125 -68.25 -159.5 -172.75 -304.125 432.25 -218.0 -55.0
 -135.984375 174.01171875 -294.296630859375 190.02734375 111.94140625 -125.53125 70.4140625 23.80859375 -75.8125 -40.46875
 -22.0 16.0625 11.109375 -21.3125 24.5 23.75 -51.375 -22.5 33.875 -90.5
 12789.16455078125 -2681.1156005859375 -379.21034240722656 12230.036010742188 -7917.603759765625 6999.943359375 -15267.27099609375 11865.518798828125 4659.906494140625 2728.8939208984375
 298.75 -273.015625 161.494140625 -35.3984375 108.296875 -188.375 -47.109375 53.0 -38.625 -88.453125
 191.625 -536.953125 48.673828125 24.421875 -112.25 131.5625 0.5 87.71875 20.25 -9.640625
 48.5 30.65625 -27.5361328125 -6.28125 17.375 1.5 11.3125 8.375 -24.625 -2.84375
 -4.62890625 54.462890625 25.960693359375 41.12646484375 11.9365234375 -38.953125 -40.6259765625 35.427734375 -30.208984375 11.73828125
 4.75 10.3125 -27.3671875 -43.015625 -83.125 -36.75 81.25 15.9375 2.0625 49.46875
 -256.265625 554.34375 27.28564453125 319.8046875 -397.609375 104.71875 -109.171875 -87.3828125 -11.1328125 42.140625
 459.1875 -321.35546875 21.6201171875 6.5390625 -48.0 124.875 29.15625 12.265625 -38.484375 26.984375
 4.25 -110.40625 62.859375 -121.375 279.875 155.125 -158.875 -99.3125 -127.5 -6.625
 604.390625 107.1171875 240.75 -9.4375 102.125 233.0 -63.203125 234.6875 -133.25 -282.65625
 -56.75 -49.65625 -3.69140625 -15.6875 -22.0625 -7.25 32.90625 23.6875 18.1875 0.4375
 97.3125 -160.2265625 6.630859375 -2.1796875 -69.6328125 1.15625 -7.34375 9.203125 -47.859375 -56.328125
 -2110.0 3474.875 -865.53125 -1657.0 -848.5 -1000.0 -36.5 -178.0 958.0 114.75
 71.1875 -10.703125 -52.26171875 -7.0546875 -8.96875 36.9375 -8.9375 2.125 -33.4375 -3.03125
 188.4375 968.7109375 233.908203125 -122.890625 259.765625 -282.75 -344.828125 494.71875 -167.21875 86.28125
 13.0 -28.453125 -89.88671875 -9.125 115.40625 155.75 -158.0 -127.9375 -105.875 -22.53125
 769.5 1522.125 107.828125 260.5 600.375 -696.75 -28.75 -107.0 -231.5 -97.375
 -359.125 356.1796875 -31.822265625 2024.859375 -1054.90625 7.71875 -635.125 313.765625 -302.203125 265.1171875
 76.875 -80.78125 -38.08984375 -15.0625 60.0625 77.375 -57.375 -45.4375 -101.375 12.34375
 -180.0 -54.375 35.703125 105.0 119.25 -6.5 -242.125 -98.5 142.25 -214.0
 -54.03125 -276.6875 30.298828125 129.421875 -126.71875 -4.1875 6.09375 -20.1875 -67.625 -16.453125
 -1333.8125 -108.0 -29.4375 -240.25 -769.375 611.5 -273.96875 429.25 217.5 351.125
 -83.0 163.875 758.0 87.0 310.0 943.46875 869.3125 505.125 -762.0625 180.125
 77.0 22.90625 -48.162109375 -37.234375 -39.875 0.625 33.34375 10.625 -55.9375 -6.90625
 -186.875 -11.75 -77.6640625 -258.28125 221.84375 -339.0 -61.3125 -179.125 -298.875 -198.03125
 50.21875 -48.21875 18.087890625 -12.125 -11.421875 26.78125 -44.515625 -15.859375 -33.625 -21.5
 192.0 84.375 262.8125 -222.625 127.75 539.0 368.75 112.5 136.0 295.25
 102.0625 34.0517578125 35.7628173828125 25.72265625 -26.1328125 68.53125 -112.462890625 63.19140625 35.21875 21.001953125
 395.5 -93.90625 37.75 75.8125 154.15625 96.75 100.0 42.5625 -104.875 -17.1875
 34.125 -48.5 38.150390625 23.84375 14.71875 20.0 15.875 -34.8125 -31.625 81.3125
 134.75 49.5625 -6.2421875 -46.6875 79.875 176.5 -193.5 -16.375 -118.25 -8.25
 103.5 -68.25 -42.07421875 3.78125 -68.09375 -42.625 -6.375 -32.125 -81.75 17.96875
 52.625 -59.9375 -72.203125 -12.125 -103.84375 -46.125 43.09375 27.0625 5.75 10.65625
 -425.0 2696.125 328.953125 455.6875 -744.5625 759.5 -1023.125 1242.5 470.0 431.25
 0.1875 -19.3125 -100.236328125 -66.734375 -42.484375 81.6875 -36.6875 -1.78125 -111.1875 15.46875
 -165.75 -371.265625 -600.1884765625 790.6875 282.140625 399.25 157.40625 -390.34375 164.875 -97.953125
 221.9375 -403.390625 53.0712890625 33.78125 18.90625 -85.96875 43.671875 -8.265625 -66.890625 -64.609375
 725.796875 -1307.83203125 165.82958984375 133.75 -259.8984375 348.5625 -91.04296875 138.0703125 85.8359375 -25.26953125
 538.0 -384.15625 -106.93359375 -656.15625 -346.3125 761.75 636.125 -772.03125 549.375 -145.34375
 23.75 -74.5 -30.328125 3.859375 -0.6953125 -13.9375 -70.640625 -21.0625 -42.5625 -12.78125
 4671.25 2018.375 -5830.3203125 -1277.21875 825.34375 -386.5 1848.75 2392.6875 331.25 -1600.90625
 83.375 -133.15625 -36.50390625 96.609375 42.375 -128.5 -43.59375 -9.8125 -41.625 8.0
 27.0625 -235.0859375 44.6669921875 12.953125 -5.84375 -64.8125 24.546875 5.03125 -4.4375 -18.5546875
 -15250.0 -23031.5 -5297.5625 -2343.0 1726.0 -744.0 8384.0 -4712.0 1752.0 -617.0
 364.25 41.375 187.21875 -63.15625 -114.28125 -16.75 -157.6875 133.1875 276.0 62.1875
 -99.5 23.25 -71.375 72.9375 -251.0625 -225.5 9.0 15.25 -63.75 25.75
 112.375 301.90625 -278.80078125 -152.75 -41.125 57.125 -319.09375 -106.4375 -208.84375 -5.609375
 77.09375 87.6953125 -11.1533203125 -18.3125 33.28125 65.25 -0.53125 13.921875 -70.875 -4.09375
 34.046875 -0.875 -32.5704345703125 3.791015625 -22.591796875 -32.0078125 5.171875 4.935546875 -7.8046875 -11.580078125
 253.875 696.53125 -81.4453125 6.5625 6.09375 -68.75 26.3125 20.1875 -107.125 71.90625
 13.6875 -29.1953125 -11.4375 -26.4453125 16.0234375 46.15625 -62.71875 -18.421875 -62.59375 9.984375
 -1116.0 -260.5 -2069.875 -103.0 -747.5 -512.0 -1300.0 -511.0 -2082.0 -456.0
 276.5 -112.3125 -223.6328125 -57.03125 -335.0625 -95.75 129.125 261.75 71.375 8.625
 182.8125 -157.265625 -62.076171875 -36.9375 149.1875 5.75 128.25 -64.78125 10.28125 -14.796875
 62.1875 113.8046875 54.24609375 -39.46875 24.109375 53.125 -13.09375 -3.0 -38.75 -29.640625
 235.375 1981.34375 -1932.32421875 -1156.1875 -1261.140625 402.875 1008.15625 -35.65625 252.4375 -505.015625
 155.0 70.875 -26.875 -281.375 -101.0 165.0 -127.0 -39.0 -29.5 -145.5
 -952.0 3433.0 295.75 -2002.0 -117.0 -1892.0 -1624.0 -2276.0 -3340.0 -237.0
 246.125 223.990234375 131.18212890625 -142.970703125 70.638671875 -56.640625 -98.2734375 145.796875 -24.12109375 7.826171875
 -44.125 -218.865234375 -22.08154296875 -68.32421875 29.0 -16.90625 54.48046875 -62.203125 -14.75 -31.30859375
 1.875 51.453125 -144.3076171875 1.28125 99.546875 -93.375 -91.3125 52.59375 114.671875 1.890625
 9.48095703125 -213.87841796875 -259.98048400878906 153.5626220703125 -152.80419921875 53.9892578125 -302.5029296875 130.701171875 6.864990234375 109.369140625
 33.5625 -60.953125 -34.46875 6.625 -22.5 -26.75 8.375 19.875 -14.9375 -4.625
 41.5 -168.5 -50.84375 80.3125 -34.5 -102.0 3.625 -21.75 27.5 4.0
 -133.75 -549.390625 184.74609375 -21.765625 -208.0 22.3125 -244.5 298.78125 12.09375 79.890625
 -126.796875 51.08740234375 126.62322998046875 -158.22412109375 -48.99365234375 -69.88671875 17.5146484375 118.3583984375 -2.853515625 46.2578125
 -151.0 206.46875 22.28125 -21.34375 27.53125 67.9375 -160.375 -95.40625 -77.375 -0.421875
 -6912.0 -15664.0 -4464.0 13544.0 -328.0 10432.0 22096.0 19552.0 22112.0 -1264.0
 -2299.0 99.5 106.3603515625 -1363.302734375 138.998046875 29.375 -825.11328125 199.25390625 142.5 -398.43359375
 -387.2890625 60.7333984375 33.5980224609375 200.998046875 -407.138671875 227.84375 -103.244140625 -5.83984375 110.140625 39.763671875
 23.375 -47.25 -19.2734375 -17.59375 -41.4375 -63.75 11.625 24.59375 12.25 -11.6875
 298.59375 -101.75390625 -2.63671875 11.796875 5.93359375 -99.8125 35.4609375 -22.1484375 -45.421875 -5.24609375
 116.03125 -215.869140625 43.203125 0.39453125 12.13671875 -52.40625 8.01171875 40.5078125 2.578125 6.953125
 16.5 73.65625 -112.91796875 1.875 -53.875 -7.75 23.40625 39.0 -20.5625 -9.03125
 -244.515625 206.6875 -109.591552734375 -65.0078125 118.81640625 45.828125 39.80859375 -48.25390625 -45.7421875 31.1953125
 155.265625 -256.34765625 -25.13232421875 122.33203125 -107.25 69.5625 77.80859375 -170.3828125 78.7890625 -79.41015625
 -1352.0 12762.0 1223.0 1944.0 214.0 2424.0 2672.0 2988.0 3800.0 646.0
 59.75 -20.8125 -13.625 -27.15625 -26.3125 -23.5 -57.25 -16.0625 -4.8125 -29.5
 144.84375 869.8515625 -76.462890625 91.5234375 228.2265625 -320.53125 125.03125 -84.9375 -89.71875 20.8828125
 22.1875 38.421875 -10.814453125 -16.71875 12.0625 60.5 -23.65625 -22.15625 -38.1875 29.390625
 -7968.0 -29152.0 -18.0 6124.0 412.0 5408.0 8448.0 9104.0 11840.0 2016.0
 234.4140625 467.93359375 -29.30126953125 -69.8671875 277.095703125 -373.03125 9.87890625 -157.77734375 -121.08203125 -113.275390625
 68.875 3.78125 -26.798828125 4.59375 -42.15625 -41.40625 7.5625 -4.5 -28.8125 -25.765625
 3586.0 -10829.875 3222.0625 -1014.75 -1858.75 -1014.5 -1143.5 2004.5 -610.0 -603.375
 -500.625 -718.25 -188.974609375 49.546875 -96.25 121.5 211.40625 -278.78125 53.625 -29.03125
 74.25 32.5625 -55.37890625 6.28125 75.3125 66.5 -27.25 2.0 -43.0 -9.5
 -1004.9375 144.4765625 -52.857421875 0.1640625 -129.7734375 -43.1875 11.40625 130.921875 207.5 220.390625
 27.9375 -15.78125 -15.8359375 -16.28125 -96.125 -0.5625 -4.0625 -23.1875 -30.75 23.921875
 87.8125 -65.21875 -91.3466796875 54.40625 -96.5078125 -25.59375 9.703125 75.890625 -37.3125 -7.7734375
 -211.25 159.63671875 -45.435546875 16.083984375 -24.77734375 4.171875 16.9140625 -43.0234375 1.203125 22.15234375
 94.5 -54.90625 -62.9453125 47.34375 -212.5 -206.5 179.875 178.25 -4.5 33.9375
 66.25 -0.0625 -46.53515625 -6.8125 0.09375 36.0 -32.65625 -26.0625 -41.75 6.09375
 -48000.0 252832.0 8392.0 9696.0 96.0 35712.0 28160.0 56512.0 72000.0 1664.0
 51.25 52.984375 -25.74609375 27.265625 -42.875 -40.0 -2.375 20.0625 -5.0 -11.390625
 77.375 -29.5234375 16.87109375 -9.671875 -5.65625 29.125 -53.609375 -63.71875 -37.3125 -8.390625
 140.0 -420.75 -200.609375 58.8125 -53.9375 -175.25 157.6875 186.5 276.0 -191.1875
 -1359.6845703125 -1851.9468994140625 -3219.1691131591797 -859.5703125 -556.09912109375 -1039.275390625 -1123.7412109375 -686.6826171875 -458.09716796875 1913.6087646484375
 -188.5 124.0 -195.1953125 -23.4375 -64.375 52.0 113.0 11.125 -141.5 128.0625
 111.875 34.78125 -41.3671875 28.546875 -68.84375 -71.25 -27.3125 11.6875 12.5625 -26.5625
 -2752.0 -18832.0 -10202.0 7552.0 592.0 -2048.0 4992.0 13152.0 -4768.0 -288.0
 -9.0 -76.78125 -110.140625 -118.25 -44.375 72.5 -26.6875 -27.5 -269.25 76.1875
 86.875 26.5 -19.08203125 -54.71875 49.203125 44.5625 -50.84375 -2.1875 -45.5625 -10.9375
 -6522.0 -2600.625 -640.1875 -202.875 -4501.375 -488.0 -511.0 522.5 246.0 828.75
 239.125 -1006.1875 -58.478515625 113.53125 -344.4375 275.625 94.125 -180.0 186.625 -37.0625
 24.125 -11.09375 -20.2421875 -12.578125 -8.671875 43.75 1.21875 -8.625 -44.1875 -4.53125
 -1676.5 -6561.734375 1455.375 -1378.375 -4012.8125 3396.25 -3078.75 4096.5 1292.375 1252.0
 244.375 -898.5 56.26953125 244.84375 -523.53125 534.875 -93.9375 281.8125 328.625 194.15625
 -515.25 187.40625 -31.390625 -74.71875 -137.0 -17.75 42.0625 12.5 6.125 110.5
 -324.5625 485.4296875 -83.947265625 -18.6875 110.046875 -79.1875 42.6484375 -99.203125 -67.1875 -16.9375
 -498.125 205.25 -416.13671875 -223.828125 -198.78125 -20.375 -90.03125 -42.15625 -199.96875 58.609375
 41.65625 552.22265625 -6.12890625 46.703125 -36.3046875 104.40625 -138.2421875 148.6875 63.1875 88.515625
 123.75 18.375 -42.46875 -18.5 -183.0 -138.0 41.375 67.0 -34.0 46.75
 -33216.0 142672.0 -36.0 12056.0 160.0 17216.0 13504.0 19520.0 30720.0 3408.0
 128.0625 -37.9765625 72.134765625 38.0859375 -38.6796875 2.03125 -5.625 -69.125 -105.78125 13.625
 147.85546875 177.98974609375 90.6126708984375 -40.54541015625 45.7353515625 -29.44140625 66.580078125 -22.13671875 113.9765625 -0.220703125
 50.859375 70.46484375 107.50048828125 -151.6796875 -47.515625 -45.40625 -34.34375 72.3046875 -59.3125 17.078125
 1977.875 211.91015625 -1618.5166015625 -803.30078125 685.6875 -763.53125 682.8359375 922.140625 -224.625 -480.8046875
 -970.375 -2413.46484375 -86.00732421875 134.015625 -680.94921875 338.15625 453.25 -677.6953125 198.734375 -187.015625
 5110.25 1172.0625 524.46875 -1215.625 -441.4375 27.5 -1680.375 -557.25 -1874.125 -614.9375
 441.8125 -11.625 107.71484375 27.4375 143.484375 128.25 43.28125 24.8125 -107.34375 85.984375
 -72.875 19.0 -183.1796875 -34.203125 -57.59375 -54.75 135.5 161.3125 124.625 -17.3125
 199.25 -235.78125 68.80078125 -20.546875 -39.328125 -48.6875 -38.09375 75.0625 -53.5625 2.78125
 250.125 56.65625 -146.6015625 -186.0 -230.390625 -98.5625 133.625 57.0625 98.75 -89.875
 189.875 170.765625 39.77734375 -43.53125 -30.03125 -81.875 -30.4375 -60.0 -27.625 -35.25
 26240.0 -53376.0 -13936.0 4400.0 2176.0 -768.0 7872.0 15360.0 -9984.0 2400.0
 -907.0 3434.75 -156.4375 -239.5625 762.25 -360.5 228.75 -837.375 284.25 -139.6875
 -285.25 27381.65625 -13645.40625 -6253.8125 -24832.0625 8857.0 7127.4375 -2157.75 3720.75 -3521.75
 84.375 -29.421875 -93.69140625 32.03125 -116.59375 -70.125 -9.8125 18.125 -13.125 -19.796875
 16.3125 -40.66796875 -43.861328125 31.609375 -23.359375 0.96875 -11.453125 -0.8125 -43.328125 9.1796875
 33.50390625 -628.70263671875 205.283203125 444.49169921875 -542.93017578125 185.62109375 -106.1552734375 -86.46484375 7.4453125 95.890625
 -2928.5 -4216.125 -642.046875 -1236.125 1153.5 -1652.5 2269.0 -2312.25 -572.75 -638.125
 151.0 4.0 -48.046875 -79.375 122.9375 182.75 -64.0 -158.625 -121.75 56.5
 -59.75 91.28125 -41.76953125 47.34375 -14.03125 -103.625 -37.875 0.375 18.375 -35.75
 198.0625 52.765625 -50.4423828125 -21.4921875 134.515625 -48.1875 30.578125 -77.421875 -18.875 -14.09375
 55.171875 21.734375 -45.70556640625 5.7109375 -19.6171875 -3.71875 17.734375 34.609375 -13.296875 5.953125
 15.25 103.375 -111.8125 37.96875 -165.8125 -173.5 103.5 -84.0 0.875 19.0625
 194.375 145.640625 17.10546875 -158.515625 154.15625 144.5 -48.0625 -6.125 7.4375 -90.5625
 28.921875 -3.626953125 28.68359375 23.5625 3.0625 41.1875 13.28515625 0.75 -38.1875 5.11328125
 65.5 -49.625 -34.859375 -132.9375 74.6875 245.25 -61.0 67.4375 -98.25 -3.75
 158.25 12.021484375 -8.725830078125 -146.419921875 -63.548828125 -41.65625 -52.2421875 -45.23828125 16.75390625 -68.87890625
 -4559.75 -2830.484375 9232.189453125 1284.34375 -1588.1875 3438.125 -2489.09375 -4627.84375 1235.6875 2172.875
 -87.875 457.7578125 -19.0869140625 27.3203125 25.2421875 28.3125 -43.984375 81.1875 33.34375 46.609375
 410.75 -13.9375 65.84375 -245.6875 -59.0 -26.25 -41.5625 -58.625 -39.125 -102.3125
 281.25 -54.5 -44.6640625 27.0 -48.3125 57.0 -331.375 -19.5 -123.0 52.125
 -8.421875 13.40625 -3.46875 -9.1875 74.21875 36.875 -15.25 27.4140625 -45.375 -7.15625
 -66.0 -43.75 -130.1875 87.5 -204.5 49.0 241.75 120.0 -287.0 218.25
 59.1875 -50.953125 -45.677734375 66.1875 -17.28125 -31.8125 8.53125 98.5 29.0 -27.59375
 40.3125 -54.1875 -10.80078125 -39.03125 2.703125 26.1875 -59.125 -34.03125 -37.15625 -8.65625
 21.625 -71.1875 -43.4375 3.984375 -24.71875 38.875 20.0 23.875 -74.125 14.453125
 216.5703125 -19.99609375 39.468017578125 30.92578125 -9.44921875 -31.640625 -17.890625 15.99609375 95.8203125 -27.984375
 -19968.0 10992.0 -15842.0 2592.0 3744.0 -4416.0 4704.0 14880.0 -8192.0 -1200.0
 517.125 290.34375 444.84375 -211.53125 224.3125 -451.5 -322.4375 535.4375 -293.4375 -26.0
 40.5 75.3125 -125.359375 62.125 97.0 233.0 -174.875 -48.25 -212.5 23.5
 -1336.625 2945.8046875 -234.779296875 -50.0625 641.421875 -348.0625 291.03125 -496.96875 -239.3125 -63.4921875
 -149.46875 76.6328125 -27.4345703125 66.40625 -71.046875 93.125 -26.9375 37.109375 -7.78125 7.625
 -1169.625 1128.859375 -173.5625 -126.375 -191.3125 -34.0 -156.125 -169.0 80.25 68.375
 43.5 -7.3125 -85.5625 52.1875 -102.875 -22.5 118.375 58.125 -154.25 74.75
 -838.5 1361.046875 16.97265625 -113.4375 -208.6875 43.75 -20.6875 11.3125 95.625 192.625
 484.5 1318.28125 450.8671875 5597.25 -3356.90625 434.125 -2107.4375 1070.5 -702.875 911.8125
 26.4375 26.84375 -11.244140625 8.9375 -2.25 -5.4375 16.890625 2.1875 7.96875 44.703125
 75.5 50.96875 20.0078125 -16.15625 63.46875 -22.5 -81.0625 -54.75 54.375 -31.3125
 -88.0 -1477.0 -1195.25 445.0 -366.0 120.0 352.0 1116.0 -600.0 -86.0
 220.609375 -153.0390625 -41.640625 68.0625 -9.0 -9.5 42.96875 123.625 -119.25 1.4375
 -158.5625 -75.34375 43.25 71.25 -81.0625 -292.75 21.75 10.3125 303.25 25.625
 187.5 -18.125 -104.8046875 -61.25 66.3125 5.75 -25.875 89.125 10.75 -120.25
 385.3125 -781.890625 -467.39453125 -505.828125 1279.3125 -612.0625 375.0625 115.46875 -218.21875 -54.640625
 -1132.1875 -2055.078125 -273.060546875 400.5859375 129.609375 -433.5 313.984375 -347.5625 -293.03125 -124.75
 -560.359375 -12.662109375 -38.36865234375 -259.740234375 69.505859375 90.703125 -186.4453125 14.09765625 10.6484375 -104.6875
 -6976.0 -228.0 3483.0 -1776.0 496.0 1680.0 -1152.0 -3312.0 2000.0 152.0
 -9152.0 -4528.0 -6609.0 4176.0 2048.0 -736.0 3344.0 7056.0 -4704.0 456.0
 233.0 -29.0 -107.0 -27.6875 -21.875 -39.0 45.625 10.5 13.25 86.375
 -33.0 130.625 -163.9375 45.125 -193.875 -178.0 82.125 67.0 23.625 -41.25
 -693.25 657.921875 479.623046875 -1334.5859375 465.578125 -180.71875 253.8203125 -419.75 -1.515625 43.03125
 119.6875 84.3203125 -19.251953125 -21.34375 25.24609375 44.375 -16.53125 -19.359375 -85.59375 8.140625
 23.03125 -15.73046875 40.583984375 -8.546875 42.203125 63.21875 -47.2890625 -57.578125 -33.09375 21.234375
 2449.5 -3821.5 208.0234375 247.875 -655.625 536.0 228.75 213.75 -440.0 -165.25
 33.875 25.2109375 -58.296875 -56.796875 19.140625 21.9375 -12.09375 -3.21875 -27.3125 34.5625
 42.75 -33.40625 -26.0546875 13.890625 89.375 17.875 167.125 110.5 89.25 33.375
 70.25 10.8671875 5.025390625 -42.90625 -58.421875 -29.84375 10.921875 -4.203125 25.53125 29.0078125
 66.8125 16.203125 -138.3515625 103.3828125 -28.3046875 -67.9375 -8.0 32.796875 -41.59375 58.453125
 62.140625 20.103515625 35.74755859375 0.2578125 -12.06640625 -17.0 -16.6171875 -38.9375 13.71875 6.60546875
 1829.5 6118.375 1675.4375 -3514.96875 1810.78125 -1121.0 -1046.6875 1822.8125 -444.125 160.625
 -340.140625 793.109375 -20.7138671875 -121.31640625 437.81640625 -468.59375 263.8046875 -199.765625 -106.3046875 18.203125
 1954.328125 -2229.859375 317.625 297.4375 -36.4375 191.5 -245.125 264.59375 267.25 -136.6328125
 316.125 -293.93359375 88.84228515625 28.09375 5.2578125 -113.71875 5.0390625 -73.2578125 -93.21875 -122.2109375
 4693.0 -4608.6875 1556.296875 770.3125 -1953.875 921.0 -1976.75 2210.25 154.0 6.125
 -358.109375 -360.0419921875 -261.9566650390625 253.541015625 -121.96875 -89.15625 48.88671875 69.93359375 -137.21875 -190.189453125
 71.03125 18.953125 -36.3544921875 -10.3359375 -12.5 -0.09375 7.28125 18.40625 -11.0 -4.796875
 -468.1875 314.546875 -54.302734375 2.546875 50.78125 -88.0 69.796875 -74.265625 -62.09375 -43.5
 -40.0 -109.65625 -67.7890625 46.5625 -3.125 -22.0 86.8125 67.25 -23.0625 58.5625
 131.359375 15.708984375 3.142578125 -125.34765625 21.23828125 3.859375 -20.6796875 80.0625 49.1953125 -8.328125
 11494.0 -4728.0 2382.875 1792.5 1702.0 -80.0 -351.5 -1511.0 644.0 -733.5
 2.75 29.5 -49.78125 -141.4375 136.9375 249.75 -111.125 -53.5 -193.5 7.0
 -65.125 32.0 0.8359375 -8.0625 -6.5 4.125 18.0 7.8125 -44.75 -6.9375
 36.125 -14.90625 -53.86328125 8.625 -50.140625 -26.8125 -8.875 -8.625 -22.3125 11.0
 34.25 19.640625 -82.7490234375 8.015625 -23.640625 25.8125 -20.25 0.4375 -47.0625 4.921875
 -1896.53125 4488.375 -3000.98095703125 1040.953125 942.890625 -1260.5 279.78125 2104.8125 -495.1875 -965.4140625
 63.3125 -24.984375 -49.4765625 6.78125 -27.40625 4.0 -25.84375 -12.40625 -18.875 6.296875
 142.75 105.25 -15.5703125 -25.0625 5.25 -18.25 -18.4375 -34.125 -14.625 -9.90625
 41.1875 -20.59375 72.8515625 55.1875 90.84375 19.1875 -62.875 -36.625 21.25 -17.171875
 60.375 49.71875 -87.69921875 43.484375 -187.21875 -43.375 81.34375 12.5 -33.875 10.359375
 -63.07470703125 116.71533203125 75.640625 -218.64453125 -61.09375 410.296875 -133.785400390625 -23.044921875 -672.609375 -176.3203125
 236.5 -36.6875 -66.59375 5.0 -129.75 -112.25 79.0 47.375 -30.125 22.3125
 32.0 -36.34375 -87.546875 22.53125 -83.0 -66.0 -6.9375 -9.0 -92.375 49.875
 -550.0 177.484375 -1366.421875 1050.0859375 491.9921875 -1005.3125 35.015625 858.78125 -573.4375 -264.53125
 11.625 -29.40625 -26.5 43.3125 12.625 65.65625 29.375 57.875 -134.92578125 -20.34375
 -2205.75 -941.25 1397.734375 -238.84375 -1154.8125 -99.75 -1448.625 1447.375 259.125 324.3125
 960.0 266.0 1480.75 -358.0 -286.0 744.0 -680.0 -2276.0 952.0 -282.0
 18.625 79.6875 -67.62890625 27.65625 -32.46875 15.125 82.78125 58.5625 -21.0 56.375
 594.0 -1324.4375 45.6640625 182.625 -326.75 197.75 -272.0 452.125 113.0 84.4375
 55.75 33.0625 -80.3203125 63.875 -132.46875 -123.375 81.875 52.9375 -25.75 11.09375
 205.625 15.125 105.46875 24.46875 -22.96875 -21.625 -24.1875 -73.1875 13.875 19.25
 13.59375 7.6875 -48.35205078125 6.61328125 2.93359375 -12.0 -21.03125 -1.9140625 -52.390625 -34.92578125
 -678.5 144.625 108.4609375 -510.0 -90.3125 -53.0 -280.0 -204.75 288.5 -140.9375
 -636.25 262.125 28.078125 -83.59375 -14.28125 39.75 16.875 -22.8125 47.875 52.625
 112.625 21.0390625 18.744140625 2.28125 -9.7734375 14.375 31.015625 24.953125 2.640625 24.828125
 -87.625 378.09375 16.296875 -15.8125 112.9375 -19.0 -27.625 -63.8125 55.4375 -30.84375
 -1135.625 -1729.125 -266.5390625 -2018.109375 1122.46875 -156.125 747.5 -267.0625 233.625 -213.625
 851.75 810.59375 3.9765625 140.25 -98.5 46.25 130.4375 -151.125 -92.25 -13.25
 79.875 22.5546875 66.427734375 2.3984375 -20.140625 34.0625 46.484375 -46.96875 -57.375 54.609375
 22.84375 177.390625 -26.4794921875 12.078125 -62.109375 -16.8125 54.2421875 24.828125 -57.34375 38.1796875
 -107.125 -7.1875 -158.033203125 92.046875 -52.046875 -122.875 8.65625 70.875 -10.8125 74.34375
 -374.09375 -414.0078125 -86.66015625 262.4609375 -94.140625 -12.28125 44.734375 -77.609375 -32.421875 -2.6875
 -18.53125 -26.25 51.3232421875 -33.15234375 17.8828125 17.90625 24.2734375 -7.5 0.21875 -4.0234375
 27.625 -95.875 -900.3125 -143.8359375 452.75 -189.125 170.75 838.5 171.9375 23.3125
 111.21875 -62.20703125 -207.04296875 32.96875 58.65625 70.25 -37.7734375 69.703125 -58.875 -15.7578125
 296.0 230.1875 -270.6640625 -744.4375 -90.75 287.75 -358.0 395.5 28.75 -608.1875
 -98.1875 -10.265625 -56.197265625 79.828125 53.96875 -76.4375 -39.375 -9.96875 -7.625 2.84375
 55.625 -108.59375 -172.75 22.3125 -226.1875 -79.0 141.375 129.25 15.5 6.46875
 -44.0 -756.0 -724.75 156.0 177.0 -324.0 226.0 920.0 -384.0 30.0
 13467.5 5321.5 4703.0625 -6577.25 -263.0 1961.0 -2433.5 4167.75 1885.75 342.0
 765.0 69.546875 -88.890625 -106.359375 232.3125 -192.5 10.5 -311.1875 -265.0625 -93.3125
 63.25 -13.09375 41.578125 -1.21875 22.21875 33.875 43.3125 -17.3125 -22.25 50.75
 73.625 7.40625 60.5 17.65625 -38.5 -50.625 64.3125 9.75 -2.8125 16.78125
 51.046875 -41.37890625 -174.1083984375 42.01953125 -35.65625 -41.734375 -27.9609375 57.3203125 -74.421875 15.9609375
 -14.78125 -52.8515625 -27.751953125 9.0625 -22.1640625 5.5625 17.484375 -29.3125 -22.3125 35.359375
 4.125 -70.9375 -32.6064453125 -24.21875 6.6875 24.0625 -20.46875 -19.25 -28.90625 11.625
 -2880.0 -7456.0 -11622.0 3824.0 512.0 -3904.0 4288.0 11136.0 -4544.0 -1040.0
 25.5 43.0 89.8125 -62.0 -63.5 -130.1875 -30.65625 43.3125 18.40625 79.4296875
 17.125 -0.25 -1.3125 2.3125 1.453125 -1.767578125 0.9375 -1.1171875 -0.671875 0.671875
 148.0 18.0 -125.875 -125.75 123.5 -120.515625 21.875 394.71875 25.03125 60.671875
 52.0 -100.0 -644.0 -68.0 221.5 -57.75 155.75 872.75 30.25 105.0
 53.3125 57.8125 -20.75390625 -6.25 8.09375 97.0 -75.625 -46.75 -81.5 1.25
 -444.25 2251.671875 772.05078125 -500.4375 242.1875 -544.25 -953.125 1431.625 -244.125 262.8125
 368.125 -114.53125 -127.880859375 47.6875 -45.234375 -145.375 -76.15625 7.59375 -172.6875 59.0625
 150.0 -173.125 142.5625 22.25 159.625 -50.0 -146.0 -34.0 215.0 -106.75
 -2.5 83.5 -83.703125 26.875 -81.125 26.0 118.625 72.0 -175.0 82.375
 88.3125 -7.59375 0.95703125 -6.984375 34.125 -67.8125 -15.71875 -5.03125 86.15625 -17.171875
 102.375 244.14453125 -17.43359375 67.578125 91.4375 -34.75 53.28125 5.65625 27.0 -19.625
 1.5 148.9375 -268.6875 -43.125 63.375 125.0 40.125 90.5 -46.5 14.375
 61.375 -53.28125 -17.046875 -29.5625 -52.6875 15.375 -30.625 10.5 -47.75 39.3125
 14.5 -127.8125 -1.015625 1.82421875 -1.61328125 -2.75390625 3.734375 -2.4140625 -1.8154296875 0.02880859375
 -692.75 149.375 84.98046875 -513.625 -290.15625 186.25 -219.625 -64.0 209.25 260.625
 -39.75 -31.8125 -309.533203125 70.875 -218.25 -90.0 -13.125 68.5 -284.0 -26.0
 136.5625 25.671875 -4.869140625 -10.734375 -70.609375 -20.75 75.78125 50.90625 30.65625 -12.609375
 9336.0 2848.0 -2016.5 3150.0 -786.0 -4056.0 1260.0 -5606.0 -866.0 -2639.0
 2637.75 1791.375 -6553.443359375 -5479.125 988.125 -2151.25 2998.59375 2153.96875 -409.125 -1908.296875
 79.125 -2.46875 -47.53125 3.37109375 15.0546875 3.8125 57.4765625 29.375 64.73046875 -1.0546875
 201.234375 547.0556640625 -26.283447265625 -284.7392578125 59.34375 99.37109375 -16.828125 89.630859375 111.220703125 -22.171875
 78.125 -24.875 -63.3046875 1.25 -49.65625 21.125 -8.625 42.5 -93.3125 -11.25
 -228.0 29.15625 -113.8828125 30.96875 158.78125 -7.625 -117.4375 -22.25 89.875 -65.75
 150.0 -39.5 -32.9375 -61.4375 -24.0 14.5 22.125 -12.875 9.25 64.625
