216.25 -94.625 363.4375 -44.0 -146.34375 -217.0 -120.25 -374.25 415.0 31.25
 -3422.8125 848.818359375 -213.7802734375 3995.28125 -81.71875 -616.21484375 -1260.197265625 930.091796875 -727.14453125 813.96875
 421.0 15.125 335.625 -151.0 -261.625 -29.0 -120.75 -150.25 293.5 -74.5
 73.5 25.375 78.296875 -54.1875 -7.40625 22.5 -1.84375 -32.75 8.125 2.875
 444.0 -735.0 1198.25 10.0 -471.5 -28.0 425.0 -984.0 518.0 -150.0
 124.0 45.0 -292.875 264.0 25.75 31.0 176.5 293.5 -235.0 204.75
 -281.0 -798.0 536.0 135.5 162.0 971.0 1805.5 1216.375 -1464.5 397.75
 -1079.3125 261.609375 -8.4765625 -70.015625 -19.0 64.9375 -89.90625 -31.171875 85.03125 45.125
 -7396.0 5220.25 5.375 2028.0 -1301.625 -500.0 -2258.5 2914.75 -520.5 694.5
 -461.140625 -120.619140625 -530.53125 488.4296875 281.97265625 -311.375 -0.470703125 337.24609375 -143.640625 -28.4140625
 387.25 -105.6875 -15.25 -43.375 -29.78125 289.75 -143.5 40.4375 -418.375 -57.53125
 2450.1484375 -1342.6767578125 -1008.92822265625 2977.12109375 -1942.0986328125 1184.4638671875 -3033.105712890625 2912.28173828125 1065.2392578125 754.737548828125
 -1430.75 196.46875 -37.453125 -14.9375 -154.984375 -69.8125 3.9375 77.84375 114.625 100.953125
 342.375 281.4375 56.6875 85.6875 165.125 -87.0 73.96875 -3.4375 -97.25 -56.6875
 -108.0 77.0 563.875 -83.0 -199.625 -156.0 -173.125 -576.75 461.0 -215.75
 33.5 -35.173828125 19.67822265625 51.265625 -9.318359375 4.9296875 9.96484375 -54.4609375 -9.78125 -8.5908203125
 126.75 19.25 -33.5 2.9375 26.34375 70.0 -41.625 36.5625 -130.5 75.59375
 -60.078125 311.08203125 32.576171875 76.0546875 -131.626953125 -19.75 -0.84765625 -113.0234375 -36.6875 18.04296875
 -218.5 -452.25 47.25 431.75 153.875 284.5 220.25 392.375 268.75 12.25
 -372.0 -313.0 727.125 -455.5 -413.5 100.0 -279.25 -754.0 726.0 -448.5
 -1312.4375 -195.921875 21.25 117.75 3.75 -298.5 -96.75 9.875 154.5 295.03125
 -55.875 -42.3125 -12.5 -57.9375 -101.515625 -11.1875 27.140625 0.75 24.25 29.359375
 -357.875 -214.0 14.4296875 -23.5625 -171.015625 82.4375 -31.328125 118.03125 68.3125 24.0
 -2566.0 -1525.0 -426.25 829.0 574.5 944.0 -738.25 418.0 -468.0 -371.0
 362.0 107.5 262.8125 -61.5 -48.25 -114.0 -144.5 -358.0 482.5 -157.375
 -1652.5 463.625 -39.5625 5.0 24.375 79.0 0.65625 -129.25 65.5 -15.6875
 867.0 395.25 321.0625 -133.0 -312.875 -256.5 47.125 -342.75 523.5 -112.875
 -272.796875 37.640625 70.55078125 89.59375 -84.935546875 -79.65625 -81.9375 86.3671875 -34.2890625 -23.54296875
 -232.626953125 -597.8203125 -172.03271484375 -419.16796875 -180.11279296875 157.9140625 167.33642578125 -66.7177734375 180.24609375 -89.91650390625
 704.5 184.0 603.0625 1.25 -289.25 -236.5 -321.375 -581.25 564.0 -82.625
 1976.0 16.0 4175.0 2260.0 -3730.0 -4824.0 -1419.0 -3460.0 4056.0 1120.0
 -394.25 3619.3125 710.46875 -539.5 298.9375 -548.5 -1430.84375 2873.375 -63.5 716.4375
 3733.25 2382.96875 1172.875 -635.25 1924.25 -3585.0 801.75 -2069.875 -510.0 -455.25
 87.75 86.0 192.0 8.5 -55.5 137.296875 143.5 -8.75 -218.4375 1.625
 -538.0 32.0 255.0625 -48.0 -174.625 -78.0 -75.375 -369.75 486.5 -237.875
 -269.0 339.75 -37.6875 -46.0 213.0 -115.0 8.1875 -8.5 -245.0 -11.0
 -980.25 -487.875 630.6875 -67.75 -219.4375 -150.5 -178.0625 -517.0 503.0 -0.25
 17.25 -125.0625 265.0 380.8125 130.6875 202.5 338.875 53.5625 -87.5 211.75
 -697.0 320.625 53.44140625 -736.609375 493.8046875 137.359375 193.34375 -548.171875 101.984375 104.4140625
 42860.5 -14696.5625 5357.6875 -998.8125 1180.09375 -355.875 1065.5 -982.25 -1320.5 -785.6875
 -560.0 1.5 -249.375 224.5 10.25 102.0 306.75 374.0 -368.0 222.5
 509.0 -0.40625 137.625 14.125 -160.25 -103.5 60.0078125 -149.75 114.25 -38.6875
 -352.0 -88.5 901.875 -533.0 -562.5 -256.0 -149.25 -653.0 946.0 -182.5
 -64.5 112.5625 168.375 -17.125 -62.71875 4.25 -83.625 -205.375 189.5 -87.125
 -643.625 582.78125 -214.0078125 177.90625 200.640625 -97.0625 67.421875 -243.84375 -79.8125 -28.765625
 -11.25 102.0 205.1875 136.75 -105.5 -139.5 -28.625 -232.75 342.0 54.625
 52.0625 316.46875 384.84375 -395.5 -310.03125 -356.875 -24.6953125 225.3125 -80.875 55.1875
 24.375 -90.75 35.8984375 2.75 -134.109375 -10.5625 -69.546875 47.40625 8.25 -59.296875
 8099.125 -1920.9375 53.2578125 658.25 -104.953125 168.875 144.84375 121.59375 -337.375 80.90625
 -1371.25 -768.21875 -415.875 932.75 425.6875 -551.5 459.296875 -862.9375 -372.625 -389.40625
 -54.5 184.0 519.25 -40.25 -346.75 -472.0 1.0 -632.5 723.5 -145.375
 -1519.875 126.375 -1156.3984375 2821.875 -154.078125 -616.03125 -448.2109375 1030.109375 -477.75 -50.90625
 184.0 -23.0 346.0625 -5.5 -57.25 -341.5 198.625 -145.5 318.5 -157.5
 21.5 537.625 90.125 8.875 73.1875 3.0 120.0 -67.625 -2.5 11.4375
 -755.1875 1035.09375 -426.6484375 26.125 246.859375 229.375 -32.96875 164.15625 131.5625 218.0
 -13958.0 8487.0 -2568.5 625.0 2343.25 680.0 1549.25 -2569.0 -716.0 459.0
 557.25 -186.125 141.0 7.25 -165.75 -64.0 37.0 -172.125 219.75 -48.75
 -618.0 -527.5 89.0 690.0 854.5 -2830.0 -79.0 -343.0 2822.0 159.5
 336.0 -40.0 -327.875 192.5 145.125 299.0 325.875 351.25 -461.5 184.0
 29.0 -112.375 302.875 52.25 -11.5625 -150.0 -184.625 -382.75 365.0 -30.375
 540.0 -495.0 -648.75 -456.0 -314.5 312.0 510.5 -38.0 -1328.0 381.0
 70.375 237.25 439.234375 -187.5 -292.125 -38.25 111.0 -163.0 330.375 -39.65625
 37.75 1.3125 6.8125 73.0625 -42.15625 -75.0 60.53125 8.0 -12.0 28.09375
 152.0 30.5 -7.0 99.75 -9.25 -29.0 8.5 28.75 -33.5 74.375
 335.125 -14.625 -205.71875 -185.625 280.484375 276.0 148.375 -62.5 -36.4375 103.484375
 115.5 -33.25 254.265625 -41.5 -80.5625 -157.5 -76.375 -195.375 289.75 -21.8125
 -26530.0 13526.0 -20800.625 26554.5 -29989.5 3157.0 -1967.875 13606.5 -1376.5 -2907.0
 942.75 -218.5 202.734375 -153.6875 174.125 218.625 41.6875 122.8125 28.25 -238.78125
 168.0 -2.75 -121.4375 112.5625 41.3125 189.5 -296.40625 -162.4375 -327.5 205.75
 -29.875 857.890625 -77.3671875 -85.140625 299.421875 21.25 77.4765625 -23.671875 47.4375 75.28125
 606.8359375 -645.89453125 243.1953125 -94.19140625 -29.162109375 -351.9609375 -21.55078125 69.171875 -102.3671875 -127.67578125
 139.0 82.21875 -609.859375 271.4375 141.734375 312.0 -678.3125 430.625 -443.0 -63.84375
 -775.18359375 -1796.044921875 -4763.279296875 -997.119140625 -450.4013671875 -1844.05859375 -1002.970703125 -967.78515625 -290.19140625 2474.0986328125
 -1122.0 -227.5 467.75 -158.0 -232.0 -215.0 -186.25 -338.75 426.5 -285.875
 114.25 123.875 27.15625 24.5 -116.5 -96.25 -18.09375 -76.75 151.25 6.8125
 104.75 91.5625 -254.65625 166.0 -58.4375 518.875 138.15625 3.625 254.0 153.125
 -296.80078125 171.3466796875 329.3994140625 -337.9873046875 -236.7177734375 -252.375 80.6953125 244.103515625 -34.21484375 85.5693359375
 -240.0 104.5 960.75 8.5 -101.5 -661.0 -108.0 -1142.0 846.0 -170.5
 214.75 47.5 -52.375 -48.0 -114.5625 -54.25 53.375 64.125 99.25 -85.5
 4128.25 98.75 -128.015625 2050.4375 384.796875 408.25 930.71875 -419.5 -151.5625 487.390625
 13738.75 -2185.0 1778.5 -22798.25 284.9375 3615.5 7116.125 -6522.75 3895.75 -4666.5625
 226.125 2.3125 201.125 67.0 -26.71875 -104.5 -133.328125 -132.375 279.0 64.5
 -0.25 196.1875 72.984375 58.75 85.53125 -79.625 30.46875 -0.1875 28.0 -19.8125
 -2798.0 1586.25 -166.375 -390.875 361.6875 -110.5 -244.875 -155.5 -472.25 22.125
 174.125 -112.5625 -139.15625 100.375 -39.7890625 -37.6875 12.421875 53.625 81.125 69.0
 -456.75 138.9375 -141.8046875 -76.84375 150.59375 64.125 71.671875 -118.9375 -8.0 15.234375
 1667.90625 -260.8828125 -252.14453125 170.1640625 -6.96875 437.953125 86.8359375 -113.6015625 147.03125 -44.20703125
 124.0625 65.109375 -0.28515625 13.703125 -7.6171875 11.78125 -24.40625 -19.40625 -54.75 -16.796875
 220.0 -80.75 414.125 -220.0 -111.25 -148.0 -410.25 -578.0 755.5 -105.5
 649.875 -595.9375 92.765625 18.5 -106.578125 -111.6875 7.921875 77.28125 63.8125 -24.90625
 1017.5 5.0 350.25 -57.0 -154.25 -37.0 -238.625 -539.25 632.5 -203.25
 338.71875 80.1171875 28.48046875 -108.578125 -74.6640625 -59.5625 151.359375 45.265625 187.53125 -131.75
 4152.75 -1263.5 370.34375 223.75 -28.375 -121.0 2.0625 -136.25 113.25 -284.3125
 1012.5 25.5 531.5625 -72.25 -4.75 -126.5 -142.5 -629.5 457.5 -169.5
 -28222.0 -5174.0 1489.375 2951.0 -290.0 -3675.0 4660.75 -10009.0 -2472.0 -3635.5
 -2699.0 -4338.375 808.34375 1.25 -2012.75 -225.25 -331.8125 -71.75 -167.25 -511.5
 449.0 182.8125 336.90625 -115.5 32.65625 -105.0 -114.375 -359.625 254.5 -31.6875
 -791.921875 186.53515625 -2.8916015625 -176.65625 -47.056640625 -157.46875 -95.8125 -93.13671875 72.8359375 45.51953125
 -408.75 -160.5625 458.28125 -18.25 -345.4375 -337.0 40.875 -620.875 658.5 -85.875
 752.0 64.0 1626.5 -429.0 -1111.0 -114.0 -79.5 -1370.5 1092.0 -412.0
 -980.234375 -476.140625 81.587890625 115.09375 -126.01953125 -240.875 109.724609375 -311.0859375 -90.9453125 -126.0234375
 -54.0 -234.625 437.0625 -110.0 -74.375 -191.5 -293.0 -547.0 422.5 -193.375
 -1105.0 172.0 534.1875 -217.0 -291.875 33.0 -32.625 -646.25 565.5 -284.75
 292.8203125 -214.2890625 101.4775390625 -130.375 5.775390625 -24.3203125 99.4248046875 -11.109375 359.546875 -238.390625
 79.0 11.25 -91.625 108.25 19.5625 -5.5 142.8125 125.5 -133.25 95.375
 -123.25 -148.0 227.71875 -71.0 -108.4375 89.25 -85.8125 -239.5 218.0 -94.5
 137.5 110.1875 -261.59375 -26.375 -287.15625 -119.25 17.21875 39.875 335.0 -172.125
 61.953125 613.59375 1733.931640625 271.8203125 47.76953125 560.6015625 333.4267578125 464.994140625 106.04296875 -864.5322265625
 5628.0 1595.0 2069.0 -1178.0 -566.0 -1028.0 -202.0 -2348.0 1840.0 -1194.0
 740.0 258.5 500.375 -181.0 -143.75 -146.0 -89.25 -486.0 622.5 -213.75
 539.0 -32.5 -48.375 279.0 300.75 320.0 106.5 308.5 -260.0 -493.5
 69.5 -52.375 -27.875 -160.25 -21.125 141.5 69.5 96.0 -212.5 87.25
 -662.0 -132.0 734.125 -251.0 -149.0 -256.0 -284.0 -707.0 705.0 -277.75
 -3144.0 2282.0 -448.5 574.0 396.0 236.0 -644.0 -218.0 236.0 1.5
 193.25 95.0 267.5625 -270.0 -207.8125 -52.0 -430.15625 678.0 59.0 175.125
 1414.5 14.25 348.4375 9.0 -20.25 -228.5 -305.75 -409.5 550.0 -29.625
 -7367.75 741.828125 1341.25 -1519.0 -639.515625 -1401.25 -45.0 -573.75 -456.125 -746.875
 -1576.75 644.828125 -32.19921875 226.6875 -22.65625 377.53125 -93.3984375 38.25 107.75 33.734375
 764.9296875 -100.076171875 -4.8115234375 13.27734375 135.0390625 62.1171875 -57.642578125 15.734375 -118.171875 -78.158203125
 -1363.0 120.875 -76.875 -145.5 -204.625 106.5 -66.25 32.0 103.0 55.75
 89.5 -215.375 -40.0625 230.1875 -95.53125 -171.25 -84.75 -69.125 204.75 -168.375
 -308.46875 84.6015625 -23.015625 -45.421875 109.7109375 -66.109375 53.611328125 -105.75 -65.75 -31.94140625
 743.5 42.625 160.375 34.75 -235.6875 -341.5 -194.75 -184.5 689.0 -17.5
 106.5 -43.6875 100.078125 -107.8125 -99.59375 -19.625 140.984375 166.25 241.0 -196.78125
 2002.0 827.5 -894.5 83.0 396.0 508.0 483.5 869.0 -853.0 465.0
 7862.5 252.25 331.75 779.5 1209.5 -82.5 309.75 -476.75 -610.0 -694.875
 108.421875 -37.125 -89.96875 82.15625 62.478515625 77.6171875 -33.625 -64.83984375 -10.359375 -23.8125
 -525.5625 2280.65625 -25.3515625 -3544.65625 -1103.46875 1054.0625 1355.515625 -1348.1875 584.9375 -431.0625
 111.0 1391.875 243.859375 -253.34375 936.796875 -904.75 -5.03125 322.5625 -347.625 -87.3125
 9467.255553577867 3277.4115597800046 493.03438750606256 -1315.6409014074961 -1179.3286453796827 -908.5947765550518 -3106.6597836589626 -660.4946670642967 -2398.230970632052 -781.638455676366
 -10.75 -5.015625 -63.51953125 -27.359375 -74.4296875 51.40625 -58.8671875 13.109375 -24.375 -50.03125
 -35.0 -125.5 -572.0 290.0 -1.75 -271.0 166.625 331.5 42.0 229.75
 1016.8359375 -387.3515625 114.712890625 -45.3515625 4.654296875 -10.4453125 -70.8203125 109.912109375 -8.234375 -68.634765625
 -838.0 -57.5 -1304.0 403.5 245.5 -576.0 120.25 695.0 -297.0 550.5
 -224.5 333.96875 -28.875 58.6875 95.125 -4.5 -7.984375 -18.25 -55.125 10.46875
 -952.0 -304.0 1586.0 -32.0 702.0 4288.0 1106.0 2020.0 -1260.0 -4132.0
 -1228.25 445.765625 -78.0390625 23.90625 9.6171875 40.59375 -30.3828125 -41.96875 -23.4375 39.109375
 -3650.0 2471.375 -10218.46875 4121.25 -2020.5 -3049.5 2256.375 4985.0 -1389.75 -2436.0
 3018.0 -111.75 701.6875 -67.5 -334.5 -413.0 -173.25 -654.0 841.0 -101.75
 278.75 -225.375 123.3125 82.625 -97.1875 -192.0 -35.59375 -108.5 235.25 53.0
 467.484375 -769.77734375 162.8359375 -1380.671875 -433.734375 562.796875 464.046875 -605.53125 415.1484375 -257.40234375
 492.875 -201.3125 -73.65625 -112.640625 86.0703125 161.4375 77.8046875 -5.09375 42.09375 50.921875
 140.5 -310.0 231.9375 -58.5 -24.25 182.5 -20.125 -171.25 -51.0 -143.875
 757.125 -350.40625 49.359375 212.4375 21.9375 -70.125 -16.1875 -20.25 -26.75 -169.375
 -6906.0 2515.25 -989.125 218.75 -14.25 303.5 290.0 -292.5 -331.0 718.0
 791.25 145.96875 249.078125 -77.625 -23.9375 -84.25 -15.21875 -316.3125 275.75 -59.5
 523.25 -133.75 319.71875 37.375 -146.28125 -168.75 94.28125 -344.0625 224.25 22.8125
 109.875 -7.6875 -42.109375 58.5625 -49.625 -62.125 -10.71875 -46.8125 5.125 23.65625
 311.5 277.375 194.5625 61.25 32.0625 -66.0 78.5625 -82.75 335.5 -50.0
 4050.0 675.0 513.5 -470.5 -126.0 4.0 -866.5 -1121.0 1567.0 -588.0
 7191.0 -1193.25 317.875 185.75 425.125 55.0 599.25 36.5 -569.5 -99.25
 -483.703125 8.5234375 -990.86328125 -33.2890625 128.134765625 -274.90625 393.25390625 399.91796875 -26.4921875 -283.1875
 979.0625 19.890625 -91.109375 -142.234375 155.0703125 155.71875 -40.8203125 207.78125 44.46875 91.28125
 -294.0 356.0625 -60.5625 33.375 98.25 -56.5 28.125 -4.0625 -74.125 61.125
 110.0 59.0 172.1875 69.25 -117.125 -32.5 -196.0 268.25 236.5 -17.375
 91.328125 41.58203125 29.1875 15.421875 26.74609375 17.03125 -33.09375 -13.439453125 0.5625 2.7265625
 -386.0 -164.5 -975.125 -641.0 -68.75 -500.0 -174.75 451.5 251.0 -46.5
 -144.5 -91.0 -100.5 145.5625 22.96875 -200.75 -41.34375 -214.3125 139.25 206.3125
 132.5 41.125 235.90625 -37.5 -37.0625 -317.0 -131.0 -335.75 570.5 -104.875
 725.5 20.125 57.0625 224.5 -15.1875 -272.0 -199.5625 -122.0 243.0 134.5
 26.421875 -84.3515625 95.947265625 110.09375 -87.67578125 -108.0625 -167.2835693359375 -32.8125 1.8125 147.28125
 -848.0 1640.0 -3792.0 240.0 -2008.0 -8544.0 -2272.0 -4424.0 2208.0 7868.0
 1547.125 -41.8125 -362.6640625 117.375 803.265625 -28.375 711.578125 -1079.03125 -176.0 -352.0
 239.0 37.75 389.125 -119.0 -118.125 205.5 191.5 -190.5 -82.5 -137.75
 -3052.5 1193.25 -107.40625 -43.125 365.8125 -101.75 -28.34375 -298.75 -232.0 203.6875
 -612.0 -44.25 -94.125 -5.75 -125.375 220.0 -79.6875 135.25 6.75 139.125
 -20.5 726.0 -170.8125 -83.0 52.625 279.5 63.25 116.5 -332.0 -132.875
 161.75 117.203125 33.23828125 27.78125 15.6796875 11.15625 19.25 -6.40625 0.875 -59.328125
 2049.0 -193.0 376.0 561.5 371.75 76.0 -73.75 -312.5 240.0 -118.0
 -987.125 2709.03125 234.5625 1264.90625 511.90625 -653.5625 -300.625 20.875 -501.0625 26.984375
 69.0 18.53125 -23.75 -7.6875 -37.171875 8.125 -71.578125 -52.625 -31.875 -25.125
 -74.0 67.75 -480.9375 -110.625 17.0625 -74.0 -101.75 239.25 36.25 -28.125
 288.0 221.5 -128.75 -22.0 -106.75 -379.0 -55.125 -230.25 51.5 351.0
 -21900.0 27513.0 3920.0 -22288.0 -3348.0 -5856.0 18440.0 24.0 8256.0 4552.0
 102.390625 41.271484375 -54.25 -23.84375 18.15625 120.75 -5.9375 -0.265625 -248.125 14.46875
 84.0 -10.40625 -41.140625 73.59375 -25.078125 -48.5 38.140625 -7.59375 59.0625 11.1875
 70216.0 -10528.0 29897.5 26988.0 -38591.0 6696.0 -30022.0 33284.0 608.0 9070.0
 -1015.4375 124.625 -906.9765625 -6645.875 1783.796875 359.3125 2024.5625 -1154.1875 1025.25 -869.515625
 2785.0 -186.625 -411.921875 1701.25 519.484375 597.5 632.84375 -467.65625 -72.8125 284.359375
 312.0 -726.0 -1452.0 -448.0 -689.0 -1860.0 -1523.0 -1902.0 1260.0 1995.0
 458.0 63.5 -673.5 49.5 -202.25 -704.0 -273.25 -439.0 219.0 823.5
 211.375 53.84375 44.046875 12.6875 -30.0625 -36.5 -5.3125 -62.875 94.125 87.84375
 228.0 -87.78125 284.25 -26.375 -150.1875 -161.0 -111.875 -270.375 380.25 10.5
 298.25 526.5859375 322.046875 -461.625 211.84375 33.75 57.6875 -299.53125 33.78125 69.890625
 615.0 222.75 -378.0625 216.5 31.0 -204.0 92.375 288.75 -110.0 227.0
 413.0 128.0 1305.125 -360.5 -232.75 -83.0 -357.25 -977.5 983.0 -126.0
 2548.25 -1023.8125 204.125 -4.8125 -76.53125 -83.0 40.25 124.0625 -47.125 -60.0625
 -1128.0 25.75 364.125 -143.5 -373.875 -34.5 -189.0 -215.5 680.5 -122.25
 -456.0 520.0 2492.0 -2100.0 2836.0 1912.0 -3854.0 -1232.0 576.0 -2438.0
 -130.59375 -58.8125 5.51953125 1.484375 -27.53125 -26.71875 8.9765625 -3.8125 29.0 58.8359375
 240.625 37.8125 56.8125 73.625 -209.96875 -244.875 38.125 -139.0 223.375 146.90625
 309.5 88.375 -34.171875 33.84375 140.203125 -25.375 -130.3828125 -14.125 129.5 -97.84375
 -2676.0 -341.75 -143.75 1879.625 184.0625 -839.0 180.625 -871.125 -779.25 -119.875
 7767.25 -2176.125 537.578125 176.4375 157.875 26.5 -18.625 229.375 -161.375 -306.1875
 3541.0751953125 -2524.03173828125 143.17578125 -76.3515625 -721.26171875 420.84375 -152.125 527.794921875 205.40625 144.1083984375
 -570.8125 476.5 -135.296875 94.09375 151.2890625 93.375 108.09375 -166.5625 17.9375 48.609375
 5703.28125 217.578125 -11.28125 768.609375 518.125 -225.125 241.12109375 101.2265625 -137.40625 35.08203125
 -225.3359375 -486.212890625 -393.26171875 370.3125 -64.201171875 -99.9765625 55.44140625 30.578125 -176.0859375 -201.720703125
 -87.0 147.25 359.25 -323.5 115.125 -190.5 -100.5 -510.75 502.0 -233.75
 1361.5 -3583.75 115.609375 -357.5 -789.6875 -737.75 20.125 166.0 0.75 -52.1875
 2112.0 108.0 2062.0 -5728.0 3624.0 2224.0 -5700.0 -1720.0 -464.0 -4128.0
 365.0625 -267.453125 65.96875 -547.578125 -292.2265625 196.21875 -84.40625 276.03125 172.65625 22.546875
 388.15625 -191.40234375 -116.875 182.1953125 67.076171875 87.640625 -81.26953125 -8.9921875 -234.015625 1.234375
 2120.0 -739.0 1441.25 -249.0 -476.5 -542.0 -508.5 -1686.0 1482.0 -317.5
 738.0 432.5 70.5 258.0 -955.5 -926.0 -215.5 -776.0 1060.0 150.5
 756.25 233.0 349.78125 -85.25 -136.75 -36.0 -185.375 -349.375 410.25 -176.25
 1251.0 -253.25 538.375 25.0 51.5 -382.0 -457.25 -686.5 797.0 -168.75
 -13999.5 5649.0625 -7604.03125 2405.4375 731.84375 -4643.0 2167.15625 3915.0625 -2072.75 -2230.09375
 -543.0 213.0 603.375 -295.0 -166.25 -106.0 -147.0 -500.75 486.0 -264.75
 -1128.0 282.0 975.0 -430.5 -321.75 -134.0 -320.5 -1183.0 1227.0 -394.0
 1364.0 311.0 1376.125 128.5 -520.75 -332.0 -453.5 -970.5 1066.0 -79.0
 25.0 246.5 556.9375 -14.5 -228.0 -197.5 -325.5 -387.0 512.0 6.375
 -291.37109375 206.296875 189.28125 76.40625 97.515625 52.875 96.4375 84.71875 202.625 -115.8359375
 -96.0 74.5 1111.5 -527.5 -403.125 -176.0 139.5 -943.5 341.0 -349.5
 -1.625 -30.75 -68.34375 31.4375 151.625 198.375 -64.96875 85.0 -175.0625 -84.53125
 147.5 -368.0 1266.3125 -750.4375 133.53125 -127.0 -74.5625 -571.9375 -71.75 119.25
 41.0 27.875 170.0 -119.75 98.25 -46.5 -140.0 -195.0 211.125 -47.0
 7.75 -22.828125 184.6015625 0.765625 -11.203125 -147.125 -104.6796875 -22.90625 -78.375 -129.28125
 -202.0 -67.0 337.375 34.5 186.75 697.0 318.5 414.5 -303.0 -618.5
 2352.0 -1812.0 444.0 -6552.0 2348.0 2000.0 -5301.0 -2800.0 -416.0 -2488.0
 -5098.375 -8071.6875 446.4375 604.59375 -3192.359375 525.25 695.828125 -2220.0625 -25.6875 -1096.5625
 142.0 23.5 -148.75 150.0 -17.875 -151.5 18.25 111.25 24.5 137.5
 56.75 -25.25 -89.625 -43.75 29.875 106.75 11.96875 100.75 -129.0 -84.1875
 139.0 77.03125 23.390625 -14.5625 18.5625 -3.875 -87.625 -74.25 -34.5 -25.75
 1332.0 14.625 -68.84375 381.625 199.71875 -102.0 -112.6875 -270.0 -30.0 -10.9375
 -2756.0 326.5 -76.5 -0.5 -222.0 -63.0 139.125 -115.5 259.0 270.75
 255.375 43.0 72.015625 -99.3125 -8.40625 -60.75 59.5625 8.25 116.875 103.6875
 24836.0 -10864.0 2819.5 -923.0 -651.0 -560.0 -1039.5 1468.0 1334.0 -2045.5
 -3407.125 4903.8125 -775.75 1003.5625 2429.15625 -1174.625 203.5 94.6875 -175.875 539.46875
 -1014.328125 342.58203125 -17.9755859375 12.494140625 -53.8515625 123.46484375 -29.009765625 33.328125 -15.1328125 144.9150390625
 250.625 18.59375 -36.203125 10.21875 22.25 -56.0 -62.59375 7.0625 67.1875 -36.59375
 -271.25 185.1875 -72.21875 77.375 23.34375 -35.5 -33.71875 43.3125 4.0 40.6875
 61.5 5.0 27.78125 20.875 114.75 -138.5 66.625 12.0 12.25 137.625
 40.25 8299.515625 211.5859375 -283.515625 2629.9375 -1325.4375 -1530.65625 3253.140625 -243.84375 1223.59375
 -3.0 -129.5 4.25 -124.5 611.0 524.0 74.0 331.0 -526.0 -118.75
 -107.0 158.0 4321.25 1127.0625 -1054.0 700.0 -429.0 -2098.0 520.5 -175.0
 822.0 1346.0 -309.75 -624.0 8.0 248.0 -1334.625 274.0 -652.0 -180.5
 -40.25 -109.1875 47.21875 16.0 -40.1875 34.5 76.21875 8.125 58.0 -63.125
 -7720.0 704.0 -1387.0 2956.0 -3008.0 -1840.0 -520.0 -1272.0 1856.0 1720.0
 -1608.0 -132.5 -564.25 399.5 191.0 58.0 151.75 468.0 -498.0 489.0
 69.0 -46.75 -276.5 24.0 -173.125 -447.0 -208.625 -235.5 99.0 427.75
 6234.25 1182.3125 26.375 -3120.125 -646.0 2040.75 747.65625 143.0 1544.75 155.375
 -3038.125 1014.34375 -84.4921875 -351.0 236.4375 61.9375 -105.109375 -82.9375 -116.4375 16.46875
 203.5 17.5 143.40625 -60.5625 106.34375 133.125 -125.03125 -14.75 -48.875 -70.0625
 296.5 137.109375 119.197265625 56.859375 95.88671875 12.609375 -151.6484375 -31.5546875 29.5625 -79.51171875
 104.0 2.625 -24.5625 -80.0 493.4375 432.5 -73.625 217.0 -469.75 -318.75
 2532.0 1296.0 1656.25 -108.0 261.5 -334.0 -1045.25 -1267.0 899.0 -708.0
 1400.0 645.0 695.625 -419.0 -159.0 -70.0 -199.75 -541.5 630.0 -502.75
 658.0 -275.0 -399.25 20.0 -268.0 -634.0 -127.0 -530.0 372.0 845.5
 120.5625 59.0 183.9375 -141.875 67.375 27.09375 -128.046875 -312.9375 44.4375 -70.16015625
 21.59375 3.125 -0.78125 1.625 0.9140625 0.3671875 0.263671875 -0.3349609375 -0.2314453125 0.048828125
 319.75 252.0 143.25 -361.5 -132.25 -551.9375 215.5625 1101.96875 -59.375 145.3125
 616.5 -268.0 -755.375 629.25 460.25 -871.96875 918.40625 2118.96875 -464.4375 362.28125
 857.5 -100.5 390.9375 -80.0 -334.625 60.0 -43.625 -283.25 377.5 -160.0
 -1765.3125 -241.3125 246.8359375 -251.46875 -328.046875 94.1875 -243.15625 272.65625 117.1875 63.1875
 -569.375 16.375 -92.359375 -14.71875 -102.671875 -36.375 -15.578125 -7.65625 10.0 71.84375
 -238.0 -223.5 -976.25 -533.0 -18.25 -359.0 -303.0 224.0 218.0 47.5
 -108.0 36.25 -110.0 74.0 5.125 31.25 33.1875 91.25 -181.0 -86.0625
 -325.375 -217.875 -528.0 184.46875 47.71875 250.625 -374.5625 206.125 -471.6875 -268.8125
 543.375 306.9375 -92.2421875 70.0625 20.671875 -91.625 143.21875 -41.875 14.75 50.4375
 1527.0 -235.5 -954.875 634.0 926.25 -55.0 146.25 482.5 -972.0 297.0
 -849.0 -327.5 532.375 -199.0 -176.375 58.0 26.0 -569.0 594.0 -291.0
 78.0 -186.625 -2.25390625 -4.5625 -1.8515625 -6.3984375 6.033203125 -5.5390625 -4.009765625 -0.42236328125
 -206.0 -1145.875 -126.5 -119.5 -380.5 3.0 76.875 252.25 229.5 128.375
 -91.0 -92.03125 -207.5625 41.5 17.875 -42.25 -239.59375 30.75 -7.75 -18.0625
 -86.0 32.5 -370.625 380.5 171.25 -48.0 39.25 332.5 -256.0 232.5
 2760.0 -3256.0 625.0 -3024.0 328.0 528.0 634.0 -234.0 -2168.0 631.0
 721.25 -1343.4921875 555.87109375 6.0 -310.46875 88.5625 -198.78515625 -376.03125 -24.765625 206.0078125
 328.78125 342.140625 -310.125 115.5390625 61.53125 199.2109375 -74.265625 -171.09375 -54.8701171875 -62.765625
 198.78125 -483.140625 -430.2021484375 -4423.2734375 639.525390625 505.453125 1457.23828125 -1035.703125 763.96875 -760.939453125
 199.0 19.25 -114.1875 62.875 12.0 -28.25 26.9375 104.875 78.0 61.625
 1067.0 280.5 355.9375 3400.0 -3146.75 -2948.5 1330.5 -1759.75 3410.0 1432.5
 64.4375 -11.234375 -58.98828125 35.140625 -18.0078125 -34.21875 -48.6875 -19.0 -16.78125 32.859375
