5001.0,203.0832385321126
5002.0,243.56210935521466
5003.0,205.92242196630343
5004.0,200.88958394668254
5005.0,204.27646454150957
5006.0,200.4492648988534
5007.0,201.70024071073732
5008.0,203.0832385321126
5009.0,203.0832385321126
5010.0,111.94752344324881
5011.0,203.0832385321126
5012.0,203.0832385321126
5013.0,203.0832385321126
5014.0,203.0832385321126
5015.0,202.0547622762141
5016.0,190.94661935252265
5017.0,168.08763779325534
5018.0,202.2042858258727
5019.0,203.04525901148483
5020.0,772.6829098078357
5021.0,129.15696098810014
5022.0,203.0832385321126
5023.0,203.0832385321126
5024.0,203.0832385321126
5025.0,203.0832385321126
5026.0,203.0832385321126
5027.0,203.0832385321126
5028.0,201.56216067811
5029.0,202.53302239671004
5030.0,201.7502421588937
5031.0,200.29555458878593
5032.0,202.74931702510932
5033.0,203.1379742261726
5034.0,203.0832385321126
5035.0,203.0832385321126
5036.0,203.0832385321126
5037.0,203.0832385321126
5038.0,203.0832385321126
5039.0,203.0832385321126
5040.0,201.69559997325723
5041.0,203.0832385321126
5042.0,203.0832385321126
5043.0,203.0832385321126
5044.0,201.8492925525843
5045.0,203.00271033336585
5046.0,202.92119412735627
5047.0,201.69008444443514
5048.0,203.28365909266583
5049.0,100.3401496328327
5050.0,201.8666221197639
5051.0,311.7748124375775
5052.0,201.17682791474024
5053.0,210.80019023327924
5054.0,282.62335259934656
5055.0,201.77459087610205
5056.0,203.0832385321126
5057.0,203.0832385321126
5058.0,190.3663438532594
5059.0,242.98717195154404
5060.0,225.40398075360892
5061.0,208.7692045905949
5062.0,203.293139743035
5063.0,203.0832385321126
5064.0,216.27053201217313
5065.0,189.64971892695678
5066.0,203.0350219605558
5067.0,203.0832385321126
5068.0,203.0832385321126
5069.0,217.30378148529505
5070.0,202.47712023646824
5071.0,197.0119493808272
5072.0,207.7745809755925
5073.0,172.84748401005803
5074.0,181.3628749689252
5075.0,203.0832385321126
5076.0,203.0832385321126
5077.0,203.0832385321126
5078.0,203.0832385321126
5079.0,203.0832385321126
5080.0,203.0832385321126
5081.0,203.0832385321126
5082.0,203.0832385321126
5083.0,203.0832385321126
5084.0,203.0832385321126
5085.0,203.0832385321126
5086.0,203.0832385321126
5087.0,203.0832385321126
5088.0,203.0832385321126
5089.0,203.0832385321126
5090.0,203.0832385321126
5091.0,203.0832385321126
5092.0,203.0832385321126
5093.0,203.0832385321126
5094.0,203.0832385321126
5095.0,203.0832385321126
5096.0,203.0832385321126
5097.0,203.0832385321126
5098.0,203.0832385321126
5099.0,203.0832385321126
5100.0,203.0832385321126
5101.0,321.8858971422782
5102.0,343.54962981678443
5103.0,344.4361548926855
5104.0,343.97030759945596
5105.0,351.16783477076683
5106.0,345.51951085245213
5107.0,345.6101974463741
5108.0,345.6101974463741
5109.0,707.6585048916196
5110.0,345.6101974463741
5111.0,345.6101974463741
5112.0,345.6101974463741
5113.0,345.6101974463741
5114.0,345.86430441397897
5115.0,351.9419155910253
5116.0,365.1506953073911
5117.0,333.2804220581754
5118.0,342.1099641604315
5119.0,73.46235371011453
5120.0,371.08238653224106
5121.0,345.6101974463741
5122.0,345.6101974463741
5123.0,345.6101974463741
5124.0,345.6101974463741
5125.0,345.6101974463741
5126.0,345.6101974463741
5127.0,345.5793529645675
5128.0,334.35857449147574
5129.0,345.9019973475501
5130.0,345.60651884737365
5131.0,347.6728683125555
5132.0,345.8080843221742
5133.0,345.6101974463741
5134.0,345.6101974463741
5135.0,345.6101974463741
5136.0,345.6101974463741
5137.0,345.6101974463741
5138.0,345.6101974463741
5139.0,345.28456947221207
5140.0,345.6101974463741
5141.0,345.6101974463741
5142.0,345.6101974463741
5143.0,345.7755940849559
5144.0,345.59829992025567
5145.0,343.6694049708213
5146.0,343.84108239280533
5147.0,345.53434429199154
5148.0,810.3173094840879
5149.0,345.83205045993446
5150.0,255.98497403963196
5151.0,347.13281181934343
5152.0,301.3040429923825
5153.0,246.70051751588883
5154.0,343.9616144345062
5155.0,345.6101974463741
5156.0,345.6101974463741
5157.0,520.0298950122884
5158.0,214.23046999419228
5159.0,249.86813415799364
5160.0,336.9972841076377
5161.0,340.94151369708885
5162.0,345.6101974463741
5163.0,260.258543497542
5164.0,447.11983142233606
5165.0,336.204747902905
5166.0,345.6101974463741
5167.0,345.6101974463741
5168.0,349.16837200189127
5169.0,343.72356859159083
5170.0,410.64722604235084
5171.0,304.8379533426031
5172.0,409.6310469651747
5173.0,389.6449884175811
5174.0,345.6101974463741
5175.0,345.6101974463741
5176.0,345.6101974463741
5177.0,345.6101974463741
5178.0,345.6101974463741
5179.0,345.6101974463741
5180.0,345.6101974463741
5181.0,345.6101974463741
5182.0,345.6101974463741
5183.0,345.6101974463741
5184.0,345.6101974463741
5185.0,345.6101974463741
5186.0,345.6101974463741
5187.0,345.6101974463741
5188.0,345.6101974463741
5189.0,345.6101974463741
5190.0,345.6101974463741
5191.0,345.6101974463741
5192.0,345.6101974463741
5193.0,345.6101974463741
5194.0,345.6101974463741
5195.0,345.6101974463741
5196.0,345.6101974463741
5197.0,345.6101974463741
5198.0,345.6101974463741
5199.0,345.6101974463741
5200.0,345.6101974463741
5201.0,618.816938604934
5202.0,613.6409664349925
5203.0,611.0891040625954
5204.0,578.8233119355792
5205.0,623.675826978086
5206.0,608.7337250414392
5207.0,613.5942434823297
5208.0,618.816938604934
5209.0,618.816938604934
5210.0,469.1011553958307
5211.0,618.816938604934
5212.0,618.816938604934
5213.0,618.816938604934
5214.0,618.816938604934
5215.0,612.6382203904512
5216.0,610.7189676391541
5217.0,613.5951429427171
5218.0,611.9369550251462
5219.0,613.287349145595
5220.0,607.1320061568704
5221.0,326.4744251121972
5222.0,618.816938604934
5223.0,618.816938604934
5224.0,618.816938604934
5225.0,618.816938604934
5226.0,618.816938604934
5227.0,618.816938604934
5228.0,618.0570289004897
5229.0,614.7030397905576
5230.0,614.1568946805168
5231.0,612.5132568398146
5232.0,614.1693378327102
5233.0,611.5451454251529
5234.0,618.816938604934
5235.0,618.816938604934
5236.0,618.816938604934
5237.0,618.816938604934
5238.0,618.816938604934
5239.0,618.816938604934
5240.0,612.0057505862719
5241.0,612.4406959967432
5242.0,613.6106878803206
5243.0,612.5506398717534
5244.0,610.5700191989695
5245.0,612.7558511003335
5246.0,612.8737726762928
5247.0,622.1671503393841
5248.0,612.0783281047242
5249.0,1212.6414339530374
5250.0,610.8783219391003
5251.0,613.0321747130979
5252.0,666.5126816609528
5253.0,550.3428946206463
5254.0,2196.676320924436
5255.0,612.0180460912005
5256.0,618.816938604934
5257.0,618.816938604934
5258.0,756.6141867047672
5259.0,587.7575668352368
5260.0,224.86137445750825
5261.0,614.585070748548
5262.0,634.3865553413382
5263.0,618.816938604934
5264.0,600.4845435411683
5265.0,699.9314682473871
5266.0,636.0107002846654
5267.0,618.816938604934
5268.0,618.816938604934
5269.0,578.7746896485556
5270.0,621.5748329591338
5271.0,846.646825931532
5272.0,184.9846298236702
5273.0,553.0015642034895
5274.0,527.808095302846
5275.0,618.816938604934
5276.0,618.816938604934
5277.0,618.816938604934
5278.0,618.816938604934
5279.0,618.816938604934
5280.0,618.816938604934
5281.0,618.816938604934
5282.0,618.816938604934
5283.0,618.816938604934
5284.0,618.816938604934
5285.0,618.816938604934
5286.0,618.816938604934
5287.0,618.816938604934
5288.0,618.816938604934
5289.0,618.816938604934
5290.0,618.816938604934
5291.0,618.816938604934
5292.0,618.816938604934
5293.0,618.816938604934
5294.0,618.816938604934
5295.0,618.816938604934
5296.0,618.816938604934
5297.0,618.816938604934
5298.0,618.816938604934
5299.0,618.816938604934
5300.0,618.816938604934
5301.0,301.45017675955955
5302.0,295.8046076957442
5303.0,290.1695039166554
5304.0,287.1615550932603
5305.0,293.0237727463089
5306.0,286.13334823315853
5307.0,288.1123150800871
5308.0,288.1123150800871
5309.0,359.31976634555866
5310.0,288.1123150800871
5311.0,288.1123150800871
5312.0,288.1123150800871
5313.0,288.1123150800871
5314.0,288.7446675066332
5315.0,297.8807544759501
5316.0,281.4179233404411
5317.0,291.7029602428655
5318.0,292.7240637324423
5319.0,357.60985947457993
5320.0,495.81192238352065
5321.0,288.1123150800871
5322.0,288.1123150800871
5323.0,288.1123150800871
5324.0,288.1123150800871
5325.0,288.1123150800871
5326.0,288.1123150800871
5327.0,292.9539477745717
5328.0,292.8444647380105
5329.0,292.0078082484864
5330.0,290.50155166583926
5331.0,293.21697736095905
5332.0,293.26398140841684
5333.0,288.1123150800871
5334.0,288.1123150800871
5335.0,288.1123150800871
5336.0,288.1123150800871
5337.0,288.1123150800871
5338.0,288.1123150800871
5339.0,288.4809250329601
5340.0,291.4455448367623
5341.0,288.1123150800871
5342.0,288.1123150800871
5343.0,292.162137309263
5344.0,293.20687509785694
5345.0,290.24480419515186
5346.0,287.88226688681397
5347.0,286.92496961321285
5348.0,154.2310262479551
5349.0,293.15032134491497
5350.0,294.06781350005195
5351.0,275.5209829376009
5352.0,299.249750468841
5353.0,157.34656257770433
5354.0,289.06592564657194
5355.0,288.1123150800871
5356.0,288.1123150800871
5357.0,260.21404061561026
5358.0,303.42962011317314
5359.0,731.0211355186059
5360.0,286.5331951060027
5361.0,280.67272025320915
5362.0,288.1123150800871
5363.0,291.9817858904931
5364.0,268.6409279909152
5365.0,285.296614061288
5366.0,288.1123150800871
5367.0,288.1123150800871
5368.0,289.35610315342615
5369.0,289.00090517571573
5370.0,257.6449083690631
5371.0,1244.1774805166149
5372.0,310.9613320174717
5373.0,316.59921245796926
5374.0,288.1123150800871
5375.0,288.1123150800871
5376.0,288.1123150800871
5377.0,288.1123150800871
5378.0,288.1123150800871
5379.0,288.1123150800871
5380.0,288.1123150800871
5381.0,288.1123150800871
5382.0,288.1123150800871
5383.0,288.1123150800871
5384.0,288.1123150800871
5385.0,288.1123150800871
5386.0,288.1123150800871
5387.0,288.1123150800871
5388.0,288.1123150800871
5389.0,288.1123150800871
5390.0,288.1123150800871
5391.0,288.1123150800871
5392.0,288.1123150800871
5393.0,288.1123150800871
5394.0,288.1123150800871
5395.0,288.1123150800871
5396.0,288.1123150800871
5397.0,288.1123150800871
5398.0,288.1123150800871
5399.0,288.1123150800871
5400.0,288.1123150800871
5401.0,389.7261741621241
5402.0,390.9813888328161
5403.0,388.787133873374
5404.0,389.9405976138819
5405.0,390.1916029783001
5406.0,397.94185284291837
5407.0,392.89041291966595
5408.0,389.7261741621241
5409.0,389.7261741621241
5410.0,770.1658671979692
5411.0,389.7261741621241
5412.0,389.7261741621241
5413.0,389.7261741621241
5414.0,389.7261741621241
5415.0,389.6275838332448
5416.0,393.56355748522606
5417.0,386.37305101207573
5418.0,389.0539851907331
5419.0,390.4330224713188
5420.0,385.3318030915486
5421.0,363.04951525125864
5422.0,389.7261741621241
5423.0,389.7261741621241
5424.0,389.7261741621241
5425.0,389.7261741621241
5426.0,389.7261741621241
5427.0,389.7261741621241
5428.0,385.4301268687123
5429.0,389.34912979914134
5430.0,396.2555752147934
5431.0,386.9069137856984
5432.0,390.35207206368017
5433.0,383.8736735539255
5434.0,389.7261741621241
5435.0,389.7261741621241
5436.0,389.7261741621241
5437.0,389.7261741621241
5438.0,389.7261741621241
5439.0,389.7261741621241
5440.0,384.12984473707314
5441.0,385.387856062595
5442.0,389.7261741621241
5443.0,389.7261741621241
5444.0,390.41818330745383
5445.0,390.0429504693782
5446.0,388.01060120827304
5447.0,385.81947787004714
5448.0,389.10152411533136
5449.0,210.88956245126033
5450.0,394.0145951138253
5451.0,383.7493097042254
5452.0,375.0873692035531
5453.0,499.4435588221004
5454.0,274.65510268922554
5455.0,385.57897650583755
5456.0,389.7261741621241
5457.0,389.7261741621241
5458.0,310.6667751362983
5459.0,378.99578351394837
5460.0,590.3837945974853
5461.0,377.03692328339594
5462.0,381.7277409274819
5463.0,389.7261741621241
5464.0,359.2904830301277
5465.0,412.07138310220853
5466.0,407.5778901571655
5467.0,389.7261741621241
5468.0,389.7261741621241
5469.0,384.02294648340575
5470.0,383.7714746652436
5471.0,301.9897433584991
5472.0,1750.9878462276931
5473.0,317.9663549078497
5474.0,357.7161044489533
5475.0,389.7261741621241
5476.0,389.7261741621241
5477.0,389.7261741621241
5478.0,389.7261741621241
5479.0,389.7261741621241
5480.0,389.7261741621241
5481.0,389.7261741621241
5482.0,389.7261741621241
5483.0,389.7261741621241
5484.0,389.7261741621241
5485.0,389.7261741621241
5486.0,389.7261741621241
5487.0,389.7261741621241
5488.0,389.7261741621241
5489.0,389.7261741621241
5490.0,389.7261741621241
5491.0,389.7261741621241
5492.0,389.7261741621241
5493.0,389.7261741621241
5494.0,389.7261741621241
5495.0,389.7261741621241
5496.0,389.7261741621241
5497.0,389.7261741621241
5498.0,389.7261741621241
5499.0,389.7261741621241
5500.0,389.7261741621241
5501.0,779.9769881453385
5502.0,772.6859277570973
5503.0,776.1146633513928
5504.0,770.4661261765352
5505.0,765.1945361281421
5506.0,772.3982819526179
5507.0,770.719523836624
5508.0,770.719523836624
5509.0,338.3209901011016
5510.0,770.719523836624
5511.0,770.719523836624
5512.0,770.719523836624
5513.0,770.719523836624
5514.0,776.9541601626019
5515.0,750.9051911369681
5516.0,795.1985238081745
5517.0,773.2575621431803
5518.0,772.2870119252354
5519.0,780.7031393338079
5520.0,570.4891833158431
5521.0,770.719523836624
5522.0,770.719523836624
5523.0,770.719523836624
5524.0,770.719523836624
5525.0,770.719523836624
5526.0,770.719523836624
5527.0,774.4343733038528
5528.0,776.8009847772097
5529.0,772.776824195834
5530.0,772.2111415089358
5531.0,782.9346717630651
5532.0,771.974854641324
5533.0,770.719523836624
5534.0,770.719523836624
5535.0,770.719523836624
5536.0,770.719523836624
5537.0,770.719523836624
5538.0,770.719523836624
5539.0,777.9672546638275
5540.0,772.5304388933781
5541.0,773.1612846701127
5542.0,772.9692992981179
5543.0,774.4957486910013
5544.0,772.1867374493793
5545.0,776.7186135907823
5546.0,776.1691728637556
5547.0,775.2047127734339
5548.0,1397.2114674297572
5549.0,771.4252084604499
5550.0,786.6566977823135
5551.0,864.7274548130658
5552.0,617.2640052248263
5553.0,1363.1062085292842
5554.0,773.6536230565958
5555.0,770.719523836624
5556.0,770.719523836624
5557.0,1005.5949770500305
5558.0,806.6048084994155
5559.0,482.9459379844695
5560.0,788.0231558744358
5561.0,799.8057235370846
5562.0,770.719523836624
5563.0,787.3633872744713
5564.0,718.7852808405274
5565.0,720.1508778678732
5566.0,770.719523836624
5567.0,770.719523836624
5568.0,771.800874025176
5569.0,773.3302190513416
5570.0,1284.3599130678037
5571.0,255.85960815378786
5572.0,1048.508289032515
5573.0,845.4139258595713
5574.0,770.719523836624
5575.0,770.719523836624
5576.0,770.719523836624
5577.0,770.719523836624
5578.0,770.719523836624
5579.0,770.719523836624
5580.0,770.719523836624
5581.0,770.719523836624
5582.0,770.719523836624
5583.0,770.719523836624
5584.0,770.719523836624
5585.0,770.719523836624
5586.0,770.719523836624
5587.0,770.719523836624
5588.0,770.719523836624
5589.0,770.719523836624
5590.0,770.719523836624
5591.0,770.719523836624
5592.0,770.719523836624
5593.0,770.719523836624
5594.0,770.719523836624
5595.0,770.719523836624
5596.0,770.719523836624
5597.0,770.719523836624
5598.0,770.719523836624
5599.0,770.719523836624
5600.0,770.719523836624
5601.0,293.52867642413196
5602.0,295.45096314668933
5603.0,289.834358502195
5604.0,290.5605542880188
5605.0,290.0619378174359
5606.0,296.69036564315945
5607.0,287.64403523458043
5608.0,293.52867642413196
5609.0,293.52867642413196
5610.0,227.00416307383944
5611.0,293.52867642413196
5612.0,293.52867642413196
5613.0,293.52867642413196
5614.0,293.52867642413196
5615.0,290.05154406263887
5616.0,298.1221256689949
5617.0,280.632100923248
5618.0,292.92290197364866
5619.0,289.53898052414536
5620.0,300.5111826805471
5621.0,288.5902317529287
5622.0,293.52867642413196
5623.0,293.52867642413196
5624.0,293.52867642413196
5625.0,293.52867642413196
5626.0,293.52867642413196
5627.0,293.52867642413196
5628.0,295.2072554822529
5629.0,294.97436255815467
5630.0,296.1980065732999
5631.0,293.26939248796157
5632.0,290.4358293436193
5633.0,296.97701194969943
5634.0,293.52867642413196
5635.0,293.52867642413196
5636.0,293.52867642413196
5637.0,293.52867642413196
5638.0,293.52867642413196
5639.0,293.52867642413196
5640.0,291.267353455683
5641.0,292.20417910647814
5642.0,293.52867642413196
5643.0,293.52867642413196
5644.0,290.349939883081
5645.0,291.2195412874443
5646.0,292.0155158855253
5647.0,286.09217079548114
5648.0,289.7817268369739
5649.0,591.3563480081785
5650.0,289.02136671029155
5651.0,324.7877215013507
5652.0,290.566826495315
5653.0,300.77552831832116
5654.0,149.3754222127053
5655.0,295.695791910552
5656.0,293.52867642413196
5657.0,293.52867642413196
5658.0,286.35623610560526
5659.0,262.867426665786
5660.0,315.18291419262
5661.0,299.95488416722037
5662.0,295.06881341361964
5663.0,293.52867642413196
5664.0,336.45131331844794
5665.0,470.806850220799
5666.0,378.02093033486835
5667.0,293.52867642413196
5668.0,293.52867642413196
5669.0,292.6848142635754
5670.0,289.26959631525443
5671.0,305.77473510599776
5672.0,530.1689484192755
5673.0,252.17125464756577
5674.0,1321.591486694339
5675.0,293.52867642413196
5676.0,293.52867642413196
5677.0,293.52867642413196
5678.0,293.52867642413196
5679.0,293.52867642413196
5680.0,293.52867642413196
5681.0,293.52867642413196
5682.0,293.52867642413196
5683.0,293.52867642413196
5684.0,293.52867642413196
5685.0,293.52867642413196
5686.0,293.52867642413196
5687.0,293.52867642413196
5688.0,293.52867642413196
5689.0,293.52867642413196
5690.0,293.52867642413196
5691.0,293.52867642413196
5692.0,293.52867642413196
5693.0,293.52867642413196
5694.0,293.52867642413196
5695.0,293.52867642413196
5696.0,293.52867642413196
5697.0,293.52867642413196
5698.0,293.52867642413196
5699.0,293.52867642413196
5700.0,293.52867642413196
5701.0,2447.496749645202
5702.0,2462.1165714434765
5703.0,2459.690320056302
5704.0,2460.9063684921616
5705.0,2408.681580060409
5706.0,2469.885591596445
5707.0,2460.835340105085
5708.0,2460.835340105085
5709.0,2891.822954930269
5710.0,2460.835340105085
5711.0,2460.835340105085
5712.0,2460.835340105085
5713.0,2460.835340105085
5714.0,2462.102158673548
5715.0,2444.439070061204
5716.0,2473.887209286817
5717.0,2463.801420210907
5718.0,2460.976506530368
5719.0,2458.5950690470645
5720.0,2274.9121196783026
5721.0,2460.835340105085
5722.0,2460.835340105085
5723.0,2460.835340105085
5724.0,2460.835340105085
5725.0,2460.835340105085
5726.0,2460.835340105085
5727.0,2462.6383938660674
5728.0,2470.2318031371983
5729.0,2460.189946885351
5730.0,2486.0070298040023
5731.0,2462.0177239506756
5732.0,2460.834345002437
5733.0,2460.835340105085
5734.0,2460.835340105085
5735.0,2460.835340105085
5736.0,2460.835340105085
5737.0,2460.835340105085
5738.0,2460.835340105085
5739.0,2461.431007580765
5740.0,2463.5103330684815
5741.0,2463.5103330684815
5742.0,2460.835340105085
5743.0,2461.6458788248074
5744.0,2461.617487920964
5745.0,2460.7131865851675
5746.0,2478.895361418488
5747.0,2464.0938628348003
5748.0,1249.5026372583243
5749.0,2457.9502682253947
5750.0,2414.818031591653
5751.0,2463.4548492947197
5752.0,2420.3490776152416
5753.0,6291.564637579708
5754.0,2471.43414032648
5755.0,2460.835340105085
5756.0,2460.835340105085
5757.0,2536.7974771376976
5758.0,2564.061392829656
5759.0,2321.5143984390247
5760.0,2439.7725004617064
5761.0,2401.8921649565445
5762.0,2460.835340105085
5763.0,2251.924143451156
5764.0,1591.4003967963654
5765.0,2148.1293599288783
5766.0,2460.835340105085
5767.0,2460.835340105085
5768.0,2460.768339372684
5769.0,2460.859394142405
5770.0,2301.5071082861523
5771.0,1131.374955122171
5772.0,3537.28810310332
5773.0,708.110990018008
5774.0,2460.835340105085
5775.0,2460.835340105085
5776.0,2460.835340105085
5777.0,2460.835340105085
5778.0,2460.835340105085
5779.0,2460.835340105085
5780.0,2460.835340105085
5781.0,2460.835340105085
5782.0,2460.835340105085
5783.0,2460.835340105085
5784.0,2460.835340105085
5785.0,2460.835340105085
5786.0,2460.835340105085
5787.0,2460.835340105085
5788.0,2460.835340105085
5789.0,2460.835340105085
5790.0,2460.835340105085
5791.0,2460.835340105085
5792.0,2460.835340105085
5793.0,2460.835340105085
5794.0,2460.835340105085
5795.0,2460.835340105085
5796.0,2460.835340105085
5797.0,2460.835340105085
5798.0,2460.835340105085
5799.0,2460.835340105085
5800.0,2460.835340105085
5801.0,6188.960441742994
5802.0,6230.742935444835
5803.0,6191.890109540697
5804.0,6189.346334288823
5805.0,6195.548226334003
5806.0,6168.20924923505
5807.0,6170.384769429229
5808.0,6188.960441742994
5809.0,6188.960441742994
5810.0,9646.85634962985
5811.0,6188.960441742994
5812.0,6188.960441742994
5813.0,6188.960441742994
5814.0,6188.960441742994
5815.0,6192.327487870265
5816.0,6234.411153218018
5817.0,6148.950319900887
5818.0,6198.720283694566
5819.0,6197.6919950012125
5820.0,6163.383023282825
5821.0,5837.5142259121785
5822.0,6188.960441742994
5823.0,6188.960441742994
5824.0,6188.960441742994
5825.0,6188.960441742994
5826.0,6188.960441742994
5827.0,6188.960441742994
5828.0,6186.826439268334
5829.0,6191.6523072964965
5830.0,6195.799276464271
5831.0,6189.246676056407
5832.0,6197.862242428604
5833.0,6194.866112668161
5834.0,6188.960441742994
5835.0,6188.960441742994
5836.0,6188.960441742994
5837.0,6188.960441742994
5838.0,6188.960441742994
5839.0,6188.960441742994
5840.0,6202.955556784379
5841.0,6188.960441742994
5842.0,6191.123373529541
5843.0,6188.960441742994
5844.0,6189.120781099526
5845.0,6194.529017807392
5846.0,6191.919131262578
5847.0,6301.261776195672
5848.0,6189.168171152077
5849.0,3482.855886760945
5850.0,6185.904704630867
5851.0,6317.040936628477
5852.0,6185.305810088235
5853.0,6289.752527483406
5854.0,9592.59930058848
5855.0,6204.220418414266
5856.0,6188.960441742994
5857.0,6188.960441742994
5858.0,5980.132529455819
5859.0,5750.716856848185
5860.0,6866.309997915905
5861.0,6018.6869132425145
5862.0,5906.220402694045
5863.0,6188.960441742994
5864.0,3945.2205455151357
5865.0,5076.595760214086
5866.0,4063.879140795189
5867.0,6188.960441742994
5868.0,6188.960441742994
5869.0,6196.651355829683
5870.0,6193.521523214976
5871.0,7663.063812306171
5872.0,778.1163041247453
5873.0,5096.134498171273
5874.0,1954.6510605859194
5875.0,6188.960441742994
5876.0,6188.960441742994
5877.0,6188.960441742994
5878.0,6188.960441742994
5879.0,6188.960441742994
5880.0,6188.960441742994
5881.0,6188.960441742994
5882.0,6188.960441742994
5883.0,6188.960441742994
5884.0,6188.960441742994
5885.0,6188.960441742994
5886.0,6188.960441742994
5887.0,6188.960441742994
5888.0,6188.960441742994
5889.0,6188.960441742994
5890.0,6188.960441742994
5891.0,6188.960441742994
5892.0,6188.960441742994
5893.0,6188.960441742994
5894.0,6188.960441742994
5895.0,6188.960441742994
5896.0,6188.960441742994
5897.0,6188.960441742994
5898.0,6188.960441742994
5899.0,6188.960441742994
5900.0,6188.960441742994
5901.0,320.13292379561307
5902.0,297.3228937518538
5903.0,247.00776432813763
5904.0,299.7382672925294
5905.0,298.89763919583925
5906.0,317.58941884552246
5907.0,308.0578643116823
5908.0,308.0578643116823
5909.0,129.69632264373166
5910.0,308.0578643116823
5911.0,308.0578643116823
5912.0,308.0578643116823
5913.0,308.0578643116823
5914.0,308.1662992534338
5915.0,312.96460639043136
5916.0,296.40901622438076
5917.0,300.24358452281916
5918.0,300.8015195677627
5919.0,307.3961820942736
5920.0,255.3936169444704
5921.0,308.0578643116823
5922.0,308.0578643116823
5923.0,308.0578643116823
5924.0,308.0578643116823
5925.0,308.0578643116823
5926.0,308.0578643116823
5927.0,307.54220307328285
5928.0,304.2843285324636
5929.0,304.79366340913407
5930.0,303.4174242830755
5931.0,298.6634102492363
5932.0,301.2615690775249
5933.0,308.0578643116823
5934.0,308.0578643116823
5935.0,308.0578643116823
5936.0,308.0578643116823
5937.0,308.0578643116823
5938.0,308.0578643116823
5939.0,322.88141777684893
5940.0,308.0578643116823
5941.0,308.0578643116823
5942.0,308.0578643116823
5943.0,300.00213783585434
5944.0,300.81484850585537
5945.0,306.26863124901047
5946.0,273.5639533688291
5947.0,303.87394073497154
5948.0,629.8745777870693
5949.0,302.45653800856013
5950.0,278.9353971427455
5951.0,315.09729879465715
5952.0,300.4756341590302
5953.0,200.28537658249402
5954.0,301.6543424423167
5955.0,308.0578643116823
5956.0,308.0578643116823
5957.0,306.24856542263217
5958.0,338.1874817276101
5959.0,272.93842329451905
5960.0,305.2972613342734
5961.0,307.5918327080209
5962.0,308.0578643116823
5963.0,384.47353409507673
5964.0,404.725355786653
5965.0,477.9571321048343
5966.0,308.0578643116823
5967.0,308.0578643116823
5968.0,303.0516058295812
5969.0,298.8929459945274
5970.0,299.6024085807437
5971.0,1277.3901000310036
5972.0,335.0561013185106
5973.0,733.5455351709923
5974.0,308.0578643116823
5975.0,308.0578643116823
5976.0,308.0578643116823
5977.0,308.0578643116823
5978.0,308.0578643116823
5979.0,308.0578643116823
5980.0,308.0578643116823
5981.0,308.0578643116823
5982.0,308.0578643116823
5983.0,308.0578643116823
5984.0,308.0578643116823
5985.0,308.0578643116823
5986.0,308.0578643116823
5987.0,308.0578643116823
5988.0,308.0578643116823
5989.0,308.0578643116823
5990.0,308.0578643116823
5991.0,308.0578643116823
5992.0,308.0578643116823
5993.0,308.0578643116823
5994.0,308.0578643116823
5995.0,308.0578643116823
5996.0,308.0578643116823
5997.0,308.0578643116823
5998.0,308.0578643116823
5999.0,308.0578643116823
6000.0,308.0578643116823
6001.0,2974.884746451606
6002.0,2995.664198913699
6003.0,2974.4549960881236
6004.0,2971.0439390630218
6005.0,2973.1893933521874
6006.0,2968.991323746349
6007.0,2976.469984846202
6008.0,2974.884746451606
6009.0,2974.884746451606
6010.0,3944.3221613521123
6011.0,2974.884746451606
6012.0,2974.884746451606
6013.0,2974.884746451606
6014.0,2974.884746451606
6015.0,2973.0067498133376
6016.0,2988.2316995701963
6017.0,2993.9267048768247
6018.0,2971.6857897239347
6019.0,2972.376214400486
6020.0,3126.1812247797407
6021.0,3686.20585831191
6022.0,2974.884746451606
6023.0,2974.884746451606
6024.0,2974.884746451606
6025.0,2974.884746451606
6026.0,2974.884746451606
6027.0,2974.884746451606
6028.0,2971.8844824227926
6029.0,2974.0710365290297
6030.0,2973.489440422179
6031.0,2974.491861557252
6032.0,2999.70019439685
6033.0,2974.219355653916
6034.0,2974.884746451606
6035.0,2974.884746451606
6036.0,2974.884746451606
6037.0,2974.884746451606
6038.0,2974.884746451606
6039.0,2974.884746451606
6040.0,2973.9442586356404
6041.0,2974.884746451606
6042.0,2974.884746451606
6043.0,2974.884746451606
6044.0,2973.9114389096235
6045.0,2978.753813751848
6046.0,2981.240893035314
6047.0,2960.4725451313543
6048.0,2975.0355478214015
6049.0,4940.405501317203
6050.0,2965.713419196261
6051.0,2989.4576837364966
6052.0,3131.3698209110757
6053.0,3020.6977119001463
6054.0,4960.611062430274
6055.0,2975.5488858527556
6056.0,2974.884746451606
6057.0,2974.884746451606
6058.0,2674.3231229536796
6059.0,3520.823862017655
6060.0,6826.249638856136
6061.0,2936.9701925124336
6062.0,2949.856446466125
6063.0,2974.884746451606
6064.0,3073.947170395623
6065.0,3104.25446079412
6066.0,2608.502064056649
6067.0,2974.884746451606
6068.0,2974.884746451606
6069.0,2974.703811047948
6070.0,2974.1820305816673
6071.0,4433.113776295928
6072.0,9899.386194875893
6073.0,416.97220258671587
6074.0,186.4443834380597
6075.0,2974.884746451606
6076.0,2974.884746451606
6077.0,2974.884746451606
6078.0,2974.884746451606
6079.0,2974.884746451606
6080.0,2974.884746451606
6081.0,2974.884746451606
6082.0,2974.884746451606
6083.0,2974.884746451606
6084.0,2974.884746451606
6085.0,2974.884746451606
6086.0,2974.884746451606
6087.0,2974.884746451606
6088.0,2974.884746451606
6089.0,2974.884746451606
6090.0,2974.884746451606
6091.0,2974.884746451606
6092.0,2974.884746451606
6093.0,2974.884746451606
6094.0,2974.884746451606
6095.0,2974.884746451606
6096.0,2974.884746451606
6097.0,2974.884746451606
6098.0,2974.884746451606
6099.0,2974.884746451606
6100.0,2974.884746451606
6101.0,1728.1969447768063
6102.0,1622.0318784631095
6103.0,1625.1351824806825
6104.0,1622.0768409263487
6105.0,1632.3640568584365
6106.0,1624.5265172576246
6107.0,1626.7175674449807
6108.0,1626.7175674449807
6109.0,1367.7530652847274
6110.0,1626.7175674449807
6111.0,1626.7175674449807
6112.0,1626.7175674449807
6113.0,1626.7175674449807
6114.0,1626.9731814702993
6115.0,1707.7285788628126
6116.0,1689.2122487640004
6117.0,1627.6594669708347
6118.0,1626.450535597921
6119.0,2519.630221344533
6120.0,3095.992373455429
6121.0,1626.7175674449807
6122.0,1626.7175674449807
6123.0,1626.7175674449807
6124.0,1626.7175674449807
6125.0,1626.7175674449807
6126.0,1626.7175674449807
6127.0,1627.5353478776651
6128.0,1622.900897270229
6129.0,1625.4135680052036
6130.0,1590.8272018362309
6131.0,1624.1340662628727
6132.0,1618.464559913082
6133.0,1626.7175674449807
6134.0,1626.7175674449807
6135.0,1626.7175674449807
6136.0,1626.7175674449807
6137.0,1626.7175674449807
6138.0,1626.7175674449807
6139.0,1624.3735911324459
6140.0,1626.7175674449807
6141.0,1626.7175674449807
6142.0,1626.7175674449807
6143.0,1624.1996669087982
6144.0,1625.555486671434
6145.0,1621.482833198632
6146.0,1631.2959110002796
6147.0,1624.2431290918676
6148.0,1079.2362062644504
6149.0,1623.9852762299386
6150.0,1572.7859123956398
6151.0,1566.3504579355229
6152.0,1603.7858491106838
6153.0,470.9210553977397
6154.0,1638.6990919241523
6155.0,1626.7175674449807
6156.0,1626.7175674449807
6157.0,1644.1600225892016
6158.0,1570.926125525359
6159.0,884.2729829179153
6160.0,1655.1852704628946
6161.0,1638.4861315059943
6162.0,1626.7175674449807
6163.0,1487.697802770296
6164.0,1493.164522395284
6165.0,2038.8063240846745
6166.0,1626.7175674449807
6167.0,1626.7175674449807
6168.0,1635.963489512411
6169.0,1622.0069924435115
6170.0,1365.5199571850465
6171.0,397.4582021899665
6172.0,4728.6624830837645
6173.0,9419.633286167753
6174.0,1626.7175674449807
6175.0,1626.7175674449807
6176.0,1626.7175674449807
6177.0,1626.7175674449807
6178.0,1626.7175674449807
6179.0,1626.7175674449807
6180.0,1626.7175674449807
6181.0,1626.7175674449807
6182.0,1626.7175674449807
6183.0,1626.7175674449807
6184.0,1626.7175674449807
6185.0,1626.7175674449807
6186.0,1626.7175674449807
6187.0,1626.7175674449807
6188.0,1626.7175674449807
6189.0,1626.7175674449807
6190.0,1626.7175674449807
6191.0,1626.7175674449807
6192.0,1626.7175674449807
6193.0,1626.7175674449807
6194.0,1626.7175674449807
6195.0,1626.7175674449807
6196.0,1626.7175674449807
6197.0,1626.7175674449807
6198.0,1626.7175674449807
6199.0,1626.7175674449807
6200.0,1626.7175674449807
6201.0,1756.7893305709563
6202.0,2697.1538487182215
6203.0,1751.7000019953064
6204.0,1756.9070622176066
6205.0,1762.0341944749823
6206.0,1746.4022116509832
6207.0,1756.4955466656577
6208.0,1756.7893305709563
6209.0,1756.7893305709563
6210.0,773.449179534716
6211.0,1756.7893305709563
6212.0,1756.7893305709563
6213.0,1756.7893305709563
6214.0,1756.7893305709563
6215.0,1756.913061705562
6216.0,2846.517110943085
6217.0,2481.7987187465815
6218.0,1754.3230766894285
6219.0,1754.2033736331448
6220.0,3611.3343753388363
6221.0,4156.032582051636
6222.0,1756.7893305709563
6223.0,1756.7893305709563
6224.0,1756.7893305709563
6225.0,1756.7893305709563
6226.0,1756.7893305709563
6227.0,1756.7893305709563
6228.0,1757.1899614319548
6229.0,1755.6013793215207
6230.0,1759.1536485789516
6231.0,1752.7813024808263
6232.0,1763.9642207552256
6233.0,1757.0684568900915
6234.0,1756.7893305709563
6235.0,1756.7893305709563
6236.0,1756.7893305709563
6237.0,1756.7893305709563
6238.0,1756.7893305709563
6239.0,1756.7893305709563
6240.0,1756.9361788543763
6241.0,1754.0567200985902
6242.0,1756.860415027126
6243.0,1753.9711241514538
6244.0,1754.2549151570968
6245.0,1755.4749963524846
6246.0,1756.8785065181837
6247.0,1770.9205649310877
6248.0,1754.0712473724038
6249.0,1003.134258985211
6250.0,1758.0083870474004
6251.0,1243.4321152335308
6252.0,1599.7227884158417
6253.0,1790.343367405191
6254.0,461.05593483384104
6255.0,1768.232295944418
6256.0,1756.7893305709563
6257.0,1756.7893305709563
6258.0,1696.1698930609682
6259.0,1526.6937618059678
6260.0,932.9847539250644
6261.0,1785.7904242673087
6262.0,1727.6311667522425
6263.0,1756.7893305709563
6264.0,2212.7966432283447
6265.0,1882.8705237658871
6266.0,2146.7393718836515
6267.0,1756.7893305709563
6268.0,1756.7893305709563
6269.0,1779.8305547172215
6270.0,1756.3547855202403
6271.0,1334.914590859412
6272.0,1078.8554299703565
6273.0,8281.937977898644
6274.0,5261.274445174152
6275.0,1756.7893305709563
6276.0,1756.7893305709563
6277.0,1756.7893305709563
6278.0,1756.7893305709563
6279.0,1756.7893305709563
6280.0,1756.7893305709563
6281.0,1756.7893305709563
6282.0,1756.7893305709563
6283.0,1756.7893305709563
6284.0,1756.7893305709563
6285.0,1756.7893305709563
6286.0,1756.7893305709563
6287.0,1756.7893305709563
6288.0,1756.7893305709563
6289.0,1756.7893305709563
6290.0,1756.7893305709563
6291.0,1756.7893305709563
6292.0,1756.7893305709563
6293.0,1756.7893305709563
6294.0,1756.7893305709563
6295.0,1756.7893305709563
6296.0,1756.7893305709563
6297.0,1756.7893305709563
6298.0,1756.7893305709563
6299.0,1756.7893305709563
6300.0,1756.7893305709563
6301.0,960.7892440555023
6302.0,942.9555017790376
6303.0,945.5418031064295
6304.0,943.6972585529606
6305.0,943.5680531041686
6306.0,939.6127953169649
6307.0,943.6612706835318
6308.0,943.6612706835318
6309.0,2465.580196828771
6310.0,943.6612706835318
6311.0,943.6612706835318
6312.0,943.6612706835318
6313.0,943.6612706835318
6314.0,941.3073986292775
6315.0,958.6815702926885
6316.0,970.0411722941917
6317.0,940.209671324667
6318.0,940.1227009175985
6319.0,1010.0046403808352
6320.0,997.4275954974111
6321.0,943.6612706835318
6322.0,943.6612706835318
6323.0,943.6612706835318
6324.0,943.6612706835318
6325.0,943.6612706835318
6326.0,943.6612706835318
6327.0,943.4156619733166
6328.0,943.4788804617906
6329.0,959.6473705133092
6330.0,951.7255385842691
6331.0,940.1389949368439
6332.0,942.5053614570519
6333.0,943.6612706835318
6334.0,943.6612706835318
6335.0,943.6612706835318
6336.0,943.6612706835318
6337.0,943.6612706835318
6338.0,943.6612706835318
6339.0,944.3434078987416
6340.0,942.7050759885561
6341.0,943.3889578556394
6342.0,943.6612706835318
6343.0,943.7583859493132
6344.0,941.4382872391031
6345.0,945.2240781349353
6346.0,924.3338569709817
6347.0,942.843847386693
6348.0,1819.6181323188603
6349.0,945.9805563207998
6350.0,1136.4799169638877
6351.0,1046.2053279457334
6352.0,925.9587488431512
6353.0,2349.9459070085636
6354.0,953.7750145599209
6355.0,943.6612706835318
6356.0,943.6612706835318
6357.0,993.4111714403826
6358.0,1078.5443157056948
6359.0,2286.8767963984615
6360.0,935.6071928308497
6361.0,948.5405013831485
6362.0,943.6612706835318
6363.0,759.0832066726671
6364.0,866.9760142960173
6365.0,785.6825757511564
6366.0,943.6612706835318
6367.0,943.6612706835318
6368.0,940.5772826402548
6369.0,943.3177321334213
6370.0,1324.3837491616073
6371.0,1881.0393884710247
6372.0,217.53604923107412
6373.0,335.1242737034522
6374.0,943.6612706835318
6375.0,943.6612706835318
6376.0,943.6612706835318
6377.0,943.6612706835318
6378.0,943.6612706835318
6379.0,943.6612706835318
6380.0,943.6612706835318
6381.0,943.6612706835318
6382.0,943.6612706835318
6383.0,943.6612706835318
6384.0,943.6612706835318
6385.0,943.6612706835318
6386.0,943.6612706835318
6387.0,943.6612706835318
6388.0,943.6612706835318
6389.0,943.6612706835318
6390.0,943.6612706835318
6391.0,943.6612706835318
6392.0,943.6612706835318
6393.0,943.6612706835318
6394.0,943.6612706835318
6395.0,943.6612706835318
6396.0,943.6612706835318
6397.0,943.6612706835318
6398.0,943.6612706835318
6399.0,943.6612706835318
6400.0,943.6612706835318
6401.0,404.71650257188355
6402.0,397.28683926226245
6403.0,416.8414067139141
6404.0,404.4719566147836
6405.0,407.2042044015329
6406.0,402.06142098764013
6407.0,406.2059757123804
6408.0,404.71650257188355
6409.0,404.71650257188355
6410.0,223.49455694762935
6411.0,404.71650257188355
6412.0,404.71650257188355
6413.0,404.71650257188355
6414.0,404.71650257188355
6415.0,420.86543040728685
6416.0,411.99175006585756
6417.0,413.53831634993935
6418.0,411.11198301686164
6419.0,405.41960911774333
6420.0,405.49963044229276
6421.0,431.8317921880836
6422.0,404.71650257188355
6423.0,404.71650257188355
6424.0,404.71650257188355
6425.0,404.71650257188355
6426.0,404.71650257188355
6427.0,404.71650257188355
6428.0,405.2440286308809
6429.0,409.70110918374615
6430.0,405.95447533197404
6431.0,407.3474092275041
6432.0,407.83913138620534
6433.0,359.22557450952866
6434.0,404.71650257188355
6435.0,404.71650257188355
6436.0,404.71650257188355
6437.0,404.71650257188355
6438.0,404.71650257188355
6439.0,404.71650257188355
6440.0,407.84597234914355
6441.0,404.71650257188355
6442.0,404.71650257188355
6443.0,404.71650257188355
6444.0,406.48810481440466
6445.0,406.591322318539
6446.0,402.53313630180696
6447.0,412.3491683707474
6448.0,406.4812299687005
6449.0,471.6757260682728
6450.0,409.8243739665785
6451.0,364.8621030105196
6452.0,351.8620112452583
6453.0,380.8370312027043
6454.0,320.7200278878999
6455.0,405.7710406296681
6456.0,404.71650257188355
6457.0,404.71650257188355
6458.0,549.3802332115308
6459.0,518.3964367095687
6460.0,770.345724923966
6461.0,403.81773251354394
6462.0,395.6710897874719
6463.0,404.71650257188355
6464.0,401.95421591022375
6465.0,435.03619951437884
6466.0,322.6399141964795
6467.0,404.71650257188355
6468.0,404.71650257188355
6469.0,405.9035367793221
6470.0,409.0401214393679
6471.0,406.6000011706076
6472.0,1060.164336574805
6473.0,572.0475676254873
6474.0,3026.164277847589
6475.0,404.71650257188355
6476.0,404.71650257188355
6477.0,404.71650257188355
6478.0,404.71650257188355
6479.0,404.71650257188355
6480.0,404.71650257188355
6481.0,404.71650257188355
6482.0,404.71650257188355
6483.0,404.71650257188355
6484.0,404.71650257188355
6485.0,404.71650257188355
6486.0,404.71650257188355
6487.0,404.71650257188355
6488.0,404.71650257188355
6489.0,404.71650257188355
6490.0,404.71650257188355
6491.0,404.71650257188355
6492.0,404.71650257188355
6493.0,404.71650257188355
6494.0,404.71650257188355
6495.0,404.71650257188355
6496.0,404.71650257188355
6497.0,404.71650257188355
6498.0,404.71650257188355
6499.0,404.71650257188355
6500.0,404.71650257188355
6501.0,9661.396068554403
6502.0,9661.196101932317
6503.0,9654.589088643193
6504.0,9674.81464291119
6505.0,9668.85505092794
6506.0,9673.094281896178
6507.0,9667.723521624126
6508.0,9667.723521624126
6509.0,10104.074127832613
6510.0,9667.723521624126
6511.0,9667.723521624126
6512.0,9667.723521624126
6513.0,9667.723521624126
6514.0,9685.669288711553
6515.0,9711.840199479668
6516.0,9669.272132769152
6517.0,9694.245876310759
6518.0,9660.10481977467
6519.0,9661.384937237848
6520.0,9684.4979743976
6521.0,9667.723521624126
6522.0,9667.723521624126
6523.0,9667.723521624126
6524.0,9667.723521624126
6525.0,9667.723521624126
6526.0,9667.723521624126
6527.0,9717.154821853375
6528.0,9656.821741136866
6529.0,9672.537847973792
6530.0,9664.873010405878
6531.0,9643.810204032583
6532.0,9662.352209442235
6533.0,9667.723521624126
6534.0,9667.723521624126
6535.0,9667.723521624126
6536.0,9667.723521624126
6537.0,9667.723521624126
6538.0,9667.723521624126
6539.0,9670.772335590818
6540.0,9667.723521624126
6541.0,9667.723521624126
6542.0,9667.723521624126
6543.0,9653.998071961478
6544.0,9662.979565467798
6545.0,9679.303675779973
6546.0,9699.989002073378
6547.0,9659.530461858567
6548.0,9526.765528233915
6549.0,9650.261174459949
6550.0,9725.626010066493
6551.0,9910.958139533677
6552.0,9714.193432024149
6553.0,9754.085177817564
6554.0,9659.875407820695
6555.0,9667.723521624126
6556.0,9667.723521624126
6557.0,9560.539525817545
6558.0,9622.038648524698
6559.0,9485.47650031875
6560.0,9674.724144041236
6561.0,9679.162414532248
6562.0,9667.723521624126
6563.0,9679.823338097094
6564.0,9692.572377825956
6565.0,9758.221968447131
6566.0,9667.723521624126
6567.0,9667.723521624126
6568.0,9692.930000283885
6569.0,9665.155767661812
6570.0,9650.452123681553
6571.0,8355.031761922937
6572.0,7450.498981069277
6573.0,1223.6093466705902
6574.0,9667.723521624126
6575.0,9667.723521624126
6576.0,9667.723521624126
6577.0,9667.723521624126
6578.0,9667.723521624126
6579.0,9667.723521624126
6580.0,9667.723521624126
6581.0,9667.723521624126
6582.0,9667.723521624126
6583.0,9667.723521624126
6584.0,9667.723521624126
6585.0,9667.723521624126
6586.0,9667.723521624126
6587.0,9667.723521624126
6588.0,9667.723521624126
6589.0,9667.723521624126
6590.0,9667.723521624126
6591.0,9667.723521624126
6592.0,9667.723521624126
6593.0,9667.723521624126
6594.0,9667.723521624126
6595.0,9667.723521624126
6596.0,9667.723521624126
6597.0,9667.723521624126
6598.0,9667.723521624126
6599.0,9667.723521624126
6600.0,9667.723521624126
6601.0,800.6528331899872
6602.0,817.5397480683002
6603.0,826.2990378006702
6604.0,823.1863576423228
6605.0,823.2589452454149
6606.0,839.9404963642723
6607.0,826.1411711657855
6608.0,800.6528331899872
6609.0,800.6528331899872
6610.0,1066.026470869729
6611.0,800.6528331899872
6612.0,800.6528331899872
6613.0,800.6528331899872
6614.0,800.6528331899872
6615.0,835.6510932450572
6616.0,818.9886472864018
6617.0,838.5815690148185
6618.0,824.5843599881185
6619.0,831.0252330570949
6620.0,764.3427054956131
6621.0,820.6864685736397
6622.0,800.6528331899872
6623.0,800.6528331899872
6624.0,800.6528331899872
6625.0,800.6528331899872
6626.0,800.6528331899872
6627.0,800.6528331899872
6628.0,831.5643568436982
6629.0,829.222781076023
6630.0,834.6681192495339
6631.0,831.7125180330285
6632.0,832.62891730591
6633.0,829.5007912966639
6634.0,800.6528331899872
6635.0,800.6528331899872
6636.0,800.6528331899872
6637.0,800.6528331899872
6638.0,800.6528331899872
6639.0,800.6528331899872
6640.0,824.7342933459335
6641.0,831.5815902303974
6642.0,832.6763128398504
6643.0,827.0276682123201
6644.0,824.2579390577049
6645.0,824.4928614138477
6646.0,821.6294224675557
6647.0,825.9480222934781
6648.0,825.120486424615
6649.0,929.7816889270165
6650.0,820.7283835164368
6651.0,807.1016669383763
6652.0,876.1014680884415
6653.0,787.3955865453685
6654.0,662.7774175455518
6655.0,783.6160771089167
6656.0,800.6528331899872
6657.0,800.6528331899872
6658.0,619.3976742293238
6659.0,795.8095303348854
6660.0,354.8038582807005
6661.0,826.5307965308268
6662.0,850.0051544605964
6663.0,800.6528331899872
6664.0,809.5610920298362
6665.0,876.2678247382089
6666.0,1046.9794414147566
6667.0,800.6528331899872
6668.0,800.6528331899872
6669.0,831.8833877499001
6670.0,831.5463059889514
6671.0,826.6501275713943
6672.0,3361.0784458357575
6673.0,188.49522025558295
6674.0,444.2802355984758
6675.0,800.6528331899872
6676.0,800.6528331899872
6677.0,800.6528331899872
6678.0,800.6528331899872
6679.0,800.6528331899872
6680.0,800.6528331899872
6681.0,800.6528331899872
6682.0,800.6528331899872
6683.0,800.6528331899872
6684.0,800.6528331899872
6685.0,800.6528331899872
6686.0,800.6528331899872
6687.0,800.6528331899872
6688.0,800.6528331899872
6689.0,800.6528331899872
6690.0,800.6528331899872
6691.0,800.6528331899872
6692.0,800.6528331899872
6693.0,800.6528331899872
6694.0,800.6528331899872
6695.0,800.6528331899872
6696.0,800.6528331899872
6697.0,800.6528331899872
6698.0,800.6528331899872
6699.0,800.6528331899872
6700.0,800.6528331899872
6701.0,187.24651429357465
6702.0,143.267528062689
6703.0,144.44717905379585
6704.0,145.45799020917121
6705.0,144.03679437886495
6706.0,144.80670307280613
6707.0,145.12345338716955
6708.0,145.12345338716955
6709.0,122.5240044459122
6710.0,145.12345338716955
6711.0,145.12345338716955
6712.0,145.12345338716955
6713.0,145.12345338716955
6714.0,144.73952609789254
6715.0,178.73214260643292
6716.0,104.32932121937891
6717.0,144.6625549972687
6718.0,145.09775608858956
6719.0,206.32646713197957
6720.0,206.75707191530597
6721.0,145.12345338716955
6722.0,145.12345338716955
6723.0,145.12345338716955
6724.0,145.12345338716955
6725.0,145.12345338716955
6726.0,145.12345338716955
6727.0,144.60112965070866
6728.0,144.61069823706384
6729.0,144.7753227397563
6730.0,144.54625365241296
6731.0,144.91215724471533
6732.0,145.10386666386282
6733.0,145.12345338716955
6734.0,145.12345338716955
6735.0,145.12345338716955
6736.0,145.12345338716955
6737.0,145.12345338716955
6738.0,145.12345338716955
6739.0,145.3629942981868
6740.0,144.91583796711552
6741.0,144.6556225601032
6742.0,144.2415846193667
6743.0,144.5652534432683
6744.0,144.92803488253045
6745.0,145.0937189848996
6746.0,144.37537922449778
6747.0,144.69277104003663
6748.0,132.30234269878454
6749.0,145.8449858302406
6750.0,165.24331176181767
6751.0,140.11936936827772
6752.0,145.207500776352
6753.0,169.5877244236919
6754.0,144.95315282366246
6755.0,145.12345338716955
6756.0,145.12345338716955
6757.0,145.53861178294133
6758.0,144.76232022851656
6759.0,150.09795796463058
6760.0,143.69409578780179
6761.0,141.0820517612368
6762.0,145.12345338716955
6763.0,144.67020309318758
6764.0,144.36287844933187
6765.0,144.40095971695578
6766.0,145.12345338716955
6767.0,145.12345338716955
6768.0,131.6137857282883
6769.0,145.92448344186855
6770.0,144.6202593555297
6771.0,143.5535516850512
6772.0,379.2510576365975
6773.0,174.47552625809587
6774.0,145.12345338716955
6775.0,145.12345338716955
6776.0,145.12345338716955
6777.0,145.12345338716955
6778.0,145.12345338716955
6779.0,145.12345338716955
6780.0,145.12345338716955
6781.0,145.12345338716955
6782.0,145.12345338716955
6783.0,145.12345338716955
6784.0,145.12345338716955
6785.0,145.12345338716955
6786.0,145.12345338716955
6787.0,145.12345338716955
6788.0,145.12345338716955
6789.0,145.12345338716955
6790.0,145.12345338716955
6791.0,145.12345338716955
6792.0,145.12345338716955
6793.0,145.12345338716955
6794.0,145.12345338716955
6795.0,145.12345338716955
6796.0,145.12345338716955
6797.0,145.12345338716955
6798.0,145.12345338716955
6799.0,145.12345338716955
6800.0,145.12345338716955
6801.0,4584.916282795071
6802.0,4456.943306539063
6803.0,4579.0094613261845
6804.0,4582.617834028997
6805.0,4583.960451487963
6806.0,4573.268688186692
6807.0,4602.249301683772
6808.0,4584.916282795071
6809.0,4584.916282795071
6810.0,6332.333320446637
6811.0,4584.916282795071
6812.0,4584.916282795071
6813.0,4584.916282795071
6814.0,4584.916282795071
6815.0,4583.36235449743
6816.0,4636.447575249864
6817.0,4447.271702868126
6818.0,4583.446739944506
6819.0,4582.950236967122
6820.0,4666.291977479387
6821.0,3424.0471508017717
6822.0,4584.916282795071
6823.0,4584.916282795071
6824.0,4584.916282795071
6825.0,4584.916282795071
6826.0,4584.916282795071
6827.0,4584.916282795071
6828.0,4584.35804427835
6829.0,4583.6500367251765
6830.0,4583.619031412103
6831.0,4585.221814302545
6832.0,4535.652131797728
6833.0,4585.1033237142
6834.0,4584.916282795071
6835.0,4584.916282795071
6836.0,4584.916282795071
6837.0,4584.916282795071
6838.0,4584.916282795071
6839.0,4584.916282795071
6840.0,4582.429368250481
6841.0,4585.834455559612
6842.0,4584.916282795071
6843.0,4584.916282795071
6844.0,4585.059607910594
6845.0,4583.214973948604
6846.0,4584.828952652691
6847.0,4564.032352120971
6848.0,4591.912673156851
6849.0,6125.708874238394
6850.0,4573.558028165573
6851.0,4996.430035795843
6852.0,4412.979077141635
6853.0,4262.181174707256
6854.0,6971.894407427385
6855.0,4583.942735889643
6856.0,4584.916282795071
6857.0,4584.916282795071
6858.0,5605.79955652364
6859.0,4512.079670627263
6860.0,4362.7609200893185
6861.0,4715.545371941337
6862.0,4578.087174092694
6863.0,4584.916282795071
6864.0,7305.5938108556265
6865.0,5049.287535598199
6866.0,7098.999186689105
6867.0,4584.916282795071
6868.0,4584.916282795071
6869.0,4584.4962244169255
6870.0,4585.254104153746
6871.0,2928.287991105811
6872.0,3992.084008680509
6873.0,8399.204889017907
6874.0,185.43243293031796
6875.0,4584.916282795071
6876.0,4584.916282795071
6877.0,4584.916282795071
6878.0,4584.916282795071
6879.0,4584.916282795071
6880.0,4584.916282795071
6881.0,4584.916282795071
6882.0,4584.916282795071
6883.0,4584.916282795071
6884.0,4584.916282795071
6885.0,4584.916282795071
6886.0,4584.916282795071
6887.0,4584.916282795071
6888.0,4584.916282795071
6889.0,4584.916282795071
6890.0,4584.916282795071
6891.0,4584.916282795071
6892.0,4584.916282795071
6893.0,4584.916282795071
6894.0,4584.916282795071
6895.0,4584.916282795071
6896.0,4584.916282795071
6897.0,4584.916282795071
6898.0,4584.916282795071
6899.0,4584.916282795071
6900.0,4584.916282795071
6901.0,2745.1051259141295
6902.0,2530.943440024906
6903.0,2531.927078712051
6904.0,2516.852178458771
6905.0,2521.7774792394634
6906.0,2516.5857228807345
6907.0,2530.129723992872
6908.0,2530.129723992872
6909.0,2121.717856898644
6910.0,2530.129723992872
6911.0,2530.129723992872
6912.0,2530.129723992872
6913.0,2530.129723992872
6914.0,2518.7854416416517
6915.0,2414.0346465090656
6916.0,2659.516063705119
6917.0,2516.0624950813744
6918.0,2520.479009557119
6919.0,2102.5764912269956
6920.0,3277.3726145931428
6921.0,2530.129723992872
6922.0,2530.129723992872
6923.0,2530.129723992872
6924.0,2530.129723992872
6925.0,2530.129723992872
6926.0,2530.129723992872
6927.0,2514.806579230253
6928.0,2512.5182616292705
6929.0,2529.8571907366595
6930.0,2536.910984677641
6931.0,2524.50583027746
6932.0,2516.033029836431
6933.0,2530.129723992872
6934.0,2530.129723992872
6935.0,2530.129723992872
6936.0,2530.129723992872
6937.0,2530.129723992872
6938.0,2530.129723992872
6939.0,2529.154206071728
6940.0,2530.927811636244
6941.0,2530.085962711899
6942.0,2517.5111395197428
6943.0,2529.5629205391533
6944.0,2529.01381374752
6945.0,2529.332216869518
6946.0,2582.0640106797373
6947.0,2528.7345598059237
6948.0,2138.9370966154283
6949.0,2528.583546017792
6950.0,2432.8138599303697
6951.0,2569.234068714901
6952.0,2602.211462431873
6953.0,1370.3087422853678
6954.0,2526.67571630584
6955.0,2530.129723992872
6956.0,2530.129723992872
6957.0,1934.8592990274803
6958.0,2539.120967354547
6959.0,2583.8463109248933
6960.0,2450.0607422810517
6961.0,2529.1714231496753
6962.0,2530.129723992872
6963.0,1353.4403592992603
6964.0,2422.2442497001593
6965.0,1393.9277874623976
6966.0,2530.129723992872
6967.0,2530.129723992872
6968.0,2529.3962788726226
6969.0,2525.1344556811764
6970.0,2901.293111032075
6971.0,2692.2979939111633
6972.0,1390.1381177404207
6973.0,9445.147126150368
6974.0,2530.129723992872
6975.0,2530.129723992872
6976.0,2530.129723992872
6977.0,2530.129723992872
6978.0,2530.129723992872
6979.0,2530.129723992872
6980.0,2530.129723992872
6981.0,2530.129723992872
6982.0,2530.129723992872
6983.0,2530.129723992872
6984.0,2530.129723992872
6985.0,2530.129723992872
6986.0,2530.129723992872
6987.0,2530.129723992872
6988.0,2530.129723992872
6989.0,2530.129723992872
6990.0,2530.129723992872
6991.0,2530.129723992872
6992.0,2530.129723992872
6993.0,2530.129723992872
6994.0,2530.129723992872
6995.0,2530.129723992872
6996.0,2530.129723992872
6997.0,2530.129723992872
6998.0,2530.129723992872
6999.0,2530.129723992872
7000.0,2530.129723992872
7001.0,362.70837250709707
7002.0,413.26852973189557
7003.0,368.151209142902
7004.0,362.5812873162902
7005.0,362.8623737626879
7006.0,362.71532160059166
7007.0,362.1154722641429
7008.0,362.70837250709707
7009.0,362.70837250709707
7010.0,186.12886000067297
7011.0,362.70837250709707
7012.0,362.70837250709707
7013.0,362.70837250709707
7014.0,362.70837250709707
7015.0,363.16317358217935
7016.0,377.1106266834344
7017.0,410.84427087919636
7018.0,362.4824314641538
7019.0,364.928081312942
7020.0,452.5951839237572
7021.0,541.2605784626336
7022.0,362.70837250709707
7023.0,362.70837250709707
7024.0,362.70837250709707
7025.0,362.70837250709707
7026.0,362.70837250709707
7027.0,362.70837250709707
7028.0,362.5379211998449
7029.0,365.6669119079098
7030.0,362.30985699005817
7031.0,365.8002194503759
7032.0,363.05927908964236
7033.0,366.27272438318573
7034.0,362.70837250709707
7035.0,362.70837250709707
7036.0,362.70837250709707
7037.0,362.70837250709707
7038.0,362.70837250709707
7039.0,362.70837250709707
7040.0,362.1554826814501
7041.0,362.87482999940534
7042.0,365.33056423305203
7043.0,362.8574348517906
7044.0,362.562386616084
7045.0,362.58016915979056
7046.0,364.4186166994886
7047.0,359.87068412791547
7048.0,363.3680117824026
7049.0,405.1157944360922
7050.0,365.5042240090221
7051.0,218.53086985651782
7052.0,360.0901174300476
7053.0,361.34011311273986
7054.0,627.8992142023782
7055.0,363.55878130068186
7056.0,362.70837250709707
7057.0,362.70837250709707
7058.0,356.08680425598135
7059.0,360.54909388747546
7060.0,365.2744639480362
7061.0,363.40063369757456
7062.0,364.0151765167099
7063.0,362.70837250709707
7064.0,363.36574982296037
7065.0,336.73324702363965
7066.0,362.3316434832008
7067.0,362.70837250709707
7068.0,362.70837250709707
7069.0,326.1639552575843
7070.0,364.3661581854839
7071.0,377.4855656656023
7072.0,357.8785345650748
7073.0,667.1279877739688
7074.0,511.5728523044247
7075.0,362.70837250709707
7076.0,362.70837250709707
7077.0,362.70837250709707
7078.0,362.70837250709707
7079.0,362.70837250709707
7080.0,362.70837250709707
7081.0,362.70837250709707
7082.0,362.70837250709707
7083.0,362.70837250709707
7084.0,362.70837250709707
7085.0,362.70837250709707
7086.0,362.70837250709707
7087.0,362.70837250709707
7088.0,362.70837250709707
7089.0,362.70837250709707
7090.0,362.70837250709707
7091.0,362.70837250709707
7092.0,362.70837250709707
7093.0,362.70837250709707
7094.0,362.70837250709707
7095.0,362.70837250709707
7096.0,362.70837250709707
7097.0,362.70837250709707
7098.0,362.70837250709707
7099.0,362.70837250709707
7100.0,362.70837250709707
7101.0,1083.377471854836
7102.0,1079.5857684617706
7103.0,1086.3291059843061
7104.0,1088.247159829813
7105.0,1081.1343641338112
7106.0,1080.9140304444072
7107.0,1086.8092613769204
7108.0,1086.8092613769204
7109.0,2817.2909816476217
7110.0,1086.8092613769204
7111.0,1086.8092613769204
7112.0,1086.8092613769204
7113.0,1086.8092613769204
7114.0,1081.5037347102161
7115.0,1085.831270495977
7116.0,1051.9366613615537
7117.0,1087.650272613344
7118.0,1087.8431139252593
7119.0,1078.8552642938237
7120.0,1028.8503385064346
7121.0,1086.8092613769204
7122.0,1086.8092613769204
7123.0,1086.8092613769204
7124.0,1086.8092613769204
7125.0,1086.8092613769204
7126.0,1086.8092613769204
7127.0,1088.7545375237376
7128.0,1089.7907071133993
7129.0,1083.568290377768
7130.0,1082.0167777061904
7131.0,1079.49986351743
7132.0,1077.7443884383306
7133.0,1086.8092613769204
7134.0,1086.8092613769204
7135.0,1086.8092613769204
7136.0,1086.8092613769204
7137.0,1086.8092613769204
7138.0,1086.8092613769204
7139.0,1084.7198792145805
7140.0,1078.28837150009
7141.0,1086.8092613769204
7142.0,1086.8092613769204
7143.0,1049.0312366341052
7144.0,1081.6358245847975
7145.0,1085.137159982357
7146.0,1111.3274901053248
7147.0,1082.6473739964001
7148.0,913.8710802048535
7149.0,1086.7875350725676
7150.0,1197.3772230803525
7151.0,1097.4595318869845
7152.0,1137.673910898082
7153.0,450.5265278335479
7154.0,1077.59103936871
7155.0,1086.8092613769204
7156.0,1086.8092613769204
7157.0,1732.177125256303
7158.0,1134.5589618963634
7159.0,1148.6529508263602
7160.0,1081.3261230296546
7161.0,1087.7618760436617
7162.0,1086.8092613769204
7163.0,1107.4724183322076
7164.0,2201.433151940266
7165.0,1142.9533479501433
7166.0,1086.8092613769204
7167.0,1086.8092613769204
7168.0,1078.9223652421902
7169.0,1088.8580871475342
7170.0,734.3796632178417
7171.0,1415.8564245412665
7172.0,262.7392985395816
7173.0,358.52042429629637
7174.0,1086.8092613769204
7175.0,1086.8092613769204
7176.0,1086.8092613769204
7177.0,1086.8092613769204
7178.0,1086.8092613769204
7179.0,1086.8092613769204
7180.0,1086.8092613769204
7181.0,1086.8092613769204
7182.0,1086.8092613769204
7183.0,1086.8092613769204
7184.0,1086.8092613769204
7185.0,1086.8092613769204
7186.0,1086.8092613769204
7187.0,1086.8092613769204
7188.0,1086.8092613769204
7189.0,1086.8092613769204
7190.0,1086.8092613769204
7191.0,1086.8092613769204
7192.0,1086.8092613769204
7193.0,1086.8092613769204
7194.0,1086.8092613769204
7195.0,1086.8092613769204
7196.0,1086.8092613769204
7197.0,1086.8092613769204
7198.0,1086.8092613769204
7199.0,1086.8092613769204
7200.0,1086.8092613769204
7201.0,3162.769645489462
7202.0,3136.9663702753683
7203.0,3129.2960295783137
7204.0,3163.1394847828496
7205.0,3163.1159426413565
7206.0,3143.171312489427
7207.0,3122.755146957263
7208.0,3162.769645489462
7209.0,3162.769645489462
7210.0,5471.4612270627495
7211.0,3162.769645489462
7212.0,3162.769645489462
7213.0,3162.769645489462
7214.0,3162.769645489462
7215.0,3137.0102216531727
7216.0,3172.7918912153236
7217.0,3104.861571650668
7218.0,3134.3837435286455
7219.0,3132.7718864089497
7220.0,3144.6602498090083
7221.0,3262.3921193926917
7222.0,3162.769645489462
7223.0,3162.769645489462
7224.0,3162.769645489462
7225.0,3162.769645489462
7226.0,3162.769645489462
7227.0,3162.769645489462
7228.0,3149.3229019831524
7229.0,3132.761176904996
7230.0,3134.7693207369603
7231.0,3135.5878544870006
7232.0,3130.3288036679446
7233.0,3133.8919423649904
7234.0,3162.769645489462
7235.0,3162.769645489462
7236.0,3162.769645489462
7237.0,3162.769645489462
7238.0,3162.769645489462
7239.0,3162.769645489462
7240.0,3134.5748156310897
7241.0,3131.9057192742657
7242.0,3129.9988589408554
7243.0,3162.769645489462
7244.0,3134.5469789904178
7245.0,3132.377797507396
7246.0,3144.573407916042
7247.0,3126.791845673521
7248.0,3136.3730628927983
7249.0,2673.4710971862787
7250.0,3140.1573458839252
7251.0,3051.3364334663597
7252.0,2938.6877628746365
7253.0,3535.952385755203
7254.0,3625.835734725786
7255.0,3140.420270608249
7256.0,3162.769645489462
7257.0,3162.769645489462
7258.0,3386.6212318132743
7259.0,2876.060737448565
7260.0,867.2490480329514
7261.0,3176.6074993689076
7262.0,3131.4423482224706
7263.0,3162.769645489462
7264.0,3128.933783771851
7265.0,3644.151462412877
7266.0,3235.951245871773
7267.0,3162.769645489462
7268.0,3162.769645489462
7269.0,3132.9744942509155
7270.0,3130.3288838894673
7271.0,3172.810824159245
7272.0,5380.274118811571
7273.0,1395.6510601497296
7274.0,1982.124810658159
7275.0,3162.769645489462
7276.0,3162.769645489462
7277.0,3162.769645489462
7278.0,3162.769645489462
7279.0,3162.769645489462
7280.0,3162.769645489462
7281.0,3162.769645489462
7282.0,3162.769645489462
7283.0,3162.769645489462
7284.0,3162.769645489462
7285.0,3162.769645489462
7286.0,3162.769645489462
7287.0,3162.769645489462
7288.0,3162.769645489462
7289.0,3162.769645489462
7290.0,3162.769645489462
7291.0,3162.769645489462
7292.0,3162.769645489462
7293.0,3162.769645489462
7294.0,3162.769645489462
7295.0,3162.769645489462
7296.0,3162.769645489462
7297.0,3162.769645489462
7298.0,3162.769645489462
7299.0,3162.769645489462
7300.0,3162.769645489462
7301.0,1022.3090626713619
7302.0,1015.0790593954782
7303.0,1022.3909825442134
7304.0,1011.2336422425884
7305.0,1000.8546255339769
7306.0,1016.365687912659
7307.0,1016.8279738679873
7308.0,1016.8279738679873
7309.0,537.6606631522895
7310.0,1016.8279738679873
7311.0,1016.8279738679873
7312.0,1016.8279738679873
7313.0,1016.8279738679873
7314.0,1013.6826335313378
7315.0,1021.979203100372
7316.0,1003.6445211107462
7317.0,1022.649651942084
7318.0,1020.2062501056228
7319.0,1014.1232867500219
7320.0,1035.9778863875604
7321.0,1016.8279738679873
7322.0,1016.8279738679873
7323.0,1016.8279738679873
7324.0,1016.8279738679873
7325.0,1016.8279738679873
7326.0,1016.8279738679873
7327.0,1012.0408274901904
7328.0,1012.7271341576347
7329.0,1011.8036699401838
7330.0,1019.1986713528499
7331.0,1022.316148103432
7332.0,988.5285746848194
7333.0,1016.8279738679873
7334.0,1016.8279738679873
7335.0,1016.8279738679873
7336.0,1016.8279738679873
7337.0,1016.8279738679873
7338.0,1016.8279738679873
7339.0,1010.7133947953097
7340.0,1018.341584441784
7341.0,1016.8279738679873
7342.0,1016.8279738679873
7343.0,1021.9952558548943
7344.0,1008.6822665787707
7345.0,1009.4543008334468
7346.0,1023.373747554827
7347.0,1015.6052824428896
7348.0,1211.5269652893267
7349.0,1010.2981586931004
7350.0,1051.1047118129209
7351.0,1111.8672069545037
7352.0,927.042379460556
7353.0,851.1244235157762
7354.0,1008.5664615591991
7355.0,1016.8279738679873
7356.0,1016.8279738679873
7357.0,953.7985070021332
7358.0,1148.1688061635725
7359.0,3735.5240319068384
7360.0,997.5306222346801
7361.0,1009.3896199976267
7362.0,1016.8279738679873
7363.0,1033.8215554833062
7364.0,672.147745784114
7365.0,935.3910707462546
7366.0,1016.8279738679873
7367.0,1016.8279738679873
7368.0,1010.7591605692546
7369.0,1010.5441010335257
7370.0,1009.1034192839326
7371.0,656.0517055830409
7372.0,2356.999675720945
7373.0,1583.9428426109948
7374.0,1016.8279738679873
7375.0,1016.8279738679873
7376.0,1016.8279738679873
7377.0,1016.8279738679873
7378.0,1016.8279738679873
7379.0,1016.8279738679873
7380.0,1016.8279738679873
7381.0,1016.8279738679873
7382.0,1016.8279738679873
7383.0,1016.8279738679873
7384.0,1016.8279738679873
7385.0,1016.8279738679873
7386.0,1016.8279738679873
7387.0,1016.8279738679873
7388.0,1016.8279738679873
7389.0,1016.8279738679873
7390.0,1016.8279738679873
7391.0,1016.8279738679873
7392.0,1016.8279738679873
7393.0,1016.8279738679873
7394.0,1016.8279738679873
7395.0,1016.8279738679873
7396.0,1016.8279738679873
7397.0,1016.8279738679873
7398.0,1016.8279738679873
7399.0,1016.8279738679873
7400.0,1016.8279738679873
7401.0,3280.2648166241156
7402.0,3271.016477779398
7403.0,3284.363185407668
7404.0,3282.932482775731
7405.0,3281.340540144035
7406.0,3286.560032413651
7407.0,3286.0817216748264
7408.0,3280.2648166241156
7409.0,3280.2648166241156
7410.0,2020.2192233551782
7411.0,3280.2648166241156
7412.0,3280.2648166241156
7413.0,3280.2648166241156
7414.0,3280.2648166241156
7415.0,3280.1110157576113
7416.0,3650.8294243135683
7417.0,2976.5874396026347
7418.0,3280.418405308025
7419.0,3281.8314828787998
7420.0,3099.8708780779752
7421.0,1671.363105064261
7422.0,3280.2648166241156
7423.0,3280.2648166241156
7424.0,3280.2648166241156
7425.0,3280.2648166241156
7426.0,3280.2648166241156
7427.0,3280.2648166241156
7428.0,3280.463276360179
7429.0,3279.730186390408
7430.0,3285.305095889551
7431.0,3282.859417279612
7432.0,3284.1999853583447
7433.0,3283.463019361787
7434.0,3280.2648166241156
7435.0,3280.2648166241156
7436.0,3280.2648166241156
7437.0,3280.2648166241156
7438.0,3280.2648166241156
7439.0,3280.2648166241156
7440.0,3280.020944352549
7441.0,3275.9638891969366
7442.0,3280.2648166241156
7443.0,3280.2648166241156
7444.0,3280.5950545551723
7445.0,3281.6279511251237
7446.0,3281.7405195404685
7447.0,3353.3775799057466
7448.0,3280.2432956345947
7449.0,3020.3911290603587
7450.0,3276.2103530698923
7451.0,3868.5312767055057
7452.0,3634.6584829975404
7453.0,2889.540816144444
7454.0,3756.197377866365
7455.0,3259.8517538704073
7456.0,3280.2648166241156
7457.0,3280.2648166241156
7458.0,3363.4253515363016
7459.0,3032.8619254259943
7460.0,4288.343468081389
7461.0,3247.6604285546373
7462.0,3273.754570395053
7463.0,3280.2648166241156
7464.0,3224.04043875868
7465.0,4001.611232444103
7466.0,3841.2595319306756
7467.0,3280.2648166241156
7468.0,3280.2648166241156
7469.0,3282.5423802497994
7470.0,3281.8926369901023
7471.0,3285.7008488718584
7472.0,4712.039608072003
7473.0,1892.1863723484112
7474.0,1091.7854156299277
7475.0,3280.2648166241156
7476.0,3280.2648166241156
7477.0,3280.2648166241156
7478.0,3280.2648166241156
7479.0,3280.2648166241156
7480.0,3280.2648166241156
7481.0,3280.2648166241156
7482.0,3280.2648166241156
7483.0,3280.2648166241156
7484.0,3280.2648166241156
7485.0,3280.2648166241156
7486.0,3280.2648166241156
7487.0,3280.2648166241156
7488.0,3280.2648166241156
7489.0,3280.2648166241156
7490.0,3280.2648166241156
7491.0,3280.2648166241156
7492.0,3280.2648166241156
7493.0,3280.2648166241156
7494.0,3280.2648166241156
7495.0,3280.2648166241156
7496.0,3280.2648166241156
7497.0,3280.2648166241156
7498.0,3280.2648166241156
7499.0,3280.2648166241156
7500.0,3280.2648166241156
