2876.0,6686.454242900077
2877.0,6653.524566083819
2878.0,6653.718910612155
2879.0,6653.684754699072
2880.0,7066.443680218337
2881.0,6653.726565165367
2882.0,6653.506184888293
2883.0,6653.69484621222
2884.0,6653.692869644439
2885.0,6636.001888794722
2886.0,6640.663440690407
2887.0,6647.428928824566
2888.0,6652.233987806199
2889.0,6653.365480719348
2890.0,6653.617017543714
2891.0,6718.215895432452
2892.0,6653.443508957096
2893.0,6638.57399923086
2894.0,6655.386235386071
2895.0,6640.502295823956
2896.0,6654.818446767616
2897.0,6610.779562945789
2898.0,6653.69289120016
2899.0,2655.1683324325377
2900.0,2465.324843190407
2901.0,2655.16534822131
2902.0,2654.9145870194366
2903.0,2655.541586020528
2904.0,3427.038069521833
2905.0,2653.6183512374228
2906.0,2655.1215935355394
2907.0,2655.9344208116263
2908.0,2655.1683590503017
2909.0,2638.645415355938
2910.0,2630.168472237298
2911.0,2695.335566364445
2912.0,2665.3498018394403
2913.0,2656.1767776575634
2914.0,2660.543753428126
2915.0,3596.627562709361
2916.0,2664.732132137422
2917.0,2717.175905954386
2918.0,2648.974040688592
2919.0,3861.6787811674185
2920.0,2689.9662302036245
2921.0,2573.1406822812155
2922.0,6060.8343726348985
2923.0,5813.929382113763
2924.0,5814.502618709952
2925.0,5813.275268961741
2926.0,4688.762715646691
2927.0,5817.355672350246
2928.0,5813.929595532245
2929.0,5813.928908527827
2930.0,5813.927580426371
2931.0,5818.216247170081
2932.0,5827.819114109488
2933.0,5782.144006517953
2934.0,5808.152378978273
2935.0,5813.645191672498
2936.0,5809.343582310541
2937.0,4660.015030460207
2938.0,5801.621626058314
2939.0,5750.015850874522
2940.0,5820.441026695049
2941.0,4528.0837240522515
2942.0,5779.937174885729
2943.0,5900.935895421167
2944.0,5813.9275835821945
2945.0,6680.1630092881005
2946.0,6915.598708770994
2947.0,6602.677393047005
2948.0,6679.857616235815
2949.0,6680.343844725164
2950.0,6276.42705048581
2951.0,6679.633022353417
2952.0,6680.162066916673
2953.0,6603.487001205621
2954.0,6680.163027830325
2955.0,6680.799370251347
2956.0,6679.464242382373
2957.0,6678.083404185236
2958.0,6679.923560212934
2959.0,6679.916055799391
2960.0,6679.973030400056
2961.0,6670.610616264167
2962.0,6678.886339108564
2963.0,6683.837721744557
2964.0,6708.081537515208
2965.0,6672.797496529497
2966.0,6679.004522860422
2967.0,6695.078309062889
2968.0,6223.919951202742
2969.0,6720.454504105832
2970.0,6720.865787119962
2971.0,6720.263451234605
2972.0,6953.6077290803705
2973.0,6721.174311051729
2974.0,6720.460455260077
2975.0,6720.454891211444
2976.0,6720.459094073511
2977.0,6719.6009015613745
2978.0,6723.54387321629
2979.0,6723.0330831594165
2980.0,6721.5350082049035
2981.0,6720.731294984599
2982.0,6720.931552291672
2983.0,6725.1709451463685
2984.0,6722.432380540704
2985.0,6715.990372239895
2986.0,6686.490683099035
2987.0,6736.362844804139
2988.0,6722.4914134996625
2989.0,6702.565154722781
2990.0,6720.459154837696
2991.0,3408.233201269979
2992.0,1493.1844152762533
2993.0,3408.235356097705
2994.0,3415.3822475636825
2995.0,3405.8360162308413
2996.0,2728.6448564562984
2997.0,3429.121698085813
2998.0,3408.230976888456
2999.0,3408.236632355266
3000.0,3408.233198398859
3001.0,3420.9655517412402
3002.0,3429.907275130698
3003.0,3397.0394272496324
3004.0,3397.846706426709
3005.0,3407.820896826765
3006.0,3406.3122255068947
3007.0,2693.778528253604
3008.0,3394.450036716756
3009.0,3424.0454200180357
3010.0,3303.7658571853967
3011.0,2989.81082750028
3012.0,3385.0558961616734
3013.0,3458.231036951228
3014.0,1922.0505979103814
3015.0,975.2937523950166
3016.0,974.6967092454506
3017.0,975.8476782072036
3018.0,1151.412850332775
3019.0,973.2822240279615
3020.0,975.3454460143265
3021.0,975.2908530839944
3022.0,975.295825667195
3023.0,957.4280655110884
3024.0,954.7183404667478
3025.0,987.2132285511209
3026.0,981.4199489221556
3027.0,975.3925172138975
3028.0,975.824495904136
3029.0,1006.9271660008756
3030.0,979.3244581629835
3031.0,965.7855621526902
3032.0,1042.788668567165
3033.0,1115.0121121066643
3034.0,981.9139340219094
3035.0,944.9277645329348
3036.0,975.2944000993269
3037.0,6791.734143706164
3038.0,6687.2116286116725
3039.0,6791.73448037786
3040.0,6791.636682777099
3041.0,6791.707729821164
3042.0,7098.354002874218
3043.0,6792.018530519124
3044.0,6791.73776767709
3045.0,6791.7299712983395
3046.0,6791.734155961359
3047.0,6788.072682300985
3048.0,6791.515275987781
3049.0,6789.51285352227
3050.0,6790.491924169378
3051.0,6793.065092471735
3052.0,6792.032288811779
3053.0,6730.801636525186
3054.0,6793.75263915433
3055.0,6795.627801888183
3056.0,6790.194671904924
3057.0,6478.682089937105
3058.0,6793.106198257604
3059.0,6745.924393743948
3060.0,7046.516814722827
3061.0,7009.072392685362
3062.0,7009.10883437705
3063.0,7009.082406422474
3064.0,6457.177204386298
3065.0,7008.972215998619
3066.0,7009.073902779779
3067.0,7009.0761094929385
3068.0,7009.073821736834
3069.0,7008.24593720869
3070.0,7009.044957931735
3071.0,7009.931083959409
3072.0,7009.286481892735
3073.0,7008.691773321552
3074.0,7009.040139929975
3075.0,7024.457140188304
3076.0,7008.676936481432
3077.0,7007.6710745834735
3078.0,7009.6858262175
3079.0,7021.790346997726
3080.0,7008.822661240269
3081.0,7026.124680590546
3082.0,7009.073821407372
3083.0,4292.975426053266
3084.0,3596.992158131194
3085.0,4293.329856968615
3086.0,4297.929578091681
3087.0,4292.186980947819
3088.0,3402.0006222562242
3089.0,4270.075879360463
3090.0,4292.977292965494
3091.0,4293.3300927688215
3092.0,4292.97542840358
3093.0,4305.840661214321
3094.0,4292.300300020873
3095.0,4280.896535795702
3096.0,4315.777117393474
3097.0,4283.26294810178
3098.0,4279.236873179858
3099.0,5727.154691008251
3100.0,4271.198175649945
3101.0,4309.665269406527
3102.0,4287.7368917405365
3103.0,6795.040292502385
3104.0,4342.170924942311
3105.0,4343.432129366394
3106.0,6355.673243314647
3107.0,5888.940701993881
3108.0,5887.046192159532
3109.0,5889.269558905722
3110.0,6485.654660973473
3111.0,5898.230098608918
3112.0,5889.022023099017
3113.0,5889.029468701592
3114.0,5889.028266379366
3115.0,5874.723656503543
3116.0,5890.6434642390695
3117.0,5901.3815169455565
3118.0,5864.321997621419
3119.0,5897.130109436427
3120.0,5894.587479242071
3121.0,5505.474456811962
3122.0,5897.975015150179
3123.0,5868.62746862999
3124.0,5896.3383802890885
3125.0,3700.579069145126
3126.0,5874.474536888807
3127.0,5811.7875311098505
3128.0,5889.028268204387
3129.0,6780.960285671369
3130.0,7084.006267633472
3131.0,6780.962494194139
3132.0,6781.502803541141
3133.0,6779.367820955351
3134.0,7031.017150736438
3135.0,6786.48609398178
3136.0,6780.960193929853
3137.0,6780.959161666489
3138.0,6780.9602944543
3139.0,6780.429590348827
3140.0,6783.557474064117
3141.0,6830.615677387715
3142.0,6775.641046144032
3143.0,6780.84338641761
3144.0,6780.392479421658
3145.0,6728.9351790177825
3146.0,6784.711173576515
3147.0,6787.348724517168
3148.0,6727.854153057511
3149.0,3616.2195246569067
3150.0,6773.340682032805
3151.0,6805.345677659459
3152.0,6705.426763502687
3153.0,7084.1919763218175
3154.0,7084.175510127374
3155.0,7084.256115065774
3156.0,6936.7341055102925
3157.0,7084.034039516755
3158.0,7084.191254801187
3159.0,7084.189761720438
3160.0,7084.19131094358
3161.0,7083.491974439513
3162.0,7085.456205103268
3163.0,7070.057576528434
3164.0,7084.868879466333
3165.0,7084.190929960956
3166.0,7084.202119249915
3167.0,7115.77666737265
3168.0,7084.062124747965
3169.0,7082.610123908697
3170.0,7098.470828278277
3171.0,7095.584474857767
3172.0,7084.466592108112
3173.0,7076.5991916177145
3174.0,7084.191305785797
3175.0,6454.69969272369
3176.0,5635.5312370612655
3177.0,6454.699908664067
3178.0,6453.8826992622
3179.0,6454.927174823802
3180.0,6734.899774085908
3181.0,6455.293796866801
3182.0,6454.699612109002
3183.0,6454.696997702638
3184.0,6454.699696240792
3185.0,6480.118469138272
3186.0,6450.413638987424
3187.0,6386.136979070376
3188.0,6461.76539487721
3189.0,6454.350670733818
3190.0,6458.34331823957
3191.0,6657.487299246463
3192.0,6455.878268380242
3193.0,6461.893508825977
3194.0,6500.579996920429
3195.0,6702.824961427504
3196.0,6450.88921959485
3197.0,6387.243969434803
3198.0,6810.508029873851
3199.0,6513.31462200911
3200.0,6513.363147497221
3201.0,6513.302163954516
3202.0,6262.9079851208835
3203.0,6513.2763762664545
3204.0,6513.314894579085
3205.0,6513.314771478507
3206.0,6513.3148082840635
3207.0,6509.228926593381
3208.0,6523.6623986210225
3209.0,6556.494090964967
3210.0,6511.579736457359
3211.0,6513.539131241067
3212.0,6513.064050605757
3213.0,6479.622138845276
3214.0,6513.17141357857
3215.0,6507.8847487009325
3216.0,6474.855631221917
3217.0,6469.2512329346155
3218.0,6513.622503981558
3219.0,6568.180310199527
3220.0,6513.314810276541
3221.0,6823.050611779138
3222.0,6866.988580745821
3223.0,6823.050429819438
3224.0,6823.427257430206
3225.0,6822.556754659973
3226.0,6970.433688178667
3227.0,6822.653988222563
3228.0,6823.050408064049
3229.0,6823.051384566593
3230.0,6823.050850963697
3231.0,6821.44971971554
3232.0,6822.477944673998
3233.0,6783.4474242258475
3234.0,6822.058814060205
3235.0,6821.237549357383
3236.0,6822.963323435845
3237.0,6912.944365086124
3238.0,6823.6198726597395
3239.0,6827.087611988331
3240.0,6821.385027279243
3241.0,6812.760627308461
3242.0,6824.939425314986
3243.0,6808.012864646374
3244.0,6997.631907040557
3245.0,7022.003181188558
3246.0,7021.283381978411
3247.0,7021.583913402474
3248.0,6892.243234874283
3249.0,7021.8343732212015
3250.0,7021.553420839722
3251.0,7021.545337796667
3252.0,7021.553398716419
3253.0,7021.422164963157
3254.0,7021.43018836006
3255.0,7046.564794517857
3256.0,7021.853146157676
3257.0,7022.067291338985
3258.0,7021.584724309543
3259.0,6962.040349086054
3260.0,7021.237768654663
3261.0,7018.770780330393
3262.0,7022.800404504388
3263.0,7025.613815618698
3264.0,7020.620638170798
3265.0,7032.378966182696
3266.0,7021.553410030937
3267.0,6745.865137659701
3268.0,6816.849855632756
3269.0,6745.864942380995
3270.0,6745.823061595517
3271.0,6745.853188470609
3272.0,5597.673365385412
3273.0,6745.709570357173
3274.0,6745.8651310979385
3275.0,6745.8657499804285
3276.0,6745.865140277353
3277.0,6745.919561292914
3278.0,6745.878160108346
3279.0,6769.600873604407
3280.0,6744.859006066202
3281.0,6746.742859119212
3282.0,6745.811929496298
3283.0,6712.2033071258575
3284.0,6744.927595519799
3285.0,6749.067448875471
3286.0,6744.606586173563
3287.0,6742.318172875697
3288.0,6746.557106368718
3289.0,6734.926109751969
3290.0,5133.620631544746
3291.0,5409.966279034635
3292.0,5410.451701239631
3293.0,5410.10278015421
3294.0,6806.44676864165
3295.0,5411.772846072814
3296.0,5409.965779878486
3297.0,5409.966620042309
3298.0,5409.965711859246
3299.0,5416.974246302087
3300.0,5410.85717743335
3301.0,5225.41441474233
3302.0,5417.039529409365
3303.0,5406.219739113747
3304.0,5411.286932202225
3305.0,5831.402172972022
3306.0,5426.819362135165
3307.0,5387.570687696644
3308.0,5417.628560119612
3309.0,5486.585261314614
3310.0,5401.043268570364
3311.0,5474.020407074058
3312.0,5409.965669979723
3313.0,4568.282997143062
3314.0,4984.885399449965
3315.0,4568.289094646877
3316.0,4572.008244413484
3317.0,4569.493459920084
3318.0,4898.437140137373
3319.0,4589.613621952427
3320.0,4568.285859595684
3321.0,4568.286754062272
3322.0,4568.282982394053
3323.0,4585.146617178816
3324.0,4573.889880251276
3325.0,4291.656488979302
3326.0,4559.291365442843
3327.0,4581.570974546464
3328.0,4573.167861348537
3329.0,4712.283718371736
3330.0,4574.067615598218
3331.0,4465.319838031059
3332.0,4726.577375644514
3333.0,4387.633163566369
3334.0,4579.400769953402
3335.0,4866.987120502961
3336.0,5051.595128260646
3337.0,5440.009694725126
3338.0,5436.487205928439
3339.0,5438.435999983859
3340.0,5137.156354427362
3341.0,5421.139298964085
3342.0,5439.998013105983
3343.0,5440.01244930525
3344.0,5440.009830220057
3345.0,5422.83382378431
3346.0,5431.142404714473
3347.0,5612.520540731558
3348.0,5456.572599627571
3349.0,5428.269384951262
3350.0,5436.650518120271
3351.0,5306.780961317843
3352.0,5433.487113344736
3353.0,5514.083084883948
3354.0,5318.010520838013
3355.0,5560.643248314498
3356.0,5429.800267396546
3357.0,5209.015318397613
3358.0,5440.009874233241
3359.0,6826.486128426867
3360.0,6870.920118354582
3361.0,6826.253388029719
3362.0,6826.219374092796
3363.0,6826.559521633257
3364.0,6913.279611626388
3365.0,6825.791130459719
3366.0,6826.550392604815
3367.0,6826.485966306225
3368.0,6826.4863671250005
3369.0,6822.527394806495
3370.0,6775.700835668194
3371.0,6808.190259973047
3372.0,6831.10101924973
3373.0,6825.844649509355
3374.0,6825.647896265429
3375.0,6831.86697882686
3376.0,6826.815350253071
3377.0,6818.432362306037
3378.0,6839.316652383475
3379.0,6814.499452475831
3380.0,6822.126715201757
3381.0,6808.195637694059
3382.0,6885.8550638182105
3383.0,6844.420077886404
3384.0,6921.537940471617
3385.0,6921.492837710051
3386.0,6764.2221347677805
3387.0,6921.5958433951455
3388.0,6921.499281519976
3389.0,6921.499516846091
3390.0,6921.499485725717
3391.0,6909.9986946452755
3392.0,6921.243113685445
3393.0,6933.085804845593
3394.0,6919.287216173634
3395.0,6921.747011161877
3396.0,6921.818345824899
3397.0,6919.648370129565
3398.0,6921.447296655176
3399.0,6926.6053656012655
3400.0,6912.43734449549
3401.0,6925.646666522682
3402.0,6922.956378272935
3403.0,6934.812715831551
3404.0,6921.4994862111
3405.0,7110.3997953363505
3406.0,7012.374923824608
3407.0,7110.39602066628
3408.0,7110.410659735268
3409.0,7110.38846538061
3410.0,6956.943809167844
3411.0,7110.365827050485
3412.0,7110.399696082986
3413.0,7110.396615121418
3414.0,7110.399786569797
3415.0,7110.81569795431
3416.0,7111.208243833763
3417.0,7113.738801109489
3418.0,7110.1887088897865
3419.0,7110.307727432435
3420.0,7110.431000601169
3421.0,7167.675196954493
3422.0,7110.535107258714
3423.0,7107.190287744481
3424.0,7092.667837519261
3425.0,7069.590594906851
3426.0,7110.6773065537645
3427.0,7112.181079018209
3428.0,3383.9591231639397
3429.0,2419.147630591321
3430.0,2411.528350285791
3431.0,2424.3784672763204
3432.0,3671.895311535222
3433.0,2440.029290890552
3434.0,2419.1502861043737
3435.0,2419.148268810839
3436.0,2419.150594504868
3437.0,2419.9756797122354
3438.0,2422.361258073529
3439.0,2378.0188625696646
3440.0,2429.9298733174087
3441.0,2421.7469830703494
3442.0,2413.0477802981313
3443.0,4018.5496454771883
3444.0,2391.2627272084596
3445.0,2445.4052099982578
3446.0,2512.0496109540936
3447.0,6306.814088971429
3448.0,2368.0279551264844
3449.0,2409.4587501687424
3450.0,2419.1505982214653
3451.0,6165.779475392112
3452.0,6757.787962352231
3453.0,6165.78130192317
3454.0,6165.7108080050375
3455.0,6165.838964157129
3456.0,6934.467717137455
3457.0,6166.799057722578
3458.0,6165.780244454267
3459.0,6165.784217401363
3460.0,6165.779442160289
3461.0,6165.26243353357
3462.0,6170.822259257157
3463.0,6186.800392717762
3464.0,6163.090886492545
3465.0,6165.126410360476
3466.0,6165.876530399396
3467.0,3829.9716551821216
3468.0,6164.121091102851
3469.0,6141.721402990853
3470.0,6198.911134235204
3471.0,6252.834077446917
3472.0,6163.6834688141735
3473.0,6174.35663477338
3474.0,6976.304409214282
3475.0,7083.061536223197
3476.0,7083.078165135172
3477.0,7083.077083280457
3478.0,6808.905332714213
3479.0,7083.070922413061
3480.0,7083.078010693333
3481.0,7083.560745857141
3482.0,7083.077711465511
3483.0,7082.758448757457
3484.0,7084.66593417938
3485.0,7079.197384365319
3486.0,7083.186378683534
3487.0,7083.077398697789
3488.0,7083.069733217565
3489.0,7063.27618535799
3490.0,7083.094635149925
3491.0,7086.692855511976
3492.0,7076.137918954922
3493.0,7079.041157969248
3494.0,7083.110864266179
3495.0,7081.073656166607
3496.0,7083.077681671263
3497.0,6642.181580589735
3498.0,6439.965828048653
3499.0,6641.939561381521
3500.0,6642.067300792711
3501.0,6642.176279557809
3502.0,6496.926743083952
3503.0,6642.183550653917
3504.0,6642.1740498990985
3505.0,6641.943135427129
3506.0,6642.181621803886
3507.0,6645.563484438892
3508.0,6640.602586189286
3509.0,6702.014332452568
3510.0,6641.91784912795
3511.0,6641.503946694751
3512.0,6641.9277232549275
3513.0,6669.55060559962
3514.0,6642.309086284314
3515.0,6651.680857006967
3516.0,6628.055674533873
3517.0,6568.510424940865
3518.0,6643.080194141295
3519.0,6631.125405581598
3520.0,6402.8222007311115
3521.0,6070.291648799044
3522.0,6071.979519949923
3523.0,6070.360140441804
3524.0,6319.345400491061
3525.0,6070.266599059505
3526.0,6070.324962844209
3527.0,6070.193970268213
3528.0,6070.294543925691
3529.0,6060.809015524795
3530.0,6079.139376718893
3531.0,5859.548199504084
3532.0,6071.326566727026
3533.0,6071.223996143715
3534.0,6070.404127536043
3535.0,6212.126238415161
3536.0,6069.0989268557
3537.0,6042.340383983926
3538.0,6107.781145189123
3539.0,6370.333230736708
3540.0,6062.376468507394
3541.0,6099.509186601625
3542.0,6070.2953908859745
3543.0,7136.499498948677
3544.0,7130.880825092183
3545.0,7136.499498976633
3546.0,7136.503362308428
3547.0,7136.4993496321595
3548.0,7122.621667504966
3549.0,7136.4995770804735
3550.0,7136.499731411389
3551.0,7136.500589892335
3552.0,7136.499503321397
3553.0,7136.338731000163
3554.0,7136.595129962077
3555.0,7134.087701834552
3556.0,7136.472138006476
3557.0,7136.538362824951
3558.0,7136.500220317611
3559.0,7154.979021992208
3560.0,7136.502463435489
3561.0,7139.259016401162
3562.0,7131.070690332521
3563.0,7137.391474295866
3564.0,7136.465240013144
3565.0,7132.313297355208
3566.0,7140.071462004638
3567.0,7130.213370617462
3568.0,7130.2000339843535
3569.0,7130.214476960576
3570.0,7143.972855626087
3571.0,7130.213112932552
3572.0,7130.213194189223
3573.0,7130.212854546328
3574.0,7130.2133677258835
3575.0,7130.32095755176
3576.0,7130.130395044935
3577.0,7132.872959782562
3578.0,7130.234012510685
3579.0,7130.092822493231
3580.0,7130.220200249015
3581.0,7103.901932982388
3582.0,7130.200460692471
3583.0,7126.819446080434
3584.0,7135.856619690989
3585.0,7117.936621157497
3586.0,7130.486449064967
3587.0,7134.6590660932225
3588.0,7130.213370721564
3589.0,6987.924495451471
3590.0,6257.822531667363
3591.0,6987.930295640467
3592.0,6987.906352719701
3593.0,6987.970400628592
3594.0,6440.487049728149
3595.0,6987.925706457009
3596.0,6987.924478013011
3597.0,6987.924856769339
3598.0,6987.924495180273
3599.0,6986.83078532321
3600.0,6987.545970939941
3601.0,6969.313594669744
3602.0,6987.244479590744
3603.0,6987.8466545551855
3604.0,6987.764326624309
3605.0,6953.2764676363895
3606.0,6988.351457683497
3607.0,6991.910091365397
3608.0,7012.784787606254
3609.0,6985.389934321624
3610.0,6989.275484602013
3611.0,6982.760229719519
3612.0,6479.387665346906
3613.0,5168.633313656653
3614.0,5169.235195256464
3615.0,5167.650805472507
3616.0,6357.568638209418
3617.0,5168.594715509496
3618.0,5168.6077994011175
3619.0,5168.628512748425
3620.0,5168.633702850809
3621.0,5127.646735522056
3622.0,5135.867004778016
3623.0,5378.56382468041
3624.0,5193.851303500611
3625.0,5169.063856489699
3626.0,5169.070539160326
3627.0,4523.204901288553
3628.0,5163.425809320498
3629.0,5112.0651190933295
3630.0,4874.567937990605
3631.0,5182.6607393010545
3632.0,5159.069567986242
3633.0,5222.926403674514
3634.0,5168.6338162877155
3635.0,2234.24378322541
3636.0,3150.2884477758757
3637.0,2234.2437865787974
3638.0,2239.6111756541236
3639.0,2233.998022185278
3640.0,3075.6546981984266
3641.0,2234.3765243866214
3642.0,2234.2755712073777
3643.0,2231.3120052734935
3644.0,2234.243938393521
3645.0,2222.304709507376
3646.0,2213.5282715526787
3647.0,2409.8780515116528
3648.0,2246.4419133868973
3649.0,2229.304674068145
3650.0,2238.620952929044
3651.0,3112.9767190890634
3652.0,2217.3658211406014
3653.0,2272.5542334181587
3654.0,2188.622171691435
3655.0,2013.6009933301766
3656.0,2219.9938006840844
3657.0,2404.0005660458833
3658.0,4597.939028705149
3659.0,6239.529395014421
3660.0,6235.722996192446
3661.0,6239.747496754315
3662.0,4657.009169746289
3663.0,6239.432426236922
3664.0,6239.527206041291
3665.0,6239.531431019808
3666.0,6239.52939415801
3667.0,6243.35515319236
3668.0,6247.280020147202
3669.0,6148.653988443761
3670.0,6218.924319058505
3671.0,6242.394343307239
3672.0,6230.79709439865
3673.0,4126.922855816334
3674.0,6260.560209876158
3675.0,6213.296570542232
3676.0,6274.382029876323
3677.0,6448.180311945095
3678.0,6254.85534408407
3679.0,6104.623949860864
3680.0,6239.529399791183
3681.0,6298.497217031692
3682.0,6184.785676664285
3683.0,6298.507462145207
3684.0,6298.67974719401
3685.0,6298.478486536971
3686.0,6472.054320319683
3687.0,6298.692084775672
3688.0,6298.485865287387
3689.0,6299.293833617757
3690.0,6298.497223638468
3691.0,6297.586126999503
3692.0,6296.356285965802
3693.0,6371.324850780082
3694.0,6309.851022042217
3695.0,6298.064498999153
3696.0,6298.3612871272135
3697.0,6205.076223879975
3698.0,6300.884636728367
3699.0,6227.111645576772
3700.0,6303.375448602276
3701.0,6406.641520534562
3702.0,6298.142803121267
3703.0,6292.981771312275
3704.0,6586.143074139344
3705.0,6500.686336322682
3706.0,6500.277160999593
3707.0,6500.59516353076
3708.0,6330.753169776855
3709.0,6500.265637590412
3710.0,6500.569199186812
3711.0,6500.5675853388975
3712.0,6500.567327740669
3713.0,6500.813990765663
3714.0,6502.076111779018
3715.0,6432.7854959173255
3716.0,6493.849643909191
3717.0,6500.921417834834
3718.0,6500.701822232814
3719.0,6484.1195367513155
3720.0,6498.207521766431
3721.0,6553.104000528333
3722.0,6496.474542349954
3723.0,6323.945913093351
3724.0,6501.020339874871
3725.0,6505.244944908938
3726.0,6500.56735986276
3727.0,2576.2800423858216
3728.0,2467.253963261343
3729.0,2576.2802392400736
3730.0,2577.9593620756787
3731.0,2575.8112227212005
3732.0,2788.1437569678983
3733.0,2543.9276540361593
3734.0,2576.281233663779
3735.0,2576.281607889408
3736.0,2576.2798804187996
3737.0,2574.1625778225716
3738.0,2595.627577328207
3739.0,2412.73862951485
3740.0,2548.5515085368097
3741.0,2574.2922597963816
3742.0,2575.8165801060286
3743.0,2231.8875217910636
3744.0,2540.7865615540254
3745.0,2464.32017114263
3746.0,2584.0154164541614
3747.0,5231.563166500844
3748.0,2572.102743368461
3749.0,2567.7690466929753
3750.0,4410.247696753685
3751.0,4238.484643716651
3752.0,4236.967341205823
3753.0,4238.771508499898
3754.0,3938.07320896871
3755.0,4268.867786183775
3756.0,4238.476015792743
3757.0,4238.486492947154
3758.0,4238.48596061387
3759.0,4251.011814729745
3760.0,4207.580723619774
3761.0,4432.890307882961
3762.0,4260.147831624708
3763.0,4241.436460265586
3764.0,4239.237955078501
3765.0,4904.666229264289
3766.0,4274.378747738596
3767.0,4387.472435481434
3768.0,4228.66255941989
3769.0,2016.348321625949
3770.0,4242.662132070243
3771.0,4248.951284550167
3772.0,4238.484953254971
3773.0,6801.505246327704
3774.0,6134.834580163667
3775.0,6801.50234728531
3776.0,6801.283276715932
3777.0,6801.348547785613
3778.0,7071.809495707543
3779.0,6801.062803740458
3780.0,6801.502197765444
3781.0,6801.505688454671
3782.0,6801.505239270654
3783.0,6799.599105979046
3784.0,6801.692863259926
3785.0,6773.612094448881
3786.0,6801.425728729994
3787.0,6801.189949345705
3788.0,6802.0757959905695
3789.0,6748.621370993064
3790.0,6801.40156231691
3791.0,6809.2004350667785
3792.0,6830.483048215356
3793.0,6024.990311842662
3794.0,6801.224121055735
3795.0,6824.871493297755
3796.0,7061.530744690623
3797.0,6888.995039191215
3798.0,6889.070933696104
3799.0,6889.035264774758
3800.0,5952.638190457954
3801.0,6889.145438130679
3802.0,6888.996313906401
3803.0,6889.0004162961395
3804.0,6888.996400264081
3805.0,6888.113181222497
3806.0,6889.031791919036
3807.0,6905.262055795178
3808.0,6889.249629951844
3809.0,6889.349575818723
3810.0,6888.803507416855
3811.0,6729.0253329638435
3812.0,6889.030735348655
3813.0,6884.521690821419
3814.0,6872.652627564164
3815.0,6931.022552086295
3816.0,6889.082400168263
3817.0,6875.993195380437
3818.0,6888.996398696471
3819.0,5186.035751447239
3820.0,7057.195691911198
3821.0,5186.0361834863725
3822.0,5183.136519613359
3823.0,5189.388458888278
3824.0,3576.7638155373384
3825.0,5214.623986855537
3826.0,5186.041957790554
3827.0,5186.03051359956
3828.0,5186.035729387556
3829.0,5190.840422136962
3830.0,5186.4019878596155
3831.0,5304.571750747819
3832.0,5183.991801058862
3833.0,5193.6926438941
3834.0,5157.444198021929
3835.0,6722.368527320184
3836.0,5183.585069249639
3837.0,5210.92881182191
3838.0,5112.325545344962
3839.0,7028.0579535485385
3840.0,5180.395823015597
3841.0,5104.6421271755125
3842.0,6386.476873035002
3843.0,6892.002252195403
3844.0,6892.115342026855
3845.0,6891.81096214333
3846.0,7075.191765260377
3847.0,6890.84616576553
3848.0,6891.988308898984
3849.0,6891.854867291993
3850.0,6892.002308699527
3851.0,6889.598467555956
3852.0,6891.521129571513
3853.0,6857.996117340826
3854.0,6892.079249106063
3855.0,6890.564973503863
3856.0,6892.977456967731
3857.0,6967.5182646033845
3858.0,6892.1493937351515
3859.0,6884.424296303344
3860.0,6916.4100119985105
3861.0,6598.833202431433
3862.0,6892.306199141677
3863.0,6919.343147628647
3864.0,6892.00230134009
3865.0,7014.664046950286
3866.0,7089.640763260116
3867.0,7014.668026463368
3868.0,7014.651227752979
3869.0,7014.648656088466
3870.0,6831.492148778829
3871.0,7014.491236741056
3872.0,7014.664045717443
3873.0,7014.668086507862
3874.0,7014.66404696603
3875.0,7014.875415541225
3876.0,7014.215130500129
3877.0,7016.220550026577
3878.0,7015.863950916776
3879.0,7014.23688986102
3880.0,7013.845346603177
3881.0,6935.077455446228
3882.0,7016.354079466324
3883.0,7033.799570765123
3884.0,7003.151112418589
3885.0,6925.996688148346
3886.0,7014.4061492628725
3887.0,6971.336345785762
3888.0,6674.155677599025
3889.0,6881.994974518433
3890.0,6882.017067426427
3891.0,6882.01702554035
3892.0,6993.11719816927
3893.0,6882.197879454454
3894.0,6882.002320444781
3895.0,6882.003878616421
3896.0,6882.002170347735
3897.0,6881.814168984178
3898.0,6882.305838245933
3899.0,6880.6594661647905
3900.0,6881.823834651133
3901.0,6882.576381509436
3902.0,6882.5725162942135
3903.0,6896.780814556862
3904.0,6880.744611859269
3905.0,6864.036039884033
3906.0,6891.572589130837
3907.0,6914.227393693295
3908.0,6882.236546035453
3909.0,6915.557318068625
3910.0,6882.002133310585
3911.0,6600.44014625646
3912.0,6783.0075189663885
3913.0,6600.43425442184
3914.0,6600.260168294262
3915.0,6600.315577665518
3916.0,6362.013062048254
3917.0,6598.633428258916
3918.0,6600.442977046521
3919.0,6600.436944241709
3920.0,6600.440137970098
3921.0,6605.024277309334
3922.0,6599.049240588348
3923.0,6603.018937215396
3924.0,6606.58758977187
3925.0,6599.952677637625
3926.0,6601.646320792833
3927.0,6769.224182311937
3928.0,6591.182603023592
3929.0,6637.199439217992
3930.0,6584.531359514648
3931.0,6845.512557233276
3932.0,6599.544816774456
3933.0,6615.477083167659
3934.0,6705.472267560405
3935.0,6805.371290415901
3936.0,6805.367388656542
3937.0,6805.367089230343
3938.0,6884.938742342936
3939.0,6805.378992135944
3940.0,6805.364377880197
3941.0,6805.365505089996
3942.0,6805.366143809894
3943.0,6804.592908741113
3944.0,6806.563163828732
3945.0,6804.23208333117
3946.0,6804.2342323015055
3947.0,6805.5587154783425
3948.0,6805.472831295452
3949.0,6870.761850546215
3950.0,6805.5215269460905
3951.0,6787.678291882739
3952.0,6813.916166418646
3953.0,6794.133001616947
3954.0,6805.375469386793
3955.0,6797.115787647405
3956.0,6805.366143907056
3957.0,6599.531561234845
3958.0,6083.822288334677
3959.0,6599.527800935695
3960.0,6599.495140178203
3961.0,6599.8456606387235
3962.0,6899.960779001505
3963.0,6601.414884907708
3964.0,6599.526894341534
3965.0,6599.525384631771
3966.0,6599.531571702375
3967.0,6601.625666930879
3968.0,6599.983543404353
3969.0,6603.106466321742
3970.0,6602.79764613773
3971.0,6602.839204140336
3972.0,6600.312636969996
3973.0,6660.628346256439
3974.0,6599.288600864083
3975.0,6579.459645329997
3976.0,6515.998469624424
3977.0,6486.561122708806
3978.0,6598.86819473661
3979.0,6620.4787850462435
3980.0,6871.517000662581
3981.0,6398.375268819917
3982.0,6398.497475974842
3983.0,6397.054225535658
3984.0,5441.1354069054105
3985.0,6392.202256755435
3986.0,6398.382564560735
3987.0,6398.453430135391
3988.0,6398.374003132403
3989.0,6395.917661715981
3990.0,6397.719776122168
3991.0,6391.911653652052
3992.0,6393.370384392729
3993.0,6392.487665210331
3994.0,6395.9058313349105
3995.0,6420.829617828461
3996.0,6399.407489438681
3997.0,6429.327477913548
3998.0,6513.111828616159
3999.0,6600.790677573883
4000.0,6400.8453782703455
4001.0,6363.444424539724
4002.0,6398.374134747418
4003.0,6138.396281007959
4004.0,6919.468111591459
4005.0,6138.395330760467
4006.0,6138.343775509691
4007.0,6138.2080898888025
4008.0,4790.267516587158
4009.0,6138.960966976557
4010.0,6138.399998775716
4011.0,6138.271603072743
4012.0,6138.396200152762
4013.0,6139.656126392754
4014.0,6138.583840699722
4015.0,6142.857225070489
4016.0,6126.225050746884
4017.0,6137.337214725217
4018.0,6139.211207441233
4019.0,5943.856992809225
4020.0,6138.2487858090735
4021.0,6111.440448910422
4022.0,6180.056506893908
4023.0,6063.469941562253
4024.0,6138.1485813083555
4025.0,6167.933985827066
4026.0,3776.556134691087
4027.0,6163.897631498432
4028.0,6164.0124534119705
4029.0,6164.452864217261
4030.0,6909.897270181461
4031.0,6162.547272611518
4032.0,6163.871949555703
4033.0,6163.895181353957
4034.0,6163.893651679054
4035.0,6159.193217276599
4036.0,6162.538592192149
4037.0,6158.924820475031
4038.0,6184.578045415483
4039.0,6165.032474020662
4040.0,6161.039035749656
4041.0,6352.010538282564
4042.0,6164.259656989402
4043.0,6191.809262876491
4044.0,6121.23562260091
4045.0,6316.776075244794
4046.0,6164.594509742787
4047.0,6134.834880943904
4048.0,6163.8936124219845
4049.0,6607.074198798187
4050.0,7083.37593907421
4051.0,6607.075204212932
4052.0,6607.702268846874
4053.0,6606.985234337894
4054.0,6010.615569267162
4055.0,6607.195758634533
4056.0,6607.075063681349
4057.0,6606.382901458936
4058.0,6607.074128034229
4059.0,6610.295187213108
4060.0,6606.769800551236
4061.0,6559.713762163183
4062.0,6615.28258672667
4063.0,6604.7785529563
4064.0,6607.845704202132
4065.0,6615.015373340952
4066.0,6605.5527069311265
4067.0,6637.094706714924
4068.0,6560.373905179108
4069.0,6586.071055321581
4070.0,6607.1549571929445
4071.0,6597.356636279461
4072.0,5980.709325869999
4073.0,6901.041896622863
4074.0,6901.309116925343
4075.0,6901.357878648799
4076.0,7044.1744719104
4077.0,6901.3413672640845
4078.0,6901.346403959941
4079.0,6901.058432093913
4080.0,6901.349291113346
4081.0,6900.858507277095
4082.0,6900.880352759256
4083.0,6917.695674850032
4084.0,6899.617181140138
4085.0,6901.663948916201
4086.0,6900.96558173805
4087.0,6922.076061365454
4088.0,6901.582775590942
4089.0,6890.371313817468
4090.0,6919.310753924092
4091.0,6903.408375073651
4092.0,6901.3411218231395
4093.0,6905.313137873798
4094.0,6901.3491788282245
4095.0,3474.0087366317953
4096.0,2957.106381597513
4097.0,3474.012272455294
4098.0,3467.9909487498185
4099.0,3471.3744337931435
4100.0,2699.7332964396032
4101.0,3477.824318291422
4102.0,3473.974156536485
4103.0,3474.011140376262
4104.0,3474.0087827173315
4105.0,3463.412876408238
4106.0,3470.5788036714175
4107.0,3653.886830520939
4108.0,3461.158589076598
4109.0,3477.873744419941
4110.0,3468.2769470491107
4111.0,4518.852678318283
4112.0,3539.5801764719527
4113.0,3238.4339732720096
4114.0,3576.5342137462467
4115.0,3008.164577380702
4116.0,3475.2392657916666
4117.0,3448.8635571057835
4118.0,2974.4153675562093
4119.0,2484.769035742646
4120.0,2493.564582611798
4121.0,2487.8917580053253
4122.0,3320.352566342283
4123.0,2479.4580709073275
4124.0,2484.7831472641587
4125.0,2484.773226660788
4126.0,2484.7724583510258
4127.0,2497.0864716332303
4128.0,2486.8615997048587
4129.0,2227.6908061572617
4130.0,2508.285073245881
4131.0,2481.394589072333
4132.0,2488.9412156707585
4133.0,2033.1765014739317
4134.0,2440.993850505123
4135.0,2797.45780794223
4136.0,2359.430872646533
4137.0,2889.6909469151083
4138.0,2483.639204427982
4139.0,2517.005366745202
4140.0,2484.7728230527846
4141.0,6428.963554997694
4142.0,6245.581622144286
4143.0,6428.9680678156
4144.0,6429.0145693540635
4145.0,6429.018200805817
4146.0,6967.793906358976
4147.0,6428.987246771078
4148.0,6428.969123194522
4149.0,6428.855922414782
4150.0,6428.963549823645
4151.0,6428.84387307215
4152.0,6433.522436399494
4153.0,6472.9967876134815
4154.0,6428.174774276246
4155.0,6430.018059485635
4156.0,6429.106069867958
4157.0,6463.166134568519
4158.0,6429.037116174275
4159.0,6511.33734702189
4160.0,6425.279526762097
4161.0,6365.713462749177
4162.0,6428.979733872607
4163.0,6458.408217373697
4164.0,7009.828904187395
4165.0,6953.035543423807
4166.0,6952.957774202768
4167.0,6952.952068245076
4168.0,6132.463151251827
4169.0,6953.0047069858865
4170.0,6953.043176823172
4171.0,6953.041267062042
4172.0,6953.043276245355
4173.0,6953.024311316404
4174.0,6953.502927457246
4175.0,6933.98341058803
4176.0,6953.692578259567
4177.0,6952.9532458441845
4178.0,6952.8362804222015
4179.0,6943.971762785335
4180.0,6952.958679862594
4181.0,6921.6018020218935
4182.0,6954.544934708278
4183.0,6993.8452217784
4184.0,6953.018728075412
4185.0,6940.977643185272
4186.0,6953.043276191358
4187.0,6310.89798759453
4188.0,5691.354446023946
4189.0,6310.894229893787
4190.0,6308.639133859845
4191.0,6310.029660401158
4192.0,5309.167008683912
4193.0,6311.902066146362
4194.0,6310.896143939811
4195.0,6310.900191651033
4196.0,6310.897986147818
4197.0,6310.804088579301
4198.0,6308.018378204281
4199.0,6205.1574364253
4200.0,6301.363157823944
4201.0,6315.521264890758
4202.0,6311.906974677982
4203.0,5322.0418925438835
4204.0,6312.77045113121
4205.0,6262.480363381535
4206.0,6304.047745945137
4207.0,6711.728236489316
4208.0,6311.309769700336
4209.0,6205.342668187507
4210.0,5787.7216156075065
4211.0,4931.085723091219
4212.0,4937.754132724163
4213.0,4933.537343789889
4214.0,6160.973736391601
4215.0,4928.15495689433
4216.0,4931.084051699259
4217.0,4931.080356691402
4218.0,4931.082104718302
4219.0,4931.246727870921
4220.0,4941.675949642978
4221.0,5264.474456153912
4222.0,4938.365307185049
4223.0,4921.919170659624
4224.0,4928.011281842732
4225.0,5271.357116369279
4226.0,4926.1184332497
4227.0,5080.400960581417
4228.0,4951.700805712974
4229.0,2813.275583080866
4230.0,4929.93592564957
4231.0,5226.813942141383
4232.0,4931.082098917715
4233.0,6847.55600874439
4234.0,7045.197362704059
4235.0,6847.494436373486
4236.0,6846.442062211455
4237.0,6847.710993668343
4238.0,7019.209317876377
4239.0,6848.6678523051805
4240.0,6847.562102906718
4241.0,6847.495281383361
4242.0,6847.5560038271415
4243.0,6847.445012493365
4244.0,6847.113944970893
4245.0,6848.537550302731
4246.0,6848.658931791073
4247.0,6847.961018013207
4248.0,6846.886858754368
4249.0,6849.555618882054
4250.0,6844.855262764683
4251.0,6829.438108491076
4252.0,6875.737025082372
4253.0,5899.1283710334865
4254.0,6847.724962672248
4255.0,6807.347665006421
4256.0,6665.849953095311
4257.0,7076.25849069101
4258.0,7076.328677129554
4259.0,7076.236811883492
4260.0,6841.952991288574
4261.0,7076.034174322838
4262.0,7076.192340757895
4263.0,7076.189035857664
4264.0,7076.191490735755
4265.0,7076.157998294622
4266.0,7075.894557943758
4267.0,7075.708185316901
4268.0,7076.010848141949
4269.0,7076.104018878251
4270.0,7076.317795138105
4271.0,7071.184342168083
4272.0,7076.804330133741
4273.0,7084.130244292451
4274.0,7058.6060495519705
4275.0,7101.005098706074
4276.0,7076.161476625921
4277.0,7095.72008578941
4278.0,7076.191489108116
4279.0,6455.919141559522
4280.0,4744.952994290316
4281.0,6455.919000100866
4282.0,6456.002241422416
4283.0,6456.099964389637
4284.0,6675.043032671976
4285.0,6453.83006851355
4286.0,6455.905975387066
4287.0,6455.911702126447
4288.0,6455.919130585686
4289.0,6455.64877218616
4290.0,6453.839836102458
4291.0,6457.1824216701725
4292.0,6459.148094858512
4293.0,6452.590614820611
4294.0,6454.941822873231
4295.0,6379.273921993443
4296.0,6461.6715322563905
4297.0,6543.925123846993
4298.0,6410.389338841812
4299.0,6691.223575308311
4300.0,6456.0402628039565
4301.0,6487.624374944207
4302.0,6853.923185434502
4303.0,6221.179986976988
4304.0,6221.0447126812605
4305.0,6221.039674420258
4306.0,5951.85346808586
4307.0,6224.263451208758
4308.0,6221.186687241128
4309.0,6221.1790539304375
4310.0,6221.179765205261
4311.0,6221.151265114736
4312.0,6222.751012012832
4313.0,6219.120359937101
4314.0,6218.557623525642
4315.0,6224.9398556236265
4316.0,6222.053574880303
4317.0,6230.376369112324
4318.0,6217.995942586997
4319.0,6054.7635246376285
4320.0,6301.128109701856
4321.0,5296.166077435128
4322.0,6221.081968021766
4323.0,6163.7101861184765
4324.0,6221.179749057639
4325.0,7013.214856742565
4326.0,7112.31131428233
4327.0,6996.0169897429705
4328.0,7012.8705055995615
4329.0,7012.752965578674
4330.0,7073.142717607534
4331.0,7011.605840861031
4332.0,7013.21820452674
4333.0,6996.021474676187
4334.0,7013.214754242732
4335.0,7017.618680282911
4336.0,7011.467632798736
4337.0,7013.911495908637
4338.0,7014.81171745738
4339.0,7013.660347983354
4340.0,7012.376138828646
4341.0,6852.220471588203
4342.0,7013.609454141396
4343.0,6961.506047591652
4344.0,7011.321861351788
4345.0,7061.14355422468
4346.0,7013.332272461194
4347.0,7028.55514236218
4348.0,6958.034622361346
4349.0,7042.694865217566
4350.0,7042.716988415027
4351.0,7042.7086490443035
4352.0,6983.420078290454
4353.0,7042.7973027540065
4354.0,7042.695303522004
4355.0,7042.696829990656
4356.0,7042.694726127635
4357.0,7043.5098303262375
4358.0,7039.297760209074
4359.0,7042.2939469336525
4360.0,7042.159937227412
4361.0,7042.568709514431
4362.0,7042.738727507618
4363.0,7136.611868074796
4364.0,7042.677397110233
4365.0,7065.191584312817
4366.0,7043.962631036159
4367.0,7037.47988682643
4368.0,7042.688615394042
4369.0,7031.005563625021
4370.0,7042.694815989143
4371.0,6799.817520367692
4372.0,7036.8455380461
4373.0,6799.817853169596
4374.0,6801.2634928005855
4375.0,6800.022524092217
4376.0,4135.574210319685
4377.0,6801.591508976373
4378.0,6799.81718659344
4379.0,6799.815088558645
4380.0,6799.817522604599
4381.0,6800.09886324399
4382.0,6799.069468950791
4383.0,6800.649439300764
4384.0,6797.666284676094
4385.0,6800.049553832941
4386.0,6801.151164838555
4387.0,6861.66356169712
4388.0,6800.317471979198
4389.0,6819.330227096328
4390.0,6797.566572421473
4391.0,6873.440972752566
4392.0,6799.926915637718
4393.0,6819.645684344239
4394.0,5926.842418885101
4395.0,6413.403212592658
4396.0,6413.328510114098
4397.0,6413.388015256654
4398.0,7026.890034343285
4399.0,6413.310993117541
4400.0,6413.406848337787
4401.0,6413.404202568346
4402.0,6413.403187024136
4403.0,6427.917611969392
4404.0,6409.391459703723
4405.0,6412.126219060478
4406.0,6418.738328236721
4407.0,6412.1394774081955
4408.0,6413.33531581703
4409.0,6213.901142187672
4410.0,6413.340762365245
4411.0,6375.830817790312
4412.0,6417.404458547985
4413.0,6404.055203856762
4414.0,6413.396455257871
4415.0,6378.256368869077
4416.0,6413.403384538037
4417.0,6147.273137177302
4418.0,6929.414713534052
4419.0,6147.270975983589
4420.0,6147.121497032721
4421.0,6147.1984401643695
4422.0,5768.871686210219
4423.0,6147.9390055388185
4424.0,6147.274018998221
4425.0,6147.2709197997265
4426.0,6147.273149869373
4427.0,6147.13359358421
4428.0,6152.224641513804
4429.0,6115.60969749414
4430.0,6141.326111326681
4431.0,6149.286517508135
4432.0,6145.41513740912
4433.0,6225.136404397456
4434.0,6146.825559860825
4435.0,5997.122990721266
4436.0,6298.42580801212
4437.0,5153.578138560604
4438.0,6171.18139528224
4439.0,6278.196069323037
4440.0,4003.036892527809
4441.0,6413.427920663892
4442.0,6415.0841558605825
4443.0,6414.317928772962
4444.0,6844.976143946299
4445.0,6405.830524291225
4446.0,6413.423757546996
4447.0,6413.958358194758
4448.0,6413.427678321106
4449.0,6414.379059087118
4450.0,6404.638374835234
4451.0,6442.082071226047
4452.0,6433.62321054403
4453.0,6410.852761476786
4454.0,6421.4775055744585
4455.0,6665.353031009119
4456.0,6417.361468018162
4457.0,6534.03456588664
4458.0,6263.0321153151635
4459.0,7008.99475566918
4460.0,6322.985845943445
4461.0,6287.857200725029
4462.0,6413.427730777507
4463.0,6978.4494159901415
4464.0,6861.28545802352
4465.0,6978.449333502189
4466.0,6978.445692769724
4467.0,6978.444225227949
4468.0,6860.148962301124
4469.0,6978.529919095179
4470.0,6978.449533623299
4471.0,6981.764701993953
4472.0,6978.449368406656
4473.0,6981.906546119021
4474.0,6984.68595165964
4475.0,6975.427816693899
4476.0,6979.759272106461
4477.0,6981.837043945957
4478.0,6978.722472962227
4479.0,7004.189671013355
4480.0,6978.423088335262
4481.0,6994.407165311866
4482.0,6970.935043045356
4483.0,6957.571585200031
4484.0,6978.371701723255
4485.0,6969.121065344155
4486.0,6479.480256690537
4487.0,5453.725220387367
4488.0,5454.544516835527
4489.0,5454.922546165605
4490.0,6459.896531922191
4491.0,5439.485337628437
4492.0,5453.723781946659
4493.0,5453.706991334234
4494.0,5453.724566312076
4495.0,5454.049252196816
4496.0,5482.9852457866255
4497.0,5492.875460934391
4498.0,5420.209467034776
4499.0,5452.186529633034
4500.0,5456.100260018839
4501.0,6539.483286880553
4502.0,5459.256698442968
4503.0,5250.901984706076
4504.0,5530.043870791016
4505.0,6627.917194649462
4506.0,5471.531595104242
4507.0,5547.6694723309165
4508.0,5453.724580986422
4509.0,7105.892821244197
4510.0,7030.577899141847
4511.0,7105.8896043282375
4512.0,7105.818541258782
4513.0,7105.962304586242
4514.0,7038.488587931414
4515.0,7105.720940154652
4516.0,7105.893231481007
4517.0,7105.894031488444
4518.0,7105.892767496529
4519.0,7105.891768694315
4520.0,7105.920363059113
4521.0,7115.551885388753
4522.0,7105.943239864095
4523.0,7105.9807190399515
4524.0,7106.214241028856
4525.0,7051.7907339240655
4526.0,7105.054743645393
4527.0,7090.209661949043
4528.0,7097.418367962416
4529.0,6695.896467472347
4530.0,7107.221570936937
4531.0,7109.157400742027
4532.0,6604.391546264045
4533.0,5832.810278656082
4534.0,5836.576057804215
4535.0,5829.727019230476
4536.0,6565.72001171387
4537.0,5841.649050373134
4538.0,5832.808988947961
4539.0,5832.679540486436
4540.0,5832.811397822127
4541.0,5859.650833756704
4542.0,5836.700108937715
4543.0,5696.702868763282
4544.0,5830.405330838657
4545.0,5830.582241523662
4546.0,5815.184066219945
4547.0,4723.592552391767
4548.0,5891.32634161177
4549.0,5990.654986145245
4550.0,5905.6990800520525
4551.0,6790.768148657179
4552.0,5777.981694012062
4553.0,5801.0267695095745
4554.0,5832.811157222218
4555.0,4911.954390602218
4556.0,3520.2697174241257
4557.0,4911.95535548179
4558.0,4911.016687647522
4559.0,4908.976079546321
4560.0,6864.890563683678
4561.0,4908.14042992033
4562.0,4911.954677321971
4563.0,4911.955113093494
4564.0,4911.954424866114
4565.0,4932.952978104932
4566.0,4908.698290923978
4567.0,5099.636029908478
4568.0,4913.2423506545165
4569.0,4899.18818350992
4570.0,4909.540477204153
4571.0,5717.1840220511895
4572.0,4935.584065485333
4573.0,5185.173341081143
4574.0,4807.687633921585
4575.0,6025.949605447597
4576.0,4862.347524278308
4577.0,4950.410887819804
4578.0,6947.637696154458
4579.0,6763.317139317448
4580.0,6763.335478210399
4581.0,6763.369178353815
4582.0,5670.34976084265
4583.0,6763.390706636276
4584.0,6763.3173577057905
4585.0,6763.321289907517
4586.0,6763.317351183371
4587.0,6763.200322027506
4588.0,6763.467757430882
4589.0,6741.772357819414
4590.0,6763.248151478539
4591.0,6765.193205001001
4592.0,6763.39074288797
4593.0,6792.516085638228
4594.0,6762.893873960603
4595.0,6728.355906266061
4596.0,6778.634941816201
4597.0,6667.660266562078
4598.0,6764.849672355831
4599.0,6757.232570335431
4600.0,6763.317373110796
4601.0,6155.946347388067
4602.0,6455.922848617509
4603.0,6155.955716252441
4604.0,6156.067817662956
4605.0,6155.974044455157
4606.0,6523.087511397335
4607.0,6157.508909785106
4608.0,6155.90268629123
4609.0,6155.955716299441
4610.0,6155.94591527936
4611.0,6144.801193014332
4612.0,6146.992624211112
4613.0,6087.29108775914
4614.0,6161.049643526788
4615.0,6157.276391122219
4616.0,6155.271231557102
4617.0,6175.716388910989
4618.0,6155.709721245849
4619.0,6266.864215020976
4620.0,6060.853513245044
4621.0,5441.84894210998
4622.0,6162.192190300799
4623.0,6093.635238169064
4624.0,6370.708965782626
4625.0,6617.784825853564
4626.0,6617.731599910636
4627.0,6617.757521495967
4628.0,6282.216130344234
4629.0,6616.987999205779
4630.0,6617.781877380847
4631.0,6617.782416751994
4632.0,6617.780477420631
4633.0,6619.599933079359
4634.0,6618.729269435112
4635.0,6641.022871661461
4636.0,6616.725737258078
4637.0,6617.071569961781
4638.0,6617.929616937509
4639.0,6460.7444617216
4640.0,6617.953028843394
4641.0,6574.80946616187
4642.0,6652.084430141287
4643.0,6667.91952850991
4644.0,6615.811599903197
4645.0,6640.801628392637
4646.0,6617.780394989382
4647.0,7010.730567961118
4648.0,4148.913362991931
4649.0,7010.730028215527
4650.0,7011.779301927027
4651.0,7010.839073136572
4652.0,7132.205870438557
4653.0,7009.682779198319
4654.0,7010.730493854155
4655.0,7010.730325856238
4656.0,7010.730571357404
4657.0,7010.829336341407
4658.0,7010.756314687824
4659.0,7036.334008269231
4660.0,7011.8575924006245
4661.0,7011.937328304907
4662.0,7011.502959410227
4663.0,6990.58875775999
4664.0,7010.157665792752
4665.0,6986.46498451639
4666.0,7028.116692706877
4667.0,7074.127533595146
4668.0,7005.6075772063705
4669.0,6995.023767594976
4670.0,7114.178782195764
4671.0,6817.052193458155
4672.0,6816.446471759509
4673.0,6816.9861439492715
4674.0,6217.987470874096
4675.0,6817.673153020766
4676.0,6817.052701465093
4677.0,6816.881304322662
4678.0,6817.05169109002
4679.0,6817.039803953155
4680.0,6816.982120779269
4681.0,6768.514239888839
4682.0,6815.30718645089
4683.0,6815.200447129656
4684.0,6816.187028868993
4685.0,6859.003192413191
4686.0,6817.46723109042
4687.0,6850.664309772377
4688.0,6787.750694957782
4689.0,6587.376924850204
4690.0,6821.590811308555
4691.0,6838.545452673927
4692.0,6817.051720021278
4693.0,6991.811950435001
4694.0,7035.419768002783
4695.0,6991.803736289075
4696.0,6991.81103380406
4697.0,6991.808868719167
4698.0,6410.1986911259
4699.0,6991.7869074960645
4700.0,6991.81183651781
4701.0,6991.809047471803
4702.0,6991.811948476871
4703.0,6991.843651441274
4704.0,6991.391586024912
4705.0,6994.377117388287
4706.0,6991.044099621496
4707.0,6991.4943017539845
4708.0,6991.812216932198
4709.0,7009.002248270612
4710.0,6991.749733038222
4711.0,7003.251039264538
4712.0,7000.7781212159125
4713.0,6992.647782807309
4714.0,6991.829506031766
4715.0,6985.552581918105
4716.0,6534.471881718749
4717.0,6707.477232770626
4718.0,6707.503957860613
4719.0,6707.537738588873
4720.0,7069.423581577871
4721.0,6708.0345254128015
4722.0,6707.482708556916
4723.0,6707.483248111161
4724.0,6707.483397102269
4725.0,6707.569578245692
4726.0,6706.757880541174
4727.0,6697.799461750606
4728.0,6710.133743810109
4729.0,6709.107218712997
4730.0,6707.4616627088435
4731.0,6657.417340389087
4732.0,6708.554573722541
4733.0,6661.526579267229
4734.0,6675.985538171895
4735.0,6649.140688386367
4736.0,6707.0305690260275
4737.0,6730.288406915611
4738.0,6707.4833941047345
4739.0,2984.848140846436
4740.0,4115.76012983209
4741.0,2984.9648863119733
4742.0,2982.5364340513
4743.0,2989.2165791677994
4744.0,4218.045687877652
4745.0,2996.050463709457
4746.0,2984.8759379801354
4747.0,2984.8476817526775
4748.0,2984.8488888182014
4749.0,2981.146688708779
4750.0,3056.870915712143
4751.0,2502.9613175304567
4752.0,3002.106338800738
4753.0,2989.4999842547204
4754.0,2986.5864399177876
4755.0,2041.4971321722792
4756.0,3018.8635968329086
4757.0,2766.602186246747
4758.0,3128.568804449574
4759.0,5102.29262943526
4760.0,2898.303329400932
4761.0,3174.099637720862
4762.0,4740.566430755838
4763.0,6106.893635028314
4764.0,6108.884774107267
4765.0,6103.619199580248
4766.0,4662.572066966644
4767.0,6098.10411147531
4768.0,6106.9691630299185
4769.0,6106.89175365496
4770.0,6107.035653999527
4771.0,6111.263578114552
4772.0,6077.598838687216
4773.0,6345.314392577995
4774.0,6093.095625546361
4775.0,6101.656719543226
4776.0,6104.129025133977
4777.0,6597.020091790103
4778.0,6083.777644888046
4779.0,6233.067633611598
4780.0,6009.753476658737
4781.0,3343.012826813416
4782.0,6255.379134165377
4783.0,5975.15404567805
4784.0,6107.037070038831
4785.0,6321.031321995463
4786.0,6584.8119509052285
4787.0,6320.664140943351
4788.0,6321.177322264254
4789.0,6320.625829766647
4790.0,6404.502060224876
4791.0,6321.2310957894
4792.0,6321.030133508411
4793.0,6321.03134245578
4794.0,6321.031311199204
4795.0,6324.822963841382
4796.0,6321.9051812477455
4797.0,6322.886666773492
4798.0,6321.3148207986205
4799.0,6321.640821502293
4800.0,6322.8972682558
4801.0,6357.684639663202
4802.0,6323.12752829925
4803.0,6193.200211154123
4804.0,6323.963609864507
4805.0,6371.883221392839
4806.0,6324.030503154053
4807.0,6350.6722313197315
4808.0,6397.121640909825
4809.0,6624.8840367744815
4810.0,6624.202457860314
4811.0,6624.443421850183
4812.0,6565.628253349264
4813.0,6624.180837129709
4814.0,6624.263687673207
4815.0,6624.266879157864
4816.0,6624.2614835796885
4817.0,6623.149852718593
4818.0,6623.833621314285
4819.0,6623.3803365794265
4820.0,6623.759375442528
4821.0,6624.3011978291
4822.0,6623.803561678346
4823.0,6634.350372256489
4824.0,6623.598168333015
4825.0,6681.235911460826
4826.0,6622.820332619645
4827.0,6609.950496784899
4828.0,6623.427381498689
4829.0,6608.419787887478
4830.0,6624.261459934767
4831.0,2854.103933901708
4832.0,3261.5677975704475
4833.0,2854.103494855959
4834.0,2856.7803671701777
4835.0,2854.6684601965726
4836.0,2965.417697554969
4837.0,2854.846729616766
4838.0,2854.087911650569
4839.0,2854.1039553564897
4840.0,2854.104204817495
4841.0,2837.508596878106
4842.0,2856.8845620792567
4843.0,2858.915620562483
4844.0,2862.458340684782
4845.0,2848.882228670586
4846.0,2846.2629875158086
4847.0,3395.7782567783684
4848.0,2864.141246463874
4849.0,2950.4260956763073
4850.0,2858.6800437458
4851.0,3767.57959858914
4852.0,2879.1032822324582
4853.0,2904.6897885782046
4854.0,4908.8988874643765
4855.0,5506.455413916102
4856.0,5496.3423196580525
4857.0,5504.30699616703
4858.0,5328.539355264237
4859.0,5503.721449809098
4860.0,5506.460000957128
4861.0,5506.452481861399
4862.0,5506.454631432203
4863.0,5535.935765377293
4864.0,5505.069240551029
4865.0,5501.567548091959
4866.0,5494.967966054302
4867.0,5514.213757991808
4868.0,5518.204466899593
4869.0,4649.392545040513
4870.0,5480.247734110065
4871.0,5385.936719956657
4872.0,5500.315318042453
4873.0,4300.084170307781
4874.0,5457.867124051762
4875.0,5438.853297764006
4876.0,5506.45479798962
4877.0,6849.630059981237
4878.0,5968.464538193413
4879.0,6849.6279126120535
4880.0,6849.619936681675
4881.0,6849.63932083816
4882.0,7080.040653384678
4883.0,6849.6451022561305
4884.0,6849.630254031419
4885.0,6849.630144697951
4886.0,6849.630059752855
4887.0,6849.990379448032
4888.0,6850.759899405886
4889.0,6850.11669498538
4890.0,6848.536978251824
4891.0,6848.955750357853
4892.0,6849.645648226767
4893.0,6917.422352498116
4894.0,6849.338950263298
4895.0,6815.989777215717
4896.0,6830.936475397016
4897.0,6811.149400975453
4898.0,6849.496538291015
4899.0,6820.967401192688
4900.0,7041.690942753303
4901.0,4776.579631617593
4902.0,4778.099144327851
4903.0,4775.015774051494
4904.0,1859.6669260219346
4905.0,4774.289842766169
4906.0,4776.56655128859
4907.0,4776.579738788211
4908.0,4776.579692759891
4909.0,4765.728280209432
4910.0,4757.8110947992545
4911.0,4771.056312167105
4912.0,4787.175304903498
4913.0,4784.223036644668
4914.0,4771.720859410818
4915.0,6514.1883526946585
4916.0,4840.187016735058
4917.0,5052.87798547807
4918.0,4887.2391826114035
4919.0,6631.559288889029
4920.0,4810.873390713043
4921.0,4944.823943592539
4922.0,4776.57968958074
4923.0,6908.261582222654
4924.0,6997.246918375756
4925.0,6908.261450029884
4926.0,6908.129531952132
4927.0,6908.353022057557
4928.0,5916.0497107766205
4929.0,6908.407440725443
4930.0,6908.261717612519
4931.0,6908.2595933511275
4932.0,6908.261581722017
4933.0,6908.3535336789855
4934.0,6908.487341379769
4935.0,6908.926364361783
4936.0,6909.898019945584
4937.0,6908.2182104231915
4938.0,6908.360282895859
4939.0,6788.862896597161
4940.0,6909.727481155232
4941.0,6923.741299823234
4942.0,6931.026663206627
4943.0,6942.38415173665
4944.0,6906.263834244821
4945.0,6919.174363221314
4946.0,5664.872266072358
4947.0,6264.639975256648
4948.0,6267.61337689276
4949.0,6262.938796131209
4950.0,7115.971586339433
4951.0,6261.3202881205
4952.0,6264.635334671605
4953.0,6264.639057520022
4954.0,6264.6394090850445
4955.0,6262.420573727549
4956.0,6271.036754366703
4957.0,6260.968878473993
4958.0,6237.955365782234
4959.0,6266.152704006707
4960.0,6262.672716477692
4961.0,6644.402735379447
4962.0,6243.741344490201
4963.0,6175.299423327835
4964.0,6146.375080750842
4965.0,5350.8741871890425
4966.0,6309.447621609004
4967.0,6208.9464461003045
4968.0,6264.639403868109
4969.0,7090.4285983558075
4970.0,6934.903194454383
4971.0,7090.424924802409
4972.0,7090.43334720839
4973.0,7090.474599405396
4974.0,6981.191481115774
4975.0,7090.316101396288
4976.0,7090.428553227087
4977.0,7090.424524634469
4978.0,7090.428598776681
4979.0,7090.454931456741
4980.0,7090.2782385041455
4981.0,7073.351156067892
4982.0,7089.784386245239
4983.0,7090.321752897756
4984.0,7090.437380915489
4985.0,7108.9216903357
4986.0,7090.321857267964
4987.0,7106.717277135871
4988.0,7082.822189349108
4989.0,7083.994578068155
4990.0,7090.691280697702
4991.0,7105.107051946666
4992.0,6949.102607134274
4993.0,5829.159095563203
4994.0,5828.241636022112
4995.0,5822.658656905289
4996.0,6855.492949402767
4997.0,5850.489899463371
4998.0,5829.15561882629
4999.0,5829.155381457313
5000.0,5829.1562604599585
5001.0,5829.3240717256385
5002.0,5828.371517138501
5003.0,5993.9773606616145
5004.0,5872.751415235895
5005.0,5833.44265762234
5006.0,5826.559992749393
5007.0,6235.791984661851
5008.0,5846.619394814935
5009.0,5630.195265141789
5010.0,5883.812184769574
5011.0,6444.225431168348
5012.0,5792.6060933454255
5013.0,5715.500943708128
5014.0,5829.156257313731
5015.0,6876.281135070347
5016.0,6637.665376408102
5017.0,6876.604624891382
5018.0,6876.287406096605
5019.0,6876.250838911166
5020.0,6703.5546004400785
5021.0,6876.726369835531
5022.0,6876.281406659919
5023.0,6876.604445201514
5024.0,6876.2811266249455
5025.0,6876.2685749675675
5026.0,6876.235900918094
5027.0,6895.339119218698
5028.0,6877.270371533265
5029.0,6876.924619144097
5030.0,6876.415181273638
5031.0,6833.626648564153
5032.0,6875.999502717207
5033.0,6856.493888442952
5034.0,6868.431086833519
5035.0,6947.465999566712
5036.0,6877.174977251895
5037.0,6860.460641124363
5038.0,6832.407467495965
5039.0,6617.854121968848
5040.0,6617.848254434221
5041.0,6617.9345502586
5042.0,6793.630584293781
5043.0,6617.15088203682
5044.0,6617.857290790418
5045.0,6617.873846220255
5046.0,6617.858658625092
5047.0,6617.965923751379
5048.0,6617.435966971857
5049.0,6576.591519323585
5050.0,6617.484570449998
5051.0,6616.653164127346
5052.0,6617.654956795428
5053.0,6600.341638032029
5054.0,6618.453241111253
5055.0,6660.3834812265295
5056.0,6634.458804432673
5057.0,5942.033523328456
5058.0,6616.440540498541
5059.0,6652.666169798186
5060.0,6617.85862218372
5061.0,6817.884425906076
5062.0,6057.591169448158
5063.0,6817.889496852991
5064.0,6818.315081463873
5065.0,6817.190131294473
5066.0,7042.8892521333055
5067.0,6827.766338562022
5068.0,6817.884644725166
5069.0,6817.877480196776
5070.0,6817.8844067754
5071.0,6867.627398795898
5072.0,6814.872900435665
5073.0,6875.7599616221505
5074.0,6819.682937901425
5075.0,6818.028179034274
5076.0,6811.896798423019
5077.0,6692.362126961909
5078.0,6813.705205822172
5079.0,6881.816484625779
5080.0,6845.571218869622
5081.0,6621.134974694731
5082.0,6809.712306452686
5083.0,6818.292850052214
5084.0,6966.392175945987
5085.0,6743.173601764416
5086.0,6743.082872886947
5087.0,6743.450729011329
5088.0,6379.40767959947
5089.0,6740.913777626644
5090.0,6743.176369257133
5091.0,6743.172492866923
5092.0,6743.177194785512
5093.0,6737.629363154669
5094.0,6762.972607441066
5095.0,6698.338353455381
5096.0,6741.585822481782
5097.0,6743.0777060312885
5098.0,6745.014946982191
5099.0,6759.884087109771
5100.0,6745.042821644683
5101.0,6689.992832379168
5102.0,6722.27008109545
5103.0,6787.053185452375
5104.0,6746.512320377417
5105.0,6742.894738671765
5106.0,6743.177066454344
5107.0,6525.077212423206
5108.0,7043.058616638887
5109.0,6525.072935532276
5110.0,6525.121378324238
5111.0,6524.777816736392
5112.0,4475.934945919768
5113.0,6522.882159112794
5114.0,6525.077639157298
5115.0,6525.17421735613
5116.0,6525.077274392112
5117.0,6525.016084838631
5118.0,6489.29280127872
5119.0,6464.2411935036525
5120.0,6527.654797408025
5121.0,6525.712463869244
5122.0,6525.664943808981
5123.0,6726.691305943192
5124.0,6538.217400936032
5125.0,6461.017167819887
5126.0,6450.807334745286
5127.0,6262.827927376448
5128.0,6519.3408712890005
5129.0,6525.420184617741
5130.0,5383.249258921412
5131.0,6412.7533914999985
5132.0,6411.6104172425785
5133.0,6412.832798205955
5134.0,6984.727047373104
5135.0,6411.902756713806
5136.0,6411.604886459118
5137.0,6489.0342546115035
5138.0,6411.611524083652
5139.0,6489.698296033435
5140.0,6475.019510116168
5141.0,6454.489703739121
5142.0,6410.061665165128
5143.0,6412.130378759966
5144.0,6488.988285418173
5145.0,5611.810466112521
5146.0,6410.285309258181
5147.0,6460.978307461096
5148.0,6471.645111296325
5149.0,6503.748508296912
5150.0,6412.183095969845
5151.0,6411.334294987899
5152.0,6411.609678990164
5153.0,5763.0795924146005
5154.0,6388.0869384073985
5155.0,5763.081278167504
5156.0,5756.171060601535
5157.0,5760.098834883279
5158.0,6065.056671439595
5159.0,5746.318835892238
5160.0,5763.070853072419
5161.0,5763.0797696246345
5162.0,5763.079588963533
5163.0,5765.071968627163
5164.0,5769.826860200112
5165.0,5610.759442079098
5166.0,5749.248013979864
5167.0,5764.053513337147
5168.0,5764.930917179922
5169.0,5778.906822953731
5170.0,5724.815920985257
5171.0,6023.837092006072
5172.0,5686.7902420234805
5173.0,5562.626927548826
5174.0,5716.134902850034
5175.0,5682.90659475805
5176.0,5491.109495507481
5177.0,6509.221819710799
5178.0,6511.058297389664
5179.0,6509.890666468451
5180.0,6130.45763473217
5181.0,6513.734635205526
5182.0,6509.251974954908
5183.0,6509.043249977772
5184.0,6509.230685239153
5185.0,6506.342272375814
5186.0,6502.580921191679
5187.0,6596.086240746854
5188.0,6516.267736389853
5189.0,6508.09974099124
5190.0,6505.211899182942
5191.0,6480.320756325548
5192.0,6530.528030595407
5193.0,6299.758937224212
5194.0,6552.362231677162
5195.0,6732.36848773223
5196.0,6548.112405128352
5197.0,6553.184150534386
5198.0,6509.230647988285
5199.0,6820.510929353279
5200.0,6930.881001870927
5201.0,6820.510745306074
5202.0,6820.521295727683
5203.0,6820.539783970927
5204.0,6862.389775690874
5205.0,6820.4282032985875
5206.0,6820.559532017411
5207.0,6758.845600606262
5208.0,6820.510654104935
5209.0,6821.412384297917
5210.0,6818.922387330409
5211.0,6845.823117511323
5212.0,6819.788671345864
5213.0,6821.16382843531
5214.0,6759.321817545401
5215.0,6819.8403899050445
5216.0,6820.65161983605
5217.0,6805.063045181901
5218.0,6811.77062501314
5219.0,6811.292643671684
5220.0,6821.042422073612
5221.0,6849.638479601269
5222.0,6965.354127381598
5223.0,7051.175166608979
5224.0,7051.152577905155
5225.0,7051.132376886181
5226.0,6965.524574645662
5227.0,7051.345020971628
5228.0,7051.175765269667
5229.0,7051.1695497855435
5230.0,7051.174782228452
5231.0,7051.4350822042115
5232.0,7045.327725230664
5233.0,7031.730649286291
5234.0,7051.715420423982
5235.0,7050.962234440426
5236.0,7051.152871281273
5237.0,7025.619381535929
5238.0,7051.04376877608
5239.0,7061.220572618481
5240.0,7057.603792088079
5241.0,7058.37666712171
5242.0,7050.649265768541
5243.0,7029.310881412368
5244.0,7051.1747831461225
5245.0,7110.285219773661
5246.0,6831.597725551536
5247.0,7110.160415255017
5248.0,7110.2734332832815
5249.0,7110.287682027801
5250.0,7031.7905568405295
5251.0,7110.292475669302
5252.0,7110.289711781162
5253.0,7110.285210853142
5254.0,7110.285238455283
5255.0,7113.921225213954
5256.0,7111.865495338408
5257.0,7116.185180837191
5258.0,7110.672237820864
5259.0,7110.127017209648
5260.0,7110.294613869183
5261.0,7085.728511409972
5262.0,7110.330250241248
5263.0,7117.2332214519765
5264.0,7137.482770665157
5265.0,6193.495031044821
5266.0,7110.06058188881
5267.0,7099.235674418151
5268.0,5097.465523318198
5269.0,2510.6385175521505
5270.0,2512.2051642488823
5271.0,2510.3193408889542
5272.0,3755.225295286098
5273.0,2509.6780883685324
5274.0,2510.6448647670986
5275.0,2510.6378809145795
5276.0,2510.6429864069632
5277.0,2523.0184000963895
5278.0,2511.6995573982995
5279.0,2456.500950702976
5280.0,2471.718114913122
5281.0,2512.572044995917
5282.0,2508.570949376306
5283.0,2199.1906943573435
5284.0,2504.6905466193352
5285.0,2457.1531465959656
5286.0,2331.443938372893
5287.0,6217.128806816908
5288.0,2562.685064603438
5289.0,2568.5094771411286
5290.0,2510.6429928720067
5291.0,6152.681165539922
5292.0,6584.224703576003
5293.0,6152.680586577332
5294.0,6154.807144876444
5295.0,6152.92378326555
5296.0,7045.845513172916
5297.0,6153.723555346756
5298.0,6152.684912857011
5299.0,6152.679887890457
5300.0,6152.681257670393
5301.0,6153.8928863842875
5302.0,6151.0739709364725
5303.0,5962.074208585037
5304.0,6136.332172442389
5305.0,6156.04261635209
5306.0,6147.7414887058985
5307.0,6377.16633519866
5308.0,6157.265665571675
5309.0,5939.657729651984
5310.0,6112.7026821780155
5311.0,6537.599781755431
5312.0,6168.287298751458
5313.0,6111.361746072742
5314.0,6998.263243340909
5315.0,7053.849224403546
5316.0,7053.8300314651915
5317.0,7053.845535222285
5318.0,6612.449928236033
5319.0,7053.839068787502
5320.0,7053.848192811273
5321.0,7053.848364989589
5322.0,7053.8477548577675
5323.0,7054.079352853448
5324.0,7053.364446665557
5325.0,7072.132640056134
5326.0,7054.105028567027
5327.0,7053.745475558111
5328.0,7053.875020195253
5329.0,7061.726455465566
5330.0,7053.816467603017
5331.0,7072.361177681602
5332.0,7058.328451656631
5333.0,7049.931618414156
5334.0,7053.766240628148
5335.0,7058.639254506961
5336.0,7053.847753471682
5337.0,6465.029611216376
5338.0,6045.539853957715
5339.0,6465.031771643672
5340.0,6465.480297373594
5341.0,6465.239242881208
5342.0,6369.5898306770605
5343.0,6463.334352225806
5344.0,6465.019958157434
5345.0,6465.038254660944
5346.0,6465.0295913652635
5347.0,6463.51056437026
5348.0,6461.47625566152
5349.0,6452.548404129053
5350.0,6468.313051873084
5351.0,6464.428995552486
5352.0,6464.088961626247
5353.0,6457.764182511142
5354.0,6463.465832041039
5355.0,6383.8308224389175
5356.0,6493.517374551533
5357.0,6347.068425099625
5358.0,6462.086267838169
5359.0,6465.394710440461
5360.0,6232.792484522804
5361.0,5719.888252500916
5362.0,5719.574983430136
5363.0,5719.7814118752785
5364.0,5869.730099458357
5365.0,5721.038515952505
5366.0,5719.894174239793
5367.0,5719.891279010902
5368.0,5719.889983012942
5369.0,5721.424542785302
5370.0,5725.9564442710725
5371.0,5747.6154624982055
5372.0,5707.105897769273
5373.0,5720.979640694267
5374.0,5721.212791956743
5375.0,5472.904474753602
5376.0,5721.5482114214665
5377.0,5889.153647562837
5378.0,5654.180944187428
5379.0,5825.7881100690765
5380.0,5723.134102624021
5381.0,5719.03595363684
5382.0,5719.889901226677
5383.0,7087.828497646905
5384.0,7046.625659085739
5385.0,7087.828498978069
5386.0,7087.807736180816
5387.0,7087.817951894625
5388.0,7064.821173732916
5389.0,7087.852103916788
5390.0,7087.828416103962
5391.0,7087.830374628995
5392.0,7087.828495985409
5393.0,7086.221572458545
5394.0,7087.082932246481
5395.0,7083.520277976687
5396.0,7087.593308311422
5397.0,7087.821916458275
5398.0,7087.893058363697
5399.0,7073.72213727132
5400.0,7088.004348245803
5401.0,7103.508470877695
5402.0,7097.9691747829975
5403.0,7095.319595619862
5404.0,7088.18739806315
5405.0,7087.9744569471395
5406.0,7081.137940961703
5407.0,7050.137447484393
5408.0,7050.280288287796
5409.0,7050.2026825636785
5410.0,7072.152690374942
5411.0,7049.973828079038
5412.0,7050.139582684474
5413.0,7049.976795040652
5414.0,7050.1374629365455
5415.0,7053.42879025928
5416.0,7053.044357399143
5417.0,7054.141646023361
5418.0,7050.455883376716
5419.0,7050.011251838498
5420.0,7049.893626582735
5421.0,7078.325008433021
5422.0,7049.653414892549
5423.0,7034.350703848578
5424.0,7040.608144336678
5425.0,7004.046210512523
5426.0,7049.349591128002
5427.0,7050.004698740654
5428.0,7050.137450026936
5429.0,6858.980408221183
5430.0,6714.194283452858
5431.0,6859.177429091435
5432.0,6858.9837582452055
5433.0,6858.979798168537
5434.0,6343.227681989244
5435.0,6859.005082957199
5436.0,6858.98037302192
5437.0,6858.982539909421
5438.0,6858.980408179343
5439.0,6859.044027303868
5440.0,6859.137847507746
5441.0,6871.491289174902
5442.0,6858.782456176297
5443.0,6859.3807738224405
5444.0,6858.979407186602
5445.0,6876.880457522485
5446.0,6858.919157007156
5447.0,6855.602957355235
5448.0,6836.7965870508415
5449.0,6859.363703355961
5450.0,6858.953988856102
5451.0,6874.546239020645
5452.0,6289.607097629632
5453.0,5866.359085911114
5454.0,5865.946424774276
5455.0,5866.527967067545
5456.0,6731.327557488044
5457.0,5862.8620361670655
5458.0,5866.356793199887
5459.0,5866.357830730099
5460.0,5866.3551756477445
5461.0,5868.614850567944
5462.0,5865.40819629505
5463.0,5757.786542467733
5464.0,5868.768505217564
5465.0,5864.178383105389
5466.0,5866.539334243163
5467.0,6044.7407014551145
5468.0,5870.857398395144
5469.0,5893.559092494017
5470.0,6027.560465795741
5471.0,5740.116267889005
5472.0,5874.905611190824
5473.0,5754.616672939937
5474.0,5866.355170043216
5475.0,1928.1000590213296
5476.0,5304.338119114849
5477.0,1928.1001105526045
5478.0,1922.9232782501838
5479.0,1927.2284855332557
5480.0,3174.783322692763
5481.0,1922.2369842231817
5482.0,1928.3949815222777
5483.0,1928.114686273796
5484.0,1928.099090370767
5485.0,1911.6334277962799
5486.0,1941.116988196666
5487.0,2149.956344761362
5488.0,1919.3795262718847
5489.0,1924.545596445055
5490.0,1926.4878232852095
5491.0,1302.5712839453963
5492.0,1911.6908742218884
5493.0,2376.615741501603
5494.0,2022.8568155078149
5495.0,2685.1980139805573
5496.0,1995.7772566037208
5497.0,1768.11846272688
5498.0,3078.7096978979052
5499.0,6280.862891471198
5500.0,6299.789936824808
5501.0,6283.472984321971
5502.0,4495.189620685773
5503.0,6302.52620136312
5504.0,6280.760834196351
5505.0,6280.906997904947
5506.0,6280.862954250903
5507.0,6290.958052980949
5508.0,6276.011981695221
5509.0,6204.789266807826
5510.0,6283.400189735402
5511.0,6286.356108325853
5512.0,6285.843037920218
5513.0,6932.216687716006
5514.0,6334.10428719434
5515.0,6099.8540249929665
5516.0,6245.34723926168
5517.0,4824.6708559406625
5518.0,6145.169976664344
5519.0,6342.5855709536345
5520.0,6280.862938781567
5521.0,6551.800910131147
5522.0,7045.06630667822
5523.0,6551.4082336267775
5524.0,6551.498108966279
5525.0,6551.004913645071
5526.0,5752.804388962997
5527.0,6548.909679406505
5528.0,6551.800974128695
5529.0,6551.395835029446
5530.0,6551.800921973677
5531.0,6551.379214587848
5532.0,6551.380842553661
5533.0,6575.360758962549
5534.0,6550.369484316627
5535.0,6553.345878747528
5536.0,6550.046804892873
5537.0,3753.7703213457594
5538.0,6545.635145884841
5539.0,6596.21863185044
5540.0,6513.913035493332
5541.0,6498.86360599597
5542.0,6554.223979583109
5543.0,6560.932393590408
5544.0,2299.4422211302926
5545.0,4719.944380423417
5546.0,4722.005116028477
5547.0,4724.595247518938
5548.0,6806.88077903147
5549.0,4740.2353854187395
5550.0,4719.946425065884
5551.0,4719.946841950056
5552.0,4719.946559984103
5553.0,4720.042143428422
5554.0,4724.486662710328
5555.0,4666.071126558484
5556.0,4722.991519305913
5557.0,4714.179802576248
5558.0,4742.203524354418
5559.0,6885.239333223502
5560.0,4777.314910360873
5561.0,4633.724414383722
5562.0,4782.349389990854
5563.0,5354.57883224169
5564.0,4701.44252938223
5565.0,4705.669887055832
5566.0,4719.946574327289
5567.0,6831.914175078995
5568.0,6179.70773772752
5569.0,6831.914083403785
5570.0,6831.795872698365
5571.0,6832.252562029272
5572.0,6498.087977081599
5573.0,6834.354638155056
5574.0,6831.914964314949
5575.0,6831.916440008198
5576.0,6831.914123281509
5577.0,6831.832303740048
5578.0,6837.464474962354
5579.0,6852.938331976863
5580.0,6830.972314398429
5581.0,6830.061218280781
5582.0,6835.207135683819
5583.0,6754.810265781009
5584.0,6835.56157725078
5585.0,6775.878196089099
5586.0,6865.408817830226
5587.0,6788.291412270697
5588.0,6817.87305860863
5589.0,6840.865600643122
5590.0,6497.672786669001
5591.0,5872.391857658543
5592.0,5872.496474416152
5593.0,5872.049739619903
5594.0,6299.325027781529
5595.0,5870.283840454326
5596.0,5872.373730340347
5597.0,5872.481039025384
5598.0,5872.392696144169
5599.0,5873.4780922845475
5600.0,5851.791566789461
5601.0,5795.263820612157
5602.0,5877.57649480948
5603.0,5876.645289077585
5604.0,5867.375190739709
5605.0,5279.417995391726
5606.0,5868.5182023916495
5607.0,6039.828727362165
5608.0,5745.915839297903
5609.0,5936.321064791512
5610.0,5902.181008967781
5611.0,5841.158231497603
5612.0,5872.391586910864
5613.0,6645.512408394268
5614.0,6732.916992014648
5615.0,6645.5098150146405
5616.0,6645.510522379868
5617.0,6645.517572473054
5618.0,7057.054072506584
5619.0,6645.543519600424
5620.0,6645.512515429136
5621.0,6645.515804420776
5622.0,6645.512402698104
5623.0,6642.80062561708
5624.0,6645.755967049595
5625.0,6630.870856497773
5626.0,6652.3472106558465
5627.0,6645.597221665931
5628.0,6645.514822076374
5629.0,6422.166510981128
5630.0,6645.410067148339
5631.0,6678.227412585683
5632.0,6644.948152750692
5633.0,6653.850472863511
5634.0,6645.834987915878
5635.0,6625.54116824665
5636.0,7109.359724678051
5637.0,7116.827976533553
5638.0,7116.82637360733
5639.0,7116.822711064565
5640.0,6882.371110763916
5641.0,7116.817148749437
5642.0,7116.825909901945
5643.0,7116.989225441367
5644.0,7116.825911012229
5645.0,7115.918909509186
5646.0,7116.834206630962
5647.0,7123.660593937391
5648.0,7116.625432595272
5649.0,7116.8301856490125
5650.0,7116.822155262454
5651.0,7070.690570049619
5652.0,7116.833900121298
5653.0,7102.7336464902555
5654.0,7117.1158531690835
5655.0,7115.050841438965
5656.0,7116.781131598995
5657.0,7127.221085151371
5658.0,7116.825904934902
5659.0,6766.115969154201
5660.0,6867.850711700047
5661.0,6766.118312015428
5662.0,6766.091531601495
5663.0,6766.2786905561525
5664.0,6478.8264570729
5665.0,6764.570941097934
5666.0,6766.111431032861
5667.0,6819.263312811942
5668.0,6766.106081172487
5669.0,6820.609012411763
5670.0,6763.508022177502
5671.0,6745.892856855127
5672.0,6765.611063235194
5673.0,6819.225520906708
5674.0,6766.322013261465
5675.0,6669.988946178243
5676.0,6765.385580160898
5677.0,6710.861577055033
5678.0,6765.36030788013
5679.0,6527.167890638892
5680.0,6763.498614661657
5681.0,6811.041015701056
5682.0,6297.1322993987515
5683.0,6514.250461301483
5684.0,6514.263889590088
5685.0,6514.193034427305
5686.0,6797.770482954792
5687.0,6515.022162838373
5688.0,6514.246374980477
5689.0,6514.253726295841
5690.0,6514.250895013509
5691.0,6506.766993322135
5692.0,6514.081836918942
5693.0,6535.427281779321
5694.0,6516.139658896964
5695.0,6431.54941338889
5696.0,6514.170800312293
5697.0,6239.20908431696
5698.0,6514.668956390165
5699.0,6573.421734448107
5700.0,6515.062829823327
5701.0,6511.872084552656
5702.0,6516.073376862721
5703.0,6462.855183118411
5704.0,6514.250765673801
5705.0,3750.8884129708777
5706.0,5624.5300077756165
5707.0,3750.887876221936
5708.0,3750.426189303107
5709.0,3754.3949574911344
5710.0,5240.731619266316
5711.0,3748.0432293336435
5712.0,3750.882820897495
5713.0,3750.8919415413798
5714.0,3750.8883304920687
5715.0,3738.5803165324314
5716.0,3789.6045492103435
5717.0,3845.708928177028
5718.0,3770.358329796747
5719.0,3739.203813967705
5720.0,3762.943964594467
5721.0,6644.2159779541935
5722.0,3728.43208729083
5723.0,3647.606895010917
5724.0,3853.664016113163
5725.0,6747.7582706202165
5726.0,3807.412853522409
5727.0,3775.1784807087424
5728.0,6894.794051002173
5729.0,7023.709078096434
5730.0,7022.716439769626
5731.0,7022.701918394149
5732.0,6914.226696404686
5733.0,7022.717899899369
5734.0,7022.715812538915
5735.0,7022.704701398315
5736.0,7022.716159758933
5737.0,7016.311999136578
5738.0,7025.226101615665
5739.0,7017.2005616795095
5740.0,7022.334583929309
5741.0,7023.090496934626
5742.0,7022.716783418221
5743.0,7089.624507787487
5744.0,7022.744212584044
5745.0,7029.787077553782
5746.0,7012.626592947914
5747.0,7018.989382343175
5748.0,7022.6912841780695
5749.0,7020.038407394073
5750.0,7022.716175127173
