88.44356450569894
121.64147738441994
83.74390238052379
87.22721680940003
88.50370400474557
85.54659752506022
88.20308825390974
88.44356450569894
88.44356450569894
44.325834041904805
88.44356450569894
88.44356450569894
88.44356450569894
88.44356450569894
86.7610615302078
131.97006222506664
126.03516872904953
87.27522828294771
87.8021852018173
67.1218044279378
287.7585556590178
88.44356450569894
88.44356450569894
88.44356450569894
88.44356450569894
88.44356450569894
88.44356450569894
86.5152575233264
87.27459003397145
87.466950740568
86.04076881617713
87.07851805565737
87.26437350018699
88.44356450569894
88.44356450569894
88.44356450569894
88.44356450569894
88.44356450569894
88.44356450569894
87.31600755264614
87.94913954406482
87.14265813105102
88.02515377067476
87.1703891066654
87.27769914056593
86.73760959345918
84.0573612927342
86.79915627546801
34.48625886011555
89.00231547874736
93.16057217130272
84.834549889513
92.48830061917693
137.38120017797763
87.5102433777924
88.44356450569894
88.44356450569894
70.76758317174313
132.66554001876074
59.75518890692612
87.6684775514493
93.33114150814147
88.44356450569894
69.40561588612726
70.21949553254987
138.47870958530459
88.44356450569894
88.44356450569894
88.34702237223523
87.20127597368902
59.299548916587746
5.465741225152453
88.44356450569894
88.44356450569894
88.44356450569894
88.44356450569894
88.44356450569894
88.44356450569894
285.27168708219165
279.9868665159825
280.32433199563803
280.4370391120547
283.40126856843176
280.2471078278075
280.4273295826741
280.4273295826741
574.1368519530106
280.4273295826741
280.4273295826741
280.4273295826741
280.4273295826741
280.42591759695716
286.56956376722786
287.2468564541307
280.43174386295146
280.3487140421132
277.9909317347175
258.9921226735099
280.4273295826741
280.4273295826741
280.4273295826741
280.4273295826741
280.4273295826741
280.4273295826741
280.6339488678299
280.2772208170702
280.3951795313424
280.397671037178
280.4617727635389
280.4464686414399
280.4273295826741
280.4273295826741
280.4273295826741
280.4273295826741
280.4273295826741
280.4273295826741
280.7676785211808
280.37500871447435
280.9024095110072
280.4562209562807
280.40987227626454
281.19545585603726
280.6474302921986
281.71352440548554
280.38165091759623
666.337120835394
278.20721749545345
270.17017621244537
286.46850920273505
266.18283749307744
223.56354206140824
281.7339362865418
280.4273295826741
280.4273295826741
295.42390304319764
251.31394222611837
346.10229442829143
281.1088361155628
275.3270406589733
280.4273295826741
337.1999884481935
332.8144240766532
187.59863882092486
280.4273295826741
280.4273295826741
280.38259061117304
280.38772354472354
4.955993199516871
50.42590019246425
280.4273295826741
280.4273295826741
280.4273295826741
280.4273295826741
280.4273295826741
280.4273295826741
280.4273295826741
4899.367553516751
4975.94783409278
4898.754872194646
4902.808515670424
4898.619772691904
4997.770073665318
4900.534998066239
4899.367553516751
4899.367553516751
1344.843662366494
4899.367553516751
4899.367553516751
4899.367553516751
4899.367553516751
4898.791597901151
4972.501973682639
4857.109520760868
4899.852603362846
4899.085916830282
4931.773255915828
3242.9518933446893
4899.367553516751
4899.367553516751
4899.367553516751
4899.367553516751
4899.367553516751
4899.367553516751
4898.029177101691
4899.621849035455
4898.340608965658
4898.078667160852
4899.268252707936
4899.498648391466
4899.367553516751
4899.367553516751
4899.367553516751
4899.367553516751
4899.367553516751
4899.367553516751
4898.75055865654
4899.367553516751
4899.367553516751
4899.367553516751
4898.898879143378
4899.893449410184
4902.803364835265
4902.063429925996
4899.269890724937
14139.038348910626
4942.675421905324
4929.372128823741
5037.016620883599
5065.933413274281
6903.763809926776
4877.086081328023
4899.367553516751
4899.367553516751
6556.061565841824
5116.2328824190145
3544.645040440612
4866.564673053922
4696.4148373139315
4899.367553516751
4499.158100196357
8759.295701319976
5735.422658749503
4899.367553516751
4899.367553516751
4899.373466504552
4899.526257568545
3170.226848289402
159.76055229888948
4899.367553516751
71568.78784961425
4899.367553516751
4899.367553516751
4899.367553516751
4899.367553516751
96681.42066001715
99843.55558202723
98100.88514700615
98256.29614958871
97189.7661375823
98408.62412004996
98177.15407554066
98177.15407554066
296022.6676469855
98177.15407554066
98177.15407554066
98177.15407554066
98177.15407554066
100310.1506842315
99407.59793640053
98021.77569834399
98043.84117632669
98312.81396308161
99041.29232193131
70567.04196375635
98177.15407554066
98177.15407554066
98177.15407554066
98177.15407554066
98177.15407554066
98177.15407554066
97216.95182101084
98177.16291040696
98315.72466376844
97923.20207719113
99928.65545407342
97315.62480147278
98177.15407554066
98177.15407554066
98177.15407554066
98177.15407554066
98177.15407554066
98177.15407554066
97338.11050231947
98177.1540754651
98177.15407547042
98177.15407554066
99518.39919615554
100120.38325879983
99902.40710927009
95320.2708268341
100235.84244691083
38731.58967890105
97397.15948484023
96336.83943015327
93706.17862332301
93203.68671133053
99204.9635748186
97986.36961030195
98177.15407554066
98177.15407554066
93121.84600110736
97919.6704439864
101100.35561113284
98188.84822865635
96467.51166823304
98177.15407554066
98517.38423141633
97953.61345938752
98122.76537690956
98177.15407554066
98177.15407554066
97647.32975824624
98177.12909806034
99256.11958637225
101615.34771357565
100385.53727564677
41.01240745553341
98177.15407554066
98177.15407554066
98177.15407554066
98177.15407554066
98177.15407554066
101400.10383897758
101459.31455718697
101515.22225923791
101408.82753490782
101574.05060850065
101127.0372294417
101416.4993876366
101400.10383897758
101400.10383897758
105047.18600471078
101400.10383897758
101400.10383897758
101400.10383897758
101400.10383897758
102629.8905217562
97308.90921382401
100335.8493252288
101788.08557013219
101522.2008997399
95401.58864349713
102680.55950165266
101400.10383897758
101400.10383897758
101400.10383897758
101400.10383897758
101400.10383897758
101400.10383897758
101208.66338959959
101288.3343448715
101649.53595822108
101851.35724232874
101419.2425846991
101489.09045283662
101400.10383897758
101400.10383897758
101400.10383897758
101400.10383897758
101400.10383897758
101400.10383897758
101607.64775690541
101400.37528058494
101307.58143182304
101540.05331909948
101466.73191792188
101694.4704802911
103468.55170240781
104055.01447454681
101701.61197563853
107781.04873826711
100114.74942765287
104109.36133762587
96091.4911154574
100003.42164890314
100832.78209658095
101523.91201930927
101400.10383897758
101400.10383897758
101283.6036797875
101332.00907794485
103971.84918619638
101744.41078628965
101802.81647035283
101400.10383897758
101253.36233679963
101355.31219445159
101323.41683791166
101400.10383897758
101400.10383897758
101874.49011845178
101403.81522650104
101871.49301661734
101086.84917749156
100126.22164372544
102451.0606712245
101400.10383897758
101400.10383897758
101400.10383897758
101400.10383897758
