1341.8897884670246
1373.9784999090116
1343.97226090784
1340.9353804490368
1341.4307782370315
1343.5576940118317
1342.0085090001244
1341.8897884670246
1341.8897884670246
6999.829408796321
1341.8897884670246
1341.8897884670246
1341.8897884670246
1341.8897884670246
1341.9421451014205
1278.213669128422
1410.503578585833
1341.1352537000912
1342.3688900697737
1406.0157136224548
1241.4073860313238
1341.8897884670246
1341.8897884670246
1341.8897884670246
1341.8897884670246
1341.8897884670246
1341.8897884670246
1341.7652056892691
1341.0233094964526
1340.2373808437605
1344.0755459728693
1341.871220843615
1340.8941846058874
1341.8897884670246
1341.8897884670246
1341.8897884670246
1341.8897884670246
1341.8897884670246
1341.8897884670246
1340.6701013043112
1340.4909970587892
1342.692014043848
1341.9877416191753
1341.085276121855
1341.7683471831147
1341.9148838590331
1345.159208739526
1340.5794089316003
250.9847856658592
1336.7578707398059
1297.0228347411755
1333.4343789372501
1300.7921665568845
1501.216399907866
1337.0145156399249
1341.8897884670246
1341.8897884670246
321.8305488301
1472.4210117190387
2133.673876382122
1340.1877676311306
1338.9921512634107
1341.8897884670246
1354.0249970437842
1380.541162634136
1328.4475567386066
1341.8897884670246
1341.8897884670246
1340.2707274582465
1341.87848375154
23718.639107033126
1341.8897884670246
1240.155763647961
3.8733781731593977
1341.8897884670246
1341.8897884670246
1341.8897884670246
1341.8897884670246
37677.40927046471
38150.24959443959
37417.86928110395
37718.884139580354
37942.113423849
38159.71023382104
37708.60416921474
37708.60416921474
12800.221792130882
37708.60416921474
37708.60416921474
37708.60416921474
37708.60416921474
37628.86298768308
37044.889731449846
37193.88779400675
38012.09068116485
37649.32960249615
37371.82782206144
24719.771222682164
37708.60416921474
37708.60416921474
37708.60416921474
37708.60416921474
37708.60416921474
37708.60416921474
37676.407288735594
37942.92755896488
36375.04857063848
37773.48917745833
38015.311121516504
37928.76260877465
37708.60416921474
37708.60416921474
37708.60416921474
37708.60416921474
37708.60416921474
37708.60416921474
38070.98369843163
37498.39671576017
37899.10526046878
37999.450442262045
37306.519577875726
37923.12293537998
37713.92482156105
38426.72661392531
37108.86753236171
127432.95665241963
38090.0497614691
38116.27569724624
38107.56564899959
37992.59391849035
37223.0575632333
37223.38716148518
37708.60416921474
37708.60416921474
38071.974552148036
37983.042053276586
37924.358630315844
37991.1906319316
37907.365529187
37708.60416921474
37950.72504190073
37935.383712632276
38021.70733343079
37708.60416921474
37708.60416921474
37593.03230371253
37269.08492219496
16884.191454000753
37540.33600195884
4.1612577381247515
35797.23373206985
37708.60416921474
37708.60416921474
37708.60416921474
37708.60416921474
37708.60416921474
1922.6680840763404
1816.9066088123532
1920.3950287571363
1922.9254531998786
1922.4718108870497
1847.7601037946756
1924.2658414619484
1922.6680840763404
1922.6680840763404
1236.9263231115244
1922.6680840763404
1922.6680840763404
1922.6680840763404
1922.6680840763404
1922.7382501010832
1749.3457313670142
1975.893251338656
1922.3810803048423
1923.2003373364753
1789.4179215432055
1887.1110162313537
1922.6680840763404
1922.6680840763404
1922.6680840763404
1922.6680840763404
1922.6680840763404
1922.6680840763404
1920.871938460005
1926.1452928601823
1923.3318160987615
1923.4448678733331
1919.7781648134232
1923.8396761946524
1922.6680840763404
1922.6680840763404
1922.6680840763404
1922.6680840763404
1922.6680840763404
1922.6680840763404
1921.657334510021
1922.6680840763404
1922.6680840763404
1922.6680840763404
1923.6302953354907
1931.002742908249
1923.6678770195888
1907.4536122877864
1922.4817222756342
4492.670985961572
1915.2633779248754
2059.722920449091
1898.021062831056
1873.7661625447856
2630.7055620549877
1931.4397514534523
1922.6680840763404
1922.6680840763404
1954.8614677614949
1996.6852980115918
2402.6231580206663
1912.9047657445087
1913.0696654490534
1922.6680840763404
2063.2385663937584
1079.2418942300326
1870.3324759037046
1922.6680840763404
1922.6680840763404
1923.9643973095494
1919.8112169446927
2343.929938837023
511.0985587078887
29741.03842661454
1922.6680840763404
1922.6680840763404
1922.6680840763404
1922.6680840763404
1922.6680840763404
1546.139694342103
1574.3061836827205
1574.6284649723905
1575.635662608544
1620.8597956665542
1574.709713701781
1574.441139874279
1574.441139874279
2541.778268850074
1574.441139874279
1574.441139874279
1574.441139874279
1574.441139874279
1574.9278687626263
1530.4892701144615
1596.5238597670366
1574.4842603870525
1574.6362513843796
1553.2158360173996
1152.2374645188038
1574.441139874279
1574.441139874279
1574.441139874279
1574.441139874279
1574.441139874279
1574.441139874279
1576.0855569634398
1567.2056906334244
1574.537941985305
1574.7490920359783
1576.2935251454169
1576.4263347187077
1574.441139874279
1574.441139874279
1574.441139874279
1574.441139874279
1574.441139874279
1574.441139874279
1574.489696214612
1574.441139874279
1574.441139874279
1574.441139874279
1573.9099391479324
1574.7166714659022
1575.4878907717996
1582.3717545978466
1576.1981623401982
661.3392894666101
1579.6074611946597
1485.051325591958
1599.1116690889364
1628.7066562304333
1166.6489016144228
1567.1392269622743
1574.441139874279
1574.441139874279
1546.0121359530851
1491.3196316804042
1136.7656757210004
1579.6651626392004
1578.9988975347508
1574.441139874279
1437.049875091129
2355.4747308933875
1624.9980611359542
1574.441139874279
1574.441139874279
1575.8383729423338
1574.2012094516192
1245.2801903537243
3723.2012904323446
1574.441139874279
34318.50788214384
1574.441139874279
1574.441139874279
1574.441139874279
1574.441139874279
1574.441139874279
18608.72992018039
19768.871799635177
18643.34617970514
18620.280192356862
18686.184523300977
18658.0719909155
18687.343312600267
18608.72992018039
18608.72992018039
18247.6179098595
18608.72992018039
18608.72992018039
18608.72992018039
18608.72992018039
18669.69400618049
18750.764879520742
16997.766051788913
18612.650912047506
18613.182922092783
19688.704042231533
34865.911425342056
18608.72992018039
18608.72992018039
18608.72992018039
18608.72992018039
18608.72992018039
18608.72992018039
18599.259991389314
18614.97527562157
18615.37837210647
18610.979889424354
18618.528443802647
18634.77557710284
18608.72992018039
18608.72992018039
18608.72992018039
18608.72992018039
18608.72992018039
18608.72992018039
18605.577864943567
18653.900890602243
18643.221204110785
18608.72992018039
18641.692201322
18643.3891577585
18644.756234585777
18632.07210813038
18614.321695278002
3970.8274231866203
19070.322962091694
18692.872550544747
19100.80102828588
17525.382944312547
17743.729180292587
18635.792052909987
18608.72992018039
18608.72992018039
18703.43986015416
17901.142428087183
19971.144864774622
18677.0949886806
18689.20058120766
18608.72992018039
18825.384118764247
18538.603247590112
18638.62811467433
18608.72992018039
18608.72992018039
18608.25672753528
18658.881041621185
21291.91039603881
21837.575977857137
20884.753283343754
27.012210432912894
18608.72992018039
18608.72992018039
18608.72992018039
18608.72992018039
11.766706984810586
7.600292495117803
7.521724962066833
7.595000636170671
7.755048219686876
7.528854884902196
7.500162121458436
7.500162121458436
7.647685234424597
7.500162121458436
7.500162121458436
7.500162121458436
7.500162121458436
7.545035766193508
7.948603621752306
4.4812041917743075
7.521373280092413
7.525727410854442
17.06871591000737
90.09503676276977
7.500162121458436
7.500162121458436
7.500162121458436
7.500162121458436
7.500162121458436
7.500162121458436
7.546742330558873
7.500205533047321
7.564043055980244
7.5574728787951475
7.541270067530442
7.525744446359782
7.500162121458436
7.500162121458436
7.500162121458436
7.500162121458436
7.500162121458436
7.500162121458436
7.519887666758843
7.5427816874461096
7.524668390863237
7.500162121458436
7.531159768195716
7.521105866763341
7.535303327264638
7.534734154057489
7.54802816237768
27.284293883478032
7.408590561105583
7.481287456236778
7.302567621052733
7.908018271982844
15.378154433607902
7.565341804274257
7.500162121458436
7.500162121458436
7.339376632588689
14.341487531146534
4.8853922254636
7.382218700704581
7.223210658594926
7.500162121458436
4.481253735143983
8.34222830145657
7.683539471570707
7.500162121458436
7.500162121458436
7.549861556087164
7.530175276974589
3.3160211997206055
3.041233149431786
7.500162121458436
9964.336230880917
7.500162121458436
7.500162121458436
7.500162121458436
7.500162121458436
7.500162121458436
310.5656443878147
292.6097594874921
309.0655931024686
310.28234080399653
311.20016874469457
315.47104474601235
310.3650001896868
310.5656443878147
310.5656443878147
299.3376453593677
310.5656443878147
310.5656443878147
310.5656443878147
310.5656443878147
310.155709237531
304.23149339634136
291.8007022780474
310.0848474924659
310.2397316145451
277.1362763393574
363.8870414894371
310.5656443878147
310.5656443878147
310.5656443878147
310.5656443878147
310.5656443878147
310.5656443878147
310.2031400874974
309.69735037418997
310.3761677915981
309.58422195968404
310.6396999052778
310.54656263170995
310.5656443878147
310.5656443878147
310.5656443878147
310.5656443878147
310.5656443878147
310.5656443878147
310.5949048447923
310.07892113877716
310.5707929487068
310.6320902842075
310.78629684987436
310.1356061511093
310.49563540539526
309.75833091707824
307.3718190066601
759.2742641610594
309.6042205932531
312.1077795999935
300.64242227821006
323.40234700328534
213.2717127344588
308.6232722758564
310.5656443878147
310.5656443878147
314.4897307845806
337.22089141775837
418.0814536923567
303.24785060600425
292.4327659695135
310.5656443878147
275.56751798306107
745.2044463300809
280.94414805101826
310.5656443878147
310.5656443878147
310.8706162445675
309.9182342627651
3.7012847263026445
3.7012847263026445
310.5656443878147
23302.006814574772
310.5656443878147
310.5656443878147
310.5656443878147
310.5656443878147
31537.29657886864
32418.023842220715
32426.143875416692
32425.03427633043
32392.450848492088
32388.811329613603
32402.441205748724
32402.441205748724
33774.69625297392
32402.441205748724
32402.441205748724
32402.441205748724
32402.441205748724
32435.600075803042
32108.651510477077
31392.829836629542
32386.61415422364
32370.468032550347
31434.64069562422
46148.146942345586
32402.441205748724
32402.441205748724
32402.441205748724
32402.441205748724
32402.441205748724
32402.441205748724
32395.546390743493
32508.848519982836
32426.653471239988
32627.22035443936
32636.944394826758
32432.50061924845
32402.441205748724
32402.441205748724
32402.441205748724
32402.441205748724
32402.441205748724
32402.441205748724
32395.223969251045
32407.72697605189
32897.88827279486
32412.67926900988
32378.105028057398
32531.396359100458
32597.395730250817
32365.577143456307
32443.973437402627
12842.88748414456
32481.14519998563
32293.45804575681
33798.130038957286
31335.833233094458
33465.79548353526
32437.177642772756
32402.441205748724
32402.441205748724
32091.509106459307
31443.199854441875
30442.46238589009
32471.676302242417
32534.67345146337
32402.441205748724
32393.655627819637
32335.903271824107
32440.472970836716
32402.441205748724
32402.441205748724
32388.935162482252
32463.466964286938
32402.441205748724
32402.441205748724
28315.81526009816
7.953657184986906
32402.441205748724
32402.441205748724
32402.441205748724
32402.441205748724
32402.441205748724
2393.8031100864396
2132.3949031654556
2405.459898813667
2398.183384322996
2396.951915926362
2476.783267706428
2382.906660130987
2393.8031100864396
2393.8031100864396
2273.2683442568296
2393.8031100864396
2393.8031100864396
2393.8031100864396
2393.8031100864396
2393.0900145786986
2785.868848141262
2529.755323756664
2399.766902720151
2396.079871012349
2036.113166585235
1729.296434998912
2393.8031100864396
2393.8031100864396
2393.8031100864396
2393.8031100864396
2393.8031100864396
2393.8031100864396
2393.8238089639012
2397.903334732601
2399.566534261138
2390.0921543585946
2398.0829077099606
2397.773259608924
2393.8031100864396
2393.8031100864396
2393.8031100864396
2393.8031100864396
2393.8031100864396
2393.8031100864396
2397.973650369087
2393.6950434168843
2393.8031100864396
2393.8031100864396
2395.621913960978
2393.569589053399
2394.1009967013847
2413.739734767741
2396.0043172700352
1935.5196668461447
2389.6593716229863
2297.826780467625
2523.8476536777803
2322.4936254065506
5856.29791968027
2387.272369008382
2393.8031100864396
2393.8031100864396
3051.7197600554678
2373.8060587390937
1625.849399966497
2392.1805827309254
2382.021344997645
2393.8031100864396
2210.867432417127
1969.9777817540926
2251.0496767314503
2393.8031100864396
2393.8031100864396
2397.4166878304327
2397.8854617450565
720.7173474301702
9.595095802909592
2393.8031100864396
2393.8031100864396
2393.8031100864396
2393.8031100864396
2393.8031100864396
2393.8031100864396
136592.9205170907
140971.00086661376
143227.07604859068
142565.70122412735
142649.35503022175
142323.33465448476
142040.26439973604
142040.26439973604
149723.04617574808
142040.26439973604
142040.26439973604
142040.26439973604
142040.26439973604
141839.35924760063
155039.274044785
144782.72877655347
142053.45314361245
143810.0742630083
136138.56329039898
131193.00992845607
142040.26439973604
142040.26439973604
142040.26439973604
142040.26439973604
142040.26439973604
142040.26439973604
141517.35068400067
142380.45694823994
141979.68041985595
141086.07842032623
142124.4113051677
142469.63605482216
142040.26439973604
142040.26439973604
142040.26439973604
142040.26439973604
142040.26439973604
142040.26439973604
142241.10622767845
142174.7010298233
142132.2976601799
142297.09104166157
141810.51799449988
141711.00046866602
142929.832592502
145702.42392377052
141169.10318150453
169409.9838791873
141500.51943587707
147303.27250217606
138455.63444165493
146704.30672464846
142158.11574994514
143856.13646770586
142040.26439973604
142040.26439973604
141915.3749608239
141958.81528022853
143755.93646067445
142292.8756193091
142415.48258216868
142040.26439973604
141532.73713275255
142021.08308608807
142589.16504914802
142040.26439973604
142040.26439973604
142221.77129490217
142449.52410289727
115065.7545484508
141851.6229350093
2472.095748272175
2472.095748272175
142040.26439973604
142040.26439973604
142040.26439973604
142040.26439973604
142040.26439973604
6639.541799139641
9377.35881014732
6447.810776836046
6590.458950192869
6625.278962993017
6600.389111463675
6712.93368960086
6639.541799139641
6639.541799139641
6167.435438266819
6639.541799139641
6639.541799139641
6639.541799139641
6639.541799139641
6473.696605604158
8135.302680626371
2898.827097145006
6081.028438062373
5882.728323815668
8418.891055741844
2151.083138114944
6639.541799139641
6639.541799139641
6639.541799139641
6639.541799139641
6639.541799139641
6639.541799139641
6635.074952542624
6600.296906527219
6524.245498034144
6607.156994050305
6433.125880530089
5895.892737416358
6639.541799139641
6639.541799139641
6639.541799139641
6639.541799139641
6639.541799139641
6639.541799139641
6524.2769230360645
6544.378311361063
6605.232089129532
6648.42939269996
6500.747316762148
6372.484217689041
6446.433590687512
6933.780837595996
6079.655501139296
4554.247369191928
6582.167913846102
6672.602102385169
6388.073434076489
7704.388099245294
10776.302517039774
6536.074614605445
6639.541799139641
6639.541799139641
3246.168947138687
6373.926574680658
3656.6764627602597
6565.819367465747
5988.687553213011
6639.541799139641
6425.538335171293
6596.611812105434
6638.1361429748285
6639.541799139641
6639.541799139641
6560.794762876229
6428.682417340305
6639.541799139641
22464.012064489205
2.2055362423547327
2.2055362423547327
6639.541799139641
6639.541799139641
6639.541799139641
6639.541799139641
34.39637215123544
61.70971906821226
62.137528584497545
62.24387218874132
63.10700037169307
61.76312641161047
62.49601583894627
62.49601583894627
64.04273922061078
62.49601583894627
62.49601583894627
62.49601583894627
62.49601583894627
62.1547618111351
50.03539593821164
89.89659117402833
62.29747136938511
62.49709216485139
3.6025485463736895
85.7713666927483
62.49601583894627
62.49601583894627
62.49601583894627
62.49601583894627
62.49601583894627
62.49601583894627
62.325607035991666
62.32692048371287
60.53045745312485
61.943421220668384
62.239516131962056
62.72548542038483
62.49601583894627
62.49601583894627
62.49601583894627
62.49601583894627
62.49601583894627
62.49601583894627
62.4017808945348
62.440093555368755
62.49601583894627
62.49601583894627
62.42256552892703
62.378292133958745
62.322680116722815
65.22284387442505
60.56861956414332
83.87183727157883
62.65612569396225
56.07886286245954
69.65752316833368
55.95479956354215
14.189791441589957
61.49981566173756
62.49601583894627
62.49601583894627
121.5415860045087
65.26124507585313
140.85820853306603
58.79804372098825
62.69226770203359
62.49601583894627
68.01598883995341
76.07104165114701
64.14001249037497
62.49601583894627
62.49601583894627
60.57106742082635
62.152503355933796
26.374640995549644
4.639527497716267
62.49601583894627
62.49601583894627
62.49601583894627
62.49601583894627
62.49601583894627
62.49601583894627
62.49601583894627
111872.55356210517
102382.11999273197
112149.05961362139
112136.77528900221
111229.00187902966
111892.03604333055
112244.81583833769
111872.55356210517
111872.55356210517
72509.33589259024
111872.55356210517
111872.55356210517
111872.55356210517
111872.55356210517
112191.00155412161
113603.23770988727
104907.65390238394
112215.14108512568
111987.48919623
47338.2310857183
68189.74415264162
111872.55356210517
111872.55356210517
111872.55356210517
111872.55356210517
111872.55356210517
111872.55356210517
112106.73322636326
112105.67379721327
111896.25213617856
112063.96355930452
112321.5206553528
112165.35922544563
111872.55356210517
111872.55356210517
111872.55356210517
111872.55356210517
111872.55356210517
111872.55356210517
111321.42254286855
112188.32053677038
112177.40267764317
111571.65226913424
112177.67905143213
112202.5177978832
112163.80811009914
108462.50358932264
112110.27732752194
57721.251041135925
111443.773794256
101481.46258130118
113443.63026938046
108508.9771207528
115867.29647782072
110878.44653241867
111872.55356210517
111872.55356210517
114742.24851330786
111753.918171435
122312.9348959144
110740.65536217163
112137.66160125501
111872.55356210517
112374.65026266965
111440.26575174235
116126.78235609616
111872.55356210517
111872.55356210517
111977.39135080848
112122.64646820257
116252.20872325415
5055.821793991583
121283.28679768051
10.141420565988597
111872.55356210517
111872.55356210517
111872.55356210517
111872.55356210517
5.776789541749178
6.700211667613699
6.487756708513409
6.517965594645092
6.756407412279157
6.559932892149461
6.480816910568451
6.480816910568451
8.024829420587713
6.480816910568451
6.480816910568451
6.480816910568451
6.480816910568451
6.604622215923929
6.634160961299744
6.0367279994533805
6.5979196299460625
6.5300673873736805
7.781360243982522
2.227662738697403
6.480816910568451
6.480816910568451
6.480816910568451
6.480816910568451
6.480816910568451
6.480816910568451
6.423438518173751
6.707936516090365
6.875241593989074
6.435301593550526
6.485907482172657
6.590732132979429
6.480816910568451
6.480816910568451
6.480816910568451
6.480816910568451
6.480816910568451
6.480816910568451
6.47585848344536
7.232948684024821
6.501568178552148
6.5139065452991005
6.484952729163645
6.520296078153893
6.512821560510053
6.2161294164385446
6.427742711722717
9.659026638850884
6.522691092172701
6.716217415810372
6.512277138268679
6.598824790013531
5.373964555342795
6.600498866232044
6.480816910568451
6.480816910568451
6.018871878477004
7.182458651395039
4.672786908581134
5.235026797668772
6.876051581822656
6.480816910568451
6.60495395913552
7.255516433999949
5.665090465057345
6.480816910568451
6.480816910568451
6.59150937117958
6.509346182051056
6.480816910568451
486.95132249092626
6.480816910568451
10372.185482050932
6.480816910568451
6.480816910568451
6.480816910568451
6.480816910568451
6.480816910568451
3.895620555925878
3.73346726346605
3.8867257539800404
3.869953347690964
3.8437471882654175
3.8936138739946413
3.8655378581789943
3.895620555925878
3.895620555925878
7.049693611212237
3.895620555925878
3.895620555925878
3.895620555925878
3.895620555925878
3.3400984163592344
3.725759324129989
3.729793471701962
3.84742992716803
3.943781043170524
4.144398778465466
3.330207004655053
3.895620555925878
3.895620555925878
3.895620555925878
3.895620555925878
3.895620555925878
3.895620555925878
3.9411895763543163
3.8632606034190418
3.8517649885341587
3.906780915586781
3.9232512408496447
3.9454793672071737
3.895620555925878
3.895620555925878
3.895620555925878
3.895620555925878
3.895620555925878
3.895620555925878
3.865801384657755
3.9066597117302737
3.895620555925878
3.895620555925878
3.881126034017648
3.901320869529186
3.9388414546353006
3.61161969798871
3.343128691258919
2.7545456847659673
3.9267735752601043
4.020374146463732
3.3576646128323198
3.8796683713070923
4.323593668670209
3.8698480934255977
3.895620555925878
3.895620555925878
3.405856686456159
4.377613775038263
3.6853755811223814
3.8428276966017907
3.9190823929544467
3.895620555925878
3.8331419950925323
3.7591356651554144
3.750552971055401
3.895620555925878
3.895620555925878
3.854833700546949
3.9134957998835995
1318.0368707123182
362.3882416339407
3.895620555925878
3985.520982805006
3.895620555925878
3.895620555925878
3.895620555925878
3.895620555925878
26596.007512102977
27708.367292130697
27688.234696753614
27709.920031213736
27719.71340532461
27691.48860992966
27703.327613543974
27703.327613543974
6662.243799936199
27703.327613543974
27703.327613543974
27703.327613543974
27703.327613543974
27708.32024405015
26802.772215895016
26654.37450509592
27683.617042505855
27747.249755266585
28440.01687770885
22532.322161132222
27703.327613543974
27703.327613543974
27703.327613543974
27703.327613543974
27703.327613543974
27703.327613543974
27739.541920193125
27908.557399955476
27668.446833822767
27709.37962019507
27728.864913416688
27721.729883415057
27703.327613543974
27703.327613543974
27703.327613543974
27703.327613543974
27703.327613543974
27703.327613543974
27806.186455304327
27679.171146281078
27683.967892661214
27703.327613543974
27661.054373566276
27744.403864191034
27918.520033499077
26861.265947336964
27912.96729977839
85919.57456297526
27542.18653413444
27558.411680365676
27576.53161379446
28273.516760108596
26659.237752493467
27705.31465327939
27703.327613543974
27703.327613543974
27390.540802875068
27371.326558831475
28211.64750903166
27724.84042248176
27709.227649324883
27703.327613543974
27695.19769259765
27727.215452122713
27965.840107046974
27703.327613543974
27703.327613543974
27715.036278722353
27898.42730441089
28579.92256152985
29055.14398359164
28981.942931889935
108.53126212917687
27703.327613543974
27703.327613543974
27703.327613543974
27703.327613543974
27703.327613543974
6792.2357055683315
7023.164596923108
6842.183623612188
6789.611242136721
6791.64236363187
6779.79058281244
6726.318583306658
6792.2357055683315
6792.2357055683315
11189.383721305183
6792.2357055683315
6792.2357055683315
6792.2357055683315
6792.2357055683315
6789.314570205843
7569.195115747696
7968.572189043591
6791.985875554865
6790.951003293056
7970.736571017932
412.4574262860304
6792.2357055683315
6792.2357055683315
6792.2357055683315
6792.2357055683315
6792.2357055683315
6792.2357055683315
6791.7273010801655
6792.474469496076
6787.534862552998
6782.161867387958
6767.128926799943
6790.828466931064
6792.2357055683315
6792.2357055683315
6792.2357055683315
6792.2357055683315
6792.2357055683315
6792.2357055683315
6792.231742550332
6792.211907785868
6788.476850113976
6792.348192613402
6792.720393304377
6784.071881565266
6791.976014729456
6789.887025909927
6792.173330813029
2684.0627353705872
6648.009352731403
6868.328577762536
6508.745467309819
7107.813720095057
3015.3961928976964
6795.894150614323
6792.2357055683315
6792.2357055683315
4409.280500495404
6563.282669009209
2054.2815485577507
6947.740332190406
6407.264540979876
6792.2357055683315
5434.620214983535
5003.125969379686
5494.781099511646
6792.2357055683315
6792.2357055683315
6791.702863323655
6791.495960222779
6161.33828052795
7692.080507744088
6792.2357055683315
6792.2357055683315
6792.2357055683315
6792.2357055683315
6792.2357055683315
6792.2357055683315
6.915649602093423
7.274946046637014
7.425502208649688
7.422596442070537
7.403804540977403
7.444803937741669
7.422362108141182
7.422362108141182
5.741550193705531
7.422362108141182
7.422362108141182
7.422362108141182
7.422362108141182
7.416171156154676
5.741873528110476
5.050649092333701
7.3731435620043575
7.41695769865194
4.479656457820571
46.975374493948195
7.422362108141182
7.422362108141182
7.422362108141182
7.422362108141182
7.422362108141182
7.422362108141182
7.422362113367551
7.42236211022341
7.447197995917311
7.423722014728809
7.431371460227122
7.439381623501676
7.422362108141182
7.422362108141182
7.422362108141182
7.422362108141182
7.422362108141182
7.422362108141182
7.411434704340558
7.408286558279606
7.422362108141182
7.422362108141182
7.4001849177993755
7.379012924205919
7.446266488822655
7.455917385935191
7.427603089741565
13.513364651242322
7.534563399160729
7.233110950243038
8.097827482957088
7.274567526099429
20.72142114147011
7.413333652277065
7.422362108141182
7.422362108141182
15.715121647850594
9.932667043612808
67.55363150109123
7.302084629462155
7.98060802696611
7.422362108141182
11.051800982512207
12.961776712910876
11.119363862655227
7.422362108141182
7.422362108141182
7.478263530481502
7.406391071490929
9.190145008229274
5.707122993142813
7.422362108141182
7.422362108141182
7.422362108141182
7.422362108141182
7.422362108141182
7.422362108141182
7.422362108141182
3835.9077335010725
3803.7040860053303
3831.7193412849383
3835.5804108959546
3836.00180185491
3834.930005907759
3840.6547984490107
3835.9077335010725
3835.9077335010725
569.7936128583552
3835.9077335010725
3835.9077335010725
3835.9077335010725
3835.9077335010725
3836.10801743297
3792.0404997191113
3990.831957358405
3837.2931808026683
3836.173927618008
3796.074258390207
4534.826750155173
3835.9077335010725
3835.9077335010725
3835.9077335010725
3835.9077335010725
3835.9077335010725
3835.9077335010725
3830.3949911297846
3835.950437842133
3836.2958928666776
3835.2809858189034
3836.1377598784075
3835.964741965528
3835.9077335010725
3835.9077335010725
3835.9077335010725
3835.9077335010725
3835.9077335010725
3835.9077335010725
3835.955290086403
3836.1170952334674
3835.9077335010725
3835.9077335010725
3836.22043288896
3836.256651732595
3835.9792226630366
3836.0438358314955
3836.4362692773143
25748.803193264837
3863.637596705933
3886.572741543149
3772.2544487377495
4031.7300571445057
3241.4503279365235
3836.7597909503943
3835.9077335010725
3835.9077335010725
5032.11665473021
3496.088340729656
4565.837663729934
3791.110709851562
3884.571101077896
3835.9077335010725
3849.3625698550163
3855.81886872767
3860.7167342762405
3835.9077335010725
3835.9077335010725
3836.0864774547495
3838.534906801995
26044.136599774913
3835.9077335010725
5.623397406033843
5.623397406033843
3835.9077335010725
3835.9077335010725
3835.9077335010725
3835.9077335010725
1525.7161922457956
1536.7025181316706
1540.0770204382825
1535.9533252271942
1536.7107875904862
1536.6625169756787
1536.1815826886398
1536.1815826886398
6556.969244520017
1536.1815826886398
1536.1815826886398
1536.1815826886398
1536.1815826886398
1534.779549521559
1534.7822635397633
1511.3779654461819
1536.6463618651926
1535.8795846091064
1534.7244807429847
1431.7068840308948
1536.1815826886398
1536.1815826886398
1536.1815826886398
1536.1815826886398
1536.1815826886398
1536.1815826886398
1536.9970910634909
1536.2076582451186
1536.0372439368718
1535.4821619737106
1535.5693873086987
1537.9814853926605
1536.1815826886398
1536.1815826886398
1536.1815826886398
1536.1815826886398
1536.1815826886398
1536.1815826886398
1535.073564069128
1536.194457503388
1535.9778666203965
1536.2046926803916
1535.2721761801954
1535.3722416176927
1536.2639214445496
1536.4923722184658
1536.2966344291106
342.9460656877358
1526.9410765850216
1516.3105381679657
1570.5668418494301
1479.1122449113006
2071.827475294977
1535.2391700364778
1536.1815826886398
1536.1815826886398
1422.4438276008714
1573.9171183748276
1305.6925141623844
1570.505236326003
1511.687856021848
1536.1815826886398
947.8612100829125
1187.0256402130483
1084.1564538342275
1536.1815826886398
1536.1815826886398
1526.4617760444212
1535.755407999741
5.9900718183719714
1407.3275723585664
1536.1815826886398
1536.1815826886398
1536.1815826886398
1536.1815826886398
1536.1815826886398
1536.1815826886398
1536.1815826886398
2.16146554583288
2.092695310262071
2.1622234258930617
2.16061938310379
2.1582053709614404
2.16028135704443
2.162421324390407
2.16146554583288
2.16146554583288
2.1645093323354354
2.16146554583288
2.16146554583288
2.16146554583288
2.16146554583288
2.1596605211242
1.9821347110149121
1.9956957834430264
2.1608526601873708
2.1605984156176623
2.8472925439841656
90.00870263215157
2.16146554583288
2.16146554583288
2.16146554583288
2.16146554583288
2.16146554583288
2.16146554583288
2.1600632411167826
2.160049433277463
2.1616333608254017
2.1546386203108576
2.156235799712396
2.1603639728358988
2.16146554583288
2.16146554583288
2.16146554583288
2.16146554583288
2.16146554583288
2.16146554583288
2.1602617396936172
2.160248994819252
2.160356839194137
2.16146554583288
2.160499518128454
2.160683887088441
2.1605587320944193
2.1943069528917976
2.159414817128131
2.0096257799634363
2.1596780763051293
2.1086188277434426
2.1513240154443856
2.173819037360655
2.899984570218026
2.1677947049226924
2.16146554583288
2.16146554583288
2.196527239920983
2.0966409865948004
1.9794694417563439
2.1584387918280714
2.1637811886677523
2.16146554583288
2.167106195067321
2.3575673296207995
2.2798890742188163
2.16146554583288
2.16146554583288
2.17538158760923
2.160061756139274
2.4009227651729566
2.2145257026823577
2.16146554583288
2.16146554583288
2.16146554583288
2.16146554583288
2.16146554583288
2.16146554583288
9939.621770545835
10147.839739974097
10146.02731270149
10124.46595068359
10096.467782867532
10096.09552128764
10159.878865192306
10159.878865192306
9897.314210190629
10159.878865192306
10159.878865192306
10159.878865192306
10159.878865192306
10052.646587015883
9439.540917416925
9286.341543017863
10153.641339833415
10140.131518065356
10596.44955497454
1023.9651721562952
10159.878865192306
10159.878865192306
10159.878865192306
10159.878865192306
10159.878865192306
10159.878865192306
10140.994595996784
10153.429112355503
10134.984006047122
10181.859628727909
10149.989395639013
10141.05529924464
10159.878865192306
10159.878865192306
10159.878865192306
10159.878865192306
10159.878865192306
10159.878865192306
10127.700607412087
10148.006776303022
10249.31843677581
10139.168783441273
10184.938318450242
10132.845658579681
10154.867012851004
10269.358686260819
10139.96267043322
25725.399220411593
10154.800432725826
10636.833478789853
10190.183579038889
9517.971341473003
7750.385431000439
10100.66610211741
10159.878865192306
10159.878865192306
8061.004273752402
11787.524533958027
17460.638242935576
10155.724500396695
10110.939218448086
10159.878865192306
10123.090948270274
10119.80114119661
10142.066869914597
10159.878865192306
10159.878865192306
10078.536153008525
10131.1958031038
25094.202668349495
25189.291667763573
2.8264005134402805
2.8264005134402805
10159.878865192306
10159.878865192306
10159.878865192306
10159.878865192306
10159.878865192306
104.92782718824068
99.00664047741056
103.63612075006259
103.4668815935096
104.3695648751513
103.73305442744316
103.54751790148325
104.92782718824068
104.92782718824068
107.70344572177358
104.92782718824068
104.92782718824068
104.92782718824068
104.92782718824068
104.81633703637183
124.900280998262
113.5492215620278
104.30978772593357
104.14271066331764
116.65281703402498
166.0309380310224
104.92782718824068
104.92782718824068
104.92782718824068
104.92782718824068
104.92782718824068
104.92782718824068
103.97917005743962
104.64458354818686
103.72410996836861
104.38539075840735
105.06633603515674
103.59255927327627
104.92782718824068
104.92782718824068
104.92782718824068
104.92782718824068
104.92782718824068
104.92782718824068
104.9949453182534
106.46328680580173
103.79798671197787
104.7995597694658
104.02198270275693
103.74009735776264
104.14413288501112
101.83893945076575
104.14086977014591
520.0973547443288
97.88565514577566
108.25141443975498
111.61514329726869
99.96331267650797
365.0387991452737
103.68487214955877
104.92782718824068
104.92782718824068
183.60386840278622
151.64895891806574
143.68982829280284
104.67462144545367
105.60839489965456
104.92782718824068
111.06393618410401
62.67820099942563
61.421801684915835
104.92782718824068
104.92782718824068
103.80838027335334
103.96988000204823
58.188326061294035
180.00864842544553
104.92782718824068
32771.41910351156
104.92782718824068
104.92782718824068
104.92782718824068
104.92782718824068
85999.06063080633
86404.95046242351
86354.6703859463
86413.21673946505
86359.82904005327
86521.5747733208
86396.1431567091
86396.1431567091
83333.87764225723
86396.1431567091
86396.1431567091
86396.1431567091
86396.1431567091
86348.37985630412
88370.27888764592
87295.92706718814
86333.56023618657
86636.37905476529
86929.77589857293
106595.91220805327
86396.1431567091
86396.1431567091
86396.1431567091
86396.1431567091
86396.1431567091
86396.1431567091
86447.33553735274
86371.13229140657
87058.26844184559
86354.2850386457
86444.24805107138
86320.3350593807
86396.1431567091
86396.1431567091
86396.1431567091
86396.1431567091
86396.1431567091
86396.1431567091
86620.44966327031
86371.78469194761
86396.1431567091
86396.1431567091
86277.37440701156
86345.48830123014
85663.08569494446
85942.14227705507
86366.63770554814
25441.271276552867
86412.05672688576
85248.87475178899
83967.44857097892
92063.73158426357
84644.99403231296
86378.99995536149
86396.1431567091
86396.1431567091
85447.09295736774
86233.6866001409
85882.11310909878
86383.34234912979
86334.15196913992
86396.1431567091
86313.16390204274
86874.64090142539
86935.4386710363
86396.1431567091
86396.1431567091
86384.72372768016
86344.8280865715
87126.11211898737
85574.50003219562
87763.23937010908
1946.1728516474277
86396.1431567091
86396.1431567091
86396.1431567091
86396.1431567091
86396.1431567091
19144.149091828865
21895.369745839704
19215.496477670786
19106.179886453756
19149.13759358402
19121.392265104838
19125.29982688342
19144.149091828865
19144.149091828865
19704.204529512368
19144.149091828865
19144.149091828865
19144.149091828865
19144.149091828865
19138.510380133972
17862.218700756774
19787.15158709383
19148.151181249952
19142.678972446567
23368.298223092843
12057.569589546198
19144.149091828865
19144.149091828865
19144.149091828865
19144.149091828865
19144.149091828865
19144.149091828865
19145.513130611977
19147.40320155006
19109.61169166705
19117.043198056654
19142.12360422426
19120.83714982897
19144.149091828865
19144.149091828865
19144.149091828865
19144.149091828865
19144.149091828865
19144.149091828865
19139.180827058615
19144.149091828865
19144.149091828865
19144.149091828865
19139.623194786054
19143.43922010389
19121.137422851545
19100.358010772918
19103.582683060646
26045.770746374976
18831.482968158132
19041.617815131624
18434.907651669473
20962.922056210504
15824.451779165476
19128.35615189301
19144.149091828865
19144.149091828865
28516.79671652909
19075.64683976658
27761.773611029097
19336.454609944598
18898.061201649878
19144.149091828865
19136.0586978903
19148.642146372607
19099.90847443436
19144.149091828865
19144.149091828865
19145.41198603209
19142.812841794115
19144.149091828865
41522.61526768699
7294.52495530907
4.765438044058052
19144.149091828865
19144.149091828865
19144.149091828865
19144.149091828865
