1456.3242338804223
1477.7486454015204
1456.0148964401144
1456.255722172935
1456.3512959011941
1462.346185354601
1452.4295076685664
1456.3242338804223
1456.3242338804223
3111.592191556585
1456.3242338804223
1456.3242338804223
1456.3242338804223
1456.3242338804223
1456.0300471378912
1466.9745131732525
1485.0384632831153
1456.156044959502
1456.1379078613434
1425.1299251948672
1496.054820708835
1456.3242338804223
1456.3242338804223
1456.3242338804223
1456.3242338804223
1456.3242338804223
1456.3242338804223
1458.2174391926362
1456.537781814346
1456.14257528346
1458.1503855133851
1458.078060147059
1455.9653526551942
1456.3242338804223
1456.3242338804223
1456.3242338804223
1456.3242338804223
1456.3242338804223
1456.3242338804223
1456.28366466339
1456.4420374067752
1456.1622666809342
1456.2096545604027
1456.790757160353
1456.2460982163761
1458.2964969444151
1458.4061328930704
1456.103971194992
735.9135928979116
1457.894546337569
1515.0007068707498
1440.9667657173104
1436.4571634005015
2892.9770060315227
1469.5305071908474
1456.3242338804223
1456.3242338804223
1044.8995680305688
1443.28785449272
1610.719046328441
1472.089582457392
1417.6589822220974
1456.3242338804223
3486.3777249658037
1931.5162588490543
2269.1258124860806
1456.3242338804223
1456.3242338804223
1452.5391773093193
1456.1952804925672
1561.4337088182633
769.9589421197047
1456.3242338804223
1456.3242338804223
1456.3242338804223
1456.3242338804223
1456.3242338804223
1456.3242338804223
4270.594353759367
4365.452042772152
4364.473117221859
4364.853248225297
4349.085753360613
4374.130455746919
4363.062385744359
4363.062385744359
1804.042475506186
4363.062385744359
4363.062385744359
4363.062385744359
4363.062385744359
4366.081236915187
4318.664827678009
4247.514365085882
4372.576486269969
4363.666847805249
4452.187419497704
4184.210646089245
4363.062385744359
4363.062385744359
4363.062385744359
4363.062385744359
4363.062385744359
4363.062385744359
4364.233632279351
4366.770306215485
4363.84587540429
4364.814191150945
4364.927021115546
4364.288397510371
4363.062385744359
4363.062385744359
4363.062385744359
4363.062385744359
4363.062385744359
4363.062385744359
4361.792429541279
4363.512791667192
4363.40611521201
4363.062385744359
4362.07110622345
4364.205314684637
4366.171074017823
4354.734976516199
4365.606745723702
9709.692917971111
4358.433844638116
4203.5066678348285
4427.167319520899
4448.242661517559
2435.350982451454
4334.505339206138
4363.062385744359
4363.062385744359
7443.525656810604
4441.295918676243
4004.729439272182
4326.727091928847
4484.993356613714
4363.062385744359
2446.0665301964973
3833.903399716274
3497.2188399353904
4363.062385744359
4363.062385744359
4363.338011792791
4363.228725257886
3618.0900602905294
9128.390876957787
4363.062385744359
4363.062385744359
4363.062385744359
4363.062385744359
4363.062385744359
4363.062385744359
4363.062385744359
203.44290456186945
187.36623152936752
202.39389589386698
203.68437488106247
203.51138876653224
204.36863996311652
202.91415793384763
203.44290456186945
203.44290456186945
764.6220612498049
203.44290456186945
203.44290456186945
203.44290456186945
203.44290456186945
203.10667881879607
195.05948311813623
174.26506167171635
203.53792454186765
203.15293586269792
64.71270118068735
216.99272579538038
203.44290456186945
203.44290456186945
203.44290456186945
203.44290456186945
203.44290456186945
203.44290456186945
203.64514789799648
203.73705591634862
203.63272740076596
203.48946374549996
203.39355992129092
203.73313559966968
203.44290456186945
203.44290456186945
203.44290456186945
203.44290456186945
203.44290456186945
203.44290456186945
203.6242953172453
203.66836871123382
203.10351805884446
203.50602933957035
203.336765821591
203.36238421038794
203.92991890906117
201.87256972285257
203.11614590408954
377.08137700137377
205.36761940384145
207.29592891510399
201.17387184312543
200.33122054866067
714.0765138526016
203.57743466982689
203.44290456186945
203.44290456186945
167.94843299986286
494.1624644073659
264.93857480595454
204.39194681342383
203.8498164965259
203.44290456186945
203.55735116412777
202.43818118663367
205.57426818999318
203.44290456186945
203.44290456186945
203.33306798721713
204.3305587215618
203.44290456186945
203.44290456186945
1469.1807712136656
2.2488690466547117
203.44290456186945
203.44290456186945
203.44290456186945
203.44290456186945
2.3914170761168214
2.2488884875916386
2.2339477783017228
2.2318513628781314
2.235597551825468
2.2374603341207635
2.23659211264504
2.23659211264504
2.0785542480390067
2.23659211264504
2.23659211264504
2.23659211264504
2.23659211264504
2.2411033704787897
2.3138617401060912
2.4536382088293367
2.236843538198186
2.2382486614459047
3.3103181693962664
2.0620503844866658
2.23659211264504
2.23659211264504
2.23659211264504
2.23659211264504
2.23659211264504
2.23659211264504
2.236594993249499
2.2366180211965228
2.238216695984078
2.224945706329333
2.236441042630192
2.237933222979996
2.23659211264504
2.23659211264504
2.23659211264504
2.23659211264504
2.23659211264504
2.23659211264504
2.2384682480616394
2.2400853623558135
2.23659211264504
2.23659211264504
2.24005630156503
2.2362184782764394
2.2362918625520285
2.247283870029475
2.237064488860661
2.1478160791493948
2.2371219503847932
2.1786792168294014
2.257387024072974
2.237960753730138
1.934123156584656
2.2340944867428973
2.23659211264504
2.23659211264504
2.237959167345646
2.22765713144086
2.233041099063895
2.2358967739107847
2.2356912990049547
2.23659211264504
2.236951767414526
2.241319595566908
2.224666860309873
2.23659211264504
2.23659211264504
2.226648608248112
2.2373021545589884
2.23659211264504
2.23659211264504
2.23659211264504
11653.454145135285
2.23659211264504
2.23659211264504
2.23659211264504
2.23659211264504
2.23659211264504
1040.928203150837
971.1583902342517
1045.7205426919788
1042.1621687467848
1038.5661784550114
996.3371189958009
1046.6658425697076
1040.928203150837
1040.928203150837
473.5804092476335
1040.928203150837
1040.928203150837
1040.928203150837
1040.928203150837
1041.7598411447757
933.9839190565408
1075.687361326458
1042.2528716375743
1039.4268683622192
1172.132107602661
1148.9080377649343
1040.928203150837
1040.928203150837
1040.928203150837
1040.928203150837
1040.928203150837
1040.928203150837
1041.2375369837537
1041.3021781172972
1040.7414819739222
1040.713989984
1039.099820099161
1038.9302382559465
1040.928203150837
1040.928203150837
1040.928203150837
1040.928203150837
1040.928203150837
1040.928203150837
1041.0407172271357
1040.1459724980703
1040.928203150837
1040.928203150837
1043.051941397502
1041.249804126663
1041.4149858911292
1036.532274874982
1042.1153576484435
1394.9136006565218
1018.6992743632239
1065.3678453689158
1025.59752968412
1224.8420041013906
512.7888127992162
1040.7520311325172
1040.928203150837
1040.928203150837
981.2557583193386
1008.8044998704637
1193.4749068053663
1010.5562823516301
1042.721545682761
1040.928203150837
1156.0994176260806
811.6071478694856
649.856751944686
1040.928203150837
1040.928203150837
1041.8705243902816
1041.4301533283246
269.0822083690045
2476.7263272503533
1040.928203150837
1040.928203150837
1040.928203150837
1040.928203150837
1040.928203150837
1040.928203150837
29753.11389172101
31082.207845649187
30900.448879854717
30909.556142840403
30894.870755718246
30779.86110512125
30754.580308698478
30754.580308698478
61693.992121105766
30754.580308698478
30754.580308698478
30754.580308698478
30754.580308698478
30813.95268266187
29918.8781390459
31722.378972511615
30843.136002576117
30939.77367544473
34381.489154684925
33345.98075154507
30754.580308698478
30754.580308698478
30754.580308698478
30754.580308698478
30754.580308698478
30754.580308698478
30908.05699609909
30884.719758596275
30803.847090074192
30893.65768123682
30983.67961485987
31000.87837764897
30754.580308698478
30754.580308698478
30754.580308698478
30754.580308698478
30754.580308698478
30754.580308698478
30901.30218037687
30923.42774191733
30964.845599796212
30754.580308698478
29867.05123090438
30835.612083319847
30850.194015921716
30936.514257394436
29842.080540105217
24475.3047998933
31307.07818332757
29839.45783662202
31881.153089969335
27010.06751076001
30865.422327056705
30990.19354614931
30754.580308698478
30754.580308698478
30920.2159563711
31115.721555712935
30888.590390437545
30827.41066033499
30978.19569411977
30754.580308698478
30939.3552494656
30781.087702789613
30780.119514486156
30754.580308698478
30754.580308698478
30955.03475509816
30927.561276617376
31140.18132428453
30341.219404340463
220.4029482832436
220.4029482832436
30754.580308698478
30754.580308698478
30754.580308698478
30754.580308698478
30754.580308698478
4.5464072289982305
4.038060329881198
4.532989993349597
4.5548455390973
4.551699710482522
4.543518237922285
4.545819296512294
4.5464072289982305
4.5464072289982305
3.477055971956524
4.5464072289982305
4.5464072289982305
4.5464072289982305
4.5464072289982305
4.519739399554969
5.005077487957174
4.217793844219351
4.557272671033364
4.554707412617413
6.710809295078679
12.299786598588481
4.5464072289982305
4.5464072289982305
4.5464072289982305
4.5464072289982305
4.5464072289982305
4.5464072289982305
4.5761582366056235
4.550485656497697
4.538611595359025
4.526808599228122
4.54376730859234
4.581713688610054
4.5464072289982305
4.5464072289982305
4.5464072289982305
4.5464072289982305
4.5464072289982305
4.5464072289982305
4.533641351027344
4.5517789232810815
4.545201030416315
4.545238921125665
4.543879291428541
4.534948757170562
4.540871914406695
4.472358687766053
4.543681305808141
7.605761225342527
4.557713163589336
3.6548022273723753
4.725788247224267
4.483574195161671
2.6135080454186776
4.56353967183715
4.5464072289982305
4.5464072289982305
4.38710007956102
4.518906077066271
4.591305255863495
4.526047486173694
4.6433616041347126
4.5464072289982305
4.537348834169017
4.432230906523787
4.237719038581235
4.5464072289982305
4.5464072289982305
4.614308339418414
4.546444683996964
4.5464072289982305
153.44579912453577
4.5464072289982305
4.5464072289982305
4.5464072289982305
4.5464072289982305
4.5464072289982305
4.5464072289982305
116.80033060390248
112.05706907804412
112.13637905575305
112.29281284544946
113.56133445727399
111.58923228782162
111.97371605600324
111.97371605600324
290.50000343408635
111.97371605600324
111.97371605600324
111.97371605600324
111.97371605600324
111.8070618840002
105.79452792999165
115.9185824328784
112.28886892087135
112.05082581253127
94.20346959156582
7.037501025260305
111.97371605600324
111.97371605600324
111.97371605600324
111.97371605600324
111.97371605600324
111.97371605600324
111.59594617971833
111.48286511098061
112.28319317362254
112.2291675813865
112.05700253143635
111.84463929587801
111.97371605600324
111.97371605600324
111.97371605600324
111.97371605600324
111.97371605600324
111.97371605600324
111.72584387295377
111.69732751496382
111.42935281112912
111.75584455028634
112.51671512467263
111.99014552063072
111.79233373285778
114.23745700697069
111.89484061149075
30.771174251580785
111.12626645777938
116.43518384028599
110.32153346836175
120.73705619088754
836.3541178953552
112.47791544610416
111.97371605600324
111.97371605600324
191.14803546370158
116.69505393243186
96.0667693266904
114.6829291630712
107.78823540540131
111.97371605600324
99.00752123332332
144.4526174316157
230.7356245280123
111.97371605600324
111.97371605600324
111.91259539597782
112.0496833005876
149.12146050937025
5.063800656316399
111.97371605600324
111.97371605600324
111.97371605600324
111.97371605600324
111.97371605600324
111.97371605600324
111.97371605600324
38595.77212621876
35605.30899073702
38394.372449576724
38610.24898244142
38594.01060032726
38535.98369185551
38595.11972680159
38595.77212621876
38595.77212621876
143837.51410251277
38595.77212621876
38595.77212621876
38595.77212621876
38595.77212621876
38697.81277808964
37799.59202915552
36008.19885658941
38596.01657857034
38596.007791811084
36563.18985311202
56241.09642765983
38595.77212621876
38595.77212621876
38595.77212621876
38595.77212621876
38595.77212621876
38595.77212621876
38596.21150953374
38600.03441334128
38591.081327820735
38606.61533781996
38595.25737918759
38596.1734350768
38595.77212621876
38595.77212621876
38595.77212621876
38595.77212621876
38595.77212621876
38595.77212621876
38669.811594204075
38595.77212621876
38595.77212621876
38595.77212621876
38539.09794051669
38595.8285953125
38350.92992982117
38380.64325961999
38662.487168662075
19291.254937242244
38859.42593811949
39096.37637257638
39557.547946395134
40211.0385825693
38735.4046114299
38598.117408946186
38595.77212621876
38595.77212621876
38712.40937682448
38589.10237262399
38658.41735418634
38598.93402209178
38587.61475130692
38595.77212621876
38240.67192224761
38731.4454174855
38704.0193486933
38595.77212621876
38595.77212621876
38583.260532847686
38595.42058543762
38225.05940920582
38828.54959214744
38800.74950727048
105.67294353610617
38595.77212621876
38595.77212621876
38595.77212621876
38595.77212621876
1476.3246011594347
1600.1437552088962
1604.6781311330078
1605.831260970701
1569.7583157834165
1607.686429510616
1604.8310929405072
1604.8310929405072
364.635188986322
1604.8310929405072
1604.8310929405072
1604.8310929405072
1604.8310929405072
1605.7271659507658
1580.7597498165478
1510.7147557553585
1612.5310151275307
1604.7368946946344
1448.1620225477222
1664.50513476286
1604.8310929405072
1604.8310929405072
1604.8310929405072
1604.8310929405072
1604.8310929405072
1604.8310929405072
1604.807832325401
1604.6618554711577
1605.9531563306725
1605.9154815664144
1604.167804767671
1606.086986344521
1604.8310929405072
1604.8310929405072
1604.8310929405072
1604.8310929405072
1604.8310929405072
1604.8310929405072
1605.4399331671445
1604.8310929405072
1604.8310929405072
1604.8310929405072
1606.7779783467338
1605.6799167133242
1605.921565546619
1602.6139253468896
1606.0836047384764
3964.6441349996608
1592.113356170525
1554.6370621559718
1517.6207101767566
1485.7105295092797
726.1591382705028
1593.047849176119
1604.8310929405072
1604.8310929405072
1143.813502299403
1646.7404753395983
1301.0144645990174
1591.6031884974254
1684.1929055980008
1604.8310929405072
3679.508568937584
557.0739743651006
753.2585322586517
1604.8310929405072
1604.8310929405072
1603.5762244144544
1605.3053765634197
2793.9223370552695
688.9921617190945
1604.8310929405072
83608.4127591242
1604.8310929405072
1604.8310929405072
1604.8310929405072
1604.8310929405072
1604.8310929405072
18494.260241282234
16530.76677789047
18548.264596499594
18501.106123412974
18493.404818124778
18568.375677324042
18629.62981482186
18494.260241282234
18494.260241282234
38294.462322948384
18494.260241282234
18494.260241282234
18494.260241282234
18494.260241282234
18459.521628100105
17285.964438387793
17932.78572067149
18569.28575272972
18591.950934904056
24545.56510179608
19215.855063092124
18494.260241282234
18494.260241282234
18494.260241282234
18494.260241282234
18494.260241282234
18494.260241282234
18496.341835431904
18510.990156607735
18562.82381363444
18498.91590906506
18570.016177308942
18496.31439566934
18494.260241282234
18494.260241282234
18494.260241282234
18494.260241282234
18494.260241282234
18494.260241282234
18585.064572530933
18527.452443952203
18537.901515510828
18525.455713858955
18508.755983618274
18487.05224796113
18373.59126869517
18700.392102319765
18523.367748111337
14098.489501737662
18779.865511207176
19087.317010085768
18240.981507088112
20490.843314976784
18566.749759575905
18503.61916490155
18494.260241282234
18494.260241282234
18685.138354162656
18504.979030729002
16808.27958699558
18514.218896167393
18548.16217051286
18494.260241282234
18738.27841729531
18645.1243759408
18253.05590645575
18494.260241282234
18494.260241282234
18486.766275916067
18491.89213103234
15922.020330138816
288.8921771885262
19302.403994113967
546.1409863457129
18494.260241282234
18494.260241282234
18494.260241282234
18494.260241282234
218.82120089333586
366.5624158023707
365.40957155778676
365.65163869773147
367.34921194318343
365.08387898907625
365.5714116384748
365.5714116384748
182.66411265514608
365.5714116384748
365.5714116384748
365.5714116384748
365.5714116384748
365.95498454857153
269.1560147514577
325.4109309613971
365.1810975860209
365.27801556215564
534.6607852662883
415.7860051115175
365.5714116384748
365.5714116384748
365.5714116384748
365.5714116384748
365.5714116384748
365.5714116384748
365.5795635962876
365.3864791575486
366.233883215394
366.0025214660292
365.1374838943125
364.9457449526851
365.5714116384748
365.5714116384748
365.5714116384748
365.5714116384748
365.5714116384748
365.5714116384748
365.54659798253414
365.38395579480215
364.5390843809308
365.5714116384748
365.48094485335247
365.07654865824276
365.56352186995605
367.156644460643
365.4520226904821
495.1508840252095
359.3010841639364
340.8879557562459
383.396517187596
324.92780516621383
243.40227730493962
364.0715283428872
365.5714116384748
365.5714116384748
276.92255515097474
361.54629456692754
1468.9554333613887
362.6044394715082
379.35549911936727
365.5714116384748
251.13705803384624
255.97540583226933
589.6101226095692
365.5714116384748
365.5714116384748
365.6953903729625
365.275294473872
4.6707177934523
55.26510774225975
365.5714116384748
37702.946088449295
365.5714116384748
365.5714116384748
365.5714116384748
365.5714116384748
365.5714116384748
12.205005561204302
12.013334949949773
12.16084384578133
12.24359465572965
12.165121911775207
12.346573501145718
12.262118870233106
12.205005561204302
12.205005561204302
7.838733237341502
12.205005561204302
12.205005561204302
12.205005561204302
12.205005561204302
12.187249184477908
11.757692869353406
12.308707749706528
12.259945393493227
12.708160521093482
12.626500425989713
11.958134215415242
12.205005561204302
12.205005561204302
12.205005561204302
12.205005561204302
12.205005561204302
12.205005561204302
12.276062070370047
12.269840552947963
12.184579406628433
12.267914560667192
12.18985143427917
12.061384659076085
12.205005561204302
12.205005561204302
12.205005561204302
12.205005561204302
12.205005561204302
12.205005561204302
12.301223192899018
12.153920823102029
12.173553294114136
12.205005561204302
12.167108551868212
12.399813194120993
12.27980762885092
13.53764000057796
12.19323920322242
10.83679153471559
12.194214273888347
10.282270245887117
11.912833675304359
12.283457085330262
14.245548895021953
12.276661361227113
12.205005561204302
12.205005561204302
10.260899296394612
12.455587563573166
13.079584346734073
12.214924527343811
12.245462419913842
12.205005561204302
12.012683935520391
12.955245100480214
15.579638860217047
12.205005561204302
12.205005561204302
12.200272896870874
12.296723026620958
12.205005561204302
2187.925223145297
12.205005561204302
56897.38950769412
12.205005561204302
12.205005561204302
12.205005561204302
12.205005561204302
24855.253542150444
25343.6604553119
25319.468513841926
25406.773447315227
25347.20155041302
25354.1195506053
25309.491322445003
25309.491322445003
66486.27253714968
25309.491322445003
25309.491322445003
25309.491322445003
25309.491322445003
25339.896166705275
24492.62346965847
25760.820220009504
25314.379681456925
25335.681728311396
26527.480788974794
24717.51976496512
25309.491322445003
25309.491322445003
25309.491322445003
25309.491322445003
25309.491322445003
25309.491322445003
25313.83240537192
25316.58835558942
25317.326523599684
25329.922280137107
25327.087719494284
25323.921603546365
25309.491322445003
25309.491322445003
25309.491322445003
25309.491322445003
25309.491322445003
25309.491322445003
25331.239258108395
25334.540442394617
25333.64146209482
25315.789140175468
25328.280060267873
25338.536919557104
25424.133056840998
25580.002183721797
25439.40636533423
30268.286442054203
25660.29736439479
25950.242725924552
25553.89327051618
25992.038927101803
25302.140815616138
25315.158195535896
25309.491322445003
25309.491322445003
25399.791612554964
25304.753714070917
25311.4916342211
25348.29122062328
25305.65657752276
25309.491322445003
25308.06515112841
25350.55689050719
25287.104269014937
25309.491322445003
25309.491322445003
25509.987091363382
25311.890989985885
25262.45929585979
7504.479495942339
25422.733123778864
1640.1235003660292
25309.491322445003
25309.491322445003
25309.491322445003
25309.491322445003
25309.491322445003
7.380841710539937
6.8638271436493525
7.4677607531764085
7.485952469365606
7.410641950626392
7.500239111164041
7.422954263977397
7.380841710539937
7.380841710539937
4.391606865724877
7.380841710539937
7.380841710539937
7.380841710539937
7.380841710539937
7.47168444687575
5.859573441572713
8.25076011909871
7.41700318537774
7.352974098892427
15.953353169958897
49.197777663118046
7.380841710539937
7.380841710539937
7.380841710539937
7.380841710539937
7.380841710539937
7.380841710539937
7.350937770817228
7.4050738938386385
7.505643592536391
7.4251015820814965
7.403992756117582
7.429385436120488
7.380841710539937
7.380841710539937
7.380841710539937
7.380841710539937
7.380841710539937
7.380841710539937
7.410536144408049
7.456085153352121
7.356963672011385
7.416054639842509
7.389674958064354
7.396137765451234
7.455796745779489
7.588713266549484
7.466064107368687
12.825621529125153
7.349200498817528
7.517343598077922
7.778779405954297
7.451896690744806
3.9382217139941984
7.428784041165672
7.380841710539937
7.380841710539937
9.622977886916608
11.788849644810247
16.900144159783867
7.380802777865981
7.143420578103663
7.380841710539937
6.191568683636838
9.347972827039365
7.6544526688710866
7.380841710539937
7.380841710539937
7.466085311387944
7.351904116853057
9.863668681557877
6.3206334479621145
7.380841710539937
7.380841710539937
7.380841710539937
7.380841710539937
7.380841710539937
7.380841710539937
183.77318510491313
180.1613726192693
178.98971545767176
179.78983773592444
177.98269331902003
181.01368898866647
179.62177782674513
179.62177782674513
693.8553473277715
179.62177782674513
179.62177782674513
179.62177782674513
179.62177782674513
179.32516404513873
191.29659834581386
172.76844424880494
179.31457971008368
179.70633557844403
141.43841593912836
25.55229710900804
179.62177782674513
179.62177782674513
179.62177782674513
179.62177782674513
179.62177782674513
179.62177782674513
178.78804758935314
179.59794720608298
178.88941859004655
179.6069429568185
180.34338038512368
179.78346280074024
179.62177782674513
179.62177782674513
179.62177782674513
179.62177782674513
179.62177782674513
179.62177782674513
179.87701157305065
184.00782870972284
179.62080413115973
180.09504607909636
179.88684351009798
179.04172421746392
179.52500435089547
177.06355996555118
180.10923929426858
67.57886721023782
180.48784436434372
178.76544373253944
174.33859324911438
171.6777900711105
540.1347821991562
178.8212970893923
179.62177782674513
179.62177782674513
114.64241335672193
114.05083560456218
47.80559401217236
178.63971018472182
184.46629785626362
179.62177782674513
299.7353987922521
94.55654734038694
162.31254332513709
179.62177782674513
179.62177782674513
178.96272161955076
179.6197437811014
116.84687990239355
276.48489930501086
179.62177782674513
179.62177782674513
179.62177782674513
179.62177782674513
179.62177782674513
179.62177782674513
179.62177782674513
22592.485296306408
23590.571688100346
22636.15914480998
22553.596928278614
22602.62582405838
22422.99966857891
22496.976268118684
22592.485296306408
22592.485296306408
75057.59955347238
22592.485296306408
22592.485296306408
22592.485296306408
22592.485296306408
22565.599989868097
20176.83955997166
22165.47252760281
22606.351851198786
22576.172798159525
20841.307289381362
38442.56950480656
22592.485296306408
22592.485296306408
22592.485296306408
22592.485296306408
22592.485296306408
22592.485296306408
22677.17900316962
22602.697243683262
22607.261261905453
22592.630373309454
22583.32882952135
22613.563302656163
22592.485296306408
22592.485296306408
22592.485296306408
22592.485296306408
22592.485296306408
22592.485296306408
22605.205470256213
22592.485296306408
22592.485296306408
22592.485296306408
22008.238607073596
22566.765567168568
22741.448877539995
22570.00971703342
22613.63140559866
3676.1367926544817
22393.90843640536
22662.783897684054
22865.297838767234
20951.057463387304
18232.701893686382
22563.82383280398
22592.485296306408
22592.485296306408
30647.532264479196
21021.524102215837
15971.495719064453
22689.67632586368
22370.188913163132
22592.485296306408
22625.70192202813
22590.892774183812
22527.62985075403
22592.485296306408
22592.485296306408
22613.583989784376
22602.7756204181
22592.485296306408
22592.485296306408
14483.47879592334
6.320298670252307
22592.485296306408
22592.485296306408
22592.485296306408
22592.485296306408
2.7772541387018395
2.7369765595522133
2.740991603471291
2.7567178050261925
2.764181958971319
2.762633439470983
2.757038592607977
2.757038592607977
2.390842041626313
2.757038592607977
2.757038592607977
2.757038592607977
2.757038592607977
2.74596142253339
2.604461251771904
2.7248369901694214
2.7634276531245825
2.7465627217457245
2.5750054024334474
3.041236251433209
2.757038592607977
2.757038592607977
2.757038592607977
2.757038592607977
2.757038592607977
2.757038592607977
2.7334678916720363
2.763217326572668
2.7583359081915932
2.7351678159825776
2.7619040511322326
2.7362916905577257
2.757038592607977
2.757038592607977
2.757038592607977
2.757038592607977
2.757038592607977
2.757038592607977
2.7542516077369634
2.757038592607977
2.757038592607977
2.757038592607977
2.7331104208297643
2.7616047398708066
2.762856994363921
2.7227572618925944
2.7449953565831713
3.9136882870027914
2.7666037068679645
2.72485879714487
2.6912022629280683
2.7516738060626875
2.893713804195093
2.7455508675113305
2.757038592607977
2.757038592607977
2.725432062085372
2.7755699663410893
2.8444965165521525
2.747050354581668
2.76396756504427
2.757038592607977
2.739515214022034
2.787470234673055
2.9190254924923322
2.757038592607977
2.757038592607977
2.7282632624524936
2.7608777069950894
2.757038592607977
2.757038592607977
2.757038592607977
6669.463947145953
2.757038592607977
2.757038592607977
2.757038592607977
2.757038592607977
2.757038592607977
3.338740114778842
3.0810674534218805
3.349124558385681
3.306888187941451
3.3329479770200456
3.3220941201697074
3.30906308904657
3.338740114778842
3.338740114778842
2.9046045844176227
3.338740114778842
3.338740114778842
3.338740114778842
3.338740114778842
3.3075428133999423
3.422790994110321
3.4590845410268005
3.3225727848342146
3.314845677362824
2.620262233372499
5.187776073532582
3.338740114778842
3.338740114778842
3.338740114778842
3.338740114778842
3.338740114778842
3.338740114778842
3.317358268367105
3.3066855963748822
3.334485809213831
3.309007893779061
3.3243097077224113
3.3290541629708787
3.338740114778842
3.338740114778842
3.338740114778842
3.338740114778842
3.338740114778842
3.338740114778842
3.3420746597101605
3.338740114778842
3.338740114778842
3.338740114778842
3.3118635923483257
3.306406756787272
3.3242087817368535
3.275230075412668
3.317379322386345
4.089030433546095
3.3520168254247427
4.099348902084045
2.9011521202508876
3.3117617279579936
3.5689420666498064
3.311016338891876
3.338740114778842
3.338740114778842
3.2900268093431158
3.347751467112281
3.6231777282276503
3.3168831447087785
3.303476888292965
3.338740114778842
3.3614181039857303
3.2036166106038255
3.215320770067493
3.338740114778842
3.338740114778842
3.351191774009017
3.3132789933775655
127.20810183004507
3.338740114778842
3.338740114778842
32888.606030224066
3.338740114778842
3.338740114778842
3.338740114778842
3.338740114778842
6.040529675550863
5.821852795352587
5.6903051454855245
5.6996480238194085
5.73964862925539
5.723251810013592
5.818004719413573
5.818004719413573
7.653996546474958
5.818004719413573
5.818004719413573
5.818004719413573
5.818004719413573
5.767993320603876
5.724196760245869
5.673842766042946
5.6950675560756725
5.812641239689146
6.1802048634595135
2.9640130006183765
5.818004719413573
5.818004719413573
5.818004719413573
5.818004719413573
5.818004719413573
5.818004719413573
5.681815032975773
5.81843351821144
5.7942804740122975
5.823583192242527
5.816420082769101
5.742571602778281
5.818004719413573
5.818004719413573
5.818004719413573
5.818004719413573
5.818004719413573
5.818004719413573
5.820188008329573
5.818004719413573
5.818004719413573
5.818004719413573
5.727307046943773
5.826425303257294
5.796860743188636
6.1028341172788485
5.811106704088063
4.243000488614276
5.778711412573787
4.593609365831315
6.807139707487752
5.820586417472931
5.414990009936324
5.811709119884257
5.818004719413573
5.818004719413573
6.402547991983319
5.61021913163281
4.353965838501038
5.8250401195205495
5.781293312282341
5.818004719413573
5.618673699093089
6.869168350605427
6.876121289184068
5.818004719413573
5.818004719413573
5.7346308067524285
5.813106116927281
5.818004719413573
1527.155148434316
36061.934757166295
5.818004719413573
5.818004719413573
5.818004719413573
5.818004719413573
5.818004719413573
5.818004719413573
330.44310732815296
332.28478652173663
330.3299218802374
330.44539395983327
330.3654322599297
331.2218413666435
330.773449202661
330.44310732815296
330.44310732815296
198.76698726332438
330.44310732815296
330.44310732815296
330.44310732815296
330.44310732815296
330.5580999118149
329.6260383092254
328.3433215167342
330.4129230975793
330.5477647731882
333.6848245517708
239.67406726580555
330.44310732815296
330.44310732815296
330.44310732815296
330.44310732815296
330.44310732815296
330.44310732815296
330.3869407783179
330.78158434290737
330.4190936774893
330.89864133771476
330.5075392723669
330.5261549091006
330.44310732815296
330.44310732815296
330.44310732815296
330.44310732815296
330.44310732815296
330.44310732815296
332.0309784967718
330.5767287721771
330.3557393652951
330.44310732815296
330.2426126369586
330.44378672424983
330.30294217974904
331.9458842681433
330.6239086722951
64.08710426616378
324.21708645789954
324.6386555452696
336.63343743318546
330.2567486407777
541.8518877163219
330.17080892467953
330.44310732815296
330.44310732815296
496.53767668869705
393.8261513415212
223.18929753248614
327.6673735602644
349.35863624609584
330.44310732815296
205.77983684350895
540.8665313823899
474.9785878112563
330.44310732815296
330.44310732815296
331.2214812991994
330.3574659334803
740.0138550113311
857.779995290927
330.44310732815296
31698.725625909075
330.44310732815296
330.44310732815296
330.44310732815296
330.44310732815296
9913.568771603625
10142.550677032978
10145.273583719561
10147.465118634795
10168.635420612742
10141.995116970393
10092.48070729303
10092.48070729303
14785.796039569019
10092.48070729303
10092.48070729303
10092.48070729303
10092.48070729303
10127.528949555275
10381.429338270558
10517.462375663548
10127.585542862955
10165.933130711881
9363.82620212036
6329.753627485321
10092.48070729303
10092.48070729303
10092.48070729303
10092.48070729303
10092.48070729303
10092.48070729303
10027.273888551814
10121.674638496648
10129.833909728111
10156.42141605694
10064.382684114764
10095.51356505189
10092.48070729303
10092.48070729303
10092.48070729303
10092.48070729303
10092.48070729303
10092.48070729303
10081.67601456706
10126.87729723373
10214.508470144276
10154.777992630357
10086.170050013601
10138.13467662246
10023.543982538828
10277.133278551471
10137.734078131612
35063.447388960696
10302.746330119791
10271.373418634108
9915.471852164903
10109.137390822121
10156.19756556454
10106.11875161817
10092.48070729303
10092.48070729303
10255.327146825468
10047.089502555857
10382.291406613373
10117.168968054655
10116.152375416536
10092.48070729303
10461.61842325469
10103.734804963426
10098.13591826657
10092.48070729303
10092.48070729303
10136.41901682224
10124.00664704675
10073.08690848795
10086.595546593464
10081.432539693687
781.5999405373768
10092.48070729303
10092.48070729303
10092.48070729303
10092.48070729303
10092.48070729303
8284.560368703775
8509.773234260254
8286.76888474366
8202.388741796904
8280.850327246162
8334.528427614592
8300.984492284148
8284.560368703775
8284.560368703775
10615.961640168789
8284.560368703775
8284.560368703775
8284.560368703775
8284.560368703775
8373.610044015537
8636.346005705645
8516.643854757036
8292.357103369626
8261.04558758659
10012.039399950292
8543.885539931618
8284.560368703775
8284.560368703775
8284.560368703775
8284.560368703775
8284.560368703775
8284.560368703775
8286.586406357384
8296.728032553503
8349.093996871841
8331.172423946362
8233.745692667746
8261.701907005663
8284.560368703775
8284.560368703775
8284.560368703775
8284.560368703775
8284.560368703775
8284.560368703775
8216.394216306819
8298.409247636735
8284.560368703775
8284.560368703775
8335.868548447741
8283.981271162142
8298.62962644596
8309.870337967752
8262.002045213265
22102.37120031124
8252.745482816745
8112.73071474531
8059.794520051337
8311.668718119223
8247.289037960272
8326.914309219677
8284.560368703775
8284.560368703775
8259.02837042036
8485.13798051779
8121.450653261708
8257.827290362393
8452.011821685954
8284.560368703775
8352.073563381293
8262.299239096632
8703.329624224602
8284.560368703775
8284.560368703775
8672.842250327541
8256.149776359884
8335.160790112455
8216.309738848571
8018.518012802535
197.9630253654378
8284.560368703775
8284.560368703775
8284.560368703775
8284.560368703775
29462.297748373516
20783.54555141501
25552.06122372679
25539.27453405059
26357.96569046566
25397.51703067513
25618.313242707805
25618.313242707805
20023.67378531187
25618.313242707805
25618.313242707805
25618.313242707805
25618.313242707805
23374.99601464678
21824.35586152875
28413.391547636667
26835.55187666881
25707.458657454776
29565.360764491605
29244.958898654604
25618.313242707805
25618.313242707805
25618.313242707805
25618.313242707805
25618.313242707805
25618.313242707805
25614.649361157262
26051.86451057556
25174.71074403403
26520.314869026548
26742.452174057198
25702.654267968846
25618.313242707805
25618.313242707805
25618.313242707805
25618.313242707805
25618.313242707805
25618.313242707805
26398.936173180486
25627.65026511271
25594.58354151503
26051.690756055592
25609.96075970794
25760.91340925701
28019.847532006122
26271.24072028993
25990.095248890513
10032.355861730002
25672.49160994712
25787.545177727734
26874.914212229363
25912.711612812138
27660.313920599045
25606.14628616474
25618.313242707805
25618.313242707805
25599.35933353083
25511.57490027518
26557.40111662737
25645.765976115563
26258.293982264324
25618.313242707805
26352.88987877248
25558.79946483338
25725.40681159098
25618.313242707805
25618.313242707805
26686.982648464196
25268.509561026247
24725.059208105136
26324.317455033226
4.960839716167473
26300.328348607876
25618.313242707805
25618.313242707805
25618.313242707805
25618.313242707805
25618.313242707805
70.34930241068133
96.85599142461874
71.40345056919986
71.10280204359202
70.80216661418092
69.75145722265688
70.92500325974977
70.34930241068133
70.34930241068133
109.48191510417355
70.34930241068133
70.34930241068133
70.34930241068133
70.34930241068133
71.14717455845428
53.130907190330234
61.355945798267804
70.69804070684341
70.00707679056762
89.97996619028164
61.921201277596346
70.34930241068133
70.34930241068133
70.34930241068133
70.34930241068133
70.34930241068133
70.34930241068133
70.87633407605038
70.83199604668638
71.28386606344759
70.7092630501726
70.85590265288691
71.20314325131297
70.34930241068133
70.34930241068133
70.34930241068133
70.34930241068133
70.34930241068133
70.34930241068133
71.21374972643282
70.93229635509128
70.4020719036275
70.09785739033688
69.96031783098434
70.06401357232134
71.17054991748151
70.75608608365928
71.40523505097588
148.07140026647312
66.48755156750099
69.45697929398766
75.90270591547225
71.22344221332402
27.682366754172584
70.10030941983185
70.34930241068133
70.34930241068133
64.82797372053538
28.63870866829152
159.43019378845366
72.54021946072297
70.6536713937107
70.34930241068133
56.34110686156245
65.21753487319292
61.86101371032515
70.34930241068133
70.34930241068133
70.99038689416362
71.3310693174147
138.89670245460158
5.10916322624861
70.34930241068133
70.34930241068133
70.34930241068133
70.34930241068133
70.34930241068133
70.34930241068133
