s03744-2968-03-16-20-14n,0.3317136216991547,0.004542888621965578,0.005109776694534617,0.004784513500954985,8.044215630120957e-8,0.0,20.346989798370124,1.9741545174108763e-8,0.3439583500288485
s29770-2733-02-28-16-22n,0.43917281427404764,0.0033216108228112705,0.003803648228476402,0.003466184536990236,2.670174853254679e-7,3.5250853186773373e-7,24.49489725669302,0.33601666175770406,0.39849838069708227
s08318-3495-11-26-07-41n,0.4397497933297627,0.003166930959582006,0.0035512683391310733,0.0035002614119362015,2.308964361272849e-7,3.421592131286218e-7,24.494897251275034,0.333183933739342,0.39909959950865215
s32361-3392-05-11-15-22n,0.4389738655330888,0.0015669841728798524,0.001729616579069367,0.0032407391131588073,3.060633204213737e-7,2.991634512917851e-7,24.494897253792107,0.3300315858478537,0.3966725606972941
s32047-2933-07-15-01-31n,0.2027759592650124,0.007380641435268711,0.008362814877206668,0.006223568323258102,4.649730533194571e-8,1.3966912213467669e-8,12.449899507171638,0.0,0.2602830050947327
s30047-2525-03-09-16-48n,0.42243154751206646,0.00274903730681771,0.0030517828991225124,0.0034140256088700137,2.508051906502088e-7,3.8563664303991463e-7,23.38803095082842,0.33290153865841093,0.37967901832626755
s03386-2577-07-30-13-04n,0.3644634823910196,0.0024389117337194903,0.002723682479001903,0.0030850949418597478,1.456130343195654e-7,3.8060815006762995e-7,19.442221953736055,0.3335514226376501,0.3165694179052835
s01791-2924-04-26-15-14n,0.2992709352192713,0.003425429198412953,0.003857598118929583,0.0030138373412224697,1.9167117599153467e-7,3.657800472313543e-7,14.66287819029743,0.33411766315982067,0.24636756941680998
s29530-2996-03-10-12-07n,0.39717788074855875,0.0035684785959879876,0.0040973990763867214,0.0034427333724648475,7.272498866624971e-8,1.3958928364829142e-8,24.12467598591395,0.0,0.3959153400993719
s24942-3310-10-07-12-40n,0.16857916544235774,0.003712253734895455,0.004212646039719654,0.002836716200759054,3.972282717647819e-8,0.0,10.295630067986275,0.0,0.1806606304560739
s30464-2512-02-19-17-28n,0.43922427161828875,0.00290943882816789,0.003250752569156887,0.003399674403724646,3.3164138988963937e-7,2.982821453772189e-7,24.49489725406746,0.3341724200580181,0.39777612763846043
s11187-2768-11-11-16-37n,0.31232518625735306,0.0035602629445040577,0.0041422297051023375,0.0032082802847035524,5.5864077302718714e-8,0.0,18.947295178436065,1.3984230840326248e-8,0.3153741496012297
s13600-2601-12-16-08-25n,0.43549012901498263,0.0029948483859207216,0.0033468215242929496,0.0034592319641310993,1.5332075302432406e-7,3.9508312424945863e-7,24.248711126993598,0.33501506962363603,0.39386558399172156
s20839-2722-12-14-20-44n,0.33862096886183146,0.0035005967083326338,0.00396387397927502,0.0032289663920582494,7.271331204166368e-8,0.0,20.54263842965029,0.0,0.3397258847576352
s01501-3477-12-09-15-02n,0.18047273852682982,0.0034365793984668116,0.0038812555373725728,0.002751136505859401,1.0576849125648823e-7,0.0,10.999999915327425,0.0,0.19049988846069066
s23363-2676-12-12-11-07n,0.37038511432945126,0.003068146774197908,0.0034034963963487253,0.0032856773002565703,6.103667860285653e-8,1.3958788806726575e-8,22.5610281802006,1.3958788806726575e-8,0.36875652496149536
s21002-3006-02-18-15-45n,0.32129614098356585,0.0033787467974910577,0.0037911261743203886,0.003175145032097457,5.75873632741241e-8,1.3958541771726847e-8,19.544820151625053,0.0,0.3225433884062957
s02063-3061-11-07-18-17n,0.43931699748036307,0.002408161081022842,0.002670531397682551,0.0034220533963830926,1.2292163063890467e-7,2.9752984262556634e-7,24.49489726001899,0.33399117752841434,0.3976181081105493
s15298-2922-11-09-15-38n,0.4388165651384636,0.0030220818201643963,0.003385938197707424,0.0034644493434360527,2.3546307496784568e-7,4.4278731925614274e-7,24.494897249992846,0.33538766052703844,0.3971071164520488
s16139-3046-10-27-16-44n,0.3004665841280438,0.0031954637427247024,0.003360801489879581,0.00369477831087115,9.237242413036417e-8,3.2386459777286324e-7,14.933184409350845,0.2969240063996774,0.2490553964225265
