s28611-3018-03-06-18-24n,[0.6089653964544953,0.00027546148217611746,0.0003112767629898157,0.0017769357802524285,0.11708859629902042,2.5137456888895054e-5,24.351591069618454,0.1616659110378329,0.5378524240069981]
s31060-2832-03-02-17-54n,[0.589400784941125,0.0002614742566117174,0.00029911487388187003,0.0016679070214614335,0.11279184641363398,1.5434324422307742e-5,23.769728320279516,2.675324246599902e-6,0.526628550617315]
s32708-3329-04-18-17-36n,[0.5923245368241391,0.0002758883666342919,0.00031051379435528196,0.0017575973078486585,0.1138368482941131,1.9867712002956625e-5,23.727620739553448,0.047652099693091955,0.524144208869479]
s11431-3470-12-06-13-09n,[0.47564158604968626,0.00023826732084806926,0.0002783036368818541,0.001324042224813244,0.09418591820803177,1.353052030417228e-6,19.15724379588799,1.3227123246926988e-6,0.4259834710484838]
s28048-3442-03-02-14-30n,[0.35927233962554,0.00027386610180765936,0.00030819452855324823,0.0011328605197061502,0.07720847926313217,1.596887948248698e-6,14.525838630161767,1.342188714143813e-6,0.3226370424178526]
s29569-3484-05-07-14-41n,[0.580756992583567,0.0002736079450913898,0.00030830000287206496,0.001605031535916142,0.1126729239188576,1.4880792099318905e-6,23.388030814848893,1.2707709883203243e-6,0.51659835581367]
s31021-2783-01-31-18-41n,[0.5756632124161,0.0002837824518222482,0.0003089667460085642,0.0016423155771192054,0.1095637731277077,1.385794208445235e-6,23.216373169361592,1.2885496510428946e-6,0.5127388535791362]
s31061-3245-03-24-14-54n,[0.5927932700569403,0.0002618773540766114,0.0002942779420961894,0.0016409466801057013,0.1142981696402363,1.4017167737891143e-6,23.87467242196678,1.3088768042167454e-6,0.5271765559483147]
s28698-3091-07-19-18-22n,[0.18906590913000598,0.00024406300330627418,0.0002836389898101886,0.0007169352151639779,0.050573361423295604,8.442257172109083e-7,7.681145507534492,7.189656467567271e-7,0.17884612912189715]
s04802-3156-12-03-14-01n,[0.20023592925168862,0.0002669692344329839,0.0003041302681810275,0.0007693924235958846,0.05448468623875852,2.8368255585099543e-6,8.124038337988456,8.598301015026384e-7,0.18384962606866123]
s28905-3094-03-05-21-25n,[0.529926762558008,0.00023101910997553517,0.00027345952920517896,0.0015119824091098886,0.10468967525675212,3.0475094299749906e-5,21.260291411756153,0.09250222983021562,0.46935226828468163]
s31032-3315-05-08-18-36n,[0.5647184635589447,0.0003036810148340159,0.0003652425234100746,0.001735998213846708,0.1116531277467854,4.6516119383061576e-5,22.561027947469416,0.09255833647879748,0.49817648509162377]
s28897-2743-03-20-21-26n,[0.6094487889351171,0.00031027034750787244,0.00033989103781831585,0.0020632584567842477,0.11576316463750941,2.3003414491175015e-5,24.35159092970967,0.16269278782606045,0.5378166651777362]
s20726-3106-09-05-15-04n,[0.3394156192625628,0.00022537729488643666,0.0002661070597500336,0.0010710330536245582,0.07037659890873971,1.072470802984301e-6,13.74772681774414,7.7684779165002e-7,0.3095170286720144]
s29167-2518-07-06-18-43n,[0.46637493143180875,0.00024402237665868223,0.00028358280880088233,0.0013071639630270362,0.092851655487633,1.3348030445351177e-6,18.788294012182035,1.2280809243700073e-6,0.41727850590559107]
s29120-2597-07-21-13-54n,[0.5020397139196697,0.00041470137322187903,0.0004570007195041196,0.0015765129402545313,0.09698183570574383,1.404903498030332e-6,20.27313477915711,1.2378009971235378e-6,0.45224402884104997]
s15218-2811-09-23-14-40n,[0.5310043027869732,0.00026783722337644185,0.0002984504205013711,0.0014991464446893017,0.10254693679286812,1.41358454502828e-6,21.40093424870804,1.2572670654105519e-6,0.47397894249809736]
s25724-3312-10-08-08-17n,[0.4565142507577935,0.00022936233490290667,0.000269965374372402,0.0012869200791449085,0.09013973192982519,1.3397432297519407e-6,18.41195242114937,1.2529790596774977e-6,0.4100302083127987]
s20839-2722-12-15-16-03n,[0.5775205681516563,0.000249838029305214,0.00028884149907354233,0.001615565589776192,0.10921255144743348,1.4099843710242842e-6,23.302360038966746,1.3529236016432952e-6,0.5164437228892435]
s21202-2514-04-25-19-51n,[0.5615092409344316,0.00025501024110968404,0.00029374421976079585,0.0016550256907691655,0.10699449123642817,1.4572349380222218e-6,22.693611191518627,1.2483228887791092e-6,0.5038248603010946]
s16139-3046-10-26-15-48n,[0.4507864882244227,0.00029196644131090286,0.00031551139587179615,0.001383817594929778,0.09090285097471143,1.560104168769251e-6,18.19340523938112,1.4006373715089852e-6,0.40223654330189557]
s27193-3271-03-15-10-39n,[0.5720120642655727,0.0003066456515983624,0.00033750978348007313,0.0020319801554425213,0.10976325909406642,2.627617642545399e-5,22.737633701005144,0.08777016884679535,0.501382410368094]
s30591-3187-04-07-13-14n,[0.6055203451800983,0.0002718641447025452,0.0003024714891536419,0.001845897119459626,0.11480444401101274,2.062183309722778e-5,24.207436632886974,0.030542150875353374,0.5348680050710913]
s28905-3094-03-05-14-13n,[0.6011345078692336,0.00026260365325765276,0.0002997166988512335,0.0016333223675242088,0.11465892988318434,1.4487800565127527e-6,24.207436609104523,1.3251535019258337e-6,0.5356077333233842]
s30160-3159-03-18-16-02n,[0.6140924372498024,0.0004972914067622758,0.0005403092241974781,0.0023745873954671213,0.11483307005574084,4.0640013842621314e-5,24.392621528789338,0.1201151463029248,0.5385198675496824]
s27232-2863-10-14-17-52n,[0.5467669422799558,0.0002525341358217274,0.0002911370788037278,0.0015811047267275116,0.10849900003384734,1.4755017111600315e-6,22.068076193571997,1.5794762263744934e-6,0.4881813855304253]
s00801-2861-06-26-01-18n,[0.3451630635163698,0.0002293482538849094,0.00026995103153986885,0.0010591048496420019,0.07555898362433222,1.3705677956237384e-6,13.928388190034088,1.0568950669846905e-6,0.31088308791777924]
s27193-3271-03-15-13-26n,[0.5748334680329157,0.00040150368490396866,0.0004561995639481002,0.0017913638188185995,0.10940725089007776,4.279659108513661e-5,22.825424147198273,0.10790513804415176,0.5042180664812238]
s27887-3442-02-21-13-18n,[0.5925249164032593,0.00026496770512539694,0.00030166175015609756,0.0016598883500553733,0.11625888763573733,1.3152626682333042e-6,23.874672478252347,1.2680276576464657e-6,0.5269768967536878]
s17795-3483-10-23-06-36n,[0.6042205043190371,0.0012863391410295826,0.0013539851374365834,0.0038758198487565975,0.11533580255353536,1.8232365270538054e-5,24.186772926033843,0.16751015395559885,0.5361913115053617]
s30296-2616-04-05-12-36n,[0.6090071192923178,0.0002854206013686112,0.00033970486373238447,0.001717549538963235,0.11529059777473556,5.1835290739635655e-5,24.18677289096228,0.1755454644603953,0.5344953150715525]
s29127-3478-07-17-12-22n,[0.4821237554236478,0.00034792205184395515,0.00040567062283785997,0.0015392865819580308,0.09649684539659657,1.329883981233886e-6,19.519221163814198,1.1546511110561167e-6,0.43395165844721395]
s31977-3287-02-10-18-44n,[0.577525013225042,0.0003409002020478172,0.00039690995356430307,0.0016945044317819024,0.10828200974387897,4.8469981489158616e-5,22.978250384593654,0.13691406215699267,0.508821046296612]
s06946-2700-10-02-19-19n,[0.4915553968285149,0.0003065054664976696,0.00033110543508909913,0.0014901174991118653,0.0956491563602696,1.202119133798435e-6,19.849432979326583,1.0689651452674883e-6,0.4390608845828256]
s22462-3003-02-14-13-56n,[0.4084203780997543,0.00039535264447383093,0.0004209629844693889,0.0014118598843089224,0.08122241101548697,1.4716047616330271e-6,16.55294527318539,1.4604317643092747e-6,0.3658349449312877]
s15902-2945-03-24-13-21n,[0.6155325549155328,0.00021830659873470394,0.0002622945455623444,0.0017225269119961126,0.1104008290718487,5.851728881645556e-5,24.49489713875842,0.31211786455314594,0.5413175256109807]
s28077-2900-04-27-13-49n,[0.6104732916123923,0.0003647179579883072,0.0004175744115730331,0.0017638677049126143,0.1145321119443325,4.745187574618172e-5,24.248710952720916,0.14056194712342168,0.5356362302865117]
s31405-2676-02-22-13-29n,[0.5261519191194164,0.0005484958845893421,0.0006049789525020574,0.0017276937001969872,0.10834475915091939,1.3861389539897092e-6,21.260291308285538,1.2692295260151968e-6,0.47270889535828015]
s02906-3263-01-24-14-51n,[0.5839181309047916,0.00021463975093626454,0.00025574969663096005,0.0016370504533400312,0.11158127531811812,1.3614901880827322e-6,23.558437637115492,1.2902231231744632e-6,0.5228743668719597]
s30669-3033-04-11-12-33n,[0.6082404537057525,0.0003432243571531171,0.0003918775292479665,0.0017773330234250183,0.11173425162378772,5.009195251575357e-5,24.14539267824402,0.18049191646058582,0.5340745987420377]
s00801-2861-07-01-17-16n,[0.6184096949362563,0.00022093806265864827,0.00026487471299477906,0.0016710384942813287,0.11493807566869228,5.79907854285339e-5,24.494897104805307,0.3123225041014973,0.5411857637364503]
s31405-2676-02-23-03-23n,[0.5696208808707979,0.0003346900293252426,0.0003804057462528106,0.0017238268776025778,0.10940500722059483,5.187610707375135e-5,22.538855111468187,0.18129225434360102,0.49616799482776897]
s19578-3447-11-11-13-47n,[0.43680717371315253,0.00021087380420815164,0.0002459109550913814,0.0013787323120874745,0.09282329949994231,1.7373057632518584e-6,17.663521386662644,1.3070568450838838e-6,0.39603064821175005]
s16112-3503-05-13-14-25n,[0.6176509038951551,0.00021810185159450567,0.00026213398162390494,0.001697210002943557,0.11509265514470644,5.8214441723980603e-5,24.494897049954496,0.3121683625229987,0.5406586000340879]
s23238-2647-02-12-14-17n,[0.4352397568268682,0.00029515113122076424,0.0003222858290321069,0.0014157855081495664,0.0843511189644729,1.3066566651360495e-6,17.635191825344993,1.1281045438260887e-6,0.39386576857377925]
s27434-3057-04-08-15-12n,[0.5959920225785501,0.0004297140406385203,0.00045810154593571686,0.002566138444473564,0.1122591689859808,2.5427965429409203e-5,23.579651962363076,0.07161028039613525,0.5215322775146793]
s32166-3118-04-23-15-09n,[0.4202638062226245,0.0004963420131530192,0.0005430112435541845,0.0015059414894459389,0.0818685128613688,1.3012534495566272e-6,17.02938615581977,1.1827133742889542e-6,0.3836592000714104]
s02104-2542-04-20-17-33n,[0.30594169679418454,0.0002760413629154877,0.0003038845469465841,0.0010161487708154377,0.06634618927281463,1.277116753309301e-6,12.369316775145403,1.0148853795827064e-6,0.27622878633091935]
s10667-3062-11-09-19-36n,[0.25759773197092223,0.000273599761182186,0.0003022570393410977,0.0009364855042290594,0.060637947655849594,1.1313933104512049e-6,10.44030619342518,1.064463140646378e-6,0.23315211637335084]
s32701-3247-03-03-14-59n,[0.592771010081747,0.00027240043890261174,0.0003034369983682471,0.0016950319758822577,0.1154059263562091,1.3691101981648954e-6,23.89560594852347,1.362256261903015e-6,0.5278307529970171]
s15480-2803-10-21-19-54n,[0.3888382295279633,0.000438725246139924,0.0005218552598383815,0.0014832632875875062,0.09157990289939331,1.3685599142595506e-6,15.779733733928902,1.438725665551065e-6,0.35522183023658577]
s31058-2721-04-10-11-20n,[0.24794432665172808,0.0003514260754320271,0.00040630778690681245,0.00098236477790149,0.05654946688832642,4.801106307473955e-5,9.219544331775486,0.13847801152099304,0.2070723314716939]
s07614-3227-02-24-13-21n,[0.6169063301118225,0.00022384076873936752,0.0002677402322172192,0.0017122724919722112,0.11505349859946602,5.816472218921114e-5,24.49489717228805,0.3119563676354753,0.5411973046487989]
s32082-2698-02-24-11-23n,[0.6004882881014864,0.00030010897842530247,0.00032325450232499137,0.0016590155078068998,0.11087280575455147,1.341173472455345e-6,24.18677287550893,1.2832057708021438e-6,0.5373306252602901]
s09058-3363-09-06-20-17n,[0.52391645663598,0.0003057528593383006,0.00032774946624732824,0.0016695520197450853,0.09582028469838855,1.3427535970691672e-6,21.260291388475665,1.1577970859592657e-6,0.47346012166847984]
s02458-2778-01-02-15-10n,[0.5026852287316972,0.00035218131555816843,0.00042286458895014924,0.001611239248480004,0.1058499599555038,1.5271759953048906e-6,20.32240108068702,2.2157522287311114e-6,0.45377576685230964]
s31405-2676-02-22-18-02n,[0.604265595482591,0.0004435506930885086,0.0004913061423052907,0.001964411374683048,0.12207203526763946,5.1656128021246566e-5,24.10394128204087,0.17633203747753076,0.5340397849628186]
s32068-2674-03-11-17-14n,[0.5966953358395187,0.0002263952267008885,0.0002671602814011975,0.0016631412723167708,0.11654448989455092,1.4588953302761248e-6,24.041630165691444,1.3296119801474547e-6,0.5319601023143112]
s30297-2903-04-30-12-46n,[0.6009257352999752,0.0002752008909025101,0.00030323826527678426,0.0016925726750138827,0.11405841412071158,1.3483282041770484e-6,24.228082578799214,1.2967595227717202e-6,0.5352774069475923]
s28075-3395-05-18-16-21n,[0.6173055864693865,0.0004222354405727954,0.00045035795555825706,0.0026878880580583184,0.11553722286570565,2.713249140689339e-5,24.331049817100403,0.046670885488164476,0.5370749113118398]
s30640-3495-02-01-18-47n,[0.5217826893614211,0.0002454248049729103,0.00028491594967543286,0.0015327152595977695,0.09952370786387853,1.409648549634137e-6,21.095022748139918,1.1137576929537539e-6,0.468389397623382]
s28075-3395-05-19-11-41n,[0.593846072807324,0.0003301870450809884,0.0003500485698075045,0.0017637645329868555,0.11359435319201754,1.3648442528088585e-6,23.958296885231906,1.25053553888662e-6,0.5286036136074856]
s14579-3182-06-25-13-57n,[0.5197517164153768,0.0002721408530826675,0.0003073026724182264,0.0014744413120998513,0.10197415285364196,1.4531424415071479e-6,20.952326456667993,1.211041244756103e-6,0.4633762084889286]
s30822-3155-04-12-16-25n,[0.45344906769048204,0.0006033583689048738,0.0006793710310129235,0.0016898534636652974,0.10684202787480353,1.4774603914180434e-6,18.384776122425023,1.8306751983686687e-6,0.41153343577284784]
s04833-2669-06-04-16-10n,[0.6154654338558873,0.00022431232986274023,0.00026818894531214517,0.001722907367533515,0.1094221235738438,5.810238902823723e-5,24.494897051578217,0.311664648624868,0.5425412009747503]
s30026-3337-03-14-14-25n,[0.6181977693560347,0.00025829400693419546,0.000294390302247929,0.001693829528013245,0.1150111948338136,5.628318668263327e-5,24.4948969691388,0.3097248957148596,0.5397135454380599]
s29466-2715-05-07-01-01n,[0.6173076020777747,0.0003063334005731643,0.0003397822689635439,0.0017851068247903476,0.11431039349404148,5.373220005852823e-5,24.474476230126488,0.26589900529596183,0.5395541167149123]
s06875-2827-03-11-08-28n,[0.49217058357813775,0.0002818238589273644,0.0003090375871814147,0.0015665146009216755,0.09317158669063452,1.3141062521967053e-6,19.974984059303335,1.148550975290467e-6,0.44353457347860653]
s32249-3304-05-19-17-22n,[0.5189107126537351,0.0004367470344906541,0.0005191352635781379,0.0017510355119127062,0.10947956786420833,1.3815884879620533e-6,21.02379565904677,1.4589282405726975e-6,0.46695258811749607]
s09993-3464-06-07-15-08n,[0.6148838990993689,0.00025042023506940877,0.00029244123644315813,0.0016874432123005652,0.11423901356647277,5.951727462643099e-5,24.41311093043408,0.31000918402713995,0.5392439842634928]
s22462-3003-02-15-20-29n,[0.03615133827407371,0.0003972602618577932,0.0004481264354624875,0.0009079108126017747,0.04270915554503139,7.248007528672669e-7,2.23606842968613,6.451568427604122e-7,0.06697394569479077]
s23363-2676-12-13-14-23n,[0.6082089977983387,0.0003859709535660649,0.00042562422220734106,0.0021516236409957704,0.11605692766690719,5.09473004629168e-5,24.2487109325008,0.18452901616918424,0.5381561620076665]
s22585-3335-09-17-10-58n,[0.47865819814730226,0.00022647843374041986,0.00026705801797751415,0.0014889744093348782,0.09569001940021132,1.310635084171125e-6,19.39071907524028,1.355286355785916e-6,0.4324595395050675]
s28507-2894-04-19-17-09n,[0.6061623706650132,0.00029851692814887994,0.000352308974304252,0.0018867261198818664,0.11205915800198417,5.507607561196181e-5,23.790754297205634,0.17811824334873877,0.5265940735554667]
s13136-2568-10-25-14-55n,[0.5360950186485284,0.0002938353564772533,0.00031766716620084345,0.0015546952433339422,0.10370685659605448,1.5175824240763304e-6,21.610182418626763,1.2485919828727617e-6,0.47740635741485904]
s28510-3113-03-03-13-15n,[0.5986155925647494,0.0002685824191462646,0.0003014891160841939,0.0018830085510664757,0.11432764793193075,2.8805947841865555e-5,23.769728405518315,0.05591271886584712,0.5255497626329457]
s03617-2874-01-30-06-30n,[0.40024198307019676,0.00027976228355718253,0.0003063915845783445,0.001232385542690375,0.07854930252080775,1.4640500006075835e-6,16.18641377824872,1.1273451026932758e-6,0.36078644323478865]
s12878-3033-11-19-14-56n,[0.5453956840467452,0.00027149893096918624,0.0003008845628201745,0.0015364506819349924,0.10475223160134238,1.3799420830134657e-6,21.9772607339422,1.3804039541944977e-6,0.4861753894920292]
s29569-3484-05-05-17-47n,[0.29897856682397794,0.0002633847550573046,0.00029519632052718635,0.0009793498207017054,0.06692249347965165,1.1941400272492665e-6,12.08304600396955,8.620338185804838e-7,0.26968858010559144]
s32555-2989-11-13-16-28n,[0.22100867630776927,0.0002576255159065417,0.0002959721903708451,0.001020977261770694,0.05972278353233989,1.3855627256491077e-6,9.055384862957748,1.0280541001283618e-6,0.20416039191544935]
s27551-2551-06-05-15-10n,[0.5994739859842151,0.0002890017959966005,0.00033308900423743745,0.0017286528994875658,0.11070025305365173,5.525266841868536e-5,23.76972827306966,0.2653223160896382,0.5251475981694885]
s31034-2505-05-05-15-19n,[0.4022599095208467,0.00043332015438518634,0.0004646356692980309,0.0013460903103220932,0.07782698591833419,1.2163258646247329e-6,16.27882030962159,1.2173023714508814e-6,0.3638133045578626]
s01978-2790-10-05-11-22n,[0.37870675505910933,0.00023232761715977443,0.0002727813839242507,0.00110105268649559,0.07875246707568859,1.7587372541750263e-6,15.264337403515947,1.1791553164410708e-6,0.3405884144492652]
s17582-2588-03-04-17-06n,[0.5796934371584618,0.0002535374479233313,0.0003043433667525369,0.0017157170167693906,0.10917327245524508,5.4815397781105726e-5,23.043436917977854,0.21904800051447026,0.5101758368882704]
s04802-3156-12-13-07-37n,[0.6153166227107217,0.0002656080354585131,0.00030557807406119693,0.0018522755802743334,0.11704301675151546,5.713838297769308e-5,24.494897158049934,0.3098302186958053,0.5429464873060178]
s28079-2666-02-28-22-19n,[0.5753462173561237,0.0002440325471842907,0.0002835801020637468,0.0015935386710867652,0.1126723537748549,1.5002589499305467e-6,23.17326010110408,1.3007201059821236e-6,0.5117545336360563]
s30589-3182-03-19-14-13n,[0.6018703228554569,0.00039771717069949226,0.00045311037826330496,0.0018117926836482923,0.11353429117872602,4.3161959214606096e-5,23.93741806935671,0.10650471272943247,0.5302204461282288]
s14266-2770-01-13-15-29n,[0.40357203960407995,0.00038590190601298953,0.00040938464832152824,0.0013925308893614778,0.07872213071914831,1.375862794386005e-6,16.370705318304623,1.3517513982245042e-6,0.36235508895144825]
s04324-3333-09-08-12-22n,[0.617422491521669,0.000279237901875934,0.00030852741007502565,0.0017193778901380638,0.11468856741895267,5.549898355601855e-5,24.494897167838527,0.30826984612236163,0.5397083775996157]
s25284-3485-11-04-08-25n,[0.6178141649386097,0.0002656281297464522,0.000298925082175508,0.0016891231249709653,0.11305465614085246,5.602312595665703e-5,24.4948970715347,0.3092747794525076,0.5406628388072926]
s03386-2577-08-01-10-02n,[0.42020155445210344,0.0002577332349387374,0.0002954593325409973,0.0012391235392402867,0.08493469116429633,1.400012605707495e-6,16.970562426273556,1.163426046717185e-6,0.377627984662597]
s28774-2531-01-23-22-52n,[0.5101707838657729,0.0002736281039505346,0.00030175504948374193,0.0014419452797616926,0.09739841127397136,1.294723234521607e-6,20.566963501307868,1.2776203152552815e-6,0.45649472018425047]
s08915-3391-06-17-18-19n,[0.6180453072992391,0.00026403281440463193,0.00029796169934168234,0.0016987635956502722,0.11499205121149196,5.6126173969393976e-5,24.494897173107415,0.3093778697638497,0.5397666810715955]
s08318-3495-11-26-06-13n,[0.4668070394328135,0.00036613253098286876,0.00039324415552584064,0.00169446955733728,0.0954129625782318,1.348811325586359e-6,19.052558749109714,1.0871016577517884e-6,0.4278556245086073]
s10667-3062-11-11-16-05n,[0.5763133913850262,0.00023042032258093555,0.00027106203973073907,0.0016820385052944524,0.106791409528076,1.2423387298974631e-6,23.32380725476837,1.1556948121727276e-6,0.518971350578075]
s18970-3262-02-13-13-30n,[0.617949351273598,0.0002752600424814561,0.0003038883457350807,0.0017165805543252937,0.11475649800234689,5.5347102976197025e-5,24.494897041703314,0.3087456747490261,0.5395029600130279]
s18123-2527-07-17-14-43n,[0.6143488944400531,0.00031110016558458676,0.0003640599967796441,0.0017296376611762587,0.11641189256261959,5.1582662462098634e-5,24.43358315858838,0.17684125732983108,0.5394544593996492]
s31171-2957-05-08-20-00n,[0.36460310392608003,0.0002818432925322753,0.0003181761290503667,0.0014099793028570318,0.07749112080183121,1.4452557762301923e-6,14.933184269358932,9.457399968334163e-7,0.3378316638224513]
s26709-3112-07-24-15-04n,[0.6207823118923547,0.0002627158457117039,0.0002977191469357046,0.001774314172131282,0.11534131469553013,6.095678636464628e-5,24.49489702538684,0.3089378805867886,0.5404805335894529]
s08142-2721-12-03-20-41n,[0.4089032577048191,6.353576386165022e-5,9.369595978085736e-5,0.0015340626491649372,0.09624348215216147,1.7047311862981647e-6,16.64331674588822,1.2239519706393457e-6,0.3744732323948047]
s32701-3247-02-25-15-06n,[0.6169498573002833,0.0002655450542424344,0.0002994270621075067,0.0017118430040381596,0.11104359349087584,5.605498751999483e-5,24.494897085288443,0.30920089949582097,0.5415566679182703]
s08396-2838-06-03-15-32n,[0.6080604225149522,0.0002881241661838745,0.00032635843623164565,0.0017416086919190446,0.11071949615780372,5.4279960501032876e-5,24.124675968011353,0.2655268161060704,0.5328603106783169]
s28044-2706-12-20-00-19n,[0.47089602629191296,0.0005369713423221492,0.0006257528047634623,0.001773683454419842,0.10849677541028403,1.2341370918461486e-6,19.157243801090907,1.311735731277215e-6,0.43116349104214174]
s29770-2733-02-24-16-48n,[0.6181154589225271,0.00025034921841890403,0.0002923621623190918,0.0016907765940291947,0.11653463669950427,5.737184588862015e-5,24.49489715558584,0.31079406055310277,0.5396025077685939]
s26868-2926-03-22-14-16n,[0.29964725399009307,0.0006102550090136207,0.0006796525349357827,0.0014757642906955632,0.08814676332209495,2.2785693171917954e-6,12.288205499131756,1.4037830430997627e-6,0.28076177662965496]
s03744-2968-03-16-20-14n,[0.49938676537659504,0.0004743619471450777,0.0005187464413569206,0.0018387913613010865,0.11077422038148742,1.3155786770645026e-6,20.34698969630566,1.255077028616856e-6,0.4526193880331424]
s29770-2733-02-28-16-22n,[0.6178510542687321,0.00023223820678647944,0.00027575351932661546,0.0017010003655433064,0.11761355587172863,5.8005575238188766e-5,24.494897217946985,0.3114883588891155,0.5403503520971333]
s08318-3495-11-26-07-41n,[0.6153768733089053,0.00025938151142193967,0.0003000398683059593,0.0017034751475647266,0.10999201179839999,5.748557099960896e-5,24.494897033425488,0.30954266164091054,0.5416021162492662]
s32361-3392-05-11-15-22n,[0.6162993813202379,0.0003103868258852453,0.0003335403090663383,0.001749527257133805,0.11510378951116164,5.482715980205139e-5,24.494897051239803,0.3062140092276392,0.539700500478604]
s32047-2933-07-15-01-31n,[0.3004277793420436,0.0006873917100720357,0.0007790947798944472,0.0017442962378747034,0.11122024359565073,2.0082003162707295e-6,12.449899571570544,1.663560749847863e-6,0.30081852124629116]
s30047-2525-03-09-16-48n,[0.5900156304056261,0.00026710272645232274,0.0003003712403906015,0.0016395740211533824,0.1106215714244861,5.639507634464464e-5,23.38803079504471,0.30847783480911944,0.5152785231884888]
s03386-2577-07-30-13-04n,[0.4944402393679081,0.00027435044330792176,0.0003043219405492643,0.001409331758288505,0.09276985689289681,5.565127034061259e-5,19.442221959182444,0.30854267869901264,0.4284936566546756]
s01791-2924-04-26-15-14n,[0.37688473112204146,0.00025693265462102766,0.0002987824224600967,0.0012229833260386726,0.07213784926687634,5.80430608054774e-5,14.662878186047951,0.31061649808376973,0.3284710082873825]
s29530-2996-03-10-12-07n,[0.5986312296627772,0.00022936820178884188,0.0002700121307117958,0.001643661195111521,0.11471629921966146,1.4310324279510996e-6,24.124675837338284,1.2344328185854004e-6,0.5349886298095025]
s24942-3310-10-07-12-40n,[0.25223347756446074,0.0003404381888731479,0.0003816225982320721,0.0010112346981662557,0.05876617677534774,1.4962542974546196e-6,10.295630073535651,7.697809529662253e-7,0.2325161127417598]
s30464-2512-02-19-17-28n,[0.6179200198303211,0.0002592440117767958,0.00029484864796366705,0.0016816596177641348,0.11481726616482246,5.653605340191528e-5,24.494897202535363,0.309465459337151,0.5401209229385223]
s11187-2768-11-11-16-37n,[0.4690922485326058,0.00020891574339921843,0.00024999804807994365,0.0013577837026171801,0.09261376925668376,1.3638699885935244e-6,18.947295088172403,1.1918055492256302e-6,0.42241746478160397]
s13600-2601-12-16-08-25n,[0.6117603656363271,0.0002560067168209308,0.0002926322340018557,0.0016936751633022586,0.1139696839300579,5.631246982990626e-5,24.24871104124387,0.31000554798528884,0.5345558664384611]
s20839-2722-12-14-20-44n,[0.5092558572193925,0.000252459071070153,0.00029113753020584024,0.0014348900792724919,0.09875018748369935,1.3980510380941787e-6,20.54263834891665,1.460067604831522e-6,0.45718833807118264]
s01501-3477-12-09-15-02n,[0.2715738598680189,0.0002606615201599165,0.0002982151848048152,0.0009083300450379953,0.06140039259134958,1.042540855817819e-6,10.99999975841634,1.1390311552021203e-6,0.24764661148899492]
s23363-2676-12-12-11-07n,[0.5600500543637176,0.00027147078256006493,0.0003008560298532849,0.0015699127747666488,0.10794300801649194,1.5142821620963815e-6,22.561028038234742,1.2467478009707292e-6,0.4984666705114933]
s21002-3006-02-18-15-45n,[0.48380532677555077,0.0002673210559741189,0.00030354442001645184,0.00140166227563068,0.09435333887863853,1.3679181844951161e-6,19.544819977506048,1.2096439446269894e-6,0.4336544299716682]
s02063-3061-11-07-18-17n,[0.6177920896080286,0.0002760455974809775,0.0003053263107187012,0.0017368910404816317,0.11557686251408324,5.5457188838278654e-5,24.494897142959758,0.3087585394710412,0.5401152376940984]
s15298-2922-11-09-15-38n,[0.6181762270944261,0.00025427674602907863,0.0002913720392655035,0.0016948382586246692,0.11571520775798234,5.658860012366119e-5,24.494897112625505,0.31018215987270686,0.5391521333101921]
s16139-3046-10-27-16-44n,[0.38382120447812196,0.00032171041335382584,0.000355064149432054,0.0014492380432747475,0.08208995856670379,5.351667484012431e-5,14.933184557229945,0.2658722487978987,0.3304005225885512]
s27542-3428-12-05-17-28n,[0.6176448406668736,0.0002630470124086202,0.000302855277106046,0.0016794959533628139,0.11614298967878844,5.7072057907859224e-5,24.494897125934102,0.309717341773498,0.5406784609531956]
s22585-3335-09-18-12-05n,[0.5951269075515045,0.0005085878323424075,0.0005654231007685271,0.002133150206314546,0.12297734560523377,6.104897602846136e-5,23.790754300718785,0.31409753423376524,0.534670117527101]
s11727-2931-10-16-17-09n,[0.09619753229129246,0.000264617896385503,0.00030172326625078503,0.000603713763104008,0.04352918614934709,1.080748956750874e-6,3.9999997539266348,5.757441559985187e-7,0.09890982782474224]
s32474-2736-03-18-14-25n,[0.551353206374016,0.00021639242661754658,0.00025748026189562436,0.0016647088992342368,0.10549564946695562,1.4092223648907763e-6,22.33830757851086,1.3329689358930188e-6,0.49671146379350084]
s21734-3352-11-17-11-24n,[0.5787859342962325,0.00027391653413753403,0.000303278786659934,0.0016866210238931513,0.1074488032017293,5.5332389472276605e-5,22.934689553835724,0.3090806387000241,0.5053613807157082]
s30170-3316-05-20-10-48n,[0.296974550500059,0.0002041934555530751,0.0002435369648264129,0.0010500331835051591,0.06672333342665801,1.312229011452516e-6,12.083045771521366,9.588625970763198e-7,0.27538081158640926]
s12531-3144-03-08-13-21n,[0.6182558013371161,0.0002540343550350693,0.00029117842185820235,0.0016911565468828063,0.11544402182870388,5.671825616056082e-5,24.494897170733392,0.3102141544389793,0.5398605535237456]
s28758-2718-12-27-17-28n,[0.5844511497952727,0.0003054846594219695,0.00032860393927188706,0.0017016618669105257,0.1088912084912961,5.437619291483977e-5,23.15167354376009,0.30763449934219234,0.5101865987687572]
s30144-3320-02-09-16-48n,[0.6178203859973099,0.00025460384022494155,0.00029169082798351405,0.0016996532290226528,0.1159958017952849,5.850314662938481e-5,24.49489721486833,0.3099439433305245,0.5400252760208573]
s02906-3263-01-29-15-08n,[0.5373187212209305,0.00023677328948119988,0.0002724151805990544,0.0016143394792742423,0.10774440963665592,1.3778779527935596e-6,21.702534123020996,1.4011815757660505e-6,0.48052136003182533]
s27551-2551-06-08-22-03n,[0.6117756664595336,0.00034937847455386594,0.00039780934640265076,0.0019638979766899776,0.11879376929734745,5.050398793657847e-5,24.43358319450971,0.179298076233306,0.5423615511497206]
s14533-3457-09-04-17-16n,[0.6180757448745879,0.00027824241344173256,0.00030684708263251174,0.0017334867237355776,0.11493478136515428,5.492697307919476e-5,24.494896993602037,0.3087412877499552,0.5397174947334807]
s16391-2843-12-10-07-37n,[0.6182935088057903,0.00025035263289061277,0.00029233594522108197,0.0016689590479438752,0.11510928697650934,5.7358603796033424e-5,24.494897217626704,0.31089319630228646,0.5402654786606379]
s04679-3311-07-03-20-49n,[0.567022810634173,0.0005528351187111966,0.0006450892485156179,0.002021283827466846,0.12057446611118518,5.3151148422819153e-5,22.561028002405713,0.2211241998407864,0.5012655908550566]
s27193-3271-03-13-16-48n,[0.6166865640092545,0.0002560568726077311,0.0002926971252748251,0.0017689186928332074,0.11630205265790183,5.875576891061943e-5,24.49489709838258,0.3099121227755353,0.5404326321716225]
s31128-2659-04-08-16-48n,[0.6013015075581081,0.0002529585988351971,0.0002905094644009801,0.0017023832099810558,0.10964101057086112,5.880698887650519e-5,23.895606056939783,0.309884461790561,0.5285273580003972]
s14533-3457-09-02-16-35n,[0.3493805650310814,0.0003276646363856803,0.0003670537411163434,0.0013001560311463,0.07005255150798417,5.229919380411399e-5,13.49073733776455,0.22278572488727907,0.29750324220685753]
s31058-2721-04-10-11-23n,[0.4411258272407935,0.0006434904276816634,0.0007087457703183383,0.0022045845155563497,0.1312057887495783,5.962779418045928e-5,17.691805822223476,0.31109067756101605,0.40811812227250066]
s32047-2933-07-13-22-29n,[0.576290537338601,0.00025271699667642504,0.000294374000141843,0.0016202625910302832,0.10834913968833443,5.728565697698005e-5,22.825424282762086,0.3107816962547835,0.5026964857166438]
s14947-3433-11-06-12-07n,[0.5153445874782933,0.00029864432613081304,0.0003470149557954656,0.0015022708715446993,0.10134857285207305,3.229917265526651e-5,20.760539116870934,0.19325586178361467,0.4578372070371383]
s30640-3495-02-02-13-36n,[0.4507870064636167,0.0004315426185535792,0.0004629270895623124,0.0016793984084698804,0.09765691433688628,1.1727091974613482e-6,18.357559451820535,1.183606303660474e-6,0.41002970456428844]
s06539-2651-12-18-12-20n,[0.6142375484001471,0.00023784220720194206,0.0002810653726721438,0.001757625362895944,0.11110692066652847,5.797501827906177e-5,24.494897125715745,0.31129072495804694,0.5416851731540341]
s10842-3428-05-08-02-26n,[0.6162680527975393,0.0003100115834567512,0.00035221168480072557,0.0017737403577945054,0.11411205434031234,5.253699913201249e-5,24.454038269687143,0.22212883892191074,0.5408181247612832]
s02703-3188-09-06-09-12n,[0.25195654091621333,0.0006784564714969493,0.0007570527106326977,0.00223359860453212,0.11214336940510336,1.5075112215892242e-6,11.090536190374857,1.3332631871151113e-6,0.284155960341545]
s10464-3118-05-03-18-10n,[0.6155201910123851,0.0002630802728231963,0.0003028986992511649,0.0017050395765986373,0.11499170551803975,5.772245085248784e-5,24.494897088147894,0.3089157734625252,0.5401085779069646]
s27687-3480-09-24-18-22n,[0.5133906946494433,0.0002383798085797912,0.00027842604216671404,0.001483579301076063,0.10016946567842899,1.4905416794921349e-6,20.736441150565266,1.2475163487532814e-6,0.4593688953458229]
s03386-2577-08-07-20-40n,[0.3367500930364063,0.00027539680813472046,0.0003040043912096718,0.0010748308509528927,0.07079580916732137,1.0543504768741549e-6,13.601470359837997,1.0075084124257026e-6,0.3029777750133728]
s00946-2684-03-25-08-08n,[0.4326974084893775,0.012289837443438255,0.018416423450317812,0.20608697939824344,0.11966231989281402,0.0014554808515475333,15.45962459128373,0.010845160927898084,0.3620389598792345]
s04324-3333-09-05-01-42n,[0.325431534270919,0.0013115740885548117,0.0013847922581528295,0.0037851952620167164,0.06498026728688043,2.4762533486380246e-5,12.60952004299342,0.11583928425063979,0.2809457110656934]
s27585-2988-08-06-17-42n,[0.5842442409102122,0.00029608236061095855,0.0003368193509455905,0.0018074469208465005,0.10683570062615012,5.7866171967161395e-5,23.302360112787397,0.31124699966191605,0.5158218447589625]
s06692-2632-11-21-02-18n,[0.1199450180769519,0.0002065577617477769,0.0002450681468603319,0.0007311649710156175,0.04936217659848423,8.086018906059945e-7,4.99999974688529,6.561291214034421e-7,0.12953258905670756]
s14947-3433-11-04-17-06n,[0.6183845270178885,0.0002525371071024892,0.00029007618671658605,0.0016792891556515169,0.11460892036004916,5.8771524755455306e-5,24.494897048082635,0.3101724813953505,0.5402095936528925]
s23363-2676-12-12-09-28n,[0.4875259833781987,0.000500205967822392,0.000571011117568495,0.0020421756553387228,0.11666954038447969,5.641787597106317e-5,19.364916302172904,0.30916916234824005,0.44470946554593344]
s27648-2573-06-11-11-47n,[0.38335839725596754,0.00041897487853434674,0.0004772379177709218,0.001416129276833275,0.0997869745987711,1.1502556543909426e-6,15.556349086651954,1.4937708119581591e-6,0.3652958091671967]
s11342-2777-09-30-12-41n,[0.19266776193917964,0.0002962369200817897,0.00032013607083898767,0.0008767076593000804,0.05054337709698249,1.117259565920877e-6,7.874007822125999,9.937492392584961e-7,0.1773416296882791]
s22335-3046-02-16-15-42n,[0.363900728696227,0.00021165839923987313,0.0002524446400685248,0.001207930175135816,0.07599580278335237,1.181052983929008e-6,14.76482274238097,1.0401832609669043e-6,0.3319013947275161]
s29120-2597-07-20-19-33n,[0.3036565494481022,0.0005154129942372806,0.0006234122138367603,0.0017205709660978853,0.09908268580043306,1.7508938043537167e-6,12.60952010821293,1.7983292982255257e-6,0.29436022169528364]
s29527-2757-03-08-17-54n,[0.5131050674618851,0.0005412582284680623,0.0006149308231741802,0.0018973957270880509,0.11617543631329849,1.4572156834092324e-6,20.85665324214254,1.261666023690335e-6,0.46639407851293757]
s27425-2746-04-03-14-18n,[0.5598110292647364,0.0004850337781636747,0.0005480391397807967,0.0019447827427199447,0.11843262844493496,0.0008300504141443017,22.203603048245682,0.26563634577925727,0.49365435593797036]
s32047-2933-07-13-22-28n,[0.19597161413120756,0.0002814609846449853,0.00032552019258075195,0.0007713722967648001,0.046069045139740666,5.523677680159557e-5,6.633249494047651,0.26474201766159106,0.14988629795472852]
