472.267
1.06115
1.18694
13221.1
0.479007
19.9334
151.726
2219.07
740143e-10
5568.85
205.135
587.149
1.72665
21747.7
8253.27
3007.33
30.9989
20.8382
17.8885
2.67878
2.27607
1.86027
0.0438116
0.0180289
0.411405
8.43469
4.92031
25.924
0.0412336
0.974984
9.40114
14.5997
6.14492
0.631212
4.5901
4.17886
52.7336
4.01704
1.98297
2.53825
190773e-14
0.0100541
294428e-10
0.214892
2.00506
13.3766
210
0.022351439999999997
105.333
14.8643
70.283
0.548109
12.39134
6.09674
0.749059
8.95919
190.672
8.97682
0.0220988
0.0113587
0.0167161
0.0157709
4.53077
114.84795
33.7545
0.00985848
0.155412
1.15765
30.8818
0.107869
2.38628
0.213467
4.7619
0.134016
5.18888
0.0908492
1.07931
