-397.67484545501964 -13.436885889455011 -0.9323303382951456
-396.66243148793757 -4.195804138431476 -1.8572509450271997
-396.66239157676983 -4.195886033703152 -1.8573777227668444
-396.7692343886534 -4.125348968536571 -1.7896020969839856
-401.33931147550436 -43.84625756634732 3.0802447017334376
-291.48685308843136 -10.481735334035735 -3.208530661453079
-292.75168722272946 -9.420549533614526 -3.233742172177772
-292.7513354466455 -9.421271311742432 -3.2348595159074263
-395.54087414638093 5.24010606681221 -4.410629734587824
-290.44211479930294 -8.586998530181198 1.2143844281449998
122.55859010004569 11.099983498298368 3.6227966568521826
-288.23450070503617 -9.464896998744523 1.294478361529883
-288.2356298725873 -9.462580160179668 1.2980649276740794
208.10191004686763 -1.2427348320872824 3.261758455824604
208.10173016697397 -1.2423657324181772 3.2623298383451935
-30.018675892131256 -1.136153607657823 -2.0564745647202374
-30.346095910198727 -1.1081108874879682 -1.9149178243859184
-36.0332965600646 9.540598256517141 2.469017964323949
-36.03343852689166 9.543724493396503 2.4733582705125126
-35.93945925278675 9.445494530637028 2.4168214062366586
-35.7680141476671 9.35671129286842 2.3083378224001767
122.55896155411922 11.099221306235147 3.621616748196944
210.44137296147335 -18.6905021345383 1.8024285232727169
209.10043024749484 -1.482131717492672 2.4986087320014416
209.10032347178864 -1.481912620285067 2.498947904802817
-211.00303464955286 18.523160304556885 -0.3047401709775804
-211.0032370506669 18.52357560243275 -0.3040972709760381
-415.36348639550266 3.206196393046522 -4.4862446539190435
-413.5793454352016 2.4844559302181572 -4.430453280035751
-409.9818545695487 17.490087321117326 -8.248717655269449
-409.9817753742453 17.489924825875743 -8.24896920504877
-409.5466025880093 17.518663251003854 -8.433548602968905
122.71410999313863 11.0084934382069 3.5118314641704376
-199.75656448625244 -4.691134741685597 -6.096119507393434
-199.7560300377397 -4.6900921172601455 -6.096402256162951
-199.1219190587697 -4.6593286097370195 -6.36271447608759
-199.12214773644516 -4.658859406234494 -6.361988128765732
-206.7368246317035 16.777536729231883 -0.33655207225034006
-207.01226880400887 16.95926327477073 -0.1712037431237972
178.02833186302172 40.05372244410467 0.15841282771800597
-38.13931293633767 -19.210105903024736 0.2594197217219073
-222.71982188697893 1.4830484145525296 0.22836324996435678
-223.36063322694682 19.96664652246781 -0.15310806894071238
122.71264760319819 11.007447840325533 3.509536695168473
-223.3609681107658 19.96733365181285 -0.1520443620094719
-223.3615483028371 19.968524096373017 -0.15020150242342345
-223.36158639019723 19.968602249299067 -0.15008051801312183
-219.36898367943695 17.394534326399906 -0.19326006213935545
-213.42491331897648 -13.147486205105587 -6.079782051308326
167.3405910054406 -10.124193353536398 -9.689217684616265
167.33738736156874 -10.121494254530313 -9.681365224939853
167.86777092767178 -9.9917497082738 -9.93606995619668
168.2154274471241 -10.039500731225996 -10.123083072888496
465.98599599005064 25.01256590494992 -1.295047402801524
119.6303404277042 38.03386608465804 5.525136730401181
466.96616215756893 24.44300473828497 -1.939760423800406
-313.63097361089336 -47.647492699171515 2.2549796938400797
-313.63097361089336 -47.647492699171515 2.2549796938400797
0.33049051919966427 -67.62420418493035 4.202051886390884
0.5918507996282616 -67.57699466887286 4.0783356097033145
-4.599892641652835 -81.28086992902513 10.479544897947902
-5.338476530430989 -81.8473017328359 10.904330185025039
-5.338476530430989 -81.8473017328359 10.904330185025039
-5.3400807528047745 -81.84085277994748 10.909509607985695
-5.3400807528047745 -81.84085277994748 10.909509607985695
291.57254796100955 6.078424369291346 4.227916141393475
8.092300981146598 38.839858755741794 -4.894061003704307
7.123132765393508 39.03474780352067 -4.443442181542538
1.9481736037516575 41.23211793109206 -4.640201003448576
355.70522397607846 -1.5545791018825326 -2.905493895107165
557.7030555129493 -0.1933611552626352 3.602755674126143
-144.04624529514504 0.1066799145067042 -9.597222101825912
98.20932721425943 -21.734042967582226 -6.8605712947307715
98.209373324618 -21.73413758207836 -6.860717762359027
-343.18189824037 -19.70828153390312 -3.7631731851089647
-343.6777811098494 -19.41727508561394 -3.793170379478177
95.02746416026834 4.888004024327754 -4.258508526144181
-245.03259242233256 -6.300382191452496 -0.8378086339727284
-250.8523818469615 -5.3197849333591165 2.842997899578684
-250.88220204956764 -5.263744946826745 2.877391498751456
-250.88287541022575 -5.262363271529771 2.879530395999274
-250.88482971493434 -5.302596913719789 2.8478960658429586
-250.87013461298199 -5.24837071940751 2.8851895907963754
-250.87049012178014 -5.249927732623949 2.883550893777863
-248.2212725027309 -15.439657379053443 1.6521277343228848
-248.22129254761163 -15.439616248090044 1.6521914069981882
-33.63288122927997 -36.30901106459145 -1.9707954285042886
-344.77285280746304 -6.397210730066506 -2.462068574228839
-33.63288461190125 -36.30900412363239 -1.970784683583806
466.9939721883594 -48.72672323069824 -2.840888761843537
675.7671721127543 -31.619619590517033 0.20140449136915833
670.5539038940653 -30.62957870244229 4.401503050435376
670.5542182393588 -30.62902100753672 4.405190688989055
670.5124753062726 -30.6396634849141 4.402925894693787
670.5398317547797 -30.772141222417044 4.347638192135666
456.7093175516401 -0.9711176672809666 5.836405501806729
456.7102454097686 -0.9730215484175085 5.833458205771882
456.7707737758917 -0.8778776998006835 5.878717462754076
-349.4436667274424 -0.6172342769475057 1.1232202225258618
456.77104604254305 -0.8784363677854176 5.877852618721499
450.88324192721143 2.495893796755554 6.000331993397572
444.3063329524846 32.021918612191904 9.644912585664022
211.82234607017344 -3.233600235537369 -0.5907989760069515
214.96929038040454 -5.595293823993183 -0.5760220868814531
214.61601708556984 -5.312042922910722 -0.31736934078310675
215.77408381369008 16.707388738054426 -1.039299623409166
-22.267635687352826 -11.354923165194142 -8.237963258718166
-22.931749453273177 -11.526820380540354 -7.92676733203972
-22.931784849591384 -11.526747749803961 -7.926654895943203
-349.33583347262424 -0.7148151576266116 1.0498367203349184
-39.600005901802795 23.339733187753172 2.87895558499142
-23.25045333449243 -11.622226105652878 -7.776750366221803
-23.250429228554612 -11.622275568969517 -7.7768269377301955
-31.152123127866815 29.23403528640805 0.08686627803640495
213.63701824256117 -4.929336137534962 0.2643964157796662
213.63668737920787 -4.9309104380946795 0.2605331508142378
-285.46824120731776 -11.306667962513153 -0.20254773464772036
-285.46847590709166 -11.306186379787913 -0.2018022223255938
-344.3548165321645 -13.751336225860396 -2.156150426848592
-241.50117473801586 -24.824551484188053 -1.4928100687274226
-241.7208375812715 -24.78338325802537 -1.3767917227549058
-349.336450646505 -0.713548772527445 1.0517971430195239
301.13149463900913 -31.8843410400929 -2.0879548459130906
301.13145199954596 -31.884253546522007 -2.0878194017407785
300.94123103629687 -31.783960688025807 -1.9725402367015208
301.1512231256736 -31.792541901822634 -2.0730647134528186
301.151257567417 -31.79261257416835 -2.0731741175734277
301.15176545177457 -31.793654656952363 -2.074787306722456
299.5572898582396 -30.596132739360293 -2.0763354356743213
127.20910507186686 -65.10957946717424 2.3012946870833138
124.48219476508868 -72.61898519424757 5.7908340056869365
124.48076521915578 -72.61293861962675 5.795459494604072
-351.89027989018155 0.33793187310009354 0.9513585273940757
128.75223662302741 -5.14783920468856 -2.2317409152734533
-400.22444129008574 5.776742828196752 -0.6719814212861257
-400.22350809571543 5.7786142667875176 -0.6709316148732201
-400.22359348407457 5.778789476377131 -0.6706603823033954
-400.22368675437747 5.778980859002984 -0.6703641131249602
-400.22283016573215 19.21665080940582 -1.122150110003643
-15.872490561886357 56.11572707620151 -1.5786716065569237
-14.88211882093852 55.74054636694514 -2.0511845392256216
-15.68664098437298 56.16447376893547 -1.6158595422621551
-16.76789126461488 56.57529206247387 -1.1089530732985056
-352.09206115560585 0.4264501264513746 1.0519419723838863
-16.768257499377683 56.576043542990256 -1.107789746619578
-285.5553004781854 30.164221343527036 -11.194376150557112
-5.564003317710366 0.30820199017701966 -8.031743449152236
-17.15991717032722 29.774284597020632 -0.038724729804851095
-12.017500161725367 26.425397824831684 -0.09005316586630645
-346.7269135361157 -12.887222805252284 -0.1652958378802935
-346.7272474170166 -12.886537711848849 -0.16423528164225928
-346.79962955123034 -12.826151657558354 -0.11367924259764797
-346.79956240023665 -12.825402018325 -0.11183088828286242
-346.51813892693053 -2.8549523781598936 -0.33881572261867177
-179.50241273810437 -69.55961451130388 7.661813580695179
-346.5181211973732 -2.8549887582109985 -0.33887204065694704
-348.7394262287065 -1.4041605450874448 -0.3174947342398755
-471.8881286784442 16.17223857695132 -0.43285591052791755
-336.56428612367347 10.27248654217574 4.045717358376741
111.44459753485276 38.227398569771815 8.757063327842307
125.48417764504988 36.02122438824037 -1.0182997610207605
126.12795372656372 35.792180134924244 -1.3074159168340538
126.12792089334717 35.79224750585023 -1.3073116238797526
127.34446555284828 35.31357935772527 -1.8762146803763453
-469.3795443054145 5.785222293200839 -2.468554084981781
-179.0907073930972 -70.36550996044204 7.774504207215214
-469.37961133764105 5.785359837577696 -2.468341159907563
-472.7383267878804 -43.54592020042632 4.017259927622388
-472.7393449402249 -43.541325388621395 4.020505198455232
-472.7393449402249 -43.541325388621395 4.020505198455232
-472.5141391376758 -43.43937151609277 3.9147279082059403
-470.4265217807711 -37.822371788483 1.2819855489101148
-156.279873757215 -57.9623181226281 3.2295996973765844
-155.92839682701225 -57.80401166835792 3.101472572541147
92.10331498247004 -7.492012863130582 -3.4795086716390093
94.41193375631069 -8.552763975919994 -3.389775469267256
-172.47241438219027 45.12933420634287 -3.876294132760928
300.56582980021903 -31.089118253163807 -2.1420299849425724
300.5658171511378 -31.089092297906593 -2.1419898049701174
300.12620705848866 -31.0389795227558 -1.9495069655587982
-284.51467004850616 -29.763734824021768 -1.5109784285682928
215.5438297139372 -41.84504418923459 -2.3563282570577915
379.90751888744404 -26.70192463905994 0.07776219979524462
379.908186649667 -26.703294826864386 0.0756410857141869
380.25032355510524 -26.85321828174716 -0.08495775604592315
380.25060183689465 -26.853789292074033 -0.0858417065099224
380.2516305141265 -26.85333716659031 -0.08663045833954186
-172.47253727462956 45.129586371071234 -3.8759037700680876
374.7080346311183 -25.71465268442892 3.3459961514759646
374.67378066421486 -25.764330851319613 3.314128532137466
201.4558650070685 -0.8595851573815948 4.494158654506504
201.4823582573778 -0.8120646376793638 4.533998542587425
201.48189468691197 -0.8111134308677074 4.535471054842403
206.1445254695918 -2.633561111799657 4.697031361571385
201.83738966355241 20.494565211294628 7.659289004792388
21.752532722655378 -13.598940534777537 1.6016328664947075
559.3030010639278 -10.876617218744556 3.1131405108821832
559.6551802121982 -11.037383652639315 2.9317643765601114
-169.6917411200579 77.76455801563351 -7.594264625585908
559.656100919321 -11.039272796795567 2.9288398981165225
564.118099676721 -12.875483893497211 3.107511250794273
302.987768260541 24.882214769738876 4.0491439896996075
302.9854641728975 24.886942322445844 4.056462445436842
6.490718044151975 24.93650112823784 -3.274909559091746
6.490588854551781 24.93355125174781 -3.2784362208277757
9.583829559136317 52.80821885281004 -6.487455744313231
9.58374732363847 52.80838759370897 -6.487194525644498
8.847088399945342 52.913831725611615 -6.166031739360074
9.4638267395295 52.63391968082326 -6.497498497159871
182.6683965586328 30.940666724466517 -5.303261265574846
-9.059124158906759 -91.42639078344797 16.19397073436408
-399.10831714600005 0.11827181091948899 -0.4659535053161529
-399.1559365979142 -10.159732452174028 -0.2033442955769953
-13.738703386100127 -2.6370394435548214 0.2589400010556195
-13.7382894021485 -2.6396381546162417 0.25495811511421274
-14.144619424391223 -2.5103610956814277 0.4698082026125028
-14.301569708199267 -2.3973350934132167 0.5658537794234211
-9.531912554158398 -21.9531190477937 -2.773497223394311
-9.532257195862448 -21.952411913039175 -2.7724025492685294
-10.832967998547675 -21.34087084669094 -2.8150127028963126
183.94477311865734 30.710762108805582 -5.818981956145452
-39.5995826388264 23.338864719033566 2.877611157347169
-10.83293170883054 -21.340945310081686 -2.8151279754168064
-292.74024756265425 0.6427486504040754 -4.08066749869024
-293.2577001972375 0.6033220083423093 -3.92015511896566
-18.590237701398532 16.25948059036434 0.033259547714394606
-18.590357232068538 16.259725859274038 0.033639234992747805
305.4034634105626 22.807779033391064 0.0018287736965199308
310.8327717089908 19.16255375801497 -0.03614814487151652
560.2048186603133 7.8647275482440575 8.213281177419251
560.2065213526408 7.861233945148835 8.207872928965575
22.29464489209204 -2.3562298246482074 4.658472312257832
183.0987619763718 30.82014792536272 -5.495058680976732
22.29523456453154 -2.3574397384344694 4.656599312374345
22.295797302506752 -2.358594386997162 4.654811865493177
22.288497140377693 -2.4074282041263184 4.623161579101763
22.255741982286256 -2.3051319352748294 4.674363808829257
22.255554630289808 -2.3051267714663433 4.672095128788718
28.935641559161805 -3.2710925025579725 -0.7321290263643148
29.39442677183744 -3.5264745894911833 -1.024287614846228
28.54912623376728 -17.404121899504894 -0.48745686184781983
-98.22101351305486 0.183495275864905 -0.7842521102451087
354.43401192517075 -77.01238733457122 3.284371375402788
183.09891585261587 30.81983218456716 -5.49554746236702
354.43401192517075 -77.01238733457122 3.284371375402788
354.43401192517075 -77.01238733457122 3.284371375402788
354.61510996171756 -76.99727895120759 3.1971203117717404
572.2989330491233 -34.45166192324031 -2.6951707297762733
572.2968917182545 -34.45032932246433 -2.6917852813321814
572.2972977548881 -34.451162472598085 -2.693075035839046
29.54911072373603 -27.7436676698439 -1.8820964538067744
31.586508020707612 -16.78594869690629 -3.8057432168921372
30.116361138074332 -15.987699343086152 -3.888113167595552
29.641188495085512 -15.980308994150386 -3.7460915170338795
427.77793067414933 32.62419784727427 4.836320765165978
29.059499606817333 -15.944130095587482 -3.560484265693211
-125.6545108439148 6.19983109697866 -5.2904181540273045
-137.943613555585 19.023898487270554 2.764126526122803
27.29505369718298 4.931028915872794 -0.6121816134347559
23.96050797629299 6.587298728839025 -0.8258145222895168
24.320759718139165 -7.682908203693632 -0.4332268543751275
24.013717944764707 -7.549595439300513 -0.2932866871056579
24.013515542127383 -7.549180141372787 -0.29264378760381193
18.008669880842113 -6.531227124779595 3.6999286874459467
-112.59443199484176 15.010311367578998 4.9260379942993815
-57.16250952314125 12.501548522288935 2.635541037505773
-317.6692230231063 23.314318682226023 0.006604880156087178
-317.4023712334473 23.273693431510843 -0.08730999491562719
-317.40210995002235 23.273157319599413 -0.08813991979104563
-317.4025668234819 23.269764960620673 -0.09078339821772174
-5.95549815255922 50.571225237116735 0.29244673119533204
-4.951789884073636 50.34401582866944 -0.09216468088991293
-4.953047319434623 50.346595850287414 -0.08817069580208256
186.0982244767206 24.080873254605496 -7.539907173575148
185.34380832324257 24.127092872721494 -7.261366392815019
-178.17032366370265 -69.86341529870943 7.3592678377468195
-57.1629338864755 12.499355269791954 2.632817667703369
-178.17032366370265 -69.86341529870943 7.3592678377468195
-185.71044940379832 -89.49959516198443 17.65159789268341
-185.71044940379832 -89.49959516198443 17.65159789268341
-425.2555375637005 -60.772727281956875 10.324707292548274
-426.05373012777545 -61.46479632735901 10.81472887647274
-426.05272723798066 -61.47030762109918 10.811898873581962
-426.05272723798066 -61.47030762109918 10.811898873581962
-426.32330748062907 -60.73568735545816 10.606740899136867
-411.9552669497089 36.73209364852488 -4.782063896060581
-412.3459121314679 36.9699766054259 -4.5380695241304085
-57.163592583370814 12.500706856397212 2.6349099862682532
-201.80943195567065 9.573244760068912 -3.2393063115833787
-253.22372779404046 -1.944398717849068 4.209916568502795
278.1257142134428 13.793628040314687 9.085461736686437
284.4028497922562 -5.417738343098881 5.89192501547352
284.4016210174653 -5.415217093229223 5.89582802142968
284.5137585867638 -5.380265845544037 5.874906821959027
284.51162971808964 -5.375897809071669 5.881668731040516
284.51149098178126 -5.375613130666426 5.882109426626425
110.00201664785911 22.413923235342537 7.779615085976599
109.71377527216832 22.440245919966948 7.831549759190081
-57.44829450857887 12.708054871630145 2.8122004609462294
-165.90143901934735 40.316876789937034 2.8524729904918296
-153.21682529730364 25.376450937026693 -4.634854005843294
-154.30047021960866 25.4801366381101 -4.270160960322316
-150.51257715337763 23.861254899652415 -4.130788086857622
-150.51355524997678 23.859977076788557 -4.131202817470013
21.404813981143548 -14.800493484714133 2.888380345953805
21.404743813276614 -14.800349504459716 2.888603234218202
-130.32713970074238 -8.887115957892068 0.19929948916487875
-130.16932515757702 -8.97082391029382 0.11754087112489253
-127.80422414905271 -10.488721204833036 0.08626419484003793
-204.31569180017246 -11.510198461638131 2.9171268937323376
-127.32985881289747 4.423113942245716 -0.2922851781388556
-126.99020709767166 4.258233891581641 -0.5115020252134117
311.3984346959712 18.885340149824223 -0.40875094290482994
5.849291813144199 61.32532873783308 -0.9201608481511309
17.579563012100014 3.5827496004944894 -12.150398117419883
17.58317086496838 3.579634529449141 -12.15935110593911
18.33343833595625 3.786806628459696 -12.508120293835164
18.333581496854404 3.786512888672111 -12.50857501601787
18.333664129228485 3.7863433408805003 -12.508837483168643
322.5078914812935 -15.551147946589044 -11.434515567531122
-204.31697225065005 -11.507571219077647 2.9211939786664116
572.2629136651329 16.757244003191115 -1.3396271498225136
567.2490470935853 20.97807543791355 -1.435971213633334
567.2479215848258 20.98038476931818 -1.43239626889638
354.7349152716239 64.18229045931531 -2.315912825697646
353.04210188680275 64.9278727423645 -1.4890260273210223
353.03982646867246 64.92652803838905 -1.4894401828457025
353.82172280376693 64.60219413195576 -1.859260347851663
353.8218722169956 64.60188754555008 -1.8597349577046172
353.0607226162378 65.03051150812179 -1.4465156010856555
353.03919664711896 33.08696271542307 -0.6337042203560992
-204.35202089410484 -11.416832703547406 2.9716025707148583
-39.601105665316716 23.341989681352594 2.8824487337330233
339.3828102601082 35.37297803963241 8.844392202701096
-110.19958175989707 14.150816615810596 5.040383884947883
-110.19971118654185 14.151082191346465 5.040795008388315
-241.81398047347025 -24.438738737452393 -1.4981834772942708
-241.50060162729403 -24.47887000655287 -1.6360530265613438
-329.0501668335194 -41.44907431086504 0.9495023131442705
-470.8144361927652 -37.764608765310214 1.3715212531181677
-473.1073085889728 -43.50212416120332 4.091534183106956
-473.1073085889728 -43.50212416120332 4.091534183106956
-473.1079518660682 -43.49952650283445 4.093604202237807
-285.1045850686018 -7.443274359348287 -0.43509596948410106
-473.1079518660682 -43.49952650283445 4.093604202237807
-472.91301135886823 -43.41527653457061 3.987260599841828
-472.91301135886823 -43.41527653457061 3.987260599841828
-472.72891908643743 -43.60094662489328 4.019105130324516
-160.88466837938384 -69.51946776482154 8.703838874067197
-154.3622200613478 29.415369422085654 -4.154643823798883
-155.13349982619658 29.461259337373708 -3.90842731012502
198.54769873796593 -10.062342983946055 -5.016578567030191
198.54784849084916 -10.062650248719073 -5.017054225854556
-16.692916787947176 -66.02984544257146 4.894549245870371
-285.10466535146054 -7.4436803750082365 -0.43645383079006267
-16.386129086867005 -65.92665620719323 4.7668192437016375
-16.663213741887095 -65.66066843903164 4.7347086920924575
-10.676645090254162 1.2585360180640395 -2.2885684910509982
-10.676466505970271 1.261957406965903 -2.2847062545868493
-11.156655833100325 1.3279673468112365 -2.0696445807022896
-397.8649128152171 -8.17722907108477 -1.3676365937288981
-538.8775527010284 6.936490810716768 -1.8644731612803769
-538.8774043677797 6.936186454608211 -1.864944317935728
-539.1801242642134 6.999666280182045 -1.7215366319220775
-537.9259448766873 19.913916539022736 -3.1237920552931175
-285.1047076709622 -7.443593537988281 -0.4363194029936692
-537.9263731924367 19.914795362054377 -3.1224315992890386
-16.366617050590527 8.858766866455444 0.33368788530740007
-16.366745717356846 8.862624058660796 0.3378838640243047
-16.01869714181543 8.775307901713555 0.1821205660951898
-16.289879765575158 8.922415916439727 0.3253269690891698
-8.68394314229134 -14.54852570923945 -4.351233501290078
-9.38534365817567 -14.567416194926261 -4.090241094642953
-9.385449251723822 -14.567199534159217 -4.089905694259611
-396.9793095263982 -16.12481250917228 -2.3777671549327555
-537.6698067093055 -3.901338691240615 -3.2422578748341677
214.36375446350976 2.795238395975898 -0.20701022020010698
-536.5887299213749 -4.734314878416916 -3.2322045869628058
-534.0302563222674 5.092115634391262 -5.777951011958883
-397.6874758012605 17.262177171228274 -0.7636472351622028
-397.68777758594825 17.262796376414375 -0.7626886787957173
-397.6877521942587 17.262744274222683 -0.762769335443269
85.75102777830735 -8.315967057883633 4.771470923399858
-35.258463151150416 -2.3671544409289598 -0.38466908754162393
-38.21362244539995 -0.3262442427052641 -0.37363934098331547
-30.374160746069542 -24.504852407778085 -5.820990010695529
-30.0231829377496 -24.487953704866836 -5.964308462206455
214.05657718485446 2.9386929431487228 -0.017354621724604474
-30.489879530549302 -24.61816517588628 -5.7946102406948645
472.23231398374986 -29.24199162942308 -9.213931333591225
472.23232251527446 -29.242009135635225 -9.213958434036519
170.26518346147438 1.2389791507254213 -13.752712867436994
164.18122524659034 -17.528790572719142 -7.192033444462234
164.18121659263412 -17.52877281527817 -7.192005955062911
164.18137956388483 -17.529107217580343 -7.192523625328769
163.36364079595907 -17.651834488663425 -6.889188547354675
163.3616271468775 -17.650772723714795 -6.884206243871608
-286.6970581118232 -14.53655982216675 -0.3229815827937434
214.05649705957086 2.93885735420176 -0.017100106083999478
-286.6966669448714 -14.537362461447666 -0.3242241055145078
-286.69678444955014 -14.538426442412073 -0.32530370079879817
-286.88315029051336 -14.489121986706404 -0.24178290506860936
-283.53624258625894 -27.503351415955187 -2.2670105590671135
-283.5362656414307 -27.503304108732337 -2.2669373252954497
-405.0721626782864 -17.620660662426598 -3.2743576037077893
-405.0721774096671 -17.620630434866193 -3.2743108100371834
-286.6025271516638 -4.51367894420201 -0.7376744527046186
211.36811549257305 8.655067617750385 -0.809720306976292
215.23287898315877 5.759278686599658 -0.7872230362196044
221.08763885616784 -27.975681802575554 -7.163883407424726
216.39852844609354 26.713641412148853 -1.3819428439727628
215.821677609012 27.18042646002321 -0.9710147278259899
215.32626384340713 27.478708132963817 -0.6551964524717688
-33.449072162025026 6.905622504024485 0.5267726400274304
-33.448673804074815 6.909088237195562 0.5311177582579675
-33.023291063143425 6.763689683288334 0.3043683264683302
-32.73369043824313 6.7031423323112165 0.16482944979193292
-32.73442813432924 6.704655945084838 0.16717258769635124
-36.35684716402862 8.243700219441587 0.0322223210148136
-410.46500848636305 -4.719362634351522 -0.31670313711528936
-20.38989507717737 -4.055583116764638 -10.643571663152755
-411.03734848969583 7.6455913607066375 -0.6971410367480229
-411.03730842727 7.645509155119396 -0.6972682948497444
-294.6367273287609 2.7125394076129132 3.318631718320612
-294.7073417090957 2.8037617554901733 3.379790373708749
-207.1297769082917 -13.363471569955772 2.339544866135383
-202.2940372719718 -14.154778295508686 -0.665274273540019
-202.29399495247787 -14.15486513251873 -0.6654087013230329
464.24535090087267 7.722903830468436 -0.2117963208115048
463.7605317583548 7.967989608753661 0.10030366147983233
463.9926914316062 7.8706614618104025 -0.039830990694081025
-19.951757619449765 -3.903388741299763 -10.846900920838703
463.9915659226446 7.872970793639342 -0.036256045301836126
463.99148291555224 7.873141119429284 -0.035992372775660586
158.36165039077403 54.849953009965006 -0.4953391772188727
450.2622770864377 40.469059012474226 11.694491907545997
450.26151284317547 40.469316047507334 11.686181682800887
450.2617388770491 40.46885223747009 11.6854636828666
454.8322565616383 13.396563720907515 7.622498915503585
447.7086424038103 17.547922403884947 7.765827277671751
459.7788556819722 15.491281115719163 -0.5546115926775732
-37.96195449667667 2.2217984707854397 -0.5990184065472118
-24.908840688314193 -18.498348048966033 -5.695596638325733
-39.601245638939425 23.342276898541403 2.8828933591665775
-38.298638528083934 2.402289763423737 -0.41925699779976133
-25.887936157903287 -17.48460418189446 -5.740161333589353
82.34275336453582 5.690891334599188 2.2977109941164757
86.60710769907628 3.9552391134186933 2.4567440210092166
95.36103799302975 -8.827363773958059 -3.862489953330794
94.4565357747809 -8.689171019021346 -3.4523123308366803
94.15282158239839 -8.567244476690803 -3.2919870553490975
-156.1924639508963 -57.50969024155515 3.0206346413838374
-156.1924639508963 -57.50969024155515 3.0206346413838374
-155.98113329189283 -57.424342307577284 2.9231206249928694
-155.98113329189283 -57.424342307577284 2.9231206249928694
-39.724798028022995 23.37204450776993 2.940450988347432
-155.97973786879123 -57.4282840913666 2.918321788597023
-470.27645383306145 -37.555354788070545 1.1263465920781228
-472.2031108420989 -42.85404867646218 3.5764832106821722
-330.01155697575734 -44.97253271240802 2.476014438176413
-330.01155697575734 -44.97253271240802 2.476014438176413
-406.1169594268173 -21.00201308434429 -2.228493727040029
-406.11688482965025 -21.00216614363985 -2.2287306694380313
-406.27344587305436 -21.025349436072187 -2.171820849189566
-405.93828433137736 -20.996070887795234 -2.2971403760819396
-405.57556729753117 -21.425624342970934 -2.2769671870442463
-209.99840666626523 10.565755854111648 -0.32329966250146647
-403.39122509748785 -14.618803171825375 -4.483348194417236
-407.4274814201817 5.497798642273697 -0.5772965841843356
-285.1667358710223 -11.498493997974943 -0.4001702086915575
-285.166846272464 -11.498267471825852 -0.39981953622522787
-285.16667208352203 -11.498624879749954 -0.40037281944956304
-203.65018827422142 -15.178404206009743 2.3417876350578744
-203.65038106632494 -15.178485755726339 2.3397765062519236
377.27240766879083 -12.674546035255567 5.345181612472327
377.24001989404053 -12.558318195660675 5.403318001516129
376.5862467025131 -2.3509528210207566 4.282270199934613
-209.9986813382525 10.56631946376689 -0.32242716589548376
376.58558086738105 -2.3515242943832453 4.280364221764441
376.356066545594 -2.1279144896466757 4.453643905764358
371.6078490659405 -0.04016104183917793 4.210286724692545
-206.48266036779196 -8.86129325892146 1.772329062513354
-206.3499267907137 -8.945189705468135 1.6931600887311498
-204.83743483152185 -17.019406401424977 1.0568941564813583
-204.83770181201453 -17.01885860003927 1.0577421771769944
-291.3967575498742 -2.475849885708697 1.5289041927698686
-291.5557305264784 -2.3839554080661323 1.6208991816942862
-293.5525179810588 -4.593666901182062 3.051297417899077
-60.687625368492554 5.3615118351885505 3.7180842203251485
-293.55343506185613 -4.591785224572251 3.054210334548161
-293.55336797831103 -4.591922875902646 3.0539972438017533
-413.4449054517836 3.2555474121064814 1.0505561110751498
-126.19493241881956 21.042293057228317 -1.0025003686817966
-127.01602923606781 4.3425311716443575 -0.4733364957944071
-127.3497350037194 4.495054822265506 -0.2639364410679259
-127.13975099820141 4.4226257413938015 -0.3857512353869334
-127.13926528647944 4.4223451937809735 -0.38481493250715926
-306.9453454704411 -7.247993472327656 -4.038130575234915
-306.9453508737517 -7.247982385037537 -4.038113411585654
-60.787224701907405 5.469054062827872 3.788749676937832
11.473195083401095 -0.291686993505003 -6.286436622012032
11.473333841202976 -0.2919717119938156 -6.28687737939956
362.29954244217356 -30.301978104089383 -4.045426796803418
357.07942262584294 -7.5159902668211105 0.6509457136622198
357.0795704133556 -7.516293514099449 0.6504762728142689
357.2422494099347 -7.6633847198029725 0.534073178507908
353.33996822094304 -5.132510224210835 0.5822008816509331
-244.38477809308176 -16.299340709728153 -0.2810597231426447
-244.38497378672392 -16.298939177579086 -0.28043813367147097
-244.0866331810446 -16.387015845734126 -0.4133487159302157
-60.786822532146175 5.474028612852999 3.794229361804517
-202.6920077328193 -11.083721151033366 1.636185848423617
-244.08604927608093 -16.387042341742 -0.41380601686890717
-329.17914987912 -4.258611939041314 -0.5636446865357493
-329.1795642640327 -4.257761699459726 -0.5623284789480549
-329.14786877413417 9.057906115636786 -1.004328046869505
126.27743223987945 35.79823771593834 -1.3430275209609572
126.27751340251451 35.79807117518306 -1.3432853338978372
111.33073062888944 38.18196892405521 8.715299359276639
-158.60442670447452 49.94155287903245 -0.4361413224949351
-159.13123846985798 50.06078521765873 -0.21706268253952257
-153.09374482719227 46.124175520660366 -0.27609867720157294
-220.04232813020306 31.38008345941591 5.053033517790802
-152.7054477661917 45.80486510731419 -0.5473108174818272
-303.2495772761336 2.9958166698575854 -9.762038735390098
-303.24964517545794 2.9959559896638086 -9.761823065046945
-302.06775146823855 2.344513634123494 -9.692653686259808
-312.9694419211112 42.0467767474148 -0.6231887429271754
-128.9333787679072 13.29628286969049 -0.36831430901882706
-129.0575967372306 -1.7558432352655764 0.019623592694500938
-129.05757388852035 -1.7558901195460566 0.0195510136145169
307.95282335522336 8.861800161272717 0.47633743693261366
558.9832505752316 -1.5785307882333344 6.7822954166764315
-220.07062594808045 31.4656880740787 5.120680818545416
558.9297999412411 -1.6749284093531467 6.729360240822213
558.9917852693816 -1.8376610479799844 6.636374126828738
558.9925017911416 -1.8351105280201745 6.641940101812983
558.9969887463061 -1.7343006931713436 6.716700493768983
558.9969386337168 -1.7341978656904846 6.716859675291773
84.8341608592854 -16.588379350790014 2.029926527354468
664.4390479604666 -15.859015261666471 3.826963279574004
664.6824783083551 -16.00581067805873 3.6833122804017946
664.9156346986988 -16.16629869685212 3.5473412088855856
463.1580647809899 -17.57574678580458 -2.9457176008584494
-220.07059294433148 31.46562035224138 5.120575981941321
465.21301776212096 1.6650570128111715 -5.74198740645569
468.6420357916398 -0.006733789438874788 -5.558397003007057
469.31657961339414 -0.1347608074139514 -5.8646837772291835
469.3178234854939 -0.13233051053065256 -5.863291712615925
457.0351112227545 12.733981053754476 3.53010167731892
457.0343198800681 12.73560476190862 3.532615248764193
148.31141142476275 61.8755705598874 4.6625036312205905
148.31074182747253 61.876944466720325 4.664630499571163
148.3093239442931 61.879853695174766 4.669134110836377
99.14839734660887 10.999366587734134 -6.859653833293801
156.26445830493975 64.23098423580868 8.97804569270479
99.14984064621837 10.998180451409517 -6.8614488557508055
99.81150078111301 10.872840805594702 -7.194690474977792
99.81155460163262 10.872730369184747 -7.194861435744757
87.22200383947335 26.146271432696203 3.749712753496657
88.54992247909112 2.536052704517685 2.504243361036028
88.67715465628521 2.3827670864651296 2.3964617870819094
88.83913917955323 2.2856400759863615 2.272060849633499
84.62060437950626 4.909290970198134 2.3273042059802282
293.78737196271834 -21.769551717579805 1.8154564870949286
-245.39289891946163 -19.725988596676032 0.5749139438929979
156.2515350616808 64.27468020179802 9.019440897594968
-327.8347247613948 -19.41865157879291 -0.9182562873146268
-327.83476467257054 -19.418569683506504 -0.9181295095526145
-327.8344640271036 -19.419186551225224 -0.9190844474189493
19.499032930373748 8.200525998223124 3.5785213328351553
23.810283035948412 5.3589583438161 3.5523222136619603
23.809827905362038 5.359558910910124 3.5506367048320153
562.7318263943971 20.720881815915796 6.361480199683391
562.7311904869885 20.722186595614215 6.363500055909782
348.57511236455207 63.83148266544561 8.316837348034507
348.5758587516642 63.82995119700876 8.314466567004612
164.37517597160223 28.13105519283127 5.630782621386492
15.74199896034226 62.61884732148257 -9.795658419307284
15.74113973281707 62.62061029297189 -9.792929263785336
16.757302936295257 62.417610640534605 -10.310521349090328
15.58176636839774 62.69580608815702 -9.699575871128728
16.160146028793474 62.36166213105607 -10.057618080724682
-1.4297931746484858 82.83782418345685 5.220716103740195
0.07080768383711437 48.83278074935042 3.7688781662122706
172.61806282137908 40.357245928849494 7.265541835043921
172.63289391089614 40.38137962702916 7.281710628400733
164.410539219574 45.114268062217114 7.472190621194296
172.22147111491753 24.96760323021794 0.49497176694525136
-180.42191046600283 57.19183163601641 1.0133606619131421
-180.421879080035 57.191767233772744 1.013260964195775
-422.08239537743725 27.242090166706223 0.34170514016795583
-422.9491280911787 48.60000690645622 -0.035825851184560664
-422.94915093963 48.600053790573746 -0.03575327204766282
-209.5851623875128 18.102013115702377 0.06246206770975485
-209.27537179120554 18.00638514615616 -0.07724962374534294
-209.27494150908694 18.005502244664424 -0.07861639619919225
-200.6925175933202 -4.194731639858321 -6.044076855827444
-200.69189629471796 -4.193145192210828 -6.0445198797169555
172.22149831625688 24.967547415090763 0.49488536258408855
-200.30594301661208 -4.234918120852936 -6.205115949751931
157.05385082935567 18.29951643267039 -4.5836050367677625
157.98177397541235 18.04347680966009 -4.965541653795519
157.98170754402082 18.043613123150763 -4.965330634431957
144.04101271081004 34.26544497943045 3.2312239499154023
144.04110939056378 34.27146974530563 3.237402177797923
144.39482617962602 34.16578298279816 3.0783022875801085
144.39468865395943 34.16606517703272 3.0787391375507487
150.76610334919528 31.547943626329705 3.322795052106025
-223.36960591214464 11.855795985878498 1.7274255908345542
177.74304566088955 22.771832696574478 0.6832198693437669
-224.6801355156345 29.986840195599708 2.433745140525476
-48.31506521364196 16.55769951484892 8.034441266667596
-48.31368959218735 16.5548769994172 8.03007189089686
-48.09144810195517 16.600162191340022 8.014420925911839
82.75746839351388 -8.744852485953627 5.649085040407516
-293.80939745328834 -18.72187953418295 -1.6006039883261585
-293.8093478181999 -18.721981381121946 -1.6007616521109895
-399.49063566768024 -39.44522935241269 0.9583901459037643
-399.49063566768024 -39.44522935241269 0.9583901459037643
-399.49063566768024 -39.44522935241269 0.9583901459037643
-127.01157827624736 13.090029539588388 -0.485689658187783
-205.03453174358762 -12.665130535980238 3.4711976208526454
-399.553213082816 -39.450514958163275 0.9890804865846621
-541.1796320011869 -35.70920337612297 1.3487607781609068
-543.4687887404418 -41.89590132649031 4.223193672476309
-538.5711959920303 13.444025496551005 -2.4043516741369912
-292.5692221748509 44.570476452707965 -4.143074725774108
-292.1411454368504 44.50949541767547 -4.334032487025437
-291.07461766632235 44.28556276575922 -4.836003638284946
-291.0748018174397 44.282424595437554 -4.8395920219470625
-295.50957710581315 46.335256362214125 -5.031329575428748
-32.796171137607296 -6.976276218739481 -3.510617413245852
28.120137320071787 -11.174292142077439 -0.23459729982143318
-32.79686280973715 -6.974857038158008 -3.5084204604223714
-32.28240834826454 -7.0719331833977215 -3.73705228077315
-32.282463440542024 -7.0718201374064495 -3.7368772802504635
-34.02783737431228 -18.345008599448136 -2.0735511123094743
-34.0278759553101 -18.34492943360837 -2.073428559859937
-38.69704429259739 -11.959343261485818 1.3650536382176675
-38.58817807592487 -12.057647431918422 1.2878676024850164
458.73514973771273 -8.307795385594716 2.5901983989947315
665.4943767994662 -21.665661422357307 6.54788322463106
449.4211608307658 12.183255571656385 9.015418190220027
27.94376437313695 -11.101062815749533 -0.12960013824655708
449.42127679464005 12.18581790499787 9.020669347045773
442.21287892258505 14.979618266824218 8.763847964171138
442.47977084608164 14.98977863928895 8.740535193358014
-43.22993165957328 -0.545438312630517 -5.8724701171969675
450.9988937429346 10.879219787550563 -9.343697746094136
451.59040140066304 10.783058308248217 -9.627986377224302
448.5929584944209 13.90997694586128 -9.760607570036067
427.5660446545461 32.76624134405233 4.967934042710058
427.5656627543693 32.76702496682609 4.969147125089748
427.5645979127831 32.769209927358034 4.972529544904416
28.14522257065938 -11.198098589225841 -0.25474100196735866
428.1742279863727 32.388664225729954 4.587745996698871
428.17526418518065 32.39436365011937 4.5952962469401974
165.09044825235338 79.74667229096814 5.9034591705738695
165.09040040665144 79.74677046728215 5.903611152135769
164.37098966082817 80.27129299537964 6.360171420288057
168.6771045372438 45.64328051980151 4.459421094989771
-171.97456260276002 45.24175604788407 -4.011786590148074
-349.22562440256377 10.457136795567738 -1.1943016955568937
-349.7092248779571 10.610920752674808 -0.9963387161096705
-350.18016495397586 10.770012351898025 -0.7998897972907224
28.145557454915252 -11.198785718315179 -0.25580470809443756
-350.1795314026343 10.771807421807493 -0.7988913920545228
-245.53355876953935 -7.847217996454506 -0.5535213886401368
-325.6669351736383 -16.04948966296666 -3.528134659287719
-326.95133942628377 -22.147349163407053 -1.975801198971597
-330.4356439270844 -12.343337525049519 -0.11429880806378107
-330.4359829691512 -12.342641874756977 -0.11322191137087312
-330.54774380290206 -12.294428054270961 -0.06488293332350656
-330.5476987945078 -12.29452040873863 -0.06502590239115519
-330.5476508347348 -12.294618819254675 -0.06517824650765028
-328.87960783981276 -12.94086077791992 -0.012858072176102686
28.144719400578005 -11.197066189060436 -0.25314280254953814
126.8139541491912 -8.199296090402115 0.6399124506342684
-343.7778574876596 -22.679678437214605 -2.8945833314111846
-465.12233242052434 -12.83987374575369 -3.9471334024150866
-327.50555596509145 1.5582822174056008 -1.0935530216293414
-327.88059361187237 1.7148898051983958 -0.8888274030434464
-327.8802546007071 1.7141941849199518 -0.889904255387739
-330.09421506947706 2.798384795305207 -1.0184117133514428
-336.5927812176612 3.9737293928321464 2.988097810013
111.38760735155931 25.629884280549916 6.6418242283684625
104.01908197399942 52.44863969110024 10.221956381530903
28.36578345482897 -11.369684798659494 -0.4078446780587731
104.01860708695762 52.4496141178043 10.223464839736502
104.01838927425531 52.45006105319222 10.224156716178456
103.97231216921163 52.663672806668146 10.389344618712308
103.87022929156262 52.8280908466044 10.492466485588674
103.87217029939907 52.83600703670078 10.500837760918445
-299.89812243173554 41.74985040206967 0.04226779019701393
-289.4317020147795 9.835754408355077 -6.335343478154163
-289.4317263006538 9.835804239696472 -6.3352663350200284
-289.43170992366447 9.835770636632127 -6.335318353878938
-8.406688961479734 -14.599358528456621 -4.468480824474976
25.879927518982498 -9.589498227981506 -0.4094018354703853
192.29425710963986 -0.3676032962789926 -0.3511033548940169
192.32074050839367 19.325641767043827 -1.0264293002705267
192.3222359045313 19.329172739686303 -1.0235899392958308
196.72599661704913 15.977527591291249 -0.9896278248658417
196.28318670950605 16.332412796563215 -0.6732214722178123
-294.14499153937965 -0.6750063374434916 -0.6694250411434767
-294.14460474506524 -0.6757999663280059 -0.6706536129280147
-294.35814329837154 -0.56414570030867 -0.537012262046626
-294.2102340742445 -0.6310105500802917 -0.6244270709806772
130.60451185817632 -26.58063012955705 -3.2539578787923946
25.879872503586213 -9.589385339749434 -0.40922707916587897
294.04856307452144 -14.384108358536508 0.09305825168815682
294.0498218981609 -14.381079689630425 0.09433105133183387
84.99930821976461 15.58232956241733 -0.15752552731049999
85.35800226657449 15.419894351000556 -0.32369137838248463
85.35764937603815 15.420618425509968 -0.32257047931379434
84.56477513711991 39.09064906815341 -1.0862626759985856
84.56394636789365 39.09234954586604 -1.083630263022763
85.85990261429856 38.651301973557416 -1.6293487196508678
91.08782499062802 36.07270622360582 -1.3141480087285016
91.0879150073449 36.07252151482113 -1.3144339466289272
-96.25016074593577 -20.053071828940713 -3.8464012613651204
79.09075396582801 39.15890786369394 7.580055024068075
79.01734302274012 39.291188725570294 7.6913570773909745
-352.7779133773782 10.804381628379526 3.5128642301546877
-250.86035077544662 -5.3047131125673515 2.8484335880756144
282.8524682505611 7.0729992510226305 6.362495776056794
282.8544358060768 7.068962198686675 6.356246244711659
288.1070531006894 -13.253097292022982 3.9406328918177844
86.41365466402746 -5.52085016620894 0.29081433087971287
86.41407171612133 -5.52170589095554 0.28948963124685956
86.10281467861644 -5.460968535460915 0.40831047115194086
362.6318452902494 -21.633502730322768 -5.966916350698206
-204.9401781087113 -12.647029416822965 3.4561289789489194
85.84714716404375 -5.351212474400256 0.5204925345904425
86.18110891721152 -5.4270642043420905 0.391102080335302
89.41647467641228 -6.7193795296867584 0.4977154078096914
94.44445122490352 -33.37986459260273 -3.0219791958911513
94.44434975359782 -33.379656390731434 -3.0216568907553776
-149.1803507617825 -15.77360908208111 -4.362194958398145
-149.18326605634772 -15.770620701635352 -4.354790521478833
-101.0275393250391 -53.04118021440187 1.5985763682816538
-101.24421599325646 -53.13071591108617 1.7100753103175765
-101.24421599325646 -53.13071591108617 1.7100753103175765
362.6325988894086 -21.631903664059198 -5.967478798962162
354.3084198747471 -76.76290952994036 3.293877946036364
-0.06932807469045796 -67.40235098558679 4.314116077614315
-0.06753094627428435 -67.40705137142284 4.308009753740814
0.12253720099807835 -67.39391774081517 4.204663970874147
0.4071104711597838 -67.95584192031828 4.256367907491059
3.5506847174460034 11.920150660667673 -1.9992008312072491
301.58795527605344 10.813695875938683 3.2869369287939794
301.5888759831912 10.81180673175526 3.2840124503096195
297.89194909402966 41.70138075257961 4.760245333035647
297.891126143455 41.70306931589303 4.762859303492923
359.57065077066767 -36.30081416766931 -2.5900949432189124
297.57051574584625 41.86423059983102 4.947871806332425
-182.6501616800942 57.83455562126946 0.3140154305667544
-182.65005327148197 57.8270386709873 0.30683002436871565
-182.14460892665244 57.73573211057581 0.11804050824523302
-423.1160332843556 27.568469094831162 -0.19542713080735646
-217.50035173106275 20.584180966220746 3.9584061110178723
-58.922371580705466 -2.4436537801230958 2.9904387614214363
-58.9233958695587 -2.4415521328595946 2.993692202137766
-58.923316214970846 -2.4417155791851783 2.9934391795254096
-58.9231759966259 -2.442003298635444 2.9929937762550836
353.6582776805881 -15.907942116267732 0.8199095493547173
-58.86827545000687 -2.5251421582215285 2.9214049511141202
-62.369279842585186 12.839949300021274 4.416640918703555
-52.793536653822486 10.451768756323089 -1.3967531747772204
-49.653077918691366 8.816666916086524 -1.1889044977585024
-50.03070541152237 9.060647929372976 -0.9507488530572572
-32.983293982800916 -13.380225332766793 -2.5643003292578914
-215.27184000388036 9.903168481826274 -3.8516106080568044
-214.71558776701704 9.799914932478321 -4.13597480937938
-214.7155320887685 9.799800685492462 -4.136151668997502
-214.71574716466108 9.800242001816278 -4.135468490935177
567.7877684768392 -15.191135591820053 0.34152419648794224
-214.35882556520767 9.590521854317219 -4.361070412751761
165.78407059415372 27.77248673272024 -6.82469828027992
165.7840938587944 27.7724389949856 -6.824772180549511
457.35051114227997 28.598734625013513 5.710759393691376
457.1180073753711 28.827436017254 5.92763635463257
450.7155689897196 23.145300762007466 11.033602355950388
442.1854646548312 27.993414153780414 11.227151648471093
442.1849725943396 27.989251660572865 11.221175482217337
449.7859555897998 -0.6068989663206525 6.849254187799469
-57.87585540434721 11.207020591933373 4.849735478679428
564.0167614561466 -13.585028430034674 0.18563910370986092
-57.884001724959994 11.24758927997489 4.880907573490637
-57.884902295200064 11.249437168821212 4.883768190870444
-207.29318860335923 17.048792062408513 -0.029946849679819698
-211.27449355549632 18.655095059169877 -0.17915605442409932
-211.2744669612421 18.65504048918609 -0.17924053133789775
-210.85953537631497 18.54566187058929 -0.34212019570713004
-210.8597675179024 18.538880234111453 -0.3480719579118217
-210.44562143653465 18.360704824416295 -0.5368170626302455
-424.12251760896794 48.95284274570177 -0.8529094528173942
-424.1225422353503 48.95289327302057 -0.8528312352971178
563.2937450788559 6.912894674437749 -0.450644998478725
-183.82212382911106 93.37643909329458 -0.977633027141078
-160.98840861008986 42.73129742919944 -14.447500881009166
-166.8785423748796 17.191680294700465 -7.814481988235259
-412.7421634860559 2.5073007452918756 -4.7866008974510725
-412.7422426832678 2.5074632412732476 -4.786349348107239
-164.854957936269 15.967389042289247 -7.533496519561703
-164.85518661429754 15.96785824646789 -7.532770170888407
-164.85346089106494 15.96962888927394 -7.53408610158018
-163.66462039541696 15.98977045104316 -8.035200704880323
-164.3512127705031 16.17898609298188 -7.690919617490941
563.2919461682795 6.907830962441167 -0.45349075052029403
-166.75455185982747 17.439564811071477 -7.779387022052515
184.82224072369908 -13.297467479325164 -5.438717107343019
189.16257118294791 5.475810166288407 -10.298396507061966
188.17736223057216 5.316586750116467 -10.002637206835788
171.6162800494722 42.69759876061596 -0.12663577475288332
418.6570231920536 33.66050526772376 8.174139443078833
418.65713181205035 33.66028238606625 8.17379441172999
-308.2974303510781 -6.234439912503783 -4.0508889278734985
-308.29712736432054 -6.235061584111344 -4.05185130236799
-307.9363616158322 -6.210455678831681 -4.182448567096121
301.7957245292805 53.45546894843828 -1.098620210438389
-307.93694408703925 -6.21137272172892 -4.181985211835127
-306.75264327720333 -7.322654174750861 -4.150999421711736
-96.31609542430847 -25.305922830905935 -2.7717676153760427
28.168444357224 -17.29020909872948 -0.26749349673880657
24.741087811119534 -16.149106049400572 2.528585452736496
24.719651324743058 -16.08393486893652 2.556740077660597
564.2481987447933 -15.01827446025189 4.7049858489360945
561.7614136944766 4.686468218848989 6.925282571101076
561.7602455224179 4.68886512073428 6.928993080732238
561.7596400301684 4.690107494228189 6.9309163296837655
285.36400711056723 57.61813830926393 9.50638768624087
561.7977735310642 4.5412306511950655 6.824216412005372
-327.10810091652826 -11.606259178462146 -1.790448794736239
-246.30902770576563 -11.236941961116628 0.9166414909887844
-246.30909221938504 -11.236809583117351 0.916846418369916
291.95498536270327 -4.7911936901235705 2.499321436572103
81.97391069989752 29.43340738010673 3.3148327922675103
81.97509863304657 29.43096996566692 3.311059569462537
81.43906115912057 29.749656774733083 3.64571853680476
87.42483542924087 25.9332180228863 3.582228461376359
88.67184514634096 2.417952237095698 2.40907741225936
285.46274463937755 57.433398050999116 9.356826248894789
-203.41746783972965 -19.935876414745966 2.1293977046437917
88.67232794378683 2.416961613397996 2.407543882824807
96.06568203764238 -9.86596640062687 -3.755166872741605
95.68818242890225 -9.828331663712865 -3.566840461388609
95.39413043864693 -9.686519869827702 -3.3887529979076
95.39185225435627 -9.68396109570744 -3.3848349044020387
-413.41465057104386 27.333147753093947 -3.559842751019713
-208.82305879915668 27.561092860272375 2.9661716281728476
-208.82283255010896 27.561609631245805 2.9693261594212594
-208.82285725579823 27.561660325930294 2.969404637193764
-214.07090860205616 30.87172242903929 3.0359195901288483
285.38252722560594 57.55638252390272 9.46804992578495
-211.458720137052 9.436975570389372 1.9743929004001755
-211.45869142964412 9.436916664405352 1.9743017111563856
-211.21294284512751 9.306338516071634 1.8264724497030513
-202.5422482808251 -2.068073130573776 -3.6742869470188504
-202.54197346208628 -2.0686370337944133 -3.675159895278207
-47.953164922190936 -19.055164796848445 -2.606649685864612
-48.307930796957805 -18.954506044728607 -2.4465001810051143
442.5355618676836 -19.8025597491507 -3.6337478924479525
443.2747845976099 -19.823001493721456 -3.8963781090560228
-37.92606459776602 34.37102122402039 3.4512160518553197
-142.59975156945106 27.460859324355948 5.414578503816156
-37.73819619273329 34.279508068754616 3.335006422003941
-37.73818796251989 34.285162335218175 3.34372551911073
-37.738167970096384 34.28512131116749 3.3436620118492395
-37.42748766399826 34.10621505456811 3.140805718999678
-25.926350918642868 20.438878561502467 -5.514668759802129
-28.873402779952038 -1.3741043388338283 -2.5931308836034184
-28.87311601259258 -1.374692759768078 -2.594041786488311
215.21472799885956 -26.119861879345006 -1.5914122953228482
-284.679220916037 -21.9011436750586 -1.1285204386963816
-284.53771712453084 -21.96241219339261 -1.205604747804403
-142.5990584608616 27.459437128031126 5.412376878132808
-285.34963791124466 -21.54832886188328 -1.242828412386423
-203.89357330875347 -21.420612311944698 0.6788723934887576
-203.89339200388773 -21.420984333955325 0.6782964861652705
442.41773579761656 49.815773514798416 7.421614813681037
660.6456533320072 4.388027431159084 5.445111233845887
660.644485637222 4.38515110234388 5.442637018553229
660.6452702822229 4.383541080189792 5.440144629448595
464.16854635933976 1.9371662881637675 -5.32644835612903
465.0926870587688 1.8376968395339661 -5.631669110754847
465.94306730986335 1.6150789184152254 -5.974158905178502
-142.5987696159891 27.45884444323491 5.411459374595502
466.8492729930333 1.5347878575873548 -6.267355778256516
466.8494323269643 1.5344609202352988 -6.2678618916304485
-33.71960852183464 -6.152293646363613 -4.026968582387057
-33.71950236952895 -6.152511461779239 -4.0273057707515125
-42.978825568607185 2.014033329508008 1.62373405485212
-39.49599220337079 0.5207131112477332 1.781804107270678
-38.58861784257993 -12.031360913016655 1.2932979109075615
-35.816499915664096 -8.23864543868171 -0.04001881887919968
-35.67652099075666 -8.297900415376107 -0.1271490544147738
-35.36935151991287 -8.44461844029048 -0.32444133010379755
-142.44465484336078 27.302037359434546 5.30145860256831
464.0998606666898 -2.2860804003344004 -0.0969831553667807
667.732598644861 -11.46656707420499 6.82444021151447
661.9917159878511 -8.038457329434873 6.911621978869473
661.992337460389 -8.039732491940622 6.909647971092308
666.5085486471169 -28.43768700937803 4.424664232323504
673.4379401301521 -29.87983218050435 -0.10356193725801754
673.4367459707112 -29.879880038443975 -0.10258922055644215
673.0550156403079 -29.684152865670214 0.10370901287798245
673.0555737803937 -29.685298080698075 0.10193616950409717
460.3422971284758 0.6005519940696726 -0.29351174453082535
-317.2835793816576 33.655768926919094 -0.696418723834536
460.3406854845118 0.6038587830059865 -0.2883926924563343
-123.49948211392108 5.921954850382878 -6.047154753821306
-124.70604823487898 6.031936600236406 -5.645569816838265
-124.70621312634401 6.032274942644168 -5.645046047147639
-122.44810573749794 4.876778314533045 -5.515960816948492
-122.76406591756552 5.000269538252111 -5.353514327476652
-122.76601882790877 5.00033182328154 -5.351093865821943
-125.53002777301913 -10.84496931612807 -2.63279630788886
-131.45834828783825 -1.2553000916954244 1.8632898937494524
-131.45831958050644 -1.255358997519306 1.8631987047510465
-317.2833861323481 33.655372392252445 -0.6970325776808787
25.041420972668202 -21.10529818085182 1.3922014055352405
-99.38465520836105 -20.519376042650734 -0.7246015558505428
-99.53342462696908 -20.501454350297674 -0.6580436325726097
-99.53340998967516 -20.50148438514864 -0.6580901279285509
357.1597632299881 -22.380857003657013 -0.6530644900413257
-99.02940748992489 0.48396674553411184 -0.30332565584310994
-102.0718408311488 2.538960659186018 -0.28444155891952705
-94.82016613242533 -15.3897956299376 -5.195943162680837
-94.82014566167543 -15.389837634718484 -5.196008188056887
-94.81935873725956 -15.387776202494702 -5.1965458268260045
-12.544033858688788 6.488337694863976 0.332194783152342
-304.5905548335891 7.003279713143642 -7.653887030071672
-307.83166672574316 -6.205402395123492 -4.218779607916067
-308.42866841571333 -6.212309319793698 -3.99460736822766
-308.4286920896408 -6.212260743884283 -3.9945321710197237
-308.73936111294205 -6.153659019083726 -3.859590294250651
-308.7391431570564 -6.154106223677196 -3.8602825863202237
-130.78265144931203 6.751751658714133 -0.15512797836560055
-130.49288743025818 6.68622580258507 -0.27564024885655225
305.56063416100426 22.931993311676287 -0.01564801121210771
209.80319580579882 9.416674131742058 -1.043619832553666
-398.5586018252203 -5.597043895984499 -0.16671690565319702
209.08833394917158 9.595059454275335 -0.7773512188650192
-26.264715988019347 -17.271172183073435 -5.823884674248647
217.02045683598902 -37.12493924457149 -3.827182399122863
217.4144365152887 -37.123455463809684 -3.973393261886881
217.41445371861417 -37.12349076024947 -3.9734479040138533
217.4163157509595 -37.124121968991204 -3.97807021288111
217.4163387579911 -37.12416917866176 -3.978143295584931
-283.5784155196469 -27.403297336684062 -2.3218859448529834
-283.86837081584 -27.4515955614045 -2.2271569096527495
-282.2750246234916 -22.26130267013629 -4.034758489193354
-396.024506200553 -16.742579003888768 -2.4519983869307285
377.7382341220718 -22.189327353494047 4.924424008945453
-288.1825937009613 -5.745619049766181 -0.4761893454751074
-286.13874796265355 -6.631173776131967 -0.38415857502874395
-286.1379976234776 -6.632713330416619 -0.38654187154274905
156.9674075957921 18.21590450293377 -4.59291762484105
448.4333937428566 20.255931289687755 4.776406631789947
448.43252659697487 20.257710534756075 4.779160981553326
448.43037138602284 20.262132620902488 4.786006562003487
454.90869633228965 17.54837192882326 5.068626586130946
454.655398779335 17.759187678937888 5.270294943657818
669.1180443732356 -17.805327636081802 3.955218745135365
-396.0244871372262 -16.7426181201784 -2.452058940754405
669.1167185238767 -17.8066287790302 3.952888792879094
669.2561669732893 -17.951347414780134 3.846441333929142
669.4204609624674 -18.074444034224037 3.719534738736474
665.7172797593023 -21.65907247713023 6.494840613947944
665.7170035726971 -21.65850575660975 6.495717924120997
85.60093422454639 -20.0680736515674 3.631179311718456
82.78070635979822 -8.762272427504085 5.640277636001641
158.12424982326507 82.69305171520864 6.748092238351988
-218.95471803454203 42.54286084428162 3.782603921038393
-218.6878073231988 42.37284339101503 3.646043948288453
-536.3677630518495 -4.7438278282005655 -3.3436065651904414
-212.67068747838832 39.819872991815075 3.912001818739254
-212.67206992847085 39.822709523065235 3.9163928924963383
-55.38187619926178 11.665102423589449 2.960406003345468
-44.51173456361615 0.6748811837790823 -5.733719561897545
-44.51178305837503 0.6749806920676307 -5.733565518376885
-44.51181100352433 0.6750380338435171 -5.7334767505985305
-44.51014406605212 0.6752787345879221 -5.7351935626973
-47.13053442199807 -12.61631427589639 -3.273306493615314
-208.1195173835517 -53.36147589814867 3.119778588309783
-208.43474889458793 -53.526349627570404 3.2778996199699684
-536.1950753208349 -4.799216770354781 -3.4413918681548425
-208.66973691940467 -53.67009444353867 3.396229495969258
-7.968880106689743 -91.10814926772031 15.781022646830577
-1.213645182242355 -73.77178382248752 6.6693010474013095
-1.2163806674723223 -73.7622764046264 6.678553753738168
-1.2163806674723223 -73.7622764046264 6.678553753738168
-1.2163806674723223 -73.7622764046264 6.678553753738168
-1.9200664306157151 -74.1294601027045 6.996649608901325
4.4763030233304155 25.93951679256188 -3.4180493596522585
5.235891928938739 25.86548279008621 -3.707367897791937
5.235568115216246 25.86614720277176 -3.7063393578611814
-533.518419312304 5.03385339844145 -6.041491254585253
300.1561185451931 26.191976575001107 3.724114311142122
299.7418140620652 26.50568026111062 3.986408746515684
-133.98417946768848 8.830437954228165 2.1255938047168965
23.293011324624867 -14.123362139578385 1.5730255055607447
25.976258304114598 -15.776555746133374 1.5375791483724637
81.8226558096864 -5.82114684984592 4.907665440207882
81.86493044985068 -5.903482168921004 4.863415920224467
84.76131764594072 -17.83364089840595 3.153723921710535
84.76040015878841 -17.831758388040832 3.156638129046746
89.62506749799557 -18.657882917353028 -0.24997335222052672
-533.5183825670812 5.033778005142238 -6.041607964975218
91.75175648429109 -20.166952420414777 -0.2507086319806937
91.75179457179527 -20.167030573639295 -0.2508296168549646
675.9684374764869 -21.823433976603003 0.02570304376427912
676.407683558269 -22.055921589668067 -0.25875419114306064
468.7775192926461 -43.13913235389007 -4.617322401428522
468.777544049875 -43.139183154196495 -4.6174010426914105
468.7754006867647 -43.13681373188576 -4.611998287310912
165.27183059277272 -18.831250356690546 -7.105369319662808
165.88437771680216 -18.708586560005152 -7.396236507770157
-311.4046177906592 12.397013608337227 -0.035934553272198105
-533.5184867654242 5.03399181055012 -6.0412769841887854
-306.8800678241602 -7.321065166042609 -4.086923783624808
11.58200017219203 -0.413491636304647 -6.3677872444200565
11.581702957664605 -0.412881812275285 -6.366843212356392
11.581682491676137 -0.4128398072858872 -6.366778183810159
11.58305506078071 -0.41250510813218233 -6.367813870894641
12.22423749590062 -0.3875820691073941 -6.678235829992805
18.166904805305244 20.96299088433465 -12.372083577217719
17.529111082377973 21.155841784259454 -12.017165343803972
17.529141439550315 21.155779493270952 -12.01726177315866
312.685240169437 46.993830378121125 -1.1639041528277747
-397.212624069476 16.93863467732818 -1.0891343994027325
306.017185921439 51.91161481547072 -1.1875246434768285
566.2145682769046 5.838861314356263 -0.5152683944471668
565.4961589195541 6.10078863696645 -0.1875090731514471
-248.15860431943292 -9.733667142429992 1.31935249609195
-248.1585812172127 -9.733714546889043 1.319279111748413
-248.27756388019893 -9.661890916870162 1.389495829813955
-347.2658213727879 -10.397496420836395 -1.7078509009667007
-347.26561426276606 -10.397921391901123 -1.7085087758247777
-469.87844722277976 3.9081467399531267 -2.3294958756475417
-469.87850083888924 3.9082567555954237 -2.3293255663320873
-396.953624094345 16.807457068739478 -1.251724766772959
-469.5644882904793 3.8818201914893247 -2.4357974772673883
-154.55580677465312 25.446065837500708 -4.205966367855894
-166.3099006027679 40.42858353721745 3.0367757561901665
-166.1177093871367 40.29948150899882 2.938338601567743
-170.3125397326197 69.29525858132581 4.076934508652189
-162.2676527559051 65.9501351067174 4.401841308629887
-162.26782267150273 65.943258932305 4.390875359272343
-40.29619205533373 11.139810677358916 2.2427121668058096
-40.29661531850318 11.14067914585942 2.2440565943217448
-32.71047454808433 -0.08175308794937848 -2.2387890763935077
-399.8708124617351 19.093938993706864 -1.2846016898233898
-29.891266905227408 -1.2569269188584342 -2.142304360692194
-29.57792517648119 -1.2865510416931374 -2.2787663642943796
-29.872395697856046 -1.1408878716073139 -2.1174330831130654
-29.872924143648323 -1.1398036010576773 -2.1157545855380087
-27.293303279406093 20.765576017570424 -4.873061201061145
-26.394668373924077 20.631735990475363 -5.266384257078975
216.93052381050168 -10.884534132442406 -3.441328609242926
377.60800769640304 -9.947447548146593 3.535624959255557
377.6078848886532 -9.947195554166122 3.5360150578120817
-203.4826424564851 -13.81481051498831 1.435193229222187
-400.57083388911826 19.36857794382944 -0.9479209607740942
211.56435231058012 -11.314556307316469 2.0658302171733443
-203.48314999346871 -13.815206417271563 1.4339246095666354
306.8246129604931 22.350921074931364 -0.6596705952314842
306.8239135128412 22.34492536165554 -0.665811128734725
-129.73491979904207 6.333985023812325 -0.6657381267312933
-121.86584962383893 -20.209293925154075 -5.685738737545649
-121.86584732026668 -20.2092986519142 -5.685746054781811
-121.8657794234549 -20.20943797014533 -5.685961725875305
-124.74571861824417 -29.207419696892824 -2.764985635365708
26.902113981229324 -16.079003975260786 -0.6722050637804383
26.90229329660081 -16.07937191497853 -0.6727746515199092
-400.5702176702578 19.369994096322465 -0.9467151890848391
26.54611916358372 -15.977175791856759 -0.513048613172459
-100.95213805441405 2.1288205276924352 -0.8199399938337112
-101.37856576572175 2.3405039263980347 -0.5919814380402724
-101.93334519052057 2.5239752252829146 -0.3341339056388108
-98.93361855810102 0.4779270012903445 -0.350013519652735
-4.629764091552747 50.03161412660151 -0.3002139761372006
-5.234510970922888 50.29470713584821 -0.02193802130504357
1.2690482454068919 47.59913183372004 0.22173258083680675
1.2683653069207255 47.60053316147642 0.2239019009850261
-313.068248739696 21.4873497137799 -0.1319102923126788
-5.02552881550892 69.40636951136557 4.68296560907313
-313.06869561130173 21.483975521894415 -0.13624096845600545
-312.769914705711 21.41206172006438 -0.2811327258532933
-312.76992948096046 21.41209203603159 -0.28108579337156886
-313.2671849100553 21.577643650058437 -0.021409525514107214
-313.2671648816986 21.577602553444596 -0.021473144241289516
-107.73458226600806 13.00331052438846 5.0753808517724694
-111.75284053099585 32.423282623621446 7.948693288703915
18.625483471554233 6.239010423460369 5.917665347543552
27.426230909079244 4.899266349541164 -0.6699735615124829
-108.55185942000934 1.5391942502438953 4.328477091571827
-13.781787526794215 72.99683311066966 4.3450792486504595
-108.44006081928414 1.5193962898177593 4.295796562646284
21.055116472192292 -16.424375547338656 3.2380446904017055
21.054147652763355 -16.422387617313543 3.241122098000805
17.236135062945458 -1.8728639146061203 5.477284559390036
-134.0833783843157 8.943886973783005 2.125207612684978
-134.08339782173783 8.943926858277296 2.1252693557681135
-126.80162698805484 -0.04675621824282915 -3.1000585345484057
-126.80161480663097 -0.046781213839450254 -3.10009722891307
-124.36624707613997 -1.7533517108567287 -3.098566116113319
315.7717013768125 8.86603079624816 -4.720524451659107
-14.13586954908656 73.12058199427067 4.508517012340052
316.3863515100877 8.718987985768818 -5.0501081556305465
316.80116103974524 8.504094788136733 -5.301011046096609
316.7998735586569 8.503567787712262 -5.302281708203134
117.93286760965928 26.42297552882399 4.555465115116022
117.93328639080936 26.42211623010368 4.554134879349371
117.93191607238664 26.424927996693945 4.558487625421653
118.11627690983484 26.319699486182678 4.442391580080074
290.46186930665704 -2.5112146731983063 3.4350637791146674
92.29192471422861 -3.5931997088128247 -2.955440898632552
92.2919039025998 -3.593157007940602 -2.9553747967914954
-14.136886321275899 73.1226683189862 4.51174673947054
94.5825785141045 15.095684135364232 -5.6089870452295285
95.15736114823223 14.890908427713224 -5.877695299075417
82.09149237904435 27.921727998150843 3.221894682337895
82.09178859031034 27.92840699335223 3.2300630131552897
87.92769664938376 24.23838811863 3.157657490883729
-348.3227365690644 3.2779813214947686 1.2460144389830972
-348.1701023698187 3.1630277707419676 1.1247349195164382
322.4804119080802 32.81462508025971 -11.552779717342979
323.4651429191917 32.697322093569674 -11.95276225976956
321.7926109488811 32.958963723301814 -11.249797570682508
-322.3113997189203 36.80063080343381 2.4407966023373557
-120.7537013601118 12.702408043923185 -7.016129972891479
-120.7535214734003 12.702038945082213 -7.016701354170789
-120.75367462772063 12.702353193320889 -7.016214884041777
-123.22171325879599 14.041631568945723 -7.177194903677074
-125.9353122690569 -2.0049009323824087 -4.170550948859575
-125.93571376630382 -2.0040771358689904 -4.169275676284719
-125.93695191744796 -2.004625131088786 -4.167542993906029
-136.1343559980346 9.534808020865865 2.1266906523383065
-313.0912932399945 9.064895664094413 -2.128753059695002
-100.70446685874683 -13.960541480759026 -1.3715116809931862
-116.72877277767189 22.2960818512622 7.217398525839204
-100.9193864985465 -13.88676692779695 -1.2805462193005692
-309.2972669798106 -5.9307381722538866 -3.963442936503134
-309.29790450647766 -5.931943656780976 -3.962926752042251
-98.07825845086921 -24.343001970680184 -2.6413757398746336
359.5850157793959 -28.783386299727475 -3.958540484545594
563.8605750979127 -13.587138355459224 0.2286632926298972
563.8609360087912 -13.587878886570088 0.22751691787342393
564.1749124256897 -13.733140672759596 0.08014877304814372
565.0955629453726 -14.004877163835111 -0.30152693217421045
564.7557140130233 6.312687372736113 -1.1134222391813666
14.97647422526065 -1.1876193551489664 5.381357946163354
564.7563636505299 6.311354417351771 -1.1154857136757172
552.2075235299635 9.468225865236377 6.650159341733624
558.6175519468085 6.795679493813762 6.931117358283811
558.5662043894736 6.892326188446932 7.012888391547956
558.5632810160027 6.898324396649347 7.022173876735113
123.63176714053522 23.61180906138783 -1.0186300619403705
124.38545906124104 23.411115645090266 -1.3081519188637738
-330.09385537128674 2.8643450878997383 -0.9868902591760657
-330.09390037961083 2.864437442225539 -0.9867472903266161
-330.7158470312638 3.054648591648975 -0.7351743252469681
14.976425065802562 -1.1875184826995684 5.381514101483714
-336.5975452823661 4.074289091624227 3.043571863466274
-473.01751235959244 9.571954557348713 -0.32864782273302956
-470.36879404276397 8.492952738370777 -0.2335370086411384
-470.3690861158927 8.490761578804808 -0.2364469743068061
-470.3686717313864 8.489911340068213 -0.23776318058448548
-470.3684952862463 8.489549302714064 -0.23832363039270255
-470.2402455909696 8.399678874848314 -0.31635636021102254
-470.1028995939121 22.0628874381574 -0.6852079380100504
-347.4300854019963 2.9152940017778226 -0.5031018546635688
458.3127498247305 1.3181157127717642 -0.46062653384174845
14.976752045450061 -1.1848495062081734 5.384608124913563
207.907765280253 -9.103019772843382 2.132728665941971
458.3130117875352 1.3175781877736414 -0.4614586474538681
161.35920057545633 -25.68036801431282 -4.71519386201184
161.3590367648055 -25.680031890378572 -4.714673526829396
162.4051052269872 -25.542021309441964 -5.046686168541005
167.85090337673947 -7.737807420713221 -10.782124835252343
-213.11872589650312 -11.715654640849722 -6.735526337794385
-213.1187207775838 -11.715665144587748 -6.735542598078924
-31.492725664296998 -28.34700198312398 -4.560701195905027
-31.847414732164804 -28.357642524416903 -4.428768490153321
-39.31443892953221 -6.0883176831861245 -0.3261109785415568
18.7493029164966 1.7549519794842239 2.8214910310773886
-39.314922962528385 -6.091985307054759 -0.32910169367473796
-36.69618342345963 -7.229052029333058 -0.2166460047869596
-36.92787106215648 -7.16758678887705 -0.10493619083303066
-31.347794720084277 -29.291071858801114 -4.281038395654807
-31.846988668299932 -28.644268286410213 -4.330424041377705
-31.846768918712804 -28.644719171045658 -4.33112203026388
-32.13708308473467 -28.654783765017175 -4.2125945444370965
-38.43657492109078 -6.440158507011508 -0.06857377747093304
-38.690096022540715 -6.361265291674353 0.04607819262026095
458.56528649012847 1.186174851287916 0.5205493861328321
18.74932421583505 1.7549082744381799 2.8214233736003247
459.36359686909384 -20.169588057040134 0.9318961443928901
459.6180791660112 -20.21127410049414 0.8279502395352412
459.61742952686944 -20.209941144990143 0.8300137135458245
666.5068582324795 -28.294095366406545 4.485869005672227
666.507261508167 -28.292185199778753 4.488245147174432
450.88300018674244 2.614105812273792 6.0442488544452555
450.8822065819117 2.615734162806121 6.0467696128633985
-21.687139392573492 -2.6954522677447743 -10.751910015421988
-21.127853653115828 -2.6534920761615504 -10.979214564835203
-402.85051172450306 -10.167958780881344 -5.822421587500688
19.059749703231844 1.5599575117081237 2.6332670288966407
-402.8504886693327 -10.168006088123935 -5.822494821310987
-402.8518980582572 -10.168246683746313 -5.819031758845395
-402.8519634403481 -10.168112525626126 -5.818824075884861
-402.851965658654 -10.16810797376046 -5.818817029355673
-403.2858332268134 -10.273738550625328 -5.657603044501402
-405.5674169140057 -17.69232158004062 -3.0875920791056113
-404.99184579426174 -18.188606214256485 -3.0671821389128144
-407.9857218552893 -0.152287303939557 -0.1937868068712293
-285.55335269613136 -15.409799213094441 -0.13421024985425897
-285.47586347763115 -15.437109650765732 -0.18064333686690381
18.750928339346324 1.7626118288908272 2.8126588228231406
-203.04329294086986 -18.93449877431734 1.8370026303993985
-203.12770895962916 -20.937073912643765 -2.3294685614961623
-203.1276624907954 -20.937169261844513 -2.329616164338459
-206.75202263635154 -6.304328534938834 0.18470370220787025
-206.81210352503558 9.176667092626973 -0.1352783867063867
-210.16135842818883 10.5857149151287 -0.2651625949262034
-209.57094584396344 10.421886864081177 -0.5079884903971278
-209.57099482625281 10.427729586835545 -0.502316241325646
-209.5714956478989 10.42875722765101 -0.5007254058256211
-209.57146905352778 10.428702657623992 -0.5008098827998014
21.488938627574093 -13.625279359459585 1.7840619437365988
-209.93208871460666 10.506542726990704 -0.3623783045095334
-60.657052406921345 5.323539516697996 3.7005661079791032
-219.8654070770668 31.174949457555787 4.925432268708412
156.60643474932274 63.7465327454838 8.652806170579057
156.41004687084677 63.97431456410161 8.808371449199159
302.2878231424551 -8.090011769770072 -6.1795330551926995
-241.14267332953955 -12.886218622872226 -3.4225808274090563
-241.14265200987 -12.886262369556219 -3.4226485493405705
-241.14202856580906 -12.885582542957929 -3.423312366372307
-248.3816977169806 -6.497050116391595 1.3067724958440343
77.12231050725826 18.20720734695785 4.99953858408726
-247.0168603316026 -14.97146726725577 0.8409977564194301
-245.19319155581795 -15.707993103964881 0.9087832062970782
-245.26110363260884 -15.663453389960493 0.9559437575229056
-327.63217660193743 -15.675659586543127 -0.9882230696173235
-327.5123292214001 -15.692572837336545 -1.0423472703732837
-327.51204155703556 -15.69316307028577 -1.0432609764663008
-327.5119330612479 -15.693385686336853 -1.0436055959285355
-468.5927572260626 -0.561507809732253 -1.5067318327132806
-468.46085173554314 -0.6285115961969793 -1.5788436247481683
-340.6416023727623 1.5738754405185205 -5.190698749287917
77.16568996366158 18.13448205346504 4.971180036727241
-340.6422412277014 1.5746042071336332 -5.1901066486308665
-348.85927923222056 9.710687591698582 1.7527032376379377
-348.9765284706116 9.806354986146061 1.8495225849385502
-348.28485169682835 -1.621792987228392 1.173716226002557
-244.22184863045857 -16.427420973529557 0.8121020592309256
296.12947254053785 -15.172416470898687 2.2898327183770872
131.1983104303278 -14.847415004400874 -1.7007101750711773
131.19846928180237 -14.847740953760225 -1.7012147598143177
131.43592060853916 -14.983540125595162 -1.8519434939750758
131.03198780433772 -14.87320619074244 -1.6246131566181152
84.7507842842856 15.60907133609234 -0.06944262574944363
128.63785089248302 -13.195063880731654 -1.6143917054019081
128.63733110441936 -13.193997322243291 -1.612740622842353
128.63731402108044 -13.193962268622828 -1.612686358853858
-38.858398154260854 -6.314020595030461 -0.5519831619513309
-39.267716020578916 -6.2035207183725145 -0.38578144973473893
457.6025864820281 1.4490824939626763 -0.19921668018150562
456.80817890015504 30.7491893820162 -1.194826118087418
456.8116751380102 30.752678368132706 -1.195480603330747
165.44806788821657 -8.354723217595332 -10.013373644572988
167.05050451569977 -9.178548442868495 -9.931108240729216
293.8775625795016 -14.36214700879864 0.15596037567730822
167.0502359329843 -9.177997361727469 -9.93025514333246
167.0502148433896 -9.177954086370312 -9.930188150661301
167.05023634598723 -9.177998209079155 -9.930256455041047
166.638368261405 -9.169907714977196 -9.740231600484494
469.7214652780347 -36.44819200606266 -6.436133880829572
461.0760272929391 -0.05200633264092655 0.485439602274205
461.48597254049093 -0.21087190350189677 0.26517655193456524
-224.25416659479055 21.23368865654091 2.225961415620647
-39.20184486797977 -5.535983949360145 1.6433038866623433
84.10285356652713 -14.27221294449374 4.636022022888012
293.87784086129676 -14.362718019133043 0.15507642520242162
207.78882438918353 -9.00777275818038 2.199767111595437
663.2202024824782 -11.998737925879077 8.17045577511203
663.3937313343824 -11.999033895988303 8.137182018244523
663.3934979300129 -12.001020937924656 8.13317776763063
668.0891436519003 -7.970779450707413 4.631243586057956
662.9099705605184 -5.740420168343737 4.377619415849977
663.3311460692564 -6.016668684904822 4.1329703329866465
663.3310793661648 -6.016531815681695 4.1331822124566475
663.3323354901491 -6.019109268708796 4.129192195999012
666.8982554953224 -26.89832450090641 2.8251816796858327
666.8979149949869 -26.897625825801086 2.8262632607528593
293.17677956369516 2.0971309360270847 -0.3053131071456783
666.6319504733843 -26.748793240236306 2.981455780367151
291.58047538144757 -4.56366887940267 2.7268832863871926
291.580346354251 -4.563404123535615 2.7272931409298113
302.9537792850172 -15.980297545893015 -5.049135251908579
302.95562404787233 -15.979509004621306 -5.05144202766313
300.38446808846 -30.764736157431827 -2.423803345628797
299.6982881611164 -30.686528472800717 -2.155969691451823
299.6987310078895 -30.687437110737246 -2.157376302213257
127.16181859965772 -65.08875959074007 2.3246999786817746
126.91301702021282 -64.80062326538399 2.302724489860071
293.58736498917256 1.9689685606497092 -0.47283787564257973
126.91301702021282 -64.80062326538399 2.302724489860071
127.03862767484313 -64.74866859191958 2.236853033916239
-328.76727106390604 -41.21554702737283 0.7856122201055087
-328.7264556554039 -41.21346097379385 0.763077369503208
-470.34685338014697 -37.424278389521774 1.1022407791501552
-352.6154898263556 12.163686661923133 2.0242497123370535
-468.58090734507437 11.25725421366135 -2.7895159554973468
-468.58077118104836 11.256974817374696 -2.7899484738684697
-469.4345299840308 -0.08922163620768364 -1.5484173084973658
-469.0802414532909 -0.13849735314148726 -1.6881865432707248
294.41797571644224 1.6915850719495418 -0.8180696281967254
-468.7938538594054 -0.24982381102163528 -1.826518604952188
-153.0145379338148 17.182777866016185 -2.98740859655634
-158.69957241420423 -62.990035440050605 5.573644900200163
125.33477240597837 -68.77643010489537 4.063461241620265
125.33477240597837 -68.77643010489537 4.063461241620265
125.21805227589431 -68.35900246078015 3.998332325134662
125.48975807260427 -68.18989569973314 3.8453885412834716
125.49071462256691 -68.19279418133179 3.8421597391336935
125.49071462256691 -68.19279418133179 3.8421597391336935
-285.6055691795467 -17.607470271980343 -1.5271370161577509
134.24508324373758 -14.324574647589646 -6.717228129945219
-285.60573705727376 -17.607125802020917 -1.5266037607247611
-408.0613818835374 -3.3262163543990964 -2.2050417978625614
-291.3909625105134 -2.4976498351675764 1.5273329498020733
-291.3900504480698 -2.4955776794081412 1.5287837386661387
-291.27806030931447 -2.553954569584705 1.4656893799969648
-291.2780336284086 -2.554009317307041 1.4656046279343358
-291.03109959452297 -2.6986770661630732 1.3191286141364669
-288.5399963696441 -3.7809422562162163 1.4440290106928897
-288.5400168801208 -3.7809001698684406 1.4440941623488597
-288.69821372889584 -3.6306913179912272 1.5665950807581954
135.7344056393094 -15.132776407875646 -6.6385047734555265
-290.06258110215515 7.548413239758995 2.5111419536670274
204.44800757521716 32.779251952256296 5.6879125233181735
197.14694920596787 28.12104721970687 10.977968277240896
-164.0329042128169 25.387601434030813 2.4494062005946833
-164.0329218880312 25.395961668792232 2.457845007011044
-168.3583407847851 55.002341558395614 3.5451229236678397
-168.3582733899766 55.002203268207346 3.544908843980173
80.38056292246448 18.52255861663008 2.77681250811315
80.38161732528509 18.520395181024128 2.7734634163612495
-352.0957762374932 0.4189848536730959 1.0539174046722424
135.73412279837237 -15.132196043803663 -6.637606343037792
-352.0954719388322 0.4183604813582772 1.0529508488014905
-346.55865585176736 -5.733947441295738 -2.4666173103629636
-249.07367081711268 -4.699789921729248 1.6863680880348653
-248.9746842450164 -4.7574236053905645 1.6285257830842808
-246.45213936076237 -5.860141013179063 1.7521756225214464
-246.25799956207348 -6.025266558408726 1.594724491793236
-246.38252658546457 -5.906273403039225 1.6928128526094879
-331.7176392006601 1.6005452848113255 3.065314403809602
-331.688316262146 1.63735528889472 3.078570418082434
-245.9262180620554 -12.06310028662325 2.257512038653086
135.73411203251706 -15.132173953761178 -6.637572146827022
-245.9262436588399 -12.06304776345837 2.2575933469953413
-248.34119878229143 -10.660080715760657 2.309651683094957
-248.34060184348704 -10.661305580310685 2.307755536134138
-244.46774951218953 -11.305727260145032 -0.4261943952170504
295.6376707774727 -4.929029049447406 -0.18676018908794517
295.56475324532084 13.873935759135719 -0.6175940185839739
296.1576511077281 13.629856873532438 -0.8955288219423714
296.15744153779 13.630286893646806 -0.8948631307179277
296.15524786786415 13.62899983704638 -0.8952509019844892
99.72502341380962 -14.77551416972855 -9.175954580818159
-324.41952889543927 -16.407299705129642 -3.651600367281809
100.11174304996652 -14.75886974296923 -9.335069109888272
-40.824735597377334 -4.790913468542602 1.6255294789787884
-34.28537045057814 -12.12716325794562 -2.8261068594886725
-34.285622267168655 -12.126646553031975 -2.825306976389055
-33.937426536553616 -12.238724969064517 -2.9853628631402818
-32.31608696179805 -13.65769984543068 -2.953161682343744
469.188634937118 -10.974549404177253 -4.4781837372536035
469.18921762661023 -10.974388176892294 -4.477485462257427
466.2655700821872 -29.3667903791568 -1.928680013284333
672.4841260749437 -29.882296250053567 2.8428069712387973
-324.4199998175619 -16.408253852977204 -3.6513451524532883
672.6101473810443 -29.977351440497564 2.7346155504511565
672.6102140832845 -29.977488309769207 2.734403670344637
459.69983367507945 0.17678844854594658 3.5062926200010245
459.69978239889593 0.1768936643842214 3.5064554990971337
459.3985370038929 0.4475186475614703 3.7810148097348724
-10.616894814315597 -9.254493025868475 -1.2977129956361177
-10.984274759282238 -9.15349871243879 -1.088853367078788
-10.98427582925973 -9.15235543572407 -1.086764661361645
-10.984230283949326 -9.152448891910316 -1.086909335941495
-397.77870004092637 -13.417437182265573 -0.8762689684521116
122.55827037432543 11.100639547562189 3.6238122514630806
207.78879685338754 -9.010648709885498 2.196387653775475
