-535.7136729610974 -11.39033823553338 2.325337324109443
-532.724648808932 -3.58145115444128 3.3209205754022073
-532.7246115890987 -3.5814855664266725 3.3209310062849378
-532.747958056648 -3.5716726167093413 3.325260320782811
-545.12050544755 -35.74982967375968 -0.23980650276421492
-396.807767780306 -9.040825675978464 2.6147738156341074
-393.95817961603444 -6.851008441077944 -1.0830388435276093
-393.95785196326773 -6.851311375856019 -1.0829470182938696
-525.1450691468849 6.353532312255962 -1.1219590150083967
-383.34451027914076 -6.597371293540961 -1.548949908929035
167.00236298601595 8.338424189312674 2.573466934774797
-385.687259842923 -7.917150764562511 1.456589234231556
-385.68831157687674 -7.916178372988749 1.45629448403937
275.4702672043214 -2.4848271279310246 1.8350742512999925
275.47009945568243 -2.4846720341696704 1.8350272396234326
-44.81599637056112 -1.5154946081148863 0.9171968272935815
-44.962586853479436 -1.6024345254960954 0.9202241296915818
-44.36449726727426 7.164967839299606 2.208213557033341
-44.36523379517932 7.166761544445515 2.2181435970733996
-44.37188916584451 7.123201244939522 2.2478720731245794
-44.34920004231812 7.126056751567944 2.2666885026298482
167.0027093090127 8.338103992771222 2.5735639920667284
270.9768447832367 -17.52237010260142 0.6372566845164644
275.8985904934219 -2.5254657710173767 1.7136587504991665
275.89849091798203 -2.5253737075047265 1.7136308444151462
-265.6399279853758 17.586966648952686 -3.78969934421491
-265.6401165610901 17.5871409985983 -3.7897521928231956
-549.528534863192 4.270396110432234 -3.0406970858895166
-552.8880498509693 2.538925147389436 0.8745592406568868
-546.2608315318945 15.305229058491275 0.8119822446515677
-546.2607577456761 15.30516084000276 0.8120029232128949
-546.023209083242 15.459921766171243 0.7473926734815963
166.99562774315766 8.348743573016968 2.6773278966270357
-274.1147330573934 -4.148816833148089 0.01412671408584569
-274.1144916441096 -4.148180435857757 0.020636819817002966
-273.76345119943795 -3.931511064390725 -0.0883219811586598
-273.7636641952561 -3.931314136889299 -0.0883816735925129
-270.60212537947683 14.837883699007351 2.5195083812417396
-270.6334816108732 14.87597733734335 2.500316106623114
246.8421242258762 33.69164866352067 3.4488503764950575
-57.02219896054275 -16.626840263772447 -1.142875350733016
-292.86953804418937 1.7939106175411963 -0.7609763306462367
-286.12215709098217 18.311588431083432 -0.8838378627865179
166.99522903664445 8.347444425358828 2.6582247274369624
-286.12246909833505 18.311876900730898 -0.883925303293275
-286.12300950252194 18.31237653704936 -0.8840767524686509
-286.12304502180376 18.31240937677953 -0.8840867067715795
-291.4827988870201 13.894454195185075 6.615419411383603
-296.9911838741159 -12.530490504289853 1.56918086228082
202.91262044261455 -11.985797775711065 1.8969582938884646
202.91012698228656 -11.98454319551623 1.8834258484835416
203.2412198763995 -11.718604395136634 1.7940503792869233
203.40208005747243 -11.62983295144065 1.7373943649530392
613.4010459488618 19.90490502295806 9.806078478203478
174.40280236556694 32.533140685996145 4.775458909197304
613.6329047968071 19.922725576882147 9.845980462731369
-431.58249469670744 -40.14258568911221 0.07854350028030141
-431.58249469670744 -40.14258568911221 0.07854350028030141
-21.406230919234133 -58.00595640654499 -0.5874373100531712
-21.251457495021906 -57.90289073029229 -0.6586350858139265
-27.385606152645288 -67.7187578009484 0.516556904423436
-27.97242175934268 -68.2515711905452 0.8095666184216671
-27.97242175934268 -68.2515711905452 0.8095666184216671
-27.97418263081522 -68.2490047637506 0.8140104986878699
-27.97418263081522 -68.2490047637506 0.8140104986878699
389.3517868484783 4.395689821978356 2.6943576418440625
16.22424602014074 33.412792167002756 2.4352060535389146
15.835526428979358 33.23074646035304 2.491908085502222
23.97482814490865 37.55583362391314 -7.273806430031817
474.2247206214063 -1.042731435370063 -6.283610313585148
750.7007687510757 -0.7674945467200168 -5.6982133355120865
-202.2261692408037 -0.5765442525078249 -0.847677384885571
113.15684285247178 -19.884408673245776 -1.4293778764054537
113.15688584323999 -19.884448420808763 -1.4293658282077146
-466.8450022458334 -16.615989009162078 -0.1759255458517552
-465.16220964129036 -15.787600987116038 -2.0227146973799535
120.4093808866715 3.9140067374366567 0.8113974656278637
-324.48988569866975 -3.5063007300922844 -2.1305629459822466
-327.21890620109104 -3.939970519389426 -1.49922595820433
-327.1745344019307 -3.9081136252561453 -1.525157244179577
-327.175162179677 -3.9075332067883575 -1.525333179397527
-327.24218263125255 -3.9268353453296525 -1.465594133592456
-327.14997727293286 -3.892389275126099 -1.5282602291390415
-327.14992815357596 -3.8936253133969525 -1.5343885658763965
-330.18538974884433 -12.910190988064127 -1.3084599277224194
-330.1854084429648 -12.910173704218794 -1.3084651667628482
-62.593525076795515 -32.00373388902653 0.091732085958392
-463.2187547274698 -4.716761454838375 0.944456097394191
-62.59352823143079 -32.00373097238882 0.09173120184491021
593.5753798634228 -44.44119854380958 -0.5654577881391026
876.3033587400123 -30.295719278414705 2.846473047167386
873.9657984609194 -30.28780094968361 3.402384645536372
873.965431900086 -30.287316257878153 3.4154270630949615
873.9150288619036 -30.28667643534324 3.514387898385167
873.8609536156986 -30.37216013565628 3.5119115664570137
601.2272054833628 -4.8089346534757365 6.875292233638321
601.2280705301027 -4.8097344415244745 6.875534663728063
601.3467828907784 -4.75448717462446 6.775625128324725
-463.7425398789597 -0.07178677793871924 1.9244981285657063
601.3470367375635 -4.754721871253837 6.775696268874929
606.9245268274008 0.19111193186670145 -1.588552025057392
614.7161237128885 26.25165552923183 -0.8217292253962131
279.592678675391 -2.3404500782929407 -1.9330404338919944
274.52887252067995 -6.442730832600259 4.9986547371006145
274.4860131999205 -6.385726856892236 5.013803725825547
281.4324756587183 13.39680382707174 8.12307540734476
-46.51141590540193 -11.812391051020752 1.586655850987601
-46.938789712027 -12.149294304196797 1.7101672085520643
-46.93882271376909 -12.1492637920303 1.7101579596822307
-463.74750499577385 -0.10552150756904316 1.9391912753678542
-37.80942667786272 20.059243085258316 -0.9821351539818399
-47.1440435097119 -12.31935782565294 1.7600146447314182
-47.14402103433931 -12.319378605182823 1.7600209431519056
-39.719928096935476 23.00973996924613 8.445952255507875
274.1817518077747 -6.5259985314852464 4.915215949323666
274.18214922493934 -6.526953808146 4.899973422268206
-386.3323705665164 -9.937241713132648 2.988744069542666
-386.3325893784188 -9.93703940830018 2.9886827473205737
-466.69390504718535 -11.666765431842855 2.2130968570721916
-333.3091205758436 -21.35831667148449 1.2319093885388297
-333.4056349355775 -21.410475423440413 1.2506189188827606
-463.74808039025476 -0.10498952059885786 1.9390300206128952
380.03562048697535 -29.473421228891887 1.4237231209999461
380.0355807227876 -29.473384464492586 1.4237119770572788
379.9827366171252 -29.47353509350321 1.4290681507563954
380.0858690708548 -29.403467113353347 1.4309615254618508
380.08590119013104 -29.403496809562274 1.4309705269065272
380.08637424581485 -29.403934178116966 1.4311031015462334
383.17241967280853 -27.041019586213704 -2.634519592517511
144.55543418526582 -56.59103555414836 -0.6096442399747635
140.85924875491784 -62.15090648817167 0.429721531586696
140.85765850308312 -62.14828557593963 0.4338049540271328
-460.8440504135061 1.5269649488949641 -1.747348063918582
167.69984105150087 -4.469480692421088 -2.3300480741338223
-527.5470596792726 6.569533768562382 -0.2580611095921547
-527.5467604883924 6.571149129553821 -0.24632128635107245
-527.5468400996971 6.571222735015849 -0.24634359748222354
-527.5469270597193 6.571303134814135 -0.24636796809436506
-522.2800438814841 19.104778040667423 -0.18751686419737856
2.2868025933952545 51.55708571941635 -1.4525484549135186
2.506365007542682 51.60663775502902 -1.3856202174515937
2.412858002609091 51.668125731116056 -1.3979542267580665
2.165560164490593 51.629204687089555 -1.4513244670307808
-460.85598872480364 1.5304249701545736 -1.7742082240262114
2.165218721237842 51.62952037198863 -1.4514201567897187
-375.4296687276505 27.27541568607187 -3.5574752970508006
-13.859078603275876 0.5403820797217646 -3.4165691099091133
-8.517622794371182 26.485802756770358 -1.545536486146561
-15.5076823910381 20.732417006948488 8.218995272537535
-467.63164243248434 -11.103902290965024 2.6422709146894596
-467.63195371143377 -11.103614494798789 2.6421836785116257
-467.6419640072162 -11.088642206210565 2.646965263072911
-467.6422002641869 -11.08826167203336 2.6533308809869705
-464.77697408763976 -2.557806158390453 3.8926452365506745
-255.0693850148991 -57.37387148142537 -1.5171424620861225
-464.776957552789 -2.5578214458586106 3.892649870452829
-461.7466497017025 -0.06456014526799514 -0.3386780242107638
-617.5842065120271 15.6080708212142 -0.10700969301202067
-435.8326121890219 9.558725356203693 0.4374363871826022
175.1816659922838 32.46498035676158 -0.20264194852556924
181.98271270730098 33.46434184819008 -1.6847125344571563
182.13817709473867 33.508033996106576 -1.609049176213064
182.13814647434987 33.50806230629565 -1.6090577578895982
182.4151413534879 33.54570299171653 -1.531081686646569
-618.3051350444512 7.092034899322993 -2.290264911777365
-258.21869898167466 -59.46845443530247 2.1668020102095955
-618.3051975415934 7.092092681706948 -2.290282426651933
-640.7145230805947 -35.96442427761148 2.4246962066692483
-640.7156649370917 -35.96236948754493 2.4277803596720196
-640.7156649370917 -35.96236948754493 2.4277803596720196
-640.5575565687373 -35.85710098110853 2.3449646837004567
-637.445802728467 -31.584302992753386 1.2157791330554275
-228.04471510215325 -49.821076350789085 1.3540435792128849
-227.77460701618483 -49.641939005602545 1.2379845465662789
119.95015699540271 -5.702548476201129 -4.830148335902134
115.64804356189241 -7.91942775629977 0.2000354951847046
-212.39799295599747 40.299611278268145 -2.1699132235893526
381.74405304252224 -27.93836919758535 -0.7935351345644257
381.74404124582463 -27.938358290824482 -0.7935384406078516
381.54297013320695 -28.043368252581928 -0.7551446525706399
-389.41819569258877 -25.011256655733533 -1.1144866270032199
268.01049897506806 -36.674983705574995 -3.3064879712864954
496.73341851479705 -23.379440654475328 -4.189853303272355
496.7340410733746 -23.38001624750793 -4.189678830731853
496.77963471836784 -23.39726187829292 -4.183329703941252
496.7798941728929 -23.397501759681127 -4.183256991604362
496.7805130015209 -23.396695743102484 -4.176047722670113
-212.39810753409066 40.299717212645824 -2.1699453341859734
494.4035813873895 -23.509095048356592 -3.5213097745418804
494.29991361878194 -23.54391057779988 -3.451704243231116
278.2279043432666 -1.5711122142259784 -3.6397738113049716
278.34452102819535 -1.5483506936835072 -3.7563371486480794
278.3440888206172 -1.5479510916553458 -3.7564582751598796
273.9647800234685 -4.084100525146134 1.9932225263793963
279.3285310471357 16.11003302588039 3.88404139605995
29.401777105366182 -11.627605778484249 -2.759461124105626
746.9008887440416 -10.480989845671502 -5.317445024311622
746.9046647033073 -10.486797924391452 -5.240267226822131
-198.437635349684 69.76548423723952 -3.023233410361809
746.9055225142098 -10.487591022402311 -5.240026824085295
741.9110389520364 -13.30233781533334 1.1257972398320732
410.63170148806114 19.848569013897897 3.428351142736656
410.6295554054094 19.850553196952998 3.4277496995014016
10.877423190263285 21.114994700659174 2.0092456988917378
10.87787021494567 21.113348788788652 1.996266108948266
21.637376640460168 45.787950326974894 2.9550777746862904
21.637299951018555 45.78802123100176 2.955056282536577
21.321462146908473 45.615520120530384 2.9556628747863134
21.47533716720965 45.61558896564364 2.9311909778489413
251.08897502214452 27.72411103796482 -3.2985364439305935
-31.92695942755868 -74.43969443992606 1.7738231097501072
-530.9678103094709 0.9664262042092815 1.7665113675980177
-534.3072742785083 -8.051361811032157 1.2365214578702421
-21.76765822202194 -2.755194046553136 1.3955281978435963
-21.766908375419128 -2.7565345714558283 1.3876306848320097
-21.889695923178778 -2.810345618666674 1.384949900058466
-21.910318699096795 -2.781360141091628 1.3998171967693327
-25.80339632631504 -19.37898878658659 -0.31101912062482856
-25.803717330429613 -19.37869199831314 -0.3111090832499153
-23.106680983560114 -18.024490750045214 -3.3998662096935908
251.5876768346507 27.929163547091065 -3.381736758592054
-37.8090323294432 20.05887848621722 -0.9820246377179058
-23.106647142622712 -18.024522039171853 -3.39985672424925
-388.0400311726541 1.9596759234493852 -3.5346973780069124
-388.3257827047651 1.8071583429448963 -3.466836876913571
-10.92693154793508 14.996409206446248 -4.630419373659637
-10.927043022295523 14.996512269225429 -4.630450613027812
415.95594177560145 19.826746902624574 -2.448624038408748
408.35976963540895 13.5727911774947 8.12011602887141
742.4206773222129 2.706142173522577 8.577703440178793
742.4222632508599 2.7046758866794938 8.57814789932638
26.714601797650825 -3.7162063323086354 5.57789462042975
251.23488077794462 27.757846096020167 -3.3600543634399926
26.715151187811202 -3.716714276704894 5.57804858781297
26.715675483499215 -3.7171990197455713 5.578195522434121
26.671253179219732 -3.735741456180036 5.629842886955676
26.7096533948151 -3.6760503936324564 5.621854187127848
26.70984013707597 -3.6762354767763883 5.613602069361849
29.97824980147294 -3.295002301118368 5.062168182253496
30.095560941831064 -3.2776142015589853 5.09611594447141
25.676404174132962 -15.81175928545765 3.1055349247186745
-137.21744161615592 -0.44378687475276274 4.962857279084399
442.6916828307049 -67.3007344743571 -1.6160255854485934
251.23502424360464 27.757713453344813 -3.3600141570771385
442.6916828307049 -67.3007344743571 -1.6160255854485934
442.6916828307049 -67.3007344743571 -1.6160255854485934
442.7914919875438 -67.23933905710287 -1.661542791072533
739.1158137424675 -31.449935300385825 -1.2619185577133525
739.1143637763734 -31.449697981650417 -1.2736379655514856
739.1147423256775 -31.450047972029893 -1.2735318771058661
24.73008924020573 -24.209040648752453 -0.3331132616585943
29.462888055612716 -14.398198321183429 -0.09398938605696841
32.870052432926286 -12.638131458007969 -4.006295678348272
32.63476683910263 -12.752107887329103 -3.9729787401713237
587.4754364220636 28.386517959542577 -1.5194440101085356
32.36562569446472 -12.866347428951682 -3.915325739306518
-163.75345639242826 7.2254238844957355 -4.765533010384517
-164.7269605296318 17.458692682319988 -3.5348448493699567
34.719558274225115 5.432603527516618 2.227609819592536
39.730981813673026 8.289386058846494 -3.97292356731768
33.37688853550784 -5.570194052053593 -3.4405192972423713
33.34120619745936 -5.553265403181392 -3.4667253395276805
33.341017621543344 -5.553091053353288 -3.4667781881992505
30.536324538291364 -5.844063629700212 -2.7470162574978847
-130.59034169521723 13.148584740590117 -3.017912323566703
-66.25349430157803 11.692898948629422 -0.48066050742562216
-404.4711161998242 21.643103267205525 -3.541257196863898
-404.3844515580643 21.688500620179216 -3.5113247279338604
-404.3842081236779 21.688275550381032 -3.511256505096774
-404.3840167088041 21.685892231700812 -3.5219807920456465
23.924565729058926 45.04150679565605 -6.588311116925433
24.219515799132022 45.15418242701028 -6.554170022613938
24.218344591642218 45.15526527793822 -6.554498255745458
250.2263421040148 21.805161172077316 -3.8774226729390215
249.87529342657103 21.62266230897596 -3.8253357265521233
-257.5129234520965 -58.92896418609844 1.8260794242634797
-66.25336103917891 11.691164224972121 -0.4914546284488185
-257.5129234520965 -58.92896418609844 1.8260794242634797
-266.84728151987474 -72.59361133963277 4.730228922695802
-266.84728151987474 -72.59361133963277 4.730228922695802
-578.847125067554 -48.89517864618472 3.2691432528763804
-579.5472415355787 -49.49511069971306 3.676697745740916
-579.5460454610351 -49.49742183802002 3.6726309205186705
-579.5460454610351 -49.49742183802002 3.6726309205186705
-576.329753236299 -47.36418822468168 -0.07240028383437482
-544.7464607527168 31.062480859097754 7.792571579750719
-544.8370178004768 31.082792823590346 7.7875342787752535
-66.25397514590273 11.69173200375612 -0.49162673235308463
-273.24489715808306 7.307990093347887 5.1768866307082755
-326.9964512062447 -1.3300391899762758 -1.4058618420786881
392.8539879456313 10.687451238046076 -3.88923840092415
387.86346083892937 -6.09733977746852 -3.6677030235820514
387.86231600530033 -6.096281309610344 -3.668023864851259
387.9756861088885 -6.031956544624539 -3.7286374449315334
387.97370322908233 -6.03012325245454 -3.7291931503018674
387.9735738482213 -6.03000363202899 -3.7292294093750105
172.52378485874056 18.315949636230847 -3.983875965735117
172.30412064732977 18.275451791542434 -3.8086764458743616
-66.23292997461348 11.751583564201317 -0.5403520172679853
-191.09873332869515 35.85504089050288 -4.5095220572119405
-190.87969922756565 24.07120202645006 -5.625724651846771
-191.3488984152377 23.872983760811483 -5.53636236198909
-197.58285632642742 20.596277997387027 1.8867473014443978
-197.5832276406947 20.59529998628739 1.8747657849259145
26.741194146675472 -13.331903821128236 -0.8238398422790161
26.74112871030091 -13.331843321242332 -0.8238581808705525
-174.91376229088218 -7.400966805852181 -0.9551723213092776
-174.88890240003965 -7.414774099191451 -0.9600025512969794
-178.02442750192785 -9.981710452453235 3.424534382013812
-276.300149353001 -10.311105095860471 3.785360653130409
-173.7224461774519 2.803813692355038 5.286292464997252
-173.63263592195423 2.8286705148802174 5.2878369785983494
408.51020035519633 13.612803965092603 8.094718446442133
16.22773885866212 50.522730798000325 12.513042028928043
6.2959809971079235 0.4072775524837532 2.4833738675034653
6.298848395206233 0.40572470497665364 2.499112856635208
6.783930432623168 0.7974897933884111 2.3703007401733265
6.7840637766025305 0.7973665089019186 2.37033810993195
6.784140763748136 0.7972953295979814 2.370359685729588
404.52077453392536 -16.934339853598882 1.0883785255854992
-276.3013419955237 -10.310002425798546 3.785026413074768
751.5129216071798 13.457996348788935 9.456477472547983
760.2639152204869 20.793208710492642 -2.499658941982768
760.2628668944802 20.79417795121963 -2.4999527370938446
495.8904281217828 60.315548249018164 -1.934247371376993
495.57686164662414 60.33443647164476 -2.031571589633719
495.5756103332984 60.33192999216686 -2.0559182952515744
495.73104302772083 60.35148547324146 -1.9696962007305494
495.7311823678767 60.35135664617064 -1.9696571492913728
495.6699913226532 60.43387724914414 -2.016207287398707
482.65378254328334 29.665413381527994 -2.496340625861296
-276.26631732990205 -10.261566855170601 3.7646014666061056
-37.81045091232627 20.060190051912496 -0.9824221979766035
476.28064043781575 29.01162586505878 -0.9524158267804346
-132.9703718714814 12.067963676776992 -0.14044359877162246
-132.970492570505 12.06807527032191 -0.14047742475964953
-332.4849137257548 -20.619021933290888 0.14280348784052085
-332.34159043223383 -20.546199924137962 0.1135430860010011
-451.0879230910731 -34.97220996916364 0.024291170588090605
-636.8188088020373 -31.33130860141881 0.46876871836534095
-639.4702498679087 -35.461373379778266 1.0587430924357033
-639.4702498679087 -35.461373379778266 1.0587430924357033
-639.4709549060331 -35.46035126230447 1.0605388455271567
-385.07740549243425 -6.451445554848293 3.530315647583032
-639.4709549060331 -35.46035126230447 1.0605388455271567
-639.3391156132046 -35.35545023135248 0.9922552445239454
-639.3391156132046 -35.35545023135248 0.9922552445239454
-640.749800069621 -36.001534397773476 2.4484060315986027
-234.65270978017895 -58.65553916397944 3.8192973543288247
-189.7124739239665 27.608425136287398 -5.680789919190723
-190.0533502496205 27.442064052557086 -5.662990337625933
257.677934446085 -7.412536767543507 -5.552619460425716
257.6780739636366 -7.412665762807045 -5.552580358639786
-44.862109752222196 -56.91674752973357 1.6890876124329945
-385.077274093595 -6.451711227373907 3.524996225894854
-44.655254616935096 -56.790191285110105 1.5808308422529738
-42.858157361445315 -55.9680932659493 -0.28131803665001404
-18.921805714556704 0.8089048053639322 1.0375245948634548
-18.922292582253352 0.8108358410152301 1.052048056720611
-19.12513344423554 0.6977395847653092 1.056840835170483
-532.9860119134645 -6.324895026850095 1.0671777730713004
-714.7289069480312 7.07135746161262 1.81003398156553
-714.728768747931 7.071229687272982 1.8100727123370557
-714.8480403921596 7.016373927238161 1.8321569710106083
-709.9483884390062 18.380761498134806 2.28410612801896
-385.07731355943986 -6.451674738814794 3.5249851655629607
-709.9487873822992 18.381130345310307 2.283994323494601
-16.14598595988202 7.804891226134854 -1.4490739921170481
-16.14667959143392 7.807208881672092 -1.4389302889882194
-16.043469251435138 7.855535501898756 -1.4204638837770618
-16.083375947384937 7.881079008481927 -1.4093162515023292
-21.052026352087285 -12.39475824504953 -2.4433310725125876
-21.424923390491923 -12.596310243442991 -2.326672131995101
-21.425021770592142 -12.596219285146605 -2.326699703077495
-534.1359560545667 -12.971874447010524 -0.6245924834888196
-716.2969146619662 -1.9927959573166165 -0.49689802682870887
276.6922632391571 0.44418014045468784 5.9724556143398635
-718.6811136642131 -3.7751117934318437 2.582905352873031
-714.8099480617891 4.270860955518758 3.2638913545559
-527.1723262743031 15.166146393426384 6.424888527370187
-527.1726073640851 15.166406277910646 6.424809751490262
-527.1725836846593 15.166384384851177 6.424816387664171
108.99328980331458 -8.731409177895884 5.144139455263537
-54.15782483686387 -2.9856668759347067 4.775146729411157
-49.83662008777773 0.5582638491548737 -1.214963128420354
-55.10971889190846 -21.252754329947262 -2.763029954069476
-54.93063068922152 -21.155247308235257 -2.8258432722435796
276.60560710501056 0.41792343758812983 5.954146522684922
-55.2500208113574 -21.372212706669423 -2.705382150563974
605.8145588575104 -26.722001437619888 -5.227313405268278
605.814566814123 -26.722008793983854 -5.227311175420754
214.04913409545838 0.4634666812223074 -5.748017529943484
203.97465447108195 -15.615061575612282 -3.8350971051370877
203.97464640025188 -15.615054113624483 -3.835099367032761
203.97479833930103 -15.615194590470844 -3.835056785955949
203.47484410613822 -15.913167966928206 -3.6423738455240993
203.47328231645892 -15.913089628878573 -3.649654562313739
-385.3044856002329 -11.682686166413095 -0.42456647285553933
276.6055323834403 0.4179925222048111 5.954125581911339
-385.3041209134012 -11.683023341429452 -0.42446426907845874
-385.30402741589575 -11.68373827323014 -0.42865195209648027
-385.3579817950779 -11.70795667708026 -0.44019373576271664
-388.57252727144083 -23.14987708281686 -0.9166914094896419
-388.5725487667614 -23.149857209061615 -0.9166974335988043
-546.5188499787505 -14.254552554203155 -0.8904444054256268
-546.518863713479 -14.2545398556043 -0.8904482545874195
-381.4077703366276 -2.427649148432895 -0.44965725247048793
284.03134968354925 8.492231303965118 -1.9768292461718364
277.8913353639169 3.455414569185657 6.458721185864528
271.4013855438461 -26.770951049845902 0.435373798034188
284.79499484481283 22.865815684070643 9.714320290386016
284.7342159711415 22.962141722433937 9.666307685144515
284.6167193298362 22.965247544414044 9.625224736430814
-43.95752802155313 5.2494448113899335 1.8247582194732657
-43.95800910033789 5.251574287294714 1.8406104830293997
-43.83365671241551 5.298979899493614 1.837838982001609
-43.734921655323866 5.361751724222881 1.8799458861744192
-43.73560876280231 5.362386996488123 1.8797533232431938
-38.909026450537226 7.971893249733016 -4.050744796726866
-542.877958418396 -2.6878181996053145 -1.4866150388717336
-43.73580712122976 -6.233159299392321 1.975126779983485
-537.817375167081 8.558390454547666 -2.1650158235257915
-537.8173378062139 8.558355912169318 -2.1650053531154603
-380.76842434967654 3.1766866222231185 -1.5070841028939697
-380.7095881322361 3.2223248494275376 -1.5431208472255722
-273.7814520997885 -11.050544504795146 -1.3685309661006089
-271.47858108609404 -10.67274438401115 -1.9037920273103155
-271.4785416203901 -10.672780872439624 -1.9037809670200683
607.5601057806595 3.8096777332311413 7.2198860738049895
607.4354751176807 3.7811775126514715 7.208749497304585
607.5034304557507 3.812786931836841 7.240587179462556
-43.43783236830431 -5.97920484259353 1.896769096444398
607.5023821303814 3.8137561719596973 7.240293384475099
607.5023047202772 3.8138277421560516 7.240271690406208
216.48688625479184 44.57087068510426 12.26068762972366
609.5795399115581 30.888054160144225 13.059032957027616
609.5801534565051 30.887284117398085 13.02827317686628
609.5803642503483 30.887089227434313 13.028332251771186
604.3048556785203 7.37157706502877 8.767005399906601
611.0435215107303 13.38166669825701 -1.3609627035755352
616.6316001439764 13.966080040851969 -2.7120177807224937
-48.75979603943513 3.0406361628583176 -1.196204760638249
-49.68796816856455 -17.582824756214986 1.3591560722736855
-37.810581445986465 20.060310739355447 -0.9824587790250369
-48.79522414209055 3.0709005386707555 -1.2183109998009793
-46.3091355561675 -15.187611301607935 -2.8010978006942993
120.41208948186609 5.03992695673147 -3.9626950801400938
115.65334862502985 2.3702744914129967 2.0838546711217267
115.98439506111386 -7.8065490739940575 0.1369928979230158
115.58771451625172 -8.00150370174327 0.2289591027852227
115.50004962148303 -8.01240392321177 0.2547808580971954
-226.2018082596978 -48.86683556615704 -0.3886709783007266
-226.2018082596978 -48.86683556615704 -0.3886709783007266
-226.0587677464187 -48.754619240300244 -0.44500757175426003
-226.0587677464187 -48.754619240300244 -0.44500757175426003
-37.83076815636919 20.036346896703296 -1.0429298706488692
-226.05735069577696 -48.75629387075967 -0.44687957474499873
-636.4521205182797 -31.051911736081582 0.3153175744365228
-638.7634153906647 -34.83222944254621 0.7000107349500124
-452.4341891914851 -37.395924398732284 0.18438179747417832
-452.4341891914851 -37.395924398732284 0.18438179747417832
-548.3020469306646 -17.173569103378465 -0.5571694762758774
-548.3019774490429 -17.173633343339112 -0.5571500039356051
-548.3946690384458 -17.230804634081004 -0.5283928338386297
-548.2027978766376 -17.122630050753926 -0.5997083416745775
-549.5352172379291 -18.064193482242736 1.032183460296296
-268.68409436243064 10.521758029400166 -3.345107770460841
-546.7060086651015 -12.633495639098362 1.330464878653888
-543.1958547347153 4.808995977523082 4.778495716359826
-386.2718877818764 -9.952132235474597 3.0079886815066144
-386.2719906414476 -9.952037135584678 3.0079598549614968
-386.27182835191644 -9.952187182062358 3.0080053368371895
-276.9893656728033 -13.53018558272897 3.1705918169938463
-276.9892066484291 -13.530417516532527 3.1631520847269337
492.86847706117464 -13.71330541500193 5.248789452663489
492.91671103861097 -13.645293936205093 5.233891399153861
498.9105914449272 -2.690946769570846 2.3646419577115263
-268.6843504444191 10.521994792650775 -3.3451795376368154
498.91045153009253 -2.6918379761959117 2.353247779300781
498.94607986982356 -2.6154537993244724 2.2925807297828973
504.12949515901795 0.4127815186515278 -4.4401043559272795
-271.3586975995153 -6.467374049707607 -1.6812948195694337
-271.38359826063527 -6.482164268380649 -1.6267110926828559
-274.14803766581406 -13.988511594025585 -1.4761927216716886
-274.1482864079703 -13.988281616871971 -1.4762624320211877
-381.2396377235897 -1.0209088005810683 -1.6987827969655442
-381.21666826280807 -1.006251671053216 -1.7531909883895842
-383.2337986234158 -3.579772117583919 -1.4158521012865057
-68.03128805018079 4.88314805735867 -2.8306863443224155
-383.2346528145392 -3.5789823662898383 -1.416091489774473
-383.23459025459425 -3.579040206737987 -1.4160739573041212
-540.8923975190232 3.986079446304063 -1.6706503545903943
-168.41004409495574 17.77011058733565 7.622568295277492
-173.60855871137568 2.881189214328559 5.309012969809537
-173.70258120881545 2.8502778901635057 5.298893878465622
-173.63458339311254 2.8892924111073985 5.333913610457665
-173.6344367032426 2.889247352641471 5.342392567497857
-417.3148957220338 -6.738731921013506 2.5878972015040826
-417.3149007612747 -6.738727261952699 2.5878957892444188
-67.97840138289381 4.934972747091508 -2.8688534658044365
2.3730923079696584 -2.3328590224465917 3.5948165091562716
2.373221672374864 -2.3329786276576185 3.5948527636348837
459.269740609163 -28.65804296136991 1.2408399747138827
462.8436662995225 -9.464610474208175 4.932375836171591
462.84380408841594 -9.46473786837291 4.932414451614964
462.8616816220513 -9.5066493012505 4.919008031905292
468.09978944632223 -5.2174545091864415 -2.392532119533777
-329.8273072121485 -13.292750326322727 -0.5265711370416024
-329.82748953744743 -13.292581755566049 -0.526622233971191
-329.7427243892113 -13.262218174045543 -0.5118928575702435
-67.97897720948262 4.938497637051868 -2.853506374894823
-275.32793977864554 -9.477580122483415 3.854312355259021
-329.7423646198187 -13.261964142800359 -0.507583670418525
-437.5785230898841 -2.3882414422362275 -0.3373803519901958
-437.5789090579175 -2.387884591472071 -0.3374885201748352
-432.30826228301083 10.10856362625706 -0.25897893689512946
182.23036578989783 33.56465687646948 -1.5954726085573707
182.230441479535 33.56458689682473 -1.5954513964859114
175.00462325938864 32.441232093202444 -0.0226851501790332
-188.09835734544754 44.69779415575466 -1.2429786803544611
-188.26211990302326 44.61514281505298 -1.3093723597609017
-196.53688140818494 37.82854750213894 10.241712906457632
-264.9289212535306 27.85164448168174 -3.1629949033730584
-196.4913526856453 37.754213875086734 10.262074529098376
-406.04780133843235 3.787983131736808 -5.172062730751003
-406.04786463608343 3.7880416613311754 -5.172080466991957
-410.18520494766693 1.7424942951903188 -0.6237208012065437
-402.4691862752504 37.25619206386655 3.9120345195716597
-168.84184393831444 11.835171119369733 2.3348469878877918
-173.92178081563284 -1.6181394284444557 1.482810879149201
-173.92175950664088 -1.6181591299010623 1.4828168510036868
408.02832772354725 6.201421283913548 1.7530182628004085
743.0177033986638 -4.167969389535211 2.2024490737108144
-264.8074332046692 27.890376370206916 -3.2849877483124876
742.8818921505253 -4.230433626274404 2.3070044715651465
742.8002166570666 -4.32397887089683 2.3235737635399127
742.7998322360671 -4.321905093428766 2.3438831065395624
742.9128130355534 -4.2798652430122655 2.2320709412222173
742.9127663000933 -4.279822033412328 2.232057843746246
112.22872101855165 -14.306014527849927 -2.835769404644572
884.9457952599911 -14.94500446212145 -5.444625504254736
884.9103965200002 -14.97516564987951 -5.382705349921792
884.8799797393913 -15.024704908928678 -5.3494015396623915
608.5426334861756 -15.27071135267375 -5.987987935766295
-264.807402424972 27.89034791251499 -3.2849791222817526
618.1488698269608 2.598707353584976 -7.57297161772407
611.5621253996004 -0.9002104766829045 0.17854022617828127
611.8386454276963 -0.7646491826516006 0.1485482851842371
611.839087863104 -0.7627830656612562 0.16905479655966674
609.62354164042 9.38875369594954 2.6637713516816333
609.6228043571043 9.389435358896641 2.6635647269855993
219.5488953466318 52.62539043087315 5.6496266980617875
219.54827149159217 52.62596722255735 5.649451861795306
219.5469508400496 52.62718824468975 5.649081746996977
120.9478076695842 7.629186209129315 5.435790956171396
256.5522562103399 55.38226628339295 -6.193308349446744
120.94878579773236 7.628805906271393 5.447345262895127
121.25449045182177 7.788998513198907 5.394274759975879
121.25454064310273 7.788952108325953 5.394288826116089
118.99573502713275 20.19107357987046 9.106117024652628
113.17590737313523 -0.12022140702508056 5.829746523320957
113.16665339009204 -0.1775625559361632 5.826383015441075
113.18265740494809 -0.16218149523196523 5.888159628935541
118.06653696041151 3.99126285076788 -1.1530893272418261
383.4185390348669 -19.69263990759628 -1.7302733796104697
-331.71417566160267 -16.520084762820108 -0.3263793314149598
256.64272560525706 55.393218742385905 -6.326058557515633
-442.6192551170227 -15.854319602099071 -0.4499278868684198
-442.61929233683975 -15.854285190128847 -0.44993831774707715
-442.61901230836486 -15.854544093370919 -0.4498598393001757
34.60590818130658 8.061791799181673 -0.37210575945935404
29.749290969117638 3.7408452713228657 6.7642879629479316
29.74921153368877 3.74080083971715 6.754374208934381
747.4799461231241 15.133021096393282 10.538947227421362
747.4793536567396 15.133568867204747 10.538781187871665
478.45778322816506 52.5970734011117 15.845681398102284
478.4584786275929 52.5964304621324 15.845876284618454
245.17024470710064 23.556292337709944 -5.163716250578343
21.840532452109596 51.745846129682704 11.116767842854776
21.83973214567256 51.74658606121221 11.116543556028477
22.28803847379811 51.99817199833893 11.10468934394664
21.78123353743463 51.744751383339285 11.16374747442854
21.925597746436132 51.72865282629145 11.137316649448758
18.570757647738617 68.17845149876533 16.079236440258967
9.970258570833886 38.856542600937935 11.382529821382924
238.85197683547423 30.714548848021952 11.099740120234202
238.89278803173735 30.716850124689476 11.009529107776574
247.07596776137916 37.805408531022316 -1.0912238327077322
247.89754180579138 22.059457517555956 -6.070634663154533
-211.74218466952914 49.807023865661755 -1.3934423651259367
-211.74215539754664 49.806996802359414 -1.393434163077248
-545.7840493750331 24.54518624225058 -0.4050546214344229
-538.0086254522083 43.60602983937703 -0.5640897298119362
-538.0086467616298 43.60604954076998 -0.564095701924426
-268.23744552344635 16.49173066663711 -0.9476477313884912
-268.1528099731341 16.51714154179639 -0.9408660643731586
-268.1524088183738 16.516770649963323 -0.9407536404282758
-272.2886231985132 -3.0334224386928166 -2.261689007585479
-272.28835300977175 -3.0323319713882966 -2.25494435326437
247.89756717403748 22.05943406276789 -6.070627554089367
-272.12962027920855 -2.964872491667748 -2.288706126536056
218.1036115609817 17.13596844381659 -6.858563834026288
218.36307067099125 17.18146974370515 -6.9066230433193265
218.36300872030358 17.181527021406318 -6.906640405575066
218.07297452075366 29.923059997684547 -5.69738324057901
218.0721308527679 29.92700841094208 -5.681556636132856
218.11427182724748 29.965766540985946 -5.5735310353551855
218.1141435753498 29.965885117617837 -5.573566978035484
210.81001207472903 25.88474163662866 3.670151654746099
-292.25274889947383 10.191833096943192 2.633096876054476
241.01299553880077 18.303152158685236 2.4855576675646787
-286.98872372615705 26.262765155430525 3.8838970678114704
-52.25932274146793 13.103961537360172 3.9486997337820067
-52.25804145418546 13.102776909862637 3.949058816679679
-52.053444431283104 13.18689631648356 3.837959578797642
109.69683528863985 -8.739573660502167 2.0410594455288087
-399.19731716540247 -15.702470383021675 0.42085597974003697
-399.19727088839187 -15.702513168915345 0.42086894890874105
-543.6569317910337 -32.92887535889673 0.12316406925758419
-543.6569317910337 -32.92887535889673 0.12316406925758419
-543.6569317910337 -32.92887535889673 0.12316406925758419
-171.09034174245403 10.38891459075028 6.436099859510209
-276.9912394058112 -11.579748257310975 3.618413842237483
-543.6901694957867 -32.94956444346571 0.13589064160832745
-729.325347279714 -29.235137685080907 0.5401357117213863
-732.0504555263924 -33.65630107808445 1.0175187379224413
-712.439581136526 12.667420805114412 2.0675332769643635
-378.03227191409127 38.68237122271097 3.0575518438418365
-377.85281038169114 38.7820480812747 3.0550208064041158
-377.4329093170456 38.977013264238856 2.9912642561758997
-377.43249441215823 38.97520867594666 2.9769529856827193
-369.79811435324063 42.993388214598845 -6.072495994418695
-51.82310386409525 -5.852610159200388 0.5593687238882773
27.28637943706671 -10.676364134596744 3.8396889551786844
-51.823748104814705 -5.852014519735739 0.5591881743548799
-51.605275027323735 -5.7519734745297075 0.5261533038371419
-51.605326404529436 -5.7519259731948384 0.5261389053446318
-56.28515107681527 -15.879905634990457 0.1753987756398439
-56.285187056021705 -15.879872370036294 0.17538869244235825
-56.60143659854193 -10.804580089594864 1.1783276948348993
-56.604070797575986 -10.837357663051987 1.1749741677467251
603.5578088940001 -9.163909701251848 1.2399471279366132
876.80635476353 -22.060832036840495 1.0654145635745027
605.4814151682547 7.196556166660139 3.3413907466733974
27.23344843434938 -10.700493853911244 3.8142340367656926
605.4807456342038 7.198294431927256 3.3550801821737917
611.5382923674953 10.82009941121711 -4.813314389694832
611.7814970466497 10.878535451563902 -4.974836161870387
-69.03937202286554 -1.1192482794949687 4.028824379092096
582.832306834046 7.032939308004189 5.996364120160406
583.1168298743793 7.199390034680988 5.981459383203082
591.663701079097 13.697964079343347 -4.855411143253806
587.4899107689749 28.423956388862933 -1.5477930344861746
587.4895547078764 28.42428558916646 -1.5478928207328961
587.4885619472115 28.425203454330205 -1.5481710422523107
27.2893248227269 -10.685666518288626 3.8242484306927333
587.4669638726372 28.36934640091269 -1.4237181017342313
587.4665735158876 28.373911371265937 -1.3942094547228843
260.25918036035375 70.65149171591285 -0.42639845421349487
260.2591357387493 70.65153297122153 -0.42641095930046613
260.30797226048946 70.79994857478331 -0.5135496739944067
249.22066812284586 39.33032943330031 -1.1280437933383036
-212.07053689543108 40.52888602852703 -2.2197283752718375
-455.01379606661953 11.71673600028363 -2.5324883145525994
-455.1194266951898 11.691906716311445 -2.565490183100496
-455.21727322508224 11.681426297072552 -2.578283435229088
27.289636829910304 -10.685954987776318 3.8243358711518747
-455.217090319606 11.683006124925148 -2.569713422893868
-325.36353016898374 -5.193185694257928 -2.0792380149074465
-439.0949105342838 -12.751795389377817 -2.139061391971407
-442.3855903266736 -18.192199001402894 -1.4134689490828884
-439.9340339242852 -9.684764231913872 -1.4708061019163965
-439.934349716295 -9.684472263123592 -1.4708946031531658
-439.9512476304024 -9.678021965227519 -1.4811400627406055
-439.951205657069 -9.678060772111499 -1.4811282996861372
-439.9511609313956 -9.678102123699217 -1.4811157652864617
-441.9593784777932 -10.77465240779193 1.023741266537951
27.288856245701687 -10.685233290517083 3.824117111126914
162.92813340179623 -8.201775200341643 0.9699678322729434
-468.05748899758123 -18.97901819031218 -0.15490318472502518
-626.1898771467099 -10.184389807317414 0.14359777233291718
-436.60023901012113 2.7186171751473736 1.9092652291067918
-436.69442374054717 2.689786790078279 1.8827440048041275
-436.69410767848876 2.689494571593035 1.8828325814512568
-433.27284317841304 4.574123790786117 -2.2956797569007255
-436.181750610476 4.217686070089039 -1.5642450904190428
174.48338913089088 21.78290178319521 -4.2060049366390695
182.19814183690735 45.86115134230781 -4.531751352465157
27.317050742768956 -10.719379394074082 3.836030489526752
182.19769908190736 45.86156069735969 -4.531875436348286
182.19749600372572 45.86174845549476 -4.531932348125601
182.46606105965407 45.977775870160876 -4.684369670379022
182.58842261379488 46.066888734927375 -4.7684224935331025
182.58825355084173 46.07337640671195 -4.7367430713246925
-378.41677913285133 37.25391641033297 -0.8760559345685092
-385.08399570343016 9.688486344733855 -2.3127414852010553
-385.08401835103035 9.688507285663421 -2.3127478338019607
-385.08400307883613 9.688493165530483 -2.312743551011682
-20.938910171435456 -12.35670704755407 -2.5037620099987774
31.06810900983701 -7.634152476526175 -1.3452924523150829
255.45164023830674 -0.0014568485631867578 -1.9593568836812183
263.18210534386213 18.37935403599671 -1.8775141055449875
263.18253964805984 18.382607586212995 -1.8541060893367969
256.12745205485294 12.55213201795894 7.842241019770671
256.07870370310843 12.624929261380451 7.8178504200222525
-395.3840933289413 -0.3613001832004769 4.447682574264937
-395.38373305910454 -0.3616332744298408 4.44778354048949
-395.44017213226 -0.37242392473900243 4.432859449535548
-395.3963980543941 -0.3543071770198609 4.459028954179068
162.066239224959 -23.027793591066334 -3.905242784264999
31.068057704327405 -7.634105041481368 -1.345306830720648
389.1045836259239 -12.41762520052826 -4.45675292953435
389.1049816384499 -12.415048972975557 -4.442407730120631
126.27992382436996 14.503674813965246 -5.070718656358026
126.32601967181714 14.479656307241829 -5.0650974416566195
126.32569088853325 14.4799602872902 -5.065189583557399
136.46579385784779 36.71391727068696 -6.187424109023774
136.46502192160366 36.714630972537414 -6.18764044502933
136.73078827794467 36.746746733234616 -6.148472685596636
128.69811967464523 32.27162803898294 3.6989797396144066
128.69820362119432 32.27155042532674 3.6990032656913296
-138.76750701447173 -17.002750343467355 -1.949537797358241
123.33911834573381 32.69159435237492 4.990866225016363
123.42389640454688 32.73232072055615 4.892948886075924
-461.7114969825729 9.692395542634786 2.9852318035946133
-327.2163152210154 -3.9262957209065816 -1.486792691135725
392.4142599160185 5.4949381762528455 -4.051100099057237
392.4160925446785 5.493243800344318 -4.050586501819288
386.3911344615122 -12.515997438736292 -3.6336326931911285
117.78893255260625 -4.538518583330079 -3.907338060951902
117.78932111591203 -4.538877832935363 -3.9072291651001176
117.69426313565955 -4.5830645881716965 -3.9239018704193573
466.6187485168432 -19.439564157932843 -3.9675728335302805
-276.91403732380496 -11.543451201253177 3.5768531582870775
117.65336915777671 -4.56971136307419 -3.938064302369993
117.75456413005008 -4.532682022920604 -3.937918990309553
113.7106765381374 -6.724994896134225 1.0757925445853367
107.6367536791299 -29.62400053836864 -1.060296398083188
107.63665913978701 -29.623913131271088 -1.0603228926228774
-209.75373465771398 -13.8576476938457 -0.34443240945091824
-209.75607562782042 -13.856584730958572 -0.35308818777132717
-152.55539889994625 -45.26858428608637 -1.1232797877199117
-152.69834425406538 -45.38827926481499 -1.0693636464357592
-152.69834425406538 -45.38827926481499 -1.0693636464357592
466.6191058842191 -19.43844632628181 -3.9597828307759246
443.40068647494934 -66.74877902256627 -2.500615899042279
-20.54867950548761 -57.35299161306097 -1.8094539118580308
-20.546891956260662 -57.354824112103074 -1.811709780958029
-20.44320027816665 -57.284817342955215 -1.8601739402485111
-22.499315685744683 -58.64545241035533 0.5394660834301959
8.62274802803117 10.717864583514888 -2.0671559779146778
409.31054666599704 8.408426044501185 -1.6822718038530122
409.31140447687983 8.407632946511201 -1.6820314011201698
419.1498291723609 36.0589273134333 -1.3197463373598006
419.14906243992493 36.05963620388887 -1.3199612152245217
459.57584116531865 -32.25245136113398 -3.016864224935013
419.1454411887758 36.05231080316784 -1.4477359950928486
-207.34657569916575 51.632147473359524 -6.113268062214878
-207.3454418473198 51.62741767252191 -6.130865450118763
-207.18826979923213 51.70491361290264 -6.093213196532808
-543.0517180237521 25.683936327437365 -3.2249220377979424
-268.2989237380872 18.3145192756679 -2.8840837478174572
-70.45000033725512 -2.055682673672484 -2.6488840808892262
-70.45095438453833 -2.054800599326376 -2.6491514542343535
-70.45088010139372 -2.0548692785857567 -2.6491306363357907
-70.45074933836327 -2.05499017690322 -2.6490939899076333
464.22069697287805 -14.77849175395753 -2.3376139984928446
-70.53658331515447 -2.087194705462792 -2.5794286660056827
-65.7721057716619 11.666611870896723 -2.9147089018740284
-61.66535788041055 11.588942286022286 -3.9526802693374856
-66.79151148062581 8.745822528031136 2.293831888401285
-66.83316301079276 8.788240150453829 2.2948878739658904
-56.05777215590476 -12.607912833204281 2.8966029710976624
-291.47610546139674 7.598684455200252 5.073929855821603
-291.22916477719315 7.735081789657845 5.054954664112743
-291.22911286590085 7.735033794520125 5.054969212310312
-291.2293133825369 7.735219184280585 5.054913017346039
743.1144490194976 -14.896502671033598 0.47576831727417357
-291.14205525673043 7.724128185470403 5.04138261041456
212.66116814560127 21.771900052745966 7.683961209896254
212.6611898425089 21.771879992643466 7.683967290468993
609.7297321304457 21.773114768173734 11.148439270363923
609.751675331297 21.796435937761487 11.030474431786315
604.9170964074016 15.140343244080746 10.347591702838477
612.1396389800989 21.781625069916565 -0.792151546662235
612.1402338167618 21.77860914585107 -0.8088552986789097
605.2572056329161 -2.9548044324742597 -1.5598292988891103
-70.22406555739767 9.099907005117258 3.0382959891303556
748.2119940505411 -12.114161100806474 -5.81203927002331
-70.18294664220024 9.111497312161832 2.970997154380712
-70.18378624881811 9.112273579226173 2.970761853951488
-270.7172198182949 14.839411042878528 2.472824089639154
-265.66770690779873 17.615109311009473 -3.8085658697385285
-265.6676821055076 17.615086379790814 -3.808558918878979
-265.5565967980827 17.64818650554482 -3.7990947784458746
-265.5558117109567 17.64366437409012 -3.8167284670645616
-265.50049569905434 17.622863579366964 -3.7927582640356783
-534.2764549778134 45.148515130992486 -4.44379541875501
-534.2764779432974 45.14853636399092 -4.443801853999141
756.9965671068497 7.129370591778804 -6.800033933055949
-192.56286966208862 84.14591366778063 -8.124679528721938
-202.67868502570792 39.490575993221384 -9.374191623305228
-216.7495489462105 16.611998630371847 -6.2091603269406965
-552.4478626171442 2.810834612092447 0.7555989970124385
-552.4479364022934 2.8109028311759885 0.755578320536447
-222.8486337849966 13.583191106949497 0.5409540520495092
-222.8488467831424 13.583388034418396 0.5408943595631207
-222.84795126236148 13.584547525038536 0.5580264670457187
-222.21380384424998 13.96048173979553 0.3749763155992972
-222.4673033176558 13.878558000912378 0.46073797526234384
756.996047213832 7.1248759150265935 -6.824482329950457
-216.50152322929318 16.823420941885395 -6.236676218995333
237.84203568213582 -11.099987166553104 -5.655085894692132
248.2269317895517 5.728809833836162 -8.015090046023605
247.61754898469846 5.381624356483388 -7.840058912297591
255.30365406922306 38.311946270662084 -7.050152330633032
588.5750043259214 28.527248234578174 -5.8426197064373895
588.5751056215895 28.527154580610677 -5.8425913182580445
-414.23210269759517 -4.482662960536694 -1.4405759722956373
-414.2318204885738 -4.4829238798177835 -1.4404968827484663
-414.0346652372227 -4.368124960658562 -1.491899328408513
432.42235886779656 49.35343398459044 -8.055049430889607
-414.0349656392383 -4.368796830125192 -1.4974665991864453
-417.2465088010162 -6.7204436329170525 2.556907718822083
-143.12953178662843 -22.52120902845497 1.1540654988765737
25.541328506542996 -15.895345353098007 3.069722887076632
24.143989700017897 -15.446372777951272 3.504383518606225
24.163897454563557 -15.406809968465073 3.504583692571465
738.1710893287831 -16.779663550855027 5.122629676292179
742.3633747124103 0.14804690839329204 8.02313875375016
742.3622863424207 0.14905317211229807 8.022833736036148
742.361722212603 0.14957474404449944 8.022675637993858
425.22722231008976 49.73066534983539 -6.193210795938296
742.2730218372956 0.09320201316936394 8.112802030943481
-439.29823039873634 -8.814814880462157 -0.6626269719676524
-328.9938927894507 -8.871149671036026 -0.1983663632942727
-328.9939529527028 -8.871094046474589 -0.19838322408639328
388.85898445275427 -4.394658474982686 -1.4742811649294605
125.92503928034098 26.088272147151628 -0.7833000795274816
125.92614574920917 26.087249149825823 -0.7829899897101309
125.9318127087291 26.12449384615749 -0.8757938392025864
118.98737500481965 20.136143179110658 9.170302245242379
113.17607503098178 -0.14769648829466425 5.878426465488195
425.01500354816767 49.6530969645544 -5.992081952335813
-278.163058169128 -17.74348593590064 2.4550141442092097
113.17652484728987 -0.14811237063989074 5.8785525270675745
113.54062198645822 -9.942385450491 3.3531511563153167
113.3632705390075 -10.055331012722878 3.360579106746529
113.27448463771609 -10.066092767818775 3.388633844358986
113.27284208778318 -10.065045568869213 3.3756879620610523
-548.0792214403064 22.91197661040958 6.756719671004919
-271.87858133202786 22.508784659186357 8.49114862533042
-271.87886767293315 22.50923071732053 8.502934802697434
-271.8788907138691 22.50925202005859 8.502928345459171
-265.8648313690489 27.693453538089088 -0.20100932424472973
425.17363130905244 49.68607843921725 -6.202543106039687
-272.6862523166144 8.537340560858665 -0.4426603427198583
-272.6862255438234 8.537315807795384 -0.4426528396275179
-272.6762827548252 8.529859431975241 -0.41159136456537854
-272.47063323662417 -0.4804931304665828 -1.6550917218716978
-272.470377021645 -0.48073001669920357 -1.6550199174181361
-73.50931824531007 -15.838632312525078 -1.7476412752988773
-73.62486751791094 -15.866839844965803 -1.7095479057186005
575.1898143320535 -17.546380024098283 -3.5675896638159688
575.5537454985536 -17.349909857210225 -3.611534639774924
-37.24382376199038 28.82169864036969 3.7602601398761437
-163.63457734801887 24.4726352102043 -3.290519947303612
-37.222981032794976 28.834600476769126 3.8234292739689404
-37.22422546673559 28.83810311752045 3.8469748512204403
-37.224206821170064 28.838085878842687 3.8469800769075233
-37.197337715136925 28.83434948782108 3.9051420724640615
-35.6966303131916 17.98994900626546 1.4988024308240562
-44.3616150539086 -1.310342470829465 0.8542727571224519
-44.361347698289464 -1.3105896572573994 0.8543476837507457
270.9684012475515 -23.363094314995998 -0.34052715180632953
-387.9392445552866 -18.355311966494096 0.3684937824796966
-387.8996307877607 -18.35191869842379 0.35207227678383085
-163.63393115909898 24.472037769497597 -3.2903388523487194
-386.3413360865443 -17.55118803467239 -1.4620828932999044
-275.63517009143715 -17.885499242536522 -1.3171720738577126
-275.6350010528659 -17.885655528912356 -1.317124700665068
627.249603645374 44.64728868564022 -6.5706592070476555
891.8764540423914 3.866769278441161 -5.796825731866622
891.8761682127944 3.864045655712518 -5.811871409605836
891.8768997432879 3.8633693119494854 -5.811666397798441
617.8556984089349 2.550788619108136 -7.533847397258118
618.2473593147442 2.705789378654871 -7.603971551293819
618.4765771200775 2.7472091227172233 -7.620663733800389
-163.63366185611827 24.47178878262578 -3.290263379975144
618.8701545882647 2.921435371859437 -7.666160341358728
618.870303142041 2.9212980259560113 -7.66611870951399
-47.41657424436472 -3.5862330196853573 -4.168665336670238
-47.41647527398433 -3.5863245237908092 -4.168637600152158
-48.8660399532229 2.625036045931963 -3.123819978113116
-52.95005856458355 0.3116737029944923 2.0644295589801698
-56.59438733659096 -10.814134128878388 1.2007730348226664
-56.07829976435952 -8.282895741151277 3.9694137635200204
-56.038843827928154 -8.265318593584254 3.981342345823877
-55.95689741969931 -8.240921684081904 3.9857475893028975
-163.7155171416785 24.40143416259699 -3.2191284596167353
604.6364312319106 -4.836516363104847 5.9245695089124
877.7592127534286 -13.820572630156999 6.353784805015621
883.1205547059492 -8.931203028458478 -1.7897824112669474
883.1211337238609 -8.931738365501852 -1.789620140664602
877.7530985017174 -26.956781868246274 -2.340000538642908
880.7352205893618 -26.79760994577103 -3.13372375612356
880.7344747903996 -26.79819551253327 -3.1425626869727394
880.6796169619943 -26.774230349932633 -3.1290977201200425
880.6801369745461 -26.774711132315833 -3.1289519862996675
611.0763264738509 0.38812995044698184 -2.717293379749951
-399.8880182400361 31.385267213180523 -4.118148911548392
611.0748253474101 0.3895178311406252 -2.7177140732041947
-162.90378096759756 7.540493010451825 -4.910164095229571
-163.43614512524076 7.325891316330015 -4.785348175912507
-163.4362988542478 7.326033448088792 -4.785391258590369
-168.26625350454538 4.785134919624693 0.8247567828283023
-168.35571177153864 4.773591228989392 0.8401638002433636
-168.35697982306698 4.772991311530612 0.8251598005158193
-175.08767863708366 -9.34594835371896 0.4542534629455489
-174.974891993317 -1.520498652739733 1.79039150037494
-174.97486522042797 -1.5205234058913537 1.7903990034703525
-399.88783806333277 31.385100628360195 -4.1180984179964675
24.596904718908227 -18.92118471813734 0.6233814824852991
-141.91740759072937 -17.93406304092327 0.32393615036581724
-141.98025058459982 -17.97082275215433 0.3234161676322317
-141.98023693346607 -17.970835373525087 0.3234199934041408
461.2641986924873 -21.053039194352582 -0.17930977289073288
-137.47499791678513 -0.5768692008355696 4.883084569369286
-133.16371956013967 2.9605138506377173 -1.1084201385684955
-136.26156228485277 -12.829225751279106 -2.3370034300043203
-136.26154319451064 -12.829243401339847 -2.3369980798765884
-136.261186048916 -12.827843132982743 -2.3279019779766204
-21.237165177356342 3.673363659865082 5.716534990691133
-407.3254387660859 7.280968243094988 -2.47256545844888
-413.96977839486897 -4.3363090523381995 -1.5275836126651567
-414.28374760287915 -4.501677549648784 -1.424041242091444
-414.2837696797596 -4.501657138266205 -1.4240474290949934
-414.3993422322613 -4.541712351859665 -1.396919572818112
-414.3991392231383 -4.541900046128909 -1.3968626791216168
-169.16333181285893 6.604228780272573 -1.059627755216881
-169.07325801241893 6.649722903594322 -1.0230932175554395
416.10916357119856 19.981224588473285 -2.423498503370399
287.14286746302025 9.913665478142153 -5.237885282150781
-534.0420277655052 -4.837082968174286 3.397024862231286
286.9470278513805 9.838014744994126 -5.316522087012402
-44.637783482297785 -14.517336282172748 -4.478385310215313
270.7769419497115 -32.50615195476579 -4.03244182148827
270.96635588832817 -32.42064507738683 -4.1004140011593755
270.96637193076464 -32.420659909283756 -4.100409500949976
270.96781249840575 -32.42044325027933 -4.093599866096018
270.9678339541016 -32.42046308762536 -4.093593852959391
-387.9395282022924 -22.883996346537415 -1.5080395714989803
-388.1217868546327 -22.98352659551217 -1.437012231962205
-385.10346179106074 -18.449298741305594 -2.222668007903585
-535.8021736816634 -14.227624793016703 1.6071482702345101
490.5207740198618 -22.139442253800347 3.832513571650774
-380.8808241364166 -3.5169843180940843 -2.026623809931062
-383.6468392867661 -5.049325961998102 1.3955505983914924
-383.6461404030712 -5.049972122197009 1.3957464617125055
217.99278872008838 17.05004015607197 -6.82741566224883
617.1615338578785 17.415602280361902 -5.901953740063941
617.1607259492878 17.416349240677427 -5.902180157670794
617.1587185331414 17.418205218114515 -5.902742739394578
610.1025524015957 13.37934666348893 3.1790999980695656
610.13354468853 13.42212427943743 3.1098342020023253
880.0270265972911 -17.750792626549092 0.9050968765460359
-535.8021559081126 -14.227641225729108 1.6071532512864601
880.0267057672303 -17.752261425392764 0.8875658564702396
880.0045233438443 -17.80685712104137 0.9101426305613562
879.9905975636801 -17.819509216850296 0.9695005353218109
876.9729959323264 -21.994705030158098 0.9720598187048236
876.97273836864 -21.994466897436613 0.9719876372165512
107.44488687155209 -18.535692006760492 1.014198477777199
109.70580221981494 -8.752377359939116 2.005086781091063
265.8758135252829 73.36790519696831 -7.541127663948676
-259.2132680195821 38.681731261520135 -4.093670672289164
-259.23874721052994 38.62949969536995 -4.014963351833485
-718.5689931491446 -3.7052164854667917 2.5463950053120867
-265.9380038969056 34.78951826064759 4.57227637818289
-265.9392915457651 34.790708769996336 4.5719155124437965
-68.71983120361999 10.027066917653887 2.818784869222131
-66.58809886379504 1.160320093662677 0.5812236738847585
-66.58814408839584 1.1603619065535697 0.5812109996677679
-66.58817014898788 1.1603860013149871 0.5812036961734026
-66.58710157632395 1.1611792840717916 0.5959780114362118
-72.54447967966449 -10.955020442409719 0.24235381639198714
-293.4591251841954 -44.98343603354596 -0.12863528223225038
-293.6895764679197 -45.17172402187206 -0.01906572197621527
-718.5031365681423 -3.6817758380122863 2.523911844327027
-293.8662218795017 -45.32269496957409 0.05983286415466685
-33.46313495093021 -75.06483776283828 3.8459165356184717
-25.14001111603756 -62.990319347351424 1.1737258808108633
-25.142900520776454 -62.986151942152325 1.1793114654165393
-25.142900520776454 -62.986151942152325 1.1793114654165393
-25.142900520776454 -62.986151942152325 1.1793114654165393
-25.687041836856018 -63.3891773902105 1.4533680013959698
14.361065449679295 23.23105785063935 -2.517185320303828
14.687693121168918 23.4023030722211 -2.531171408345655
14.687391429178186 23.402582004731478 -2.53125595755021
-714.5627755054455 4.41150825627003 3.185577698203167
414.2743781357373 22.265284531494355 -1.5201539020107326
414.2980090188309 22.362354762733002 -1.5437331678716049
-170.15995072584985 8.078400996190926 -0.49523399605603274
27.930551680571803 -12.276001677817021 -0.958911271072095
24.855497592582882 -14.894139007059122 3.492805033347325
112.81426595147646 -5.316028847132914 -0.5814441577976303
112.7606961608145 -5.363300712506295 -0.5285015388509055
109.68008873033403 -16.004922107013417 -0.9127653970032344
109.67923416115765 -16.00413200618433 -0.9130048914359531
111.93711869857566 -15.783307888713136 -1.4578502298514353
-714.5627412490913 4.411476583705896 3.185587298453845
108.77139566314311 -18.396291498139437 2.9228447070090207
108.77143118226329 -18.396324337714447 2.922854661267568
879.1836455498037 -21.76218747203596 4.153081283838998
879.2949144458909 -21.742587937637687 4.16134435311715
595.878315197618 -39.94296568152348 -0.2935857514423214
595.8783382852472 -39.94298702758265 -0.29357928102217506
595.8766127529045 -39.94188759902915 -0.30132692181675447
199.69429167235643 -18.631895408130603 1.367287474087735
200.06471592859836 -18.347568953854292 1.2720096349496015
-414.2221840870315 9.845362758922192 5.726675395685465
-714.5628383941139 4.411566400057372 3.1855600741570016
-417.30657687205286 -6.76278876315131 2.5495015972410253
2.386965448755578 -2.372961548077868 3.5308261779585446
2.3866886149083055 -2.3727055976336744 3.5307485928422495
2.3866695249613374 -2.372687949096868 3.530743241935381
2.387399809881211 -2.372629797207471 3.5449340204980824
2.728455340233464 -2.136337703067087 3.48290208884554
11.372500838021208 15.486119388903473 4.8847979318330985
11.123714270964008 15.389561541130554 4.945433304515992
11.123742581117618 15.38953536670519 4.9454412384307425
417.26762461862046 38.608436367264154 12.01792053029167
-527.0882660413743 15.13068883928068 6.423241035901745
427.6780512481721 47.18804866505798 -2.329637068474907
753.7115936136069 5.625701000396742 -2.8607165183706966
753.5389054733157 5.592619470245045 -2.907200158342546
-327.68994880037553 -7.514217031562774 -1.615990247776489
-327.6899272549429 -7.514236951618185 -1.6159842096548418
-327.6726174756861 -7.499459403299736 -1.6462361220797292
-463.0137740997047 -7.7291611225896855 -1.8640218127651034
-463.0135810096885 -7.729339645980463 -1.8639676991321876
-619.311898036501 5.1561523339980955 -2.18696639124958
-619.3119480251255 5.156198551503011 -2.18698040059868
-527.0195604364079 15.153363722508153 6.454983069685235
-619.1787102401044 5.21704877727998 -2.2059399971999367
-191.5105300880425 23.781627165877957 -5.489394711669607
-191.1581204917121 35.80520473248853 -4.587698881398538
-191.16492082725506 35.760434358451725 -4.569043895060741
-180.70500132553406 61.90642521888523 -5.697242419239025
-189.7874387349144 56.75795131054654 5.858591601914316
-189.78599754299046 56.753498458290146 5.827279122452298
-39.56952046057232 9.794959069128875 -3.814648091020662
-39.569914809164985 9.795323668334856 -3.8147586078791003
-40.500131760259734 0.7215000142638809 -4.256755629787291
-522.1964280652674 19.134101890357517 -0.15217951441379338
-44.815069913267024 -1.5614525025786508 0.919760235579022
-44.67594166762608 -1.479443177106308 0.9164442544465403
-44.74633882990744 -1.4713497964152351 0.9262695711235003
-44.7468310376671 -1.4708947206141518 0.9261316289593735
-36.22333622225875 17.778066165936007 1.5786450601546431
-35.82894134293882 17.97635670749888 1.529308925330834
276.8754028430371 -10.01054766553416 0.126740000103248
496.81690769692557 -9.674506482307338 1.7131070164806448
496.8167931704493 -9.674400595659856 1.713074920358344
-275.01504859383516 -11.510965106828603 1.3952948185623941
-522.3482741424549 19.113499582521072 -0.17904610444314153
271.3476581531507 -12.117369881300382 4.396514200276498
-275.0151612555144 -11.511561046128302 1.3871200094031573
416.32762245000987 19.947965469511047 -2.4082394796764333
416.32809089346995 19.943785564070517 -2.4332088960771157
-168.94190160160156 6.627259484957121 -1.0289194306792486
-174.90787186667825 -17.084373446028113 -2.5564201581413615
-174.90786971818204 -17.084375432411992 -2.5564195560319543
-174.90780641775575 -17.084433957499293 -2.5564018160560678
-179.71498117887722 -24.829112099079865 -1.6361031316050338
28.944343121139646 -13.232010558873963 -1.3221901559647442
28.94451030482638 -13.23216513030581 -1.3221433026132403
-522.3481002133842 19.114801554178587 -0.1693843348519625
28.843216668692992 -13.27583385735868 -1.351408626949012
-132.89882934000877 3.014079121508708 -1.114728108174555
-132.96481357838326 3.0353464987427206 -1.100991725047278
-133.11133922507318 2.993998023777245 -1.1084533553406393
-137.43455895147898 -0.5396150411821314 4.888094021257329
24.15426410007095 45.00041170792202 -6.600187070457687
24.060986856304535 45.03046630313915 -6.591648648335754
15.596506551287966 40.41452669619524 3.8708805656705043
15.595869844765184 40.41511536978761 3.8707021281240572
-409.38123423236686 18.91005738022539 2.753427161828309
19.481720721941603 58.925978278599395 5.9136992106195265
-409.3808096333129 18.907911045300477 2.736598582709008
-409.2823037920484 18.966007783465948 2.7794247703738755
-409.2823175712664 18.966020524229215 2.7794209095173805
-409.4285685512291 18.906423167540297 2.760672057196759
-409.4285498722236 18.906405897862115 2.76067729216331
-135.28295250070664 10.447620718612727 3.1096450977729733
-130.8876294942066 27.616373625792118 4.822333027143827
30.317984182552532 4.765952685294684 3.0024047149433275
34.76877078770243 5.464040305007098 2.2324561964929495
-136.8742063824208 0.7917152842867804 -0.31901259900332285
29.381660200692732 64.49145043973928 -6.65596678856075
-136.80398672525746 0.8048951192473043 -0.38074372326998035
25.979565739798414 -14.896023387373033 -0.8131166548279642
25.978662503925495 -14.89518829121834 -0.8133697874089079
29.541100930495993 -2.3072431189726093 -0.4648470256858888
-170.02077541506804 8.022777350648678 -0.6869285013389729
-170.0207935424765 8.022794110535052 -0.6869335815546717
-169.66012593761295 0.7302244783519289 -1.6890887153626548
-169.6601145770876 0.7302139748601881 -1.6890855315662971
-173.89769133947402 -2.6067090718578996 3.9895149834291512
408.068441320068 4.553838004275141 5.930848493935292
29.35119177680555 64.4677550617769 -6.758625134637263
408.3238923827581 4.681663056506545 5.890642419085745
408.44085384902553 4.686545146261395 5.868168220175124
408.4403833197521 4.68614886115515 5.847657396779602
174.08856268918825 22.83191638391672 -0.9719864730930933
174.08895313465104 22.83155539260246 -0.9718770485949303
174.08767558013517 22.832736568163412 -0.9722350846462188
174.06685279836378 22.833979531739406 -0.8575641165174593
389.10508314460475 -2.7167133928931833 -1.4366213978677689
118.98699015045914 -2.850713828174684 -2.3949506706819887
118.98697074619474 -2.850695888042228 -2.394956113436723
29.35024383354619 64.46863149117227 -6.758890795974066
127.48599684724896 14.235700597322696 -2.9897259022862523
127.6242440274422 14.245282090149267 -2.9877619135584284
125.67048774985722 24.46822353976281 -1.05972676930988
125.6695038490408 24.472749500445552 -1.0360994390652198
118.82561746510386 18.61738049682589 8.820590752253233
-464.0106364458271 2.6349254369667987 4.949052740835717
-463.9994603622813 2.627127949035117 4.9770327044137685
423.8458924647618 29.072995844924524 0.9513653298488343
424.31828015294207 29.32453966846668 0.9056407059854713
423.5460893440951 28.958965474305383 1.035494226586933
-401.12860984790666 33.34216704108807 -3.6243285980556443
-164.61110255298053 12.03636745028936 1.0523024183974004
-164.61093495484243 12.036212495685035 1.0523493880158867
-164.6110776467551 12.036344422979392 1.0523093984026772
-158.9467151746648 15.034824160736822 -5.502704578059958
-167.666139533086 -0.20168120592260713 -4.048342981071105
-167.6665134973401 -0.2013354533779882 -4.048447785176753
-167.66732689036016 -0.20222611438004212 -4.056424850924609
-168.0416049663945 8.99585053547021 -3.0964650151641755
-408.336551094531 9.37806422523146 -3.2548540874771934
-136.96116965805643 -11.376023365860119 -2.8694815690418727
-129.67030215953255 19.03527449774829 -2.8621527903905672
-137.01011895528032 -11.376152249191676 -2.869855783551671
-412.86780097612336 -3.90396113098635 -2.9640168643295057
-412.86811835697586 -3.904908552364639 -2.9696783744925193
-140.0983934702354 -20.57194153270346 -2.672048001029226
464.40060443649946 -25.388216138364218 -5.171756507257134
748.1384001327364 -12.161146318012834 -5.813765696720429
748.1387363881504 -12.161457206693914 -5.8136714625368695
748.1772590766155 -12.184399533111815 -5.811727709420546
748.4044069166331 -12.125469221796942 -5.806699023177125
757.2090591946478 7.085755524463048 -6.736015823137421
31.21069811034145 -1.5268600161147448 -2.632882865550584
757.2096644545394 7.085195925223099 -6.735846198189648
751.824816828008 7.245977285375553 -5.366143701962377
745.5192859494061 3.5431252111334213 2.92363531081395
745.5855030323239 3.5691921045289736 2.8324382306328437
745.5827801316519 3.5717095899400895 2.831675134067503
180.19730819717745 22.539546995121217 -5.6356631873613985
180.39349684704334 22.609707117287705 -5.565187222658918
-433.22669677042603 4.631088757413127 -2.2438362455760394
-433.22673874374584 4.63112756428414 -2.2438480086276225
-433.37506299462103 4.597570940352769 -2.268049135040509
31.210652263561258 -1.5268176279966597 -2.6328957141446603
-436.0798264807215 4.291187395774184 -1.578702660658751
-618.5258866746534 10.001624313258654 -1.9725059408180334
-621.9015436848633 8.156415115853415 2.2108390438509975
-621.9012550716063 8.155024703947548 2.199644126994988
-621.9008691039853 8.15466785361432 2.1997522950998913
-621.9007047122138 8.154515863495599 2.199798366112363
-621.8859941368775 8.132588722138678 2.1978998652458155
-617.2697373979526 20.35634272843965 2.97902514272084
-461.51587801005724 3.417357060618403 1.924459312621704
614.0557460537415 1.6739802417736962 -6.106254930288625
31.210378631814457 -1.5248776110836226 -2.624242902856539
275.49771426566093 -8.603030630906659 -1.57942190698763
614.05599029332 1.6737544276864946 -6.106186481776401
201.27648779284834 -22.168896831064128 -4.669708888746475
201.27633507209012 -22.16875563114662 -4.669751689207875
201.91528880234787 -21.832670688537515 -4.902506280551621
212.28694427343854 -6.230708241536367 -7.633376154732202
-291.3665895766904 -9.077436789472065 -4.1490198052511085
-291.36658480298416 -9.077441203254176 -4.149018467515167
-55.981999304237554 -24.152877468588517 -3.4885288665268837
-56.15514074694492 -24.233639781607017 -3.424499073298538
-50.37966058433802 -4.321936749397428 -3.239503409557709
34.47655064792479 2.3501082054277345 -3.114747596668115
-50.37946906130385 -4.324591941970131 -3.2520221865314287
-54.00646027117686 -6.297908241232998 1.2087897575499718
-54.081495869094475 -6.339416383916745 1.1728275685498712
-59.66518407667263 -26.390246727920115 0.40019436728752233
-57.44672855248003 -24.82963273068831 -2.2836456137535253
-57.44652387237695 -24.829821969797806 -2.283588251814618
-57.59368419622898 -24.908408624648985 -2.234255258317471
-52.29478696048062 -5.163270026460595 -1.2442554315585612
-52.36405391487386 -5.184046387720365 -1.2497596432940534
610.6245037112285 0.2582757531078084 -2.801275906509366
34.476570511831916 2.350089840045204 -3.114742029796226
602.84376197267 -18.804486948066124 -2.641134655004965
602.930552119742 -18.753864295812726 -2.6108105038756304
602.9299468589788 -18.75330469546964 -2.6109801297378805
877.8898062640134 -26.855056247085948 -2.420629030929784
877.8896535970363 -26.85364540151808 -2.412030708445171
607.0450472026422 0.27465100773842754 -1.681903264878526
607.0443078113548 0.2753346196566756 -1.6821104803503153
-38.71161764563454 -2.651967519696945 -4.1781497900444435
-38.420698427188626 -2.4878171832302063 -4.268883778327336
-542.6337944001683 -7.917673408066196 -1.5956845374993707
34.43009414752056 2.3085897251931904 -3.0444837962513525
-542.6337729047997 -7.917693281834954 -1.5956785134077927
-542.6348125250643 -7.918178848556331 -1.602652025198872
-542.6348734810675 -7.918122491024608 -1.602669108159047
-542.6348755499205 -7.918120578269603 -1.6026696879563556
-542.9249434179577 -8.106987497464456 -1.4855413612076904
-546.8193978849521 -14.433224961621377 -0.7777245435063758
-548.438915643523 -15.6118226155553 1.2595521360446265
-544.9931936311224 -0.23932709267775515 4.023705918775657
-387.5163322458252 -13.447002239815873 2.4854046474130937
-387.4922777186903 -13.433796862814615 2.4940523259596827
34.46738630774552 2.3646765006075428 -3.095672106282974
-277.70383728576553 -16.782385357468925 2.5633462574564922
-281.00651515674207 -17.855613165057516 0.00856410029330143
-281.0064718332512 -17.85565322020818 0.00857624171230724
-278.12893536165654 -5.445264365899776 1.3020333873532797
-273.14713481874855 8.079922501068028 2.0890943072661567
-268.74254944513575 10.489433105852088 -3.3493641605232813
-268.58846146890505 10.535110515589828 -3.351172853567594
-268.5892874392069 10.538881107840908 -3.336088807992936
-268.589754357922 10.539312802412333 -3.3362196623397398
-268.5897295556353 10.539289871199141 -3.336212711478476
29.19030649511191 -11.67288059687937 -2.67873576449232
-268.69429540960834 10.492751002190781 -3.360512005372249
-68.04128261390291 4.856782144550732 -2.848913613650455
-265.0139188023181 27.740247210107384 -3.1567420334841874
256.2080622481574 55.132098440454236 -5.979579863663815
256.32798177728733 55.24170216779291 -6.041329053695057
396.4733676767108 -5.530407329594364 -6.286709393816984
-325.1867613407239 -9.438968473781534 -2.6045973385349916
-325.1867414586715 -9.4389868559364 -2.6045917665764624
-325.1863575934811 -9.438213645166321 -2.599447444461883
-326.34404120102465 -4.481199451945288 -1.7659821824757445
123.3340000578312 15.399120605102878 -4.273143435920248
-329.3508740099868 -12.209893079607626 -1.4967012465295277
-331.3506107975231 -13.33567598124965 1.0539204637533026
-331.3521354443404 -13.331023276930722 1.0404198933076494
-442.2222738115309 -13.07195451424708 0.716812879662734
-442.17243829672447 -13.044136312165161 0.715557335633871
-442.1721703591299 -13.04438403665826 0.71563242559166
-442.1720692750087 -13.044477495035238 0.7156607545620752
-623.9405529181425 0.3422672988018926 1.467357728164968
-623.9098210678242 0.3370045710492427 1.460734307934501
-460.40769038086137 1.9145633136480422 3.757641286983381
123.28395146692519 15.351869172564017 -4.208890515570491
-460.4081600990843 1.9148214383779785 3.7509475109678947
-462.51387169526174 8.382526754911012 6.009457911056199
-462.5161729348399 8.384938359181039 5.954939689113883
-465.363550313451 -1.6217818048850585 4.277565801042358
-332.387994178231 -14.40420039795506 2.66118839046534
382.07090200181665 -15.460871178062527 4.244862064203734
160.68057528579334 -14.535003240769388 3.158166183998898
160.6807233888223 -14.535140172344947 3.1582076915325197
160.74209530127405 -14.54013592555945 3.13602283677042
160.58589033725815 -14.616440772827271 3.1629506720751412
126.18869778880614 14.449632574721536 -5.086212914671307
164.5109300534615 -11.519642117992522 -2.134300166776985
164.5104454532547 -11.519194075034493 -2.1344359756171056
164.51042952268836 -11.519179345357115 -2.1344404411187026
-50.3323107610668 -4.365318044630093 -3.265281476859852
-50.436465781637104 -4.401413285513777 -3.281915977541891
613.8371506227776 1.5626643340372512 -6.188203105594913
626.504564157315 29.267959088751763 -7.525339548983841
626.5064640938936 29.272438544410708 -7.494418117042009
210.63878427002447 -7.217512109200279 -6.999186846288808
205.76512911915296 -9.641256248205998 -1.5905213169244237
389.0416349729082 -12.452286998320165 -4.453187820170011
205.76487895462657 -9.641024956067525 -1.590591425923151
205.76485928671678 -9.641006771916693 -1.5905969378851952
205.76487933973266 -9.641025312119204 -1.5905913180052809
205.562092524627 -9.755178321196002 -1.5203130798022944
599.9389364716336 -33.7964681203074 -2.3004349861464974
607.6129414609452 -1.748787610964316 1.2485869573810784
607.7230130331782 -1.7176349091091554 1.2534537245043653
-289.59373933605326 18.33672942885003 3.2255172520243747
-54.75461152934233 -5.173866940373563 1.6169282546222215
108.55443277493181 -13.575644373605178 1.5737319769433598
389.0418944274132 -12.452526879691801 -4.453115107842576
275.50420715528065 -8.567103483504027 -1.6032093221226167
878.8219815503328 -13.72772086464752 1.9045434749054595
878.9571430537925 -13.695091507063093 1.7770197075151297
878.957594115713 -13.696544939497299 1.7657747332562224
882.738537035258 -8.764324337307455 1.7967585048129229
888.4240022668415 -5.477252503020033 -5.55956200895346
888.3731569418089 -5.553666417235032 -5.489708315979105
888.3730947339762 -5.553608902683717 -5.489725749562017
888.3742658258727 -5.5546916476086174 -5.489397550252481
881.201328234103 -24.672784278731385 -4.960362557920263
881.2010107711397 -24.672490765449524 -4.960451526635197
396.0521632801951 2.9530003573172543 -5.248987643656849
881.2257281743166 -24.650974349120997 -5.0153510911251695
388.86650409492427 -4.363818768258536 -1.560526493534595
388.8663837684396 -4.363707519133951 -1.5605602151297062
390.5780836031968 -13.36970758775016 -3.317385258558816
390.5792931622821 -13.368441679466697 -3.3031189726093544
383.48542080131097 -26.929341425007035 -2.7137712484612333
383.1813927565269 -27.06783739170469 -2.640017618884569
383.18180523464747 -27.068218752647105 -2.639902021201519
144.54440014768065 -56.58847310316414 -0.6046776728454223
145.59818128635382 -55.86441626294013 -1.8778396184881208
396.1399597128109 2.973742157316703 -5.221433801425335
145.59818128635382 -55.86441626294013 -1.8778396184881208
145.6790269241729 -55.79476871344717 -1.9050744572988334
-450.58393172831666 -34.57114916401869 -0.41377988228373697
-450.5627048636255 -34.55706547751485 -0.4206115498126054
-636.060160251639 -30.731655447107848 -0.17386854410232724
-458.53646707986275 11.864526933964791 0.156666489836723
-617.7035804749933 11.457788240435272 -0.6290168825747282
-617.7034535282386 11.457670870490375 -0.6289813056536371
-622.5150325522085 1.2487900499566165 -0.3231817199249153
-622.3684074411848 1.3163561216238384 -0.3443690781982335
396.3144098020798 2.997335023590619 -5.191526012711221
-622.2971507199924 1.3191622884690055 -0.35956026597527047
-197.7474111128544 15.985854190119468 -1.7966352826293146
-230.11437647196314 -53.53412269904665 1.4707930353594274
142.3700562466206 -59.51776078351777 0.0862163022041002
142.3700562466206 -59.51776078351777 0.0862163022041002
143.96103772263675 -58.48177318105012 -1.7360356133458141
144.15282288284058 -58.30281248583244 -1.8111471034573434
144.15380937920773 -58.3039287367195 -1.8128777414176065
144.15380937920773 -58.3039287367195 -1.8128777414176065
-384.73141233602263 -14.124235298875773 -1.7348131761239236
169.22453097576798 -11.856494953538443 -5.544308821901674
-384.7315688493736 -14.1240905928261 -1.7348570391170277
-540.9707517674058 -1.2173490088389696 -2.072225986632136
-381.24089572362135 -1.0433739285532093 -1.7282553214880474
-381.2406474281885 -1.0415091256616742 -1.7176559086446703
-381.2530935004197 -1.044149239175213 -1.6712863989225728
-381.2530686174452 -1.044172244989015 -1.6712794254518883
-381.28157016520566 -1.0668224704527847 -1.6121848120490854
-384.08959442058426 -2.6852277505915074 2.003920589444881
-384.0896135488451 -2.6852100653582283 2.003915228737678
-384.0711481144615 -2.635798396787587 1.993471899648136
165.11803060328933 -13.918177379170157 -0.9434258090361091
-381.0020278231194 7.609573860040547 3.008857211219812
284.8428347218183 28.566677349882298 4.940199698956439
279.4137799127624 22.048599190949535 4.837384287551059
-196.49899671279542 22.509641896952367 -3.953079765860856
-196.5002819551634 22.514951942349974 -3.9333667482449473
-185.90775037932815 48.89073019847799 -5.1982389667221325
-185.90768752915778 48.890672089726614 -5.198221352998554
125.12378197474838 16.391501430603363 -4.619762065195925
125.12476407149218 16.390593422871042 -4.619486830930587
-460.8610631526045 1.5215319027678897 -1.770986054801744
165.11776690852128 -13.91793357745086 -0.9434997097689809
-460.86077964156675 1.5212697796662944 -1.770906600390903
-460.62092164830983 -3.3601103925521443 -2.2662850919336512
-325.95527094495895 -2.8815731869579104 -1.735115412368627
-325.9691374328088 -2.8888421160435223 -1.6993418705194392
-328.75350746847334 -4.507106659688442 1.8957396075182822
-328.7777016074687 -4.540321441925347 1.9442226605698492
-328.76211861163875 -4.501607338137915 1.9362594248873524
-440.73828136840393 0.7978809140476018 4.938109754957388
-440.69141054036623 0.8249338013286953 4.906921970330653
-332.02525441188095 -10.90553794045909 3.3382084231015154
165.11775686872076 -13.917924294952087 -0.9435025235154434
-332.0252782837983 -10.905515869428815 3.3382017329799125
-329.73377513542954 -8.872146747122166 -0.09798004173044844
-329.733218606183 -8.872661292046885 -0.09782407396283956
-327.9211023987823 -8.699847340121357 -0.5363928176997041
391.0046855605681 -4.052165062254647 -2.1503003521618465
398.6384689429118 14.013646740485848 -1.8817841387284675
398.75802890399046 14.026762691609276 -1.8166777311150564
398.75783351219707 14.02694334313054 -1.816732489818472
398.75662187302703 14.024500410879813 -1.840283718926277
118.36327310926005 -13.28863006295961 -4.099436746025669
-440.86456675160014 -13.632726950184196 0.06700608846213743
118.55650130343786 -13.183615708289553 -4.172328677739315
-52.969396779854 -3.999206559571836 -0.8778526815477083
-52.33113461590512 -9.802931632727635 -1.8197532291032867
-52.33136938610683 -9.802714573492219 -1.8198190236441383
-52.23205434860507 -9.78541020933542 -1.843205577380723
-55.834984969414755 -12.551283133144079 2.844989876887424
604.839618630684 -12.020452154117375 4.023306649295795
604.8398437237682 -12.020339745442191 4.0334713227148855
598.3650816788803 -27.78966433260282 2.1119587901089436
875.0530503713518 -29.170415146028656 3.454043552801711
-440.86478373414303 -13.63329818844799 0.06113042289407375
875.051627956848 -29.163113384444024 3.5260323615263496
875.0516901642995 -29.16317089898792 3.526049795173835
602.947124581779 -3.0625857177990996 6.8957046768606105
602.947076761257 -3.062541504832514 6.895691275121742
602.9625502545239 -3.0318998433526376 6.819703094506768
-24.524495684542174 -9.416691870628318 3.5372956231283528
-24.664688193964384 -9.485274549760494 3.564432029636196
-24.665004056334357 -9.48475501131664 3.5712229127247848
-24.66496158227696 -9.484794281149895 3.5712348161078515
-535.7559259492433 -11.416161931128954 2.324374774234682
167.00206489191328 8.33869979534821 2.5733833935703645
275.5046980095971 -8.568919590400213 -1.6118398316643678
