-620.2825516604676 -8.295967525129864
-616.0185136182998 -3.233517492559345
-616.0184675743405 -3.2334104210772807
-616.0491439301125 -3.2383802527325787
-633.2531181238726 -23.622561773251753
-461.72955991420963 -7.455960089254766
-455.3421548405705 -3.2383450006911803
-455.34174951066996 -3.2374024400917625
-603.1641195095673 7.013619297259698
-439.9568144111318 -2.340099988786346
193.42239557665116 3.7919631015231325
-445.5576041458212 -5.547319591100761
-445.55890521658233 -5.550345121744494
315.5072977204017 -4.147215756303371
315.5070902015941 -4.147698324412219
-54.31974268329202 -2.2091520381581953
-54.47979245736079 -2.2778183542445167
-50.09746540860533 3.7105087740762137
-50.09894001062391 3.7105373943132385
-50.12309024215473 3.677835854586025
-50.105661385852876 3.668410406928329
193.42282400626408 3.792959379608807
306.531189968895 -14.661316952349893
315.69717008916246 -4.123151329331216
315.69704690641134 -4.1234377808003675
-297.2388923960475 16.969604215440963
-297.2391256783917 16.969061736835165
-629.8291856901141 6.902005424878224
-637.8478428476899 2.3969732160257564
-629.3953914709841 11.219828747163564
-629.3953001931816 11.220041006301376
-629.1265040143546 11.348120095247854
193.39818275728317 3.77670483769375
-320.0083008250398 -3.3222777527507876
-320.0083494580148 -3.320338799385108
-319.56082079185626 -3.0842599774861714
-319.5610842828832 -3.0848727037122345
-309.22548926797776 10.120540810063897
-309.25022286103155 10.145763661269424
288.9997006787035 21.545255744189113
-69.17022250790717 -11.537030748706954
-335.498175172911 2.7415114650503685
-323.49776938995257 15.23976658441109
193.39869958590816 3.771548500430977
-323.4981553661775 15.238869028911939
-323.4988238857966 15.237314442755405
-323.4988678258511 15.237212263731413
-335.80432994900997 6.95046959405796
-349.22200031135696 -10.619492917762477
222.38007156114108 -13.06350522030168
222.37764564236613 -13.072977754292051
222.73747254928975 -12.86959839636788
222.97841725187317 -12.717329536195004
702.7824672698022 6.712492342398475
208.16077313971306 20.899763211008604
702.9999238835983 6.642658950729939
-504.72192796387026 -27.94769782893758
-504.72192796387026 -27.94769782893758
-36.78647449949729 -41.943846719646416
-36.53921451511808 -41.76299362224136
-42.83576828466177 -47.94448232178674
-43.45792847826414 -48.378893114195684
-43.45792847826414 -48.378893114195684
-43.460397660962464 -48.383200168211104
-43.460397660962464 -48.383200168211104
448.375341003991 0.41977654250477703
22.12116232440362 22.23391388047821
21.658292350700084 22.05865409042481
40.982363437651 32.94287487963222
547.7142629198647 1.8399900731101435
868.440342776056 1.1694299775839334
-238.11718848461518 -1.0999185815960404
121.10438453724129 -15.714372454893121
121.10443772026818 -15.714248782106393
-542.7603352242477 -11.333861637814437
-538.7210352275006 -9.09817838627004
135.62084112419254 1.1661966056641409
-371.7048460317706 0.4128679905510386
-373.91266527417076 -0.5093821709397859
-373.8289981252305 -0.4505954668182419
-373.8297747371528 -0.4524014143967816
-373.9214628440021 -0.4935835364891725
-373.79116166746576 -0.42639520534258435
-373.79070985631876 -0.4276320539114391
-380.644809941849 -7.459904911734087
-380.64483306796086 -7.459958689623168
-81.58263586384497 -24.104189162659253
-535.5021335253302 -2.893638949088746
-81.58263976643336 -24.104198237843843
668.4456724778963 -35.53801407628003
996.4160044269508 -27.653246563148166
995.3579473253034 -27.816468554350777
995.356867740334 -27.8147297318287
995.2977967589827 -27.821046976741947
995.1886406554344 -27.92732789090833
687.3342928534584 -10.054244088731105
687.3353629862918 -10.051755581915325
687.5044172095891 -9.955962046413774
-533.5759902348341 0.24407767382053214
687.5047312380875 -9.955231798740655
700.675740767997 -0.9076742323692324
718.1454758321391 18.394892083097453
321.48869181423396 -1.5139638583129265
310.0340614508796 -9.140182265095103
310.0035714313491 -9.089714288991386
321.0148728333954 4.093541479194155
-62.87639283137248 -11.537805493593881
-63.38181997907551 -11.845045663551948
-63.38186080559648 -11.845140601719775
-533.5996684908196 0.20760234741530592
-36.47522672506529 15.699149093752954
-63.58960185832653 -11.958159926280032
-63.58957405516192 -11.958095272031528
-45.55942267929837 11.595653869457824
309.6786187685378 -9.173149160309691
309.6798725142198 -9.175255005495611
-448.47261781971093 -8.064364746424088
-448.4728885077322 -8.064994209307866
-541.6558170887591 -8.791310188224259
-390.0173090686098 -15.756667733553236
-390.13642878287794 -15.810866528873412
-533.6003803001373 0.2059470929937186
426.3522505878892 -24.66825857037019
426.3522013963367 -24.66837296132535
426.2761091701378 -24.699133100973764
426.3844864912102 -24.650521386807306
426.3845262253138 -24.65042898834246
426.38511142914246 -24.64906814608106
433.2355721926112 -20.117527941270097
152.9592907930925 -41.83809658097484
148.71367883986355 -45.674615251655624
148.71144660372659 -45.67838901245724
-526.6729578907247 4.1624810009054105
191.33733692059218 -2.7334545708661433
-604.2378301524766 6.9055567932743
-604.2381467262453 6.90893344704484
-604.2382452118917 6.908704426715326
-604.238352788524 6.9084542660364585
-594.9149160797183 16.50527949329562
16.79527599104347 39.96403349103481
16.965834512005205 39.8942936056983
16.924518897967964 40.01183000839413
16.68292495761804 40.04994136749055
-526.6689357216927 4.188652505834433
16.68250256487842 40.048959126551324
-428.4403093121997 22.383235374299637
-18.46593106453349 1.506544512905924
-2.1397118225977048 20.783940711516344
-18.1670965853711 10.000878496799118
-541.8216903549119 -8.455725361034043
-541.8220754320882 -8.456620826539819
-541.83136393879 -8.449070067588316
-541.8319701344104 -8.448416260868783
-537.2491794411711 -2.870280357675607
-302.2108559993582 -38.91859698059169
-537.2491589861661 -2.870232791231858
-530.3017681743673 1.8030780216181115
-705.3821631460472 13.887382130328245
-496.2617538889254 8.583580862481947
214.10160037575739 24.120636212252148
218.72712004736437 26.085294534833178
218.85469606620202 26.050891446317415
218.85465818651895 26.05080336019354
219.0978292009572 25.966445172326512
-707.3367556768521 9.081495360980073
-308.74437837884795 -43.147582113730294
-707.3368329908101 9.081315573685181
-744.703727260357 -25.3524845302931
-744.7053537138257 -25.3551162027851
-744.7053537138257 -25.3551162027851
-744.411735853811 -25.148275178908417
-740.3886086093024 -21.855991288794527
-274.15210908079416 -36.75850809080394
-273.84564010406126 -36.591999185158464
138.18620667331706 -1.5421878539758413
128.08088738288382 -7.182704465491456
-234.38628598252362 31.677758883995967
429.8909670994078 -22.173955900209084
429.89095250588724 -22.173989836220805
429.64744349685 -22.280569371397497
-453.7338086871742 -16.659231547457583
299.15749079599505 -26.364988578272367
567.6221585310915 -16.182135863015024
567.6229286862833 -16.180344930025523
567.6583653359438 -16.204482953197388
567.6586863021427 -16.203736572429595
567.6590182737121 -16.20040389070721
-234.3864277247765 31.677429273958754
565.884995862552 -16.740611907295733
565.7338747198094 -16.81794082032458
324.2973979820436 0.5513838231484003
324.46029677717326 0.6180111139974234
324.45976210177093 0.6167677700048593
313.9377636695808 -5.462619129924128
325.7807719744623 8.63720742011551
33.77777150810939 -6.687429576983841
860.7130246562651 -6.510066267944698
860.6790639081992 -6.565854985695257
-212.03864326212172 54.10511277856328
860.6801250837127 -6.563387310596585
848.7609603475958 -13.375642367360065
475.8261803127043 10.96145437539702
475.8235254537701 10.955280724196834
14.029633193132467 13.523565760194394
14.030882225920752 13.522206625426582
30.182395316947336 30.985984156273087
30.182300446417177 30.985763542203138
29.8520494627935 30.877858871015487
30.049799989266663 30.923303214499594
294.601329114648 21.506150722768098
-47.146166137335385 -52.00205684189247
-611.1367173234808 1.249132386801734
-616.8023916283935 -5.090564960889282
-26.979675111547518 -3.2276554483988367
-26.97832165819319 -3.2271442593356094
-27.111011429313223 -3.265607559140522
-27.130115080244302 -3.2493810547828934
-36.49186902320985 -14.765437211398194
-36.49226612971988 -14.76636064923688
-30.22338705228544 -11.279410979042535
295.18728418813413 21.692304563017405
-36.474738886205635 15.70028352207477
-30.22334518560212 -11.279313622943405
-444.47319834145134 4.947854277473688
-444.78745012464964 4.817058225685093
-4.726197426355549 14.580655691677212
-4.726335326976585 14.580335024547812
484.2252480020022 14.907970932352953
466.8396490909525 3.221249261705149
851.6773958939957 -5.714762298753156
851.6793578021161 -5.710200046399107
28.35757143133322 -6.207509818608425
294.82489840048953 21.59378801504785
28.35825106761069 -6.2059293811647045
28.358899660141354 -6.204421133363525
28.299274363433657 -6.2337637233068115
28.37679049731264 -6.160033766711668
28.377410214069602 -6.161282887037893
29.970676267587763 -5.613781064781766
30.08541357861835 -5.63463894486509
23.09511772952255 -13.968045994816439
-161.25861273249305 -3.169781807047858
493.79025400703927 -50.04215586656981
294.825075879052 21.594200726953787
493.79025400703927 -50.04215586656981
493.79025400703927 -50.04215586656981
493.96705857339634 -49.90970974193135
839.2533870350379 -25.879466727719215
839.2521941999229 -25.88588927418839
839.2526624965803 -25.88480028892497
20.901554250512348 -18.312269966964003
27.52489441660704 -11.359569903393703
35.601373551758265 -6.886258061465509
35.35595471379512 -6.955730551772978
685.7841679548204 20.642491084559126
35.02082320274857 -7.077326519100934
-184.9995837011105 9.184270113718236
-180.0338758656571 16.47487679951256
39.4155911802419 2.946737822761868
51.57148499907464 9.806180910480299
39.71481171333227 -1.5581527387763865
39.69109747287532 -1.5343243398319282
39.690864190481896 -1.5348668185691425
37.62883485920317 -2.3444159448861526
-141.43998699710994 12.68043808790617
-71.17954247134648 9.60410488486938
-455.78231694343265 20.20024786150546
-455.6980739335713 20.224551112076092
-455.6977727872332 20.225251402753894
-455.69686113050943 20.22341137648211
44.92197025780799 38.341335304218966
45.23074073414327 38.40964095019809
45.22929186722847 38.40627173181147
291.1671455675916 17.147258244614413
290.7939090459186 17.02332816817389
-307.8977368994778 -42.61208038714305
-71.17874735806491 9.602118031892925
-307.8977368994778 -42.61208038714305
-318.16613442631996 -51.74686458853192
-318.16613442631996 -51.74686458853192
-673.5497239379607 -33.829508564989844
-674.4545285511173 -34.47913097600447
-674.4527838448116 -34.476417368778264
-674.4527838448116 -34.476417368778264
-667.7281361475921 -30.11058127944709
-625.4169660065014 19.366147784889677
-625.5397467503748 19.334989946420006
-71.17950705814748 9.600351411412625
-317.3780587632282 2.5346517604560854
-372.3873397165335 1.3766789145268246
461.85042872055845 9.706832316385146
449.5438464869353 -3.2136499767979907
449.5424302433611 -3.2169433330343784
449.7393819321256 -3.0994666830649638
449.7369289679883 -3.1051708448918465
449.7367689130907 -3.105543039538531
210.01771584208302 16.093555908677185
209.7567352398423 16.022258562433002
-71.09880813509353 9.699169490450977
-204.6560865087848 30.860274707581386
-210.62140994589922 22.39242990124558
-211.17413809755772 22.196473548613696
-225.9307839148557 13.908819786088877
-225.93060072987672 13.905326132507051
28.97070022246528 -9.490106914322174
28.970619272307957 -9.490295157337757
-202.3001928332593 -4.390727708712331
-202.27618220487778 -4.398620019092764
-209.4204874612107 -9.20802747272745
-320.9040067066395 -8.902353159251199
-202.54487978325835 -0.8508880144580467
-202.44677373723906 -0.838590320628934
467.0054492376213 3.2379991120999296
23.057966998320616 29.19418983839851
-1.8110034018534478 -3.8080525911408403
-1.8082486616501163 -3.797195870082077
-1.2952020774598403 -3.514741185999261
-1.2950371216249208 -3.51435759503004
-1.2949418826728485 -3.5141361248416114
452.0444145100436 -17.299109338027648
-320.9054820911209 -8.905784041795547
860.1928840135594 2.125775006343947
880.4533563349205 15.597740604840308
880.4520594806768 15.594724879359344
586.8487523579936 46.04416229501087
586.5764179134051 46.21888673273878
586.5762369490269 46.20995634158707
586.687724902609 46.12691943051955
586.6878972750402 46.12732026784875
586.6913315949236 46.2692337560863
563.3965882541683 22.338849942703042
-320.8344012158918 -8.842672002938302
-36.47649377521329 15.696202675219158
559.2582755309262 20.82804835091166
-147.0950779627637 9.715439209425268
-147.09522727717808 9.715091990898905
-388.2889161534009 -14.53210781823965
-388.1185962074243 -14.462620909710061
-526.5358402053728 -24.243329013170193
-738.849209873385 -21.049725594338177
-741.5684917336382 -23.679349792326974
-741.5684917336382 -23.679349792326974
-741.5694832463267 -23.68107793069475
-446.5092892391301 -5.755539055336943
-741.5694832463267 -23.68107793069475
-741.3470223762619 -23.500483791666355
-741.3470223762619 -23.500483791666355
-744.6688751585253 -25.31359659069323
-282.7126421914557 -43.67371875075211
-208.02449126158268 25.132800909532985
-208.37338010037595 25.025956204868105
295.917641020874 -2.777131032608229
295.9178136184979 -2.7767296711568545
-65.2039197378134 -42.793353939653485
-446.5088673057052 -5.756290761003861
-64.83014195166758 -42.53545076454855
-60.63617413211761 -40.23749732587707
-24.037759780205988 -0.6030266449734883
-24.0391520318136 -0.6014475878767207
-24.25949657637842 -0.6872253250647218
-615.4423023558184 -3.8203499076445193
-821.4830345858386 6.2187386229244375
-821.4828636221195 6.219136184787609
-821.6292079811628 6.159458653582853
-814.2493634145964 14.208440760786214
-446.50891612806913 -5.756404293438332
-814.2498569365191 14.207293117054274
-15.686334358116536 6.662648909397708
-15.687805225960425 6.662865572952302
-15.584751790720249 6.688264794135715
-15.62153587496469 6.706146264705042
-28.49721137977326 -8.198146714136215
-28.96769287477525 -8.429454432116524
-28.967814578123072 -8.429737443098597
-617.7964613744624 -7.691605969210701
-824.6931302516525 0.9400348719714375
313.6072758974569 -4.5593340995997
-829.9437716746407 -2.5302671310628315
-825.4848723839641 2.5083557813942194
-606.0527772723756 9.164872231640562
-606.0531250003638 9.164063619445026
-606.0530957069732 9.164131738842745
122.0218846683786 -9.806030821977476
-66.41672946878064 -5.149581812639894
-56.516493639637964 1.4792799437306623
-70.7092921893666 -14.906571038911917
-70.41082912296673 -14.720750360682139
313.50855007261237 -4.577322509470857
-70.78449913576176 -14.914253060556845
686.4425735526908 -20.221438767177762
686.442583395692 -20.221415878078535
241.36781876527357 1.0766405872605014
228.33537046709904 -10.924153252775575
228.33536048276204 -10.9241764705395
228.33554844355143 -10.923739383077937
227.65460223985397 -11.310039051454424
227.65307383507448 -11.315899018042352
-445.4486087569195 -7.115319627437399
313.5084576358339 -4.577537463657725
-445.44815760975325 -7.114270521559818
-445.4477981078413 -7.114893965742648
-445.4993215632626 -7.123906012629989
-453.007353205695 -15.58537228396616
-453.00737979718326 -15.58543412029381
-632.6414662755036 -8.54395299890965
-632.6414832664951 -8.543992510076869
-438.5799441176969 -0.07930793848302464
329.4652199182755 6.794858610455596
315.43190963911456 -2.5696961053351437
299.59166072228754 -22.93709996395212
326.4451106869068 10.57606668688964
326.4163417949875 10.683915002294269
326.2818033743227 10.703608293809447
-50.7670716440464 2.4695224675117418
-50.76854110795372 2.4714783028083387
-50.62848497205342 2.510026979202408
-50.53132730140772 2.5461025124998122
-50.53217730346076 2.5441259040442374
-39.174948913406155 8.971070720423432
-622.9000285265939 1.0087981225149205
-60.12921878644977 -8.285016956712496
-613.5736150666877 9.988410568144008
-613.5735688482808 9.988518045291473
-433.13205989295216 5.070009899146315
-433.0062757976192 5.163374581054843
-314.7983161265544 -6.095546766570491
-312.94979377130926 -5.356424449597215
-312.949744948999 -5.356310917285473
693.6317254718781 -4.008817752834842
693.490868213364 -4.02431304074776
693.5585132989556 -4.012015394382921
-59.828330823522286 -8.11880616775069
693.5572164441181 -4.015031121234152
693.5571206819492 -4.0152538084633065
251.644259450514 24.485278177981613
705.6471345670653 13.395926848998126
705.6493618666454 13.390930882481626
705.6496226346384 13.391537281332397
693.7085447926362 -2.047460592194945
709.6627091281355 8.900909947133787
713.3398627897461 10.23659913080755
-54.64612559443634 3.3605696758360444
-66.22667495918093 -15.084369891011459
-36.47665525756427 15.695827161692774
-54.666305311612746 3.397487317532725
-58.973767407078256 -10.361161671243837
144.0495845533859 6.217045343579729
132.73043834755518 -0.25621602932527465
128.5086710286955 -7.01283245054959
128.0239871798243 -7.214995172800741
127.90245958199434 -7.259139412015423
-270.30215363270173 -34.61862156425801
-270.30215363270173 -34.61862156425801
-270.1447026265894 -34.5223431744731
-270.1447026265894 -34.5223431744731
-36.49234917758624 15.686104617946082
-270.14282183590655 -34.51867629829141
-738.383964998496 -20.7360753865595
-740.7382169874461 -23.07495663086542
-527.8436143618767 -25.645412039064514
-527.8436143618767 -25.645412039064514
-635.0736459514453 -10.790812661419572
-635.0735599977247 -10.790612783266347
-635.1765694421055 -10.839585274637795
-634.918658023509 -10.698073857984744
-637.7717026644565 -12.55266074512624
-303.00406939154755 11.274031615862622
-634.717279858273 -9.20837889887725
-626.0010040899676 2.3126458092878157
-448.40998110125906 -8.06896531664287
-448.4101083461715 -8.069261214067065
-448.409907581981 -8.068794353700312
-322.52280048572476 -11.01839707119007
-322.52224746278654 -11.01956373107909
561.5806132280242 -15.085652974890024
561.6737148217342 -15.000780720593
572.7818039461692 -4.815129791521885
-303.00438618569683 11.273294936961005
572.782236722529 -4.81801815801106
572.8791199876015 -4.709900112474811
585.4102109801055 2.4526839444314663
-310.6074485867617 -2.2503952714520263
-310.65561995847696 -2.2911051718255475
-316.58655161892824 -8.259337646077133
-316.58685933154135 -8.26005320607376
-435.58994705984105 2.03635376589623
-435.54202385912123 2.079729119652219
-438.28590790819175 -0.18670542755218245
-72.44234573021569 6.131948569399721
-438.2869646040855 -0.18916268499241773
-438.2868872123947 -0.18898271691450774
-618.0763590111877 6.181158088985469
-194.17469657347843 9.099253114313138
-202.41308346492733 -0.8032132303834914
-202.51629538850474 -0.8212925742694689
-202.449211931834 -0.8021695319567596
-202.44942701235578 -0.8000056814289033
-485.1655688734842 -5.985065588616334
-485.16557510744076 -5.985080085197848
-72.32354586839729 6.226394539377084
-4.1925530794774435 -5.339483818111842
-4.192393045181724 -5.339111671537599
516.4394046737902 -24.6629860777309
525.7667010325112 -12.135944334623954
525.7668714884351 -12.13554795328994
525.7813105580007 -12.159308487262933
537.7107150111177 -4.133305823197936
-382.0984019210612 -8.406062712179173
-382.0986274709663 -8.406587209659493
-382.01330749995685 -8.39578436739258
-72.32523512501601 6.228199003967256
-320.1037653630859 -8.243770883975019
-382.01310033100776 -8.3938592436903
-503.1705411217069 -0.017991949471594326
-503.17101859178115 -0.019102265978851563
-493.83034601674086 9.564677304991598
218.96441612018057 26.082829097396257
218.96450975447897 26.08304683634117
213.9149075555372 24.07564690134965
-203.91076140463878 34.79335816966065
-204.06620577286463 34.760453799227896
-223.0245808340789 22.021253078932887
-291.3767758689645 24.37171446256307
-222.9866468885535 21.979688845914318
-466.63118506496306 6.564022912286607
-466.6312633715955 6.563840813394922
-476.6964802006076 1.0025489067808662
-455.9931610798972 26.443673946677812
-193.04392470518957 7.747619612914345
-201.60894141441045 -1.8268710224972589
-201.60891505341735 -1.8268097221149056
468.4018803676175 1.590966806686287
853.4090300561734 -7.183940567666053
-291.20777079899653 24.454556707226306
853.2191105057759 -7.290110782533828
853.057049916871 -7.432190029289034
853.0554954877218 -7.428947167377771
853.2174387795419 -7.343627601276776
853.217380964241 -7.343762046057147
128.48335485418153 -8.870038536602367
1018.5556635260334 -10.147747902820866
1018.4810015194324 -10.221348897407445
1018.3924098531462 -10.31376688311216
697.9590595111084 -9.491477523735846
-291.2077327220007 24.45464525217629
713.8177762425734 5.087970064292227
698.0478699300405 -3.7433354681043576
698.3497944824127 -3.6551039820858136
698.3492487708786 -3.6496672974227033
701.9522405531038 3.068199754591079
701.9513284788854 3.066078802035905
263.7680698153956 34.71118050189799
263.76729806073996 34.70938585098069
263.76566432209387 34.70558672904179
132.97992329246634 0.7491734118268218
319.07051750187287 45.393391726052855
132.9805798578575 0.7542397542249158
133.36956326002095 0.9232691189221538
133.36962535073636 0.9234135058508497
137.76403813419049 8.950605712131242
127.11963537246537 -4.352435880571661
127.08570230216687 -4.41025497329294
127.08647483399173 -4.420817866581012
138.377959258443 3.2399120262641112
437.01988773986017 -14.957883013191251
-384.8026102068817 -10.955678750257883
319.18514650275677 45.429157926810355
-512.6600161530026 -10.065604420132795
-512.6600621969263 -10.065711491532374
-512.6597157814997 -10.064905931588
44.32192319455151 6.75096025131537
32.8096165264084 -1.0693588782698358
32.80998644945574 -1.0717628690220395
859.1000495009398 2.8493782159317607
859.0993165773575 2.847673862393815
557.7306564566533 28.66014750047674
557.7315167178757 28.662147966497756
294.55480903304795 20.47951635018387
25.3433930425594 30.039505870973336
25.342403007536 30.037203627309353
25.83171436089251 30.20504324609666
25.216828429938154 29.969917969430263
25.408495415946266 30.010084599345763
31.13413789850127 40.632024872025504
15.699905093661856 21.41311497460947
278.23666772869217 14.94597401990736
278.28629293502445 14.955936803957032
297.4541769930482 28.041095240239777
295.5839014478493 19.944683088483156
-229.44799729493096 38.46553645233553
-229.4479610839984 38.46562065741675
-620.3188198986263 20.297982609465464
-606.4813003946686 34.737044851827534
-606.4813267562779 34.736983550601735
-303.4019094241917 13.829388159518462
-303.3044355675003 13.84990637823765
-303.3039393061336 13.851060393515992
-315.72213003555413 -0.7098152527874282
-315.722185777597 -0.7076657800276354
295.5839328299913 19.94475606516063
-315.47767051489285 -0.5730863060631681
258.0679758810679 16.597406125320934
258.42669604926704 16.72110248187516
258.4266194080187 16.720924264016617
264.7003714186664 25.75479308082043
264.6983199313143 25.755916386118436
264.70839769355246 25.742135747198162
264.70823903560256 25.741766801040413
247.34782702801243 15.831266815220728
-334.24134707768025 6.717370259205232
279.2055667488864 10.637416041348256
-324.37381292049406 18.040814107278717
-55.50210070431822 7.56403084637791
-55.50051565995431 7.5677167337568445
-55.226841746025535 7.700853597265674
124.86402522514867 -8.103064306589882
-463.9675582474173 -10.876835163117224
-463.9675009990209 -10.876702036645433
-632.3055904015853 -22.382249029239972
-632.3055904015853 -22.382249029239972
-632.3055904015853 -22.382249029239972
-198.384501243555 4.1643266283012474
-321.7487168675806 -9.795784109694557
-632.3588988877435 -22.42045465223956
-844.5509497917554 -19.144643006670318
-847.3299477126762 -21.892219730731593
-817.9775300063569 10.149888557436173
-429.3299517712497 27.25325166277024
-429.13950241337045 27.321795349229774
-428.641561365947 27.507012280500337
-428.64028004688913 27.50528360040167
-410.6654753404493 37.57801020418925
-63.875765300091025 -5.044193707305265
25.75450995382507 -10.552281036782796
-63.87656227225661 -5.046046999061989
-63.61151266179652 -4.951867665642171
-63.611576219676294 -4.952015464319185
-70.38883436172517 -12.155482417100634
-70.38887887087533 -12.155585919523599
-68.29312612550956 -8.766418439659466
-68.31347056068726 -8.804819310200234
690.5609545229969 -10.03904918282622
1002.9745760521824 -20.32719009154556
698.5803240820977 0.9229887315696912
25.700079801710462 -10.563459334006266
698.5787635693154 0.9240030645928203
713.2746839436276 9.490996685060004
713.5901973311852 9.608484990950577
-85.8168024999235 -3.8825136452216134
661.3887346205981 -1.8352064082186579
661.6924180300549 -1.738442945028491
680.7804140522932 10.74600095193574
685.8279076458901 20.709251827499614
685.8274671696664 20.708227535607662
685.826239047888 20.70537163761567
25.764543375331765 -10.553012252647974
685.7234319147772 20.549254457018513
685.7212510863591 20.554581126398265
321.3068168461178 52.807778885278836
321.3067616456831 52.80765052112828
321.51268658558683 53.06752159071623
299.34040752279 29.350082001198928
-234.04389592216697 31.81986946711716
-517.2350469240016 12.573068817912752
-517.314830289638 12.604958323035678
-517.4105681033315 12.62263198661971
25.76492935155817 -10.55211469713808
-517.4108697373302 12.625089107532464
-373.2322177400297 -0.9296326341622891
-507.7288527109505 -6.742528907085278
-512.6927418846252 -11.15450956308925
-506.55155356293477 -4.592331324982078
-506.55194422037874 -4.593239766016647
-506.56846542918186 -4.592124763251535
-506.5684135047752 -4.592004017267529
-506.56835817539013 -4.591875353283018
-511.34857724371045 -7.313658415491093
25.763963712336317 -10.554360209956341
183.92795366613785 -7.673842343807652
-544.1822111786496 -12.892693352606429
-724.3100160726424 -6.152250547914172
-502.51201821170906 2.2170979614573967
-502.5887289768552 2.2356221309054316
-502.58833798268097 2.2365313558900013
-494.45970965765804 6.811510087853575
-496.7848912735803 5.956202341215089
213.0553256064111 18.865879169620893
231.13486394136825 37.58891237730779
25.786956469052676 -10.579067294262655
231.1343162138604 37.58763868170426
231.13406499103016 37.587054483560415
231.53910828525966 37.8223520178303
231.77209485812233 37.98457325836872
231.76983961688003 37.991293795142916
-424.50645184668696 29.458533402239066
-441.8591505307643 9.287631515185822
-441.8591785477987 9.287566359728046
-441.8591596552475 9.287610292985264
-28.306404463131482 -8.096874674704782
34.37853321771395 -4.82838624625432
294.409237314703 0.33525066363440237
308.0896712960236 14.403169761961838
308.08886292066586 14.409512319525204
291.88518681750793 3.595179165653659
291.85504730090815 3.662281769371614
-457.3850304263609 -1.6455963589882932
-457.3845847468191 -1.6445599686938237
-457.44801560092185 -1.647870383597994
-457.40472040618715 -1.643054946058099
181.18654875099654 -15.396973798184364
34.37846974871824 -4.828533838241954
447.1823333326495 -7.380392217996622
447.18193436894916 -7.376068855171009
153.0560211833792 14.190375310313746
153.0908889485759 14.162996260810639
153.09048217137192 14.162050405483294
171.8202205878857 32.1598594435328
171.81926564767355 32.15763881037063
172.0594410110335 32.0911285869408
152.8584715072074 21.274767125079862
152.85857535600536 21.27500861701491
-164.82674715509597 -11.414384788373658
150.2050566453514 20.830405076515547
150.3341190358008 20.912169677364954
-528.1454945590175 6.979347594772632
-373.8970409197226 -0.48987328121721085
458.83102631417063 5.973727924873237
458.8332934081146 5.97899986119808
445.2011691760419 -8.037920401438825
137.33293768393403 -1.0381344885839814
137.33341836347998 -1.0370167066857885
137.23833686519043 -1.0623931524323154
529.7054935399916 -14.388324985326003
-321.6460015110695 -9.743505623864039
137.19680953701513 -1.0604210384489674
137.3096616336509 -1.0292798297843442
127.73438184267805 -6.465569713685607
114.41498356187394 -22.440006758196652
114.41486660980982 -22.440278720212284
-247.23931055467978 -10.271730265053991
-247.24175516326673 -10.280006505556761
-185.35705804386578 -32.09592003637835
-185.54122134844812 -32.23001068478864
-185.54122134844812 -32.23001068478864
529.7054816218202 -14.38572896177304
495.1813698885653 -49.08103479246924
-34.89836176526724 -40.60943690977176
-34.895996695131544 -40.60473839400967
-34.724445363826824 -40.4724894031367
-38.963187218103336 -43.20168192375968
12.669874965430996 8.928722304020965
474.704603412817 5.915789070308222
474.7056645883428 5.918256745441312
494.0950293997629 26.646300201102825
494.0940808950844 26.644094532631975
519.6374526161894 -24.085396911377043
494.1252029175576 26.68790534575381
-219.19024160556347 43.68772481754667
-219.18771041643706 43.68702815876252
-219.03692582932715 43.725520671656945
-614.0721987485708 23.453922616323055
-298.7497101835653 16.868075545241616
-77.73166762246703 0.7264280784059649
-77.73284784718835 0.7236835650654899
-77.73275595294231 0.7238972576614806
-77.73259418843429 0.7242734278602969
530.8157989151589 -11.307206958144086
-77.86876124937135 0.6438226876404489
-67.37454204525055 11.366742900892428
-64.39534319402759 12.127620397514859
-76.58991509837723 5.284087152596131
-76.6062108955591 5.349381772522333
-71.28581993885699 -11.516849399479222
-338.55357841593957 2.771731323222295
-338.2634741613999 2.89206912926781
-338.2634099429089 2.8922184641246
-338.26365799780314 2.891641632733238
848.6417743302708 -14.307852767103606
-338.1415977874091 2.924562809959446
240.84740917808733 9.509921060888074
240.8474360190085 9.509983477267836
701.8941017243142 7.555975012285565
701.9514417187637 7.619859851098997
697.0482285329182 2.8313731579817936
714.3669828296657 14.803945270425382
714.3687184133997 14.801983119725449
698.1363266256761 -3.3627370895621564
-78.20353879471757 5.187681671979533
860.755450863504 -7.455135784204328
-78.15181474737088 5.208030512231955
-78.15285340812524 5.205615191504284
-309.33998581942086 10.12298606361192
-297.264644678756 16.98421383367174
-297.26461399625293 16.984285183339914
-297.14453660512646 17.003625503750023
-297.14243645295096 17.001875993983102
-297.0962833308889 16.980504325773857
-597.8827611650885 39.033924179689336
-597.8827895732956 39.03385810902563
876.9904566318837 8.128240670004498
-192.05457723250092 69.69207981112561
-222.53145640808714 35.49866281473432
-243.69857514814348 16.883243188486563
-637.3337670721254 2.6481332727759685
-637.3338583506727 2.647921012656311
-257.8063584815787 9.048851330670674
-257.80662197457553 9.048238601795733
-257.80643544904234 9.054095542428444
-257.0141730406726 9.463895973658396
-257.41903863685485 9.24334986865495
876.991317100019 8.121233413314751
-243.60712534089532 16.869984919066205
271.450999773921 -5.799863511622316
286.99340550880413 7.834600244637718
286.3305357995881 7.5649626193840716
309.17591260835434 32.975184100049866
692.6766267784179 23.957067418215008
692.6767520887516 23.957358817204767
-478.30243496968427 -1.4554053888284657
-478.30208585696647 -1.4545935565593582
-478.08511723184927 -1.3600690843832108
516.6048480204431 42.01595212174534
-478.085168054503 -1.3620416259001276
-485.0622507362647 -5.932216619323124
-172.71482901563706 -17.54249248473185
22.952377628003727 -14.008454911828554
22.509676403979437 -13.825689852677963
22.549949483906335 -13.783380768743836
841.9999879184012 -18.33665160757982
850.6667477174559 -7.263741639187501
850.6654013140717 -7.266872559155099
850.6647034443492 -7.268495396907151
511.8266943687376 40.77060783230269
850.5358502382426 -7.35557062947379
-507.31215582501056 -4.7351900442300705
-379.4559559322764 -5.24431241023123
-379.456030359132 -5.244485483864884
447.71304743538127 -3.535496480350713
153.82373473260557 19.739148179464667
153.82510351520156 19.742331168294992
153.9015023533789 19.868436291556495
137.7152784041725 8.885418693995868
127.0975271854201 -4.381027130459258
511.52538850849254 40.61158910174541
-324.7168765086179 -13.77133133472487
127.09808364141392 -4.379733138478858
123.38754626449185 -10.607853418659802
123.20009085486082 -10.684817123151008
123.0785717890094 -10.729429383393098
123.0771579930203 -10.736642974909557
-630.012605993356 14.03667721020836
-310.4308783879201 12.414371246324986
-310.4317997438487 12.416077033439892
-310.4318282470972 12.416010751453598
-296.408902024435 21.93649798863796
511.7372610495358 40.69661243495398
-309.8440138039391 7.565630217732578
-309.8439806836898 7.5657072361793185
-309.8599390700467 7.523495965543982
-313.90782937133537 1.3438781830647613
-313.90751241289587 1.344615244023821
-88.8477012427122 -10.658168297536053
-89.00403529585095 -10.714669675077984
656.0766799508583 -13.22213314530964
656.456161196152 -13.089134626195506
-36.846165379198304 18.93492738745099
-175.60768665954927 21.636577656622443
-36.83530160642085 18.92700177615561
-36.838137104634086 18.928491246633744
-36.83811403801945 18.928544885081102
-36.82928033965447 18.893671023550674
-41.014780956037164 11.668465408236129
-53.768484046565156 -1.9798452514340084
-53.76815330642555 -1.979076142099943
303.99557708678486 -18.57121195976101
-451.31476553342736 -12.762343223567633
-451.2618405013586 -12.746446287374976
-175.60688727165507 21.638436567878404
-447.6526531467672 -10.737511571479471
-319.6993009363646 -11.383154056599597
-319.6990918219299 -11.382667778057105
742.5596821641232 37.23451971529304
1033.4215950815988 4.8110298267738685
1033.4221903485004 4.806779002741642
1033.4230953106487 4.808883418282601
713.405909853599 4.95176951302558
713.8829263252522 5.108674870728037
714.1920353191781 5.201400382163336
-175.6065541222704 21.63921127954608
714.5923951476755 5.290729342321395
714.592578920089 5.291156689872121
-53.89449591282671 0.3933042195784089
-53.89437347847067 0.3935889306767326
-51.70952323112585 4.621012305460283
-61.46729061248584 -0.9446962457015201
-68.29878643186932 -8.783508724086765
-69.4061108070845 -8.643097105490746
-69.36555823601596 -8.634678754928213
-69.27597703072745 -8.621731597573294
-175.78356441087965 21.50462810611366
688.9567770729747 -9.733902982079275
1003.5779001235697 -17.144470265663053
1016.3769501695376 -8.337581365351511
1016.3776664575124 -8.335915697446104
1004.3318805578696 -21.663859384220558
1006.3620775805277 -21.091275264386464
1006.3616508647751 -21.09525527628739
1006.322444406761 -21.05581518190774
1006.3230877005282 -21.054319255670734
703.4163803765209 -0.12889658146174865
-447.48895686728974 28.008527497055955
703.4145233799459 -0.13321487677156396
-183.93597113138472 9.548630535471286
-184.59508249626626 9.326428942883407
-184.59527267152978 9.325986705845255
-196.167417743552 2.8676592527456854
-196.29019584094797 2.828425712287777
-196.29097829833 2.8217965748973195
-205.73033823317297 -7.1867834633283865
-202.07714981587753 -1.8681815800906876
-202.07711669561087 -1.8681045616592873
-447.4887339739304 28.009045817407568
23.19784977646318 -14.729123920915189
-168.65858020432142 -13.377204133220143
-168.72812307969437 -13.407549548234115
-168.72810619233147 -13.40751027804069
523.2032283735116 -17.710200856055277
-161.52102998634325 -3.2270988054311682
-151.6642699567346 3.389679491303699
-161.3964210918024 -8.243160515868489
-161.396397475594 -8.243105598311772
-161.396483770545 -8.240253803233124
-27.320821285124786 -1.157296487301567
-468.71337383697437 7.504713214434037
-477.968241088327 -1.2884492483038834
-478.37717069596744 -1.4931908136504333
-478.37719800674137 -1.4932543227285648
-478.556285413868 -1.5894126222975982
-478.5560342769157 -1.5888286244737313
-192.09910292015854 6.199895052470876
-192.01360789969058 6.218015765564473
484.39405887594535 14.999009239101483
336.68814610077 10.449793763176775
-616.9729647275728 -4.055385495829689
336.5311781705789 10.465441332503028
-54.93834832663342 -8.295582164447396
303.1853422344736 -22.94440980506988
303.5018085815113 -22.76080698346036
303.50182842343173 -22.76076083463975
303.50320695839054 -22.755267088356426
303.5032335010315 -22.75520536560466
-451.56093732631336 -14.85433992650649
-451.8120609404176 -14.988427770996326
-447.53045822147243 -11.335273056194207
-621.5386798193523 -10.176391684912193
557.1913551363543 -20.589188182199962
-436.64926481282924 0.3608499652960022
-443.2691699792487 -3.3925088520445046
-443.268305409535 -3.390498367881762
257.9877181167203 16.58558155333607
720.9193018934757 15.467907388060556
720.9183024507686 15.465583267439232
720.9158191323772 15.459808519354912
703.9970892184522 5.774081784153221
704.0653673240084 5.858363129377722
1006.7718726486399 -16.910487965772788
-621.5386578319692 -10.176340555063042
1006.7724295939456 -16.915168073028767
1006.7141147857278 -16.984905952002162
1006.6740879094863 -17.02933194273456
1003.1999083498431 -20.216480909976628
1003.1995897226891 -20.217221851470626
119.26971057219058 -14.911722905769212
124.86125245819107 -8.126866472193692
335.0875549156564 60.2883464986372
-281.5975103433013 33.391618093288194
-281.68235999035744 33.308225241409026
-829.7961103040318 -2.4482044143751533
-297.77478082603625 24.10985038687553
-297.77637374089323 24.106146197345478
-77.01816937906332 6.033691222355664
-80.39261583025967 0.03989079994183731
-80.39267177683398 0.039760700709304264
-80.39270401611836 0.03968573087917071
-80.39215362552787 0.04572110073134206
-88.62892034524766 -8.620790244492497
-346.6558161965852 -31.579618426377337
-346.954193893633 -31.793359592790793
-829.6997925890819 -2.396704627696449
-347.14086390555076 -31.915367369773218
-51.33405208398046 -54.38590025048684
-42.15502853079515 -46.2545681613561
-42.15899075816734 -46.261706701203195
-42.15899075816734 -46.261706701203195
-42.15899075816734 -46.261706701203195
-42.91855658908455 -46.78625260220052
22.11621020586679 18.444929056823504
22.45529125174496 18.56035268321498
22.45491803227201 18.559484803081418
-825.1441021643313 2.6995441670474176
484.3711796912196 16.20147127315267
484.4802423791438 16.35093518621508
-191.96189784807729 7.02917131078536
30.20099620695197 -8.568767695716224
23.055276327312978 -13.413089070457623
131.02159063734157 -3.66078548792637
130.91649567881234 -3.7358699150218095
123.76682015700361 -11.65500137839705
123.76576299290527 -11.657459724608918
125.23758781874787 -11.101121405756986
-825.1440597856422 2.6996427151907714
117.96892926473205 -15.971668378026028
117.96897320478706 -15.971566198996104
1001.0316940758873 -21.983627365665996
1001.1507150520398 -21.98490710013585
671.0444638175981 -32.681234953040715
671.0444923791433 -32.68116853560396
671.0427401945823 -32.68744701170288
219.12357621114649 -16.929906062686307
219.54033568855846 -16.693378752612805
-477.0792735008714 4.850004161585608
-825.1441799616514 2.6993632557109053
-485.1043650520682 -5.942703428779517
-4.090536307399419 -5.2688560577596375
-4.090878772953801 -5.269652419835332
-4.090902387770622 -5.269707335478566
-4.0907149354070995 -5.264923410046822
-3.706210336957994 -5.067828966283122
6.284355675586002 6.037290899820433
5.897375043741324 5.815643265458176
5.89741006607464 5.815724706754359
480.8549590482056 19.858352635229696
-605.9686469157664 9.12318682925141
504.7891338554499 35.83107760297686
868.8112902554494 3.839590122894549
868.6366453255351 3.8532382056926417
-376.085396132346 -3.1141464701767494
-376.08536947886984 -3.1140844896863893
-376.0488690788359 -3.078081669274071
-533.0524105380536 -2.850250151769068
-533.0521716701505 -2.849694683973135
-709.1327850220487 7.542525449687519
-709.1328468620602 7.542381645790822
-605.9082415451404 9.115472392436384
-708.9863901055666 7.591102615108557
-211.3476721036543 22.135679674271593
-204.70702464704905 30.86135131234764
-204.74641902262925 30.80577232097869
-183.83795102770944 51.54379693735286
-205.57380897537098 39.120553296708295
-205.57030771782127 39.11792633200932
-38.713844902915426 10.209178028025827
-38.71433274184047 10.208043600377673
-44.093850343864595 3.5516782832345895
-594.8581174076579 16.47808210547843
-54.295406347925216 -2.202027809906129
-54.1471077529242 -2.141815119654946
-54.24795944655997 -2.17550289145162
-54.24856834326739 -2.1769188280091316
-41.677686979722814 11.41641454507245
-41.2141198427594 11.594655953816957
312.6867704777898 -9.174153697434893
568.4637141446456 -9.833486114579356
568.4635724660707 -9.833815576581848
-319.080767843784 -8.393645031971515
-594.9989318621879 16.513465312583797
306.3346826311449 -12.887683659598101
-319.0804767049921 -8.395726049923313
484.584646812177 14.925753902628175
484.58667111826804 14.921752221653662
-191.89804060736222 6.171661536423725
-207.07596195009523 -11.329898021338922
-207.07595929241444 -11.329891841145802
-207.07588098467502 -11.32970974284295
-213.42710556083944 -17.158387854652823
30.399421440370876 -9.178243716033123
30.399628260120295 -9.177762773592349
-594.999267254982 16.516057095096205
30.319035142378176 -9.172659403254167
-151.4075297557741 3.3700479776743535
-151.45638467254724 3.411179183080058
-151.60470856389782 3.4023481863684424
-161.4731994371054 -3.211111759533385
45.16357724121055 38.31679400636447
45.080497750923094 38.34804841722152
24.997253454495404 26.957280370643716
24.9964657957861 26.955448734865513
-467.6521637312028 13.39187946360973
35.23924927713127 39.73796731509614
-467.6507176920728 13.389553186125552
-467.55449537110354 13.419651480848026
-467.5545124170135 13.419611841928006
-467.7126162564236 13.380935535541745
-467.7125931498515 13.380989267983578
-152.6199261663841 6.241417262655643
-142.50708409279366 18.307997611659967
36.84588961641003 1.7815137311716553
39.46668707109257 2.9426994606765255
-154.94219795485736 1.2842631567215572
58.861022522027056 53.23358981374784
-154.85825303122044 1.3074241747542943
27.78866698862543 -10.684872894888255
27.787549613333766 -10.687471259845934
36.12561414597532 -1.4134882583797816
-191.88185895553357 7.077360496732614
-191.8818813805452 7.077308349190392
-195.46913749104974 1.9665504904345765
-195.46912343706282 1.9665831718398157
-205.0523032697162 -4.428604641840797
462.6628999295742 -2.745358104036737
58.86129363034888 53.25868467300969
462.9832811164058 -2.6087905685081223
463.13755583448886 -2.5635073983996293
463.13798150503123 -2.5689805136454162
208.71510121593371 17.316306482712303
208.71558423032806 17.317429693290055
208.7140037928804 17.313754515089798
208.6694515491381 17.28234595567749
448.7479503877676 -2.2339761601034462
135.5237450639705 -1.391255479082238
135.52372106105938 -1.3913113130622237
58.86012094921883 53.255957698550226
148.7268231704844 11.686974348988791
148.91685719470922 11.74145670807949
152.96133880267794 18.72787041742386
152.9587242770053 18.73022659086448
137.03853476551265 7.939113980579941
-534.7932866940916 0.492819746541759
-534.7927324707621 0.46896593110398443
486.25094392674146 18.267380109015985
486.74971213410976 18.40391245935545
485.7974227223235 18.06756942126123
-447.3339707118256 29.17218481655091
-191.17158963834765 8.059151863168587
-191.17138230704703 8.05963399480505
-191.1715588275036 8.059223511213947
-177.48895621616893 15.675648466997334
-191.41295110481613 3.13734197373383
-191.41341372533697 3.1362661886154
-191.4139481214731 3.1322358869766553
-186.8180864427778 9.71590709209109
-464.82370614601757 10.671663137434534
-158.70361563917183 -6.047700542118356
-137.79757955796973 16.961474295290245
-158.77149631558288 -6.069799482785256
-474.92744770471 0.2594121032778287
-474.9274984088535 0.25730138304298333
-165.6985301316556 -13.257599962077427
528.252521906137 -17.46035026935006
860.6749775572304 -7.479441846895014
860.6753935311172 -7.478474535416808
860.7029042268141 -7.505396451049223
860.9211728282086 -7.505125879582064
877.1309596806319 7.987720966580596
40.29953520292152 0.7940840552875206
877.1317084324859 7.98946212630274
873.3135493314504 7.001039917001428
858.1260524836994 -1.7520131951374522
858.222087752421 -1.6984532301722473
858.2187193317625 -1.7062862032737063
217.62564157143944 20.658241954481205
217.78068728527623 20.634485195924242
-494.42221043418886 6.840505354262519
-494.4222623586333 6.840384608192201
-494.5580859183856 6.8568703117073255
40.299478486705226 0.7939521663392518
-496.60729865006647 6.084423481220787
-705.996103058667 11.159663865607026
-714.0176363648654 6.604573500276436
-714.0166720899692 6.60305031388106
-714.0161946198775 6.604160630437907
-714.0159912553271 6.604633537702764
-714.004463687983 6.590155608164707
-706.2258769422231 15.28558935124523
-530.9202924463706 2.8288931575545386
710.570922357886 3.543083471128056
40.29858169460761 0.7951136912745439
315.93869653624193 -6.368410034682436
710.5712245021352 3.5437860829121055
226.21464610080932 -14.540994658267852
226.21445717230205 -14.541433996052962
227.06558510880603 -14.102979442743344
241.97384821445803 -1.430067661101244
-337.46573432477084 -3.6394303847450677
-337.46572841901934 -3.6394166513968935
-70.53275381978192 -15.955477851236829
-70.83175660607498 -16.130726010961965
-56.368229176145235 -0.626804500085
44.64803288730581 4.297810381604422
-56.36721739659287 -0.6290387732123439
-64.96692267508116 -5.4854219904305515
-65.03917403413661 -5.503766905449913
-78.3913137431635 -20.609902602851935
-73.59637716997268 -17.49052711404021
-73.59612396599333 -17.489938309489425
-73.8326512077369 -17.635870340490673
-60.79548439549845 -2.8658222514781992
-60.873234816065725 -2.8802137795686167
702.9613474244098 -0.16470663320411782
44.64805746055279 4.29786752469175
689.1160598192901 -14.590533365010083
689.2055312229656 -14.556525473008017
689.2047824717546 -14.558266631646214
1004.571025755534 -21.49573569671705
1004.5703286198669 -21.49431284854435
700.883898503128 -0.7661143621950148
700.8829838213587 -0.768241378312712
-49.10196614205801 -1.060728227464643
-48.63484881646003 -0.7694441820267346
-627.6299784846085 -3.861459343496102
44.5419912374293 4.191853915208615
-627.6299518930979 -3.861397507111952
-627.6308482339252 -3.8656950657661935
-627.6309236411346 -3.8658704190895365
-627.6309262004476 -3.8658763705546644
-628.0298706563206 -4.0992814100250445
-633.0488337708169 -8.776168939976726
-636.5960986298614 -11.112430767531325
-628.8163534953328 -1.0016737073809194
-450.35923358315534 -10.363876584969379
-450.33389822931053 -10.35545205643133
44.65966883313754 4.311478637623327
-324.12507294802316 -13.123195686208136
-328.937001773927 -12.769742896544148
-328.9369481794393 -12.769618266913431
-321.9891361598133 -4.188656440003035
-313.51702762518545 5.327683071285581
-303.0681842597041 11.254573235141162
-302.91213903746046 11.271527237806815
-302.91410838308815 11.272517826964327
-302.9146859986378 11.27117462919238
-302.91465531613005 11.271245978867821
33.590225712500654 -6.79332474598061
-303.00808903917215 11.259113456378703
-72.47847368413773 6.0886788304182335
-291.58578162238285 24.1813571717411
318.44043600816786 44.93791159090106
318.6898096739868 45.13689244944547
455.82389474353175 -1.095116331293474
-375.40060670505346 -4.024295409333201
-375.4005821092915 -4.0242382138930335
-375.4004118199251 -4.022008063498844
-373.5317632548071 -0.643844345424978
151.57863524564897 14.255308653323887
-379.6934144885855 -6.786010747343351
-384.4696967578084 -9.518235374426677
-384.4665177615474 -9.506812324774764
-512.5544620168871 -8.89472391052196
-512.4994752376291 -8.87252997547671
-512.4991437794835 -8.871759197431949
-512.4990187309697 -8.871468407549918
-718.5740480335769 1.1534987924226674
-718.533536789312 1.1632021165049387
-533.6780851741154 0.06659650787138016
151.47796995457696 14.187253454336508
-533.6783546284646 0.06396321452264697
-531.8088858242071 4.260743582026656
-531.7995324244242 4.279454669567588
-537.0845717889114 -2.3230237506252887
-386.85246274737807 -11.27830228487218
432.9201826589518 -15.603130082228356
177.47947175202438 -13.854384410220492
177.4796549688358 -13.853958354512477
177.5596989274079 -13.834191540905088
177.36978332006493 -13.912651594360003
152.96577380103 14.165874269438111
186.1871068440759 -8.0292506792231
186.18650735296654 -8.030644746810866
186.1864876440505 -8.030690578285855
-56.332080522202936 -0.6752282925393511
-56.421941795000556 -0.6725308812663573
710.3801691448612 3.5147649121972897
733.7970550370895 25.96727656586728
733.7975262695865 25.979663423512854
239.9249279009197 -2.4585415360102827
228.15020347279628 -8.998890698577164
447.1192201517296 -7.393578182859865
228.1498940016045 -8.999610348002186
228.14986967096232 -8.99966692703422
228.14989447815404 -8.999609239945194
227.85064998480712 -9.182966339213941
677.0845605695574 -27.324180905151103
695.8497002439555 -4.581970962388505
695.9746381717737 -4.560213792816457
-329.2463825958028 12.473414850221769
-64.84239639952851 -4.800345128631078
122.05950030709371 -11.458191475668679
447.1195411180665 -7.392831801847928
315.966912880481 -6.330954298928448
1007.8492392809068 -14.461336134562368
1008.0041272879668 -14.420210044597255
1008.0053051723773 -14.421361308462442
1012.2488180371854 -10.553115423283083
1025.9431070374735 -2.720755242007858
1025.782634498046 -2.8838337212884237
1025.7825575424006 -2.8840126753796413
1025.7840062775613 -2.880643760119048
1010.7573490655379 -17.959157060707778
1010.7569563384378 -17.96007031551334
460.0911825205184 5.101655502273016
1010.8284480059499 -17.88550079380512
447.77828134824944 -3.4430685090694473
447.7781324945356 -3.443414656284257
444.34318995017594 -9.572399343448687
444.34388429031844 -9.566002166848586
433.6498378625488 -19.951044260221227
433.2784392467788 -20.09888279063776
433.2789495117766 -20.097696212296544
152.90434257200621 -41.88372121221081
155.13217582008954 -40.430986782986295
460.16561692154903 5.084481274494268
155.13217582008954 -40.430986782986295
155.22015935545957 -40.373768451537345
-525.7024743908671 -23.663621471806785
-525.6702348200208 -23.639795531805976
-737.5988909839106 -20.177955010363466
-522.458765887785 10.646102220634202
-707.6118492630335 10.90575288183274
-707.6116922194369 10.90611807390034
-715.3275576960298 3.1350330902061367
-715.1560903656142 3.2003544112487323
460.32810552524074 5.048754156549455
-715.0583837225544 3.2301754758022234
-223.49165925579163 13.413825464406944
-275.88749601849116 -38.96232240840931
150.22053083795515 -44.17526902578886
150.22053083795515 -44.17526902578886
153.49818093484197 -42.06301160475732
153.7078233236008 -41.912290834080565
153.70915608012763 -41.909766508354906
153.70915608012763 -41.909766508354906
-444.84938935190735 -7.99094703550117
191.86824427422886 -6.217803342778058
-444.84958297168845 -7.9913972824632085
-620.8579620468971 2.4252576639669017
-435.6068065651417 2.0113840830372367
-435.60716352270487 2.0144629309793354
-435.6383867808908 1.9890534813707976
-435.6383559986152 1.9891250630485586
-435.7139908080494 1.9136933209584577
-442.44340489518817 -1.9369600596419025
-442.4434285583658 -1.9370150864371283
-442.38278317558115 -1.8606651997155492
182.09753635840937 -11.633405222573638
-436.09553960749884 5.447813752718167
334.4340289386671 17.84910199285589
328.48258290790704 12.607328643223475
-215.2907533099187 20.355206131162067
-215.2936214130152 20.35596108857595
-194.25773849438568 41.21491300271918
-194.25766074371225 41.21509380586897
153.26810324607493 15.316787770312445
153.26931816935755 15.319612972242965
-526.6778949921015 4.1830692425333655
182.09721014687528 -11.634163800818337
-526.6775442679309 4.183884822320975
-529.123982235891 0.7173440876773793
-372.42837751937594 0.562044245585829
-372.45970615490023 0.5347279126773703
-379.15606526653903 -3.298022927089341
-379.21490520356167 -3.3695026414658154
-379.1661317289551 -3.308306443044758
-507.68820805611824 -0.9366474234550943
-507.6233015033253 -0.8970756129538684
-385.278588655425 -9.03882455111378
182.097197726737 -11.634192682899434
-385.2786181868935 -9.038893224139343
-379.86275197133915 -5.326979283800093
-379.86206349965556 -5.325378299113893
-378.70030703330355 -4.884672884594178
449.22449408704756 -2.8158712817911162
462.8996969909621 11.256570071192746
462.99455468567203 11.200944323245803
462.9943129702483 11.200382233762596
462.9941381746623 11.191730938152876
129.39745493449928 -9.328728404814234
-512.2639552092003 -9.293833588063865
129.69959256837714 -9.148289504647376
-60.61255396522668 -2.1808648443444554
-63.10966843622495 -6.171031146590455
-63.10995886618083 -6.1717065177202555
-62.98074680941342 -6.134828204488949
-70.98811698823856 -11.4090840287606
686.1032104743598 -14.379490381528962
686.1029947078924 -14.37682326958168
677.2631772339012 -24.626693921169455
996.2656395065192 -27.06861652950296
-512.2639056660613 -9.295575079928835
996.2454572781581 -27.087667675697038
996.2455342339017 -27.087488721374665
688.8608752976714 -8.841239923225835
688.8608161397968 -8.841377490050213
688.9263336227323 -8.751190433986473
-33.8602586084111 -9.605529559476642
-34.03401148127574 -9.681930897579443
-34.034741776348625 -9.681437765431806
-34.03468923245273 -9.681315578868539
-620.3298986991177 -8.317395032404791
193.42202680982345 3.7911055643774505
315.96803789048045 -6.3314297260020105
