-575.3797791680645 -7.223800322905955 7.358513907276969
-571.4858909870395 1.0672180254239405 8.457495947278336
-571.4858447249073 1.0674091611818826 8.45769117321607
-571.5001143460299 1.047808265231718 8.452770493141015
-591.0749095752869 -41.08001201622236 2.490175884843283
-427.36198768327864 -4.223878541751573 7.445633024245627
-422.0282634076804 -0.017251109780505147 2.6286716323212698
-422.0278561573842 -0.01556852307378409 2.630390223634367
-560.0316411445846 15.682852632946082 3.187468715972556
-409.75138355356364 -4.526716873316324 0.6602987510594599
179.37472074108953 3.425537465665017 0.8665802498571223
-414.1390539128116 -7.1635468810018725 4.45944009285807
-414.14036114784136 -7.1689478256053185 4.453923576869605
293.79089607296464 -7.516739679483229 -0.16236258877781118
293.7906875709233 -7.5176011226178865 -0.16324246622742433
-47.82082118646807 3.095556498198196 2.7215576229152667
-47.99756495940985 2.7850282191054654 2.69505317791291
-46.166044745389314 6.229652461085327 2.4688558963236598
-46.168578080324 6.225819895603921 2.4691684428976086
-46.27129217023718 6.031500892501596 2.478564799744475
-46.407970743254815 5.758374459838699 2.4813154625212195
179.3751512005296 3.4273159436858434 0.8683967859505294
286.9594609576324 -20.4914438918097 -0.39774976655911853
294.14592453832915 -6.855694777987644 -0.10474149319378423
294.14580077171985 -6.8562061297835 -0.10526378758480281
-278.1880304246935 22.559041323801313 -3.9041430165445945
-278.18826481227234 22.558072932939112 -3.9051321296082686
-582.9016373300768 17.933556969003266 0.53946089801747
-590.0127135012197 13.633894009659532 6.713769215245966
-580.9865305803531 30.978508518607658 7.558655628564829
-580.9864388698761 30.978887425536957 7.559042643834091
-580.6159546500702 31.640542859563443 7.589896601669884
179.04947077987165 2.8141079546623073 0.8911688836034408
-293.1825833099094 6.83756614207876 4.79542663091926
-293.18358429468134 6.838606865378759 4.800293798395711
-292.43687176921287 8.195807847696324 4.848968710238853
-292.437136508605 8.194714056026932 4.847851513214432
-287.9695363054832 16.477379691776676 4.471481755337129
-287.8207930511556 16.780168580036623 4.465051839848368
268.3464238136564 32.514384960945314 1.394946570736487
-62.7471603585914 -15.132542542469706 -0.10505208047960131
-311.63927835418417 5.416031215305438 1.1307018470690204
-301.8716507564537 22.126485123709454 0.19891377709779934
179.05188547745882 2.8119144183999167 0.8814407367734807
-301.8720385613599 22.124882876955112 0.197277244520756
-301.8727102478344 22.122107751332617 0.1944427357453291
-301.87275439611295 22.121925349134532 0.19425643025656147
-311.81248377399896 14.278286326138975 9.178099844509063
-319.41097042605423 -1.6013576568984162 7.828620351496958
215.69612821670972 1.878507908519142 7.00089408575233
215.6959780488238 1.8671694637561833 6.980242852940338
216.38052570680742 3.2781551287730513 7.188013856112437
216.8875048972913 4.32994030214893 7.333956569782055
652.5321362783724 8.8657430494408 5.475198947711727
189.412956729861 22.344307905879827 1.1750549060468727
651.7938297722046 7.151121326107052 5.299281046954474
-472.2892981014487 -48.79229813878901 3.206459527180316
-472.2892981014487 -48.79229813878901 3.206459527180316
-39.10108458913918 -76.77305958777742 -0.7027072942085271
-37.4178485110987 -73.49273709600035 -0.5453687751221346
-54.61899078511144 -107.61159390646411 -3.207857733404029
-60.135318300533484 -118.5040568308874 -3.960497135966209
-60.135318300533484 -118.5040568308874 -3.960497135966209
-60.13982106444985 -118.5140962170435 -3.9632578383340227
-60.13982106444985 -118.5140962170435 -3.9632578383340227
415.4461644154643 -4.827014206006174 -0.9703320554870484
22.48745906398156 41.06758249440387 3.6253140833928144
22.123631711820533 40.48242191907096 3.5889089155253893
38.11931268715421 50.114153168402524 -10.271253710158742
511.56344986287127 4.6211294011400765 -10.453541121613513
805.7988696283677 -6.97678606865333 -12.955092777293435
-212.93296426365413 19.600863198644017 5.1398468575689416
120.3920356241085 -6.840746265307109 1.9352693672035222
120.39208905750314 -6.8405254945672604 1.935494857582795
-500.8397646555724 -6.830840733146476 5.5028523000508525
-496.96255512048987 -4.488030251659898 2.1339698417239075
128.93716942859217 9.060940214890893 1.915386417575592
-347.30397644581336 -1.397358735683054 -0.34699251324916447
-349.6166237233236 -4.84743482790622 -0.0978021770506936
-349.35910875633823 -4.448552549547977 -0.1598052909473836
-349.3598890477974 -4.451776386832349 -0.16309811582954648
-349.6555695398584 -4.900537173506326 -0.08575281600761175
-349.2667387687503 -4.307001864751768 -0.18190778082300685
-349.2657751138496 -4.307033790165759 -0.18391875361344145
-354.1618779501994 -11.871912321289072 0.8701482231911941
-354.1619011858799 -11.872008321402735 0.8700501687410028
-71.6776822426916 -27.688370629574838 3.332484456438152
-496.5672244700616 1.1198921215224558 5.492798079980693
-71.67768616383862 -27.688386830040546 3.332467909321239
628.5849353178824 -41.59987406408239 -0.49269330886709617
930.3872746727219 -37.66280108148105 -1.2558325746725545
928.4810464986283 -41.553640234852836 -1.9494133297471392
928.4785998190707 -41.55579176619933 -1.9463269675315062
928.2510453586509 -42.01099079240591 -1.9745891783984708
927.9242874406756 -42.70388908430938 -2.055596707095022
639.5294621655789 -18.243996007171646 1.8593257605792861
639.5305373693361 -18.23955371589996 1.8638631133758328
640.1008707485298 -17.059967432875712 1.9812928001098786
-496.4823643010478 1.2849534756840593 5.240836968245744
640.1011862648872 -17.058663851576203 1.9826242769836373
650.1950838118032 -9.095378636379872 -7.129499175317956
662.3457712462613 11.61240032874026 -8.572832378474855
298.6680796180987 -3.860566393543192 -3.874271183319082
289.71714269837685 -10.891463920932758 4.172600194387928
289.98035334643015 -10.289177726227368 4.2436545443955564
297.85513843368784 6.255980871775094 6.28354220731086
-50.78684827124126 2.347004301789744 7.735844032690228
-51.95988866804787 -0.10209161088601362 7.385344032627287
-51.95992968737357 -0.1022610855940195 7.385170931243642
-496.6289990507418 1.0003587297395642 5.241907210971269
-35.38468558610356 19.97000090145611 -2.2477441478029734
-52.349014587887275 -0.9041789488139369 7.262784751300881
-52.34898665270317 -0.9040635323421651 7.262902637596046
-41.67937103328598 21.425411605984877 9.21844990092475
290.2331398101966 -9.64489763915079 4.266559051170391
290.2361643489362 -9.642229213368758 4.262225151392401
-415.91772700988037 -8.231692592610186 6.666217446893001
-415.917998980631 -8.232816261810044 6.665069732043825
-501.7061009111935 -6.470670392604399 7.307572059321761
-360.4174186397558 -17.768319395813272 5.396498468852689
-360.5487643729928 -18.019093532918976 5.361959573175706
-496.6297142326327 0.99740389784982 5.238889147994925
400.9740896226971 -29.217031093956543 1.653709403985622
400.974040198056 -29.21723529588615 1.6535008322707925
400.88612204698643 -29.386952920904953 1.6254362893567436
400.9849189230428 -29.19857573258586 1.6623268265393158
400.98495884548413 -29.19841078977939 1.6624952990125474
400.98554682178946 -29.19598151932026 1.6649765518903399
406.8907078225456 -24.533624432403144 -3.6746671667194737
142.99635950468448 -64.50848647580196 0.11783972585249236
134.3295461362127 -79.96456806231483 0.16346647676790782
134.32607827538197 -79.97300594189213 0.1594042303413205
-491.2285574665154 4.245830524516689 0.5704063202866091
180.28133605589107 -0.16681574980664676 -2.8385244591781453
-562.9073963883909 10.663110060955516 3.1457054922608587
-562.9088942482462 10.664932095247076 3.1522796781475666
-562.9089932005089 10.66452326596295 3.1518621002307627
-562.9091012868361 10.66407669857829 3.151405976640839
-556.2182961158846 21.99674207545402 2.4954468118661843
9.635026136956057 50.81464012296166 -4.079316118456204
8.845732367593511 49.357450462228215 -3.9386189423454336
9.57817922094686 50.69509941459542 -4.040869227268633
10.189460772631252 51.859763967673196 -4.157337934389391
-491.0062273851236 4.605287885554885 0.5111488502080337
10.189036378439022 51.85801054874441 -4.159128875113248
-392.55992306464793 50.18678551347272 0.7596077517956751
-11.33442795464258 15.58881834981158 -1.2770201289723973
-3.341939608580375 28.97348830510979 -2.8332698498386293
-16.252386126641774 18.789891898311968 8.831350660166166
-502.74547807611305 -8.653885199919735 6.8926607895434415
-502.74586497780746 -8.655483715544323 6.891028066934262
-502.72706991374537 -8.607891354901477 6.8963434898624305
-502.7284441785784 -8.609348059595401 6.897869492003715
-498.937474179235 -0.5640301455182628 7.902212069072785
-289.3546344092317 -81.75157842928363 -4.3849297928082285
-498.93745362732466 -0.5639452336279116 7.902298798021378
-493.3404577297168 3.8507145651786314 2.845623692188238
-657.2759334295541 20.955735882453897 3.481662471310984
-464.1559485075479 7.990363170372676 2.082499998653706
193.75972135356378 22.801882312515257 -4.905209745165342
199.12714438210247 31.704789566011893 -4.8856488119563695
198.63919065172584 30.80550563864066 -4.783314684234394
198.63915259266824 30.805348394555345 -4.783475293241088
197.78085178769348 29.19427313214431 -4.627294277970463
-657.8554379627575 16.124688680214458 1.3298164945343995
-298.64820293630044 -89.21350742637861 4.047982698051873
-657.855515643056 16.124367737760565 1.3294886841603208
-702.3592631308035 -54.14049238461665 8.577600827555182
-702.3621914527974 -54.14629756772115 8.576257311830918
-702.3621914527974 -54.14629756772115 8.576257311830918
-699.8904045363275 -50.1487425828984 8.250362303497996
-690.5000225451174 -34.96721665731393 7.14931065054886
-258.9284267079147 -63.11327731062814 5.228411593329285
-257.5181726606509 -60.87400351889423 5.009911546759119
131.44502912896718 2.6550871930928155 -5.912275172739962
122.83838752886354 -2.5197155285683466 1.5501284138358615
-217.27698918844158 51.81127606583002 -1.6490102685799872
404.1298747261368 -26.223015971044028 -1.043016981276063
404.1298600635024 -26.223076550944995 -1.0430788575433643
403.82135200396414 -26.76443305852899 -1.0674862338269568
-419.1735019607856 -19.137041947090765 2.701595219998814
283.7246144471044 -31.452927922326925 -3.667019302388669
529.391158562652 -24.787692364203362 -7.503008255254079
529.3919323667275 -24.7844953300807 -7.499742807100382
529.1854792239377 -25.13314025638032 -7.445963461597042
529.1858017109481 -25.13180787520075 -7.444602568479888
529.1854345740093 -25.12826461072248 -7.438285321522969
-217.2771316023572 51.810687671211156 -1.6496112543937347
526.7242384135375 -28.839958366806254 -7.153421927141835
526.2432950398633 -29.577519374218873 -7.0384850868850135
299.22341156897704 -7.369354265415419 -7.114327948988453
299.7823182579108 -6.5213803576118385 -7.260344619164289
299.78178104920215 -6.52359987886793 -7.262611636479013
291.7349898455249 -11.368240713541818 -0.3085578317881378
299.9885893276797 4.2539876169956 -0.12075669732722616
31.316374015332393 -12.052063383698032 -3.4529394600016854
800.2417022713274 -15.539334991649987 -11.801705594984458
799.7514075873268 -16.32054110205657 -11.66812534348444
-198.25061170097663 84.37868255790983 -3.2076722406758096
799.7524737906298 -16.316135998460535 -11.663625976874675
790.526876957822 -21.859041290748344 -3.6917853676270136
441.06506572760054 11.859154056482678 -0.5102623739004751
441.06239829068227 11.848133330509198 -0.521518925423096
15.347351074530957 27.528754542065236 3.1755473912844105
15.350229147603672 27.531080598846973 3.1715059709512197
29.30564322911465 54.01985067234194 4.082880910974675
29.30554790923308 54.019456849541115 4.082478660313182
29.24282669708131 53.979894053711554 4.0429270789970015
29.23876302774629 53.90796918709148 4.051038774862906
275.09967835899175 35.814428231075986 -5.24903048966018
-73.56182024140266 -145.59198727946463 -6.685579551799698
-568.3530052016374 4.2355980056307185 5.900356730610351
-572.9480504191894 -4.479753118440879 5.659638228012934
-23.82448246371438 -2.1383502640411556 2.2490667153063915
-23.822195223258408 -2.134554007237651 2.249323526937786
-23.811643060092873 -2.077555171810394 2.237044593724821
-23.779931947001852 -2.0009924183001546 2.241127374085115
-29.545520886439725 -12.938679608176997 2.211027558291048
-29.545919876295915 -12.940328055965303 2.2093438353012593
-23.85875531940522 -9.506874467508608 -2.728608551551143
275.33085049403047 36.07108464286816 -5.238470250193264
-35.384195436285964 19.972025994297383 -2.245675720817219
-23.85871325825461 -9.506700677303472 -2.728431041772435
-409.638545773535 15.96540899153703 -1.2198077690443225
-410.17376326131 15.15879463929366 -1.1434031382149508
-5.458870727151153 19.042818260889423 -6.54653315507899
-5.459009278101852 19.04224582667846 -6.547117840868401
449.5589553825732 19.49009986003259 -6.455908339990496
435.61796959545023 8.486540575968144 6.118920369748218
791.4731236819504 -14.095173164567228 1.6808104931019454
791.4750948851216 -14.087028983239222 1.6891289466001604
26.056409583598203 -11.18067977869773 4.641561264902295
275.3430014148576 36.179248321205314 -5.283388369039877
26.05709243993187 -11.177858503544016 4.6444429113715024
26.057744105436115 -11.175166095776675 4.647192932873133
25.843068697551775 -11.615867303975042 4.608683622235868
26.07573389025529 -11.125360545454642 4.661386539413948
26.077180756867747 -11.124304921266472 4.659283891611983
28.148315816782272 -6.932699395708169 5.456725073977746
27.8271690844075 -7.6816291741775204 5.385846551769218
22.997331186396746 -17.808686613491073 4.1284826823473875
-149.46193442755248 -1.9696709011061961 6.678704197372119
457.96503791039027 -83.48321882712473 -3.859497124712855
275.34317973434 36.179985062579824 -5.282635861962839
457.96503791039027 -83.48321882712473 -3.859497124712855
457.96503791039027 -83.48321882712473 -3.859497124712855
459.1555350924567 -81.16088355238627 -3.744478878550731
785.8492625893057 -30.787663910208643 -3.523678088017249
785.849557117727 -30.79503476205129 -3.537133555633238
785.8500276302684 -30.79309078904068 -3.5351479834145376
22.681369223270224 -21.204316869305803 1.5069950978293454
28.415033931888594 -10.346043054500425 1.9258818432552032
35.00948100513706 -6.400385671746942 -3.7796821243250283
34.970792814351 -6.410331816653558 -3.79981274176888
632.7677323497296 18.058614153446896 -8.417347498451434
34.7089994766017 -6.757321103799485 -3.766210123754921
-170.86885340126088 17.515293527859736 -4.15588049657767
-170.43294496802278 18.106613958639812 -4.85175970609975
35.202966890427994 2.3684229457435237 1.9082532461810573
44.31317897597382 7.820042421984779 -5.951576452346725
36.31800173246625 -4.371388356872313 -4.327454274205945
36.521406618876334 -4.035624782674687 -4.387563649915843
36.52117223123269 -4.0365931738329905 -4.388552763281193
33.84315938488675 -8.130318108207334 -4.097297187790649
-134.67224851746678 11.227774595887105 -4.538605133303737
-69.1680079249885 8.106706095190214 -1.4223245985360582
-425.52113323373123 28.011398183557535 -2.8656994690962643
-425.5550614109806 27.94639467225532 -2.832809350102066
-425.55475883783635 27.94764477721946 -2.831532494651968
-425.55275369203173 27.948099333966912 -2.835281774483959
38.79315608606192 51.127602852722205 -10.772276170920886
38.70733699777297 50.924867320111446 -10.696533736360106
38.70588126596276 50.91885284940103 -10.702676906845252
273.73140254828326 33.48509905234596 -4.9239292991575265
273.55904664357297 33.26712334709645 -4.940703748035071
-293.71703379999417 -80.52917776712356 3.8304758674812653
-69.16623194517481 8.107062013991285 -1.4258369104237505
-293.71703379999417 -80.52917776712356 3.8304758674812653
-318.8189967100196 -125.70280499352117 3.403784948866598
-318.8189967100196 -125.70280499352117 3.403784948866598
-640.1200453870471 -78.15014538768533 5.670354882022597
-649.3190172142341 -94.65958371711271 5.716678053164084
-649.3154222631323 -94.65288906901269 5.716878804769146
-649.3154222631323 -94.65288906901269 5.716878804769146
-637.3048530374475 -84.9834085926553 -5.103733294524876
-580.5956794756142 37.86599991319512 13.32711945030051
-580.6052761208791 37.88369090709616 13.312596683828374
-69.16699524497601 8.103908379138543 -1.4290580306056813
-293.17479919207926 11.415681270217442 8.991875766897738
-348.7481123257444 -3.4787133781196986 -0.3380145700899039
424.5753937171887 -0.13627078439191997 -9.746238882574644
416.1625415454867 -13.135734513786181 -7.880376697252616
416.1611185917517 -13.141613560113477 -7.88638154689094
416.6709186455207 -12.362929452900385 -8.00764287811891
416.66845405891615 -12.373112086786898 -8.01804340372801
416.66829324588724 -12.373776498873083 -8.018722033799186
191.07994827546273 12.055136856140415 -8.434477549982372
190.41430308563284 11.073085760862908 -8.258138774540768
-68.7125205187305 8.896612064587838 -1.5001983005198927
-194.4152438875891 37.91332493997783 -6.761555578300714
-195.1035170215967 36.79867088733628 -6.093746980966814
-195.63963502574043 36.05453898247087 -6.026049721563867
-207.97096942814534 28.63599554861522 4.665143493693137
-207.96932005079663 28.634207862915368 4.657447006566484
27.125100620612173 -15.865888495421649 -1.0492823842899026
27.125019286907527 -15.866224532225806 -1.0496256120620548
-187.19529965525174 -4.873127450547289 0.5127005701806104
-187.23046513407317 -4.946620261741228 0.5182999640669295
-193.08291633294823 -9.572350322591271 5.801740855288831
-298.63677507861627 -13.898928806881916 5.411974063703748
-187.45452381182318 2.366359054512317 7.294625702396521
-187.56255175547824 2.0935543165946653 7.268771721084785
435.4434926716072 8.036694501999143 6.067813043774652
20.400127393284208 46.500299075997866 12.224738779164696
9.087997821013746 23.003304204902076 10.53443103315712
9.087869205196778 23.016195703771565 10.559103009950087
9.820678808353192 24.494198120114845 10.783511790687983
9.820844545738664 24.494882877192442 10.784211200450832
9.820940235880482 24.49527822863565 10.78461501188111
431.0075808085771 -0.8091154592339005 6.200107839228306
-298.6382574532096 -13.905053354395758 5.405718460882812
798.2738641332593 -0.16884500608021114 3.8794518860802256
813.1238008765595 11.442022937483491 -9.439454142155729
813.122497878012 11.43663949624846 -9.44495278023498
535.4169056810265 51.136394705317315 -8.9292299247247
536.721818927549 53.568003934789026 -9.155435066573318
536.723886794504 53.56077478073461 -9.17189146697013
536.0077792689017 52.25359071274054 -9.036002081340358
536.0079524575167 52.25430625575044 -9.035271225993045
536.7939929008712 53.66843207029689 -9.158534851831188
521.2041884931347 27.45812529042534 -7.517160441647742
-298.4282647128974 -13.466273205031904 5.4486206143530715
-35.385958640841444 19.964741175683105 -2.2531164226414138
515.7354219472467 18.344731115615062 -7.524076745158015
-139.3873941653802 8.278376279635614 -0.8863621249497204
-139.38754418709985 8.277756452723905 -0.8869952157536799
-358.93476417728704 -16.466823693493964 4.029451634260754
-358.8046405131673 -16.25770235321361 4.040953674239662
-490.6651065057831 -38.67427341637912 3.837976517734007
-689.8416087879943 -36.66798934309906 5.0565475116078025
-699.5730461431227 -56.00098178259241 3.54174498841939
-699.5730461431227 -56.00098178259241 3.54174498841939
-699.5749834826986 -56.005066137172335 3.541035044119647
-414.4742936697392 -5.203194084571038 7.052061220263019
-699.5749834826986 -56.005066137172335 3.541035044119647
-696.9321845383123 -50.76109081054942 3.9111638710410395
-696.9321845383123 -50.76109081054942 3.9111638710410395
-702.2781619727169 -54.005323819370204 8.57237801653574
-282.4847055641294 -101.18949166561319 8.074546237274685
-193.50948590807528 39.27797079211688 -6.4359674652611485
-193.67087344288035 39.0844799877994 -6.45558681402706
277.5750204859597 0.39283494471662095 -7.221681717668735
277.5751939012435 0.39355142440323065 -7.220949905963502
-72.14017234099632 -85.90442095679268 5.119880432279695
-414.4732572426033 -5.2023367228114585 7.050499092915593
-69.06783920069452 -80.96927526435455 4.646195223797236
-62.78087876656695 -77.14024962166323 -0.8528587946797617
-19.874597214776777 5.379489744708389 2.621142447319982
-19.8777971016357 5.376911008262281 2.6256774089480017
-20.0283833479407 5.1342948471086345 2.5954673885914548
-571.0500008574456 -0.8434305677938296 5.832838558077224
-763.2436359337631 14.554034977881434 7.554530669737684
-763.2434641599727 14.554744674933183 7.555255553308361
-763.4178766448507 14.253305372327246 7.542829221093331
-756.893546226654 26.668626503265457 7.966357373622678
-414.47330629623883 -5.202539391899117 7.050292086843606
-756.8940420866953 26.666577818412293 7.964264850261501
-14.289899662033386 10.24144069948729 -1.7938136480263858
-14.292460542545411 10.238127832297446 -1.7929036876408273
-14.357180454331788 10.10226886590805 -1.7647949364864859
-14.270661541193764 10.275116299576878 -1.7755387541290446
-21.428809567710616 -1.8854109847012672 -0.6836546177100983
-22.372694844447345 -3.4579181630473568 -0.611494140074925
-22.372817124415008 -3.458423372440237 -0.6120101602345707
-572.22221775095 -5.13978966915398 4.229099789811661
-764.8419917646985 8.695866499635763 5.368127952922356
293.125005776191 -3.583922811976767 5.030374431256886
-769.6335038099676 4.894966990364567 9.703457537202413
-764.6924065406607 15.50186718004987 11.266103630528098
-564.4026358828968 16.019241475275074 10.190591866870797
-564.4029852583265 16.017798003146797 10.189117506797146
-564.4029558261254 16.017919604665302 10.189241710510371
113.26509453792994 -17.051299692425395 3.614439550671329
-60.72781708306393 -4.51710568083294 6.0362673516642
-52.89882816292451 1.6371312216864315 -1.0323485772535907
-59.36892795726563 -9.107552281181656 0.22340029649419574
-58.89514047606729 -8.31933014542029 0.19039527975875442
293.2071976726778 -3.371580702937436 5.04350655123875
-59.40094922697967 -9.142168828221143 0.22298809441682976
649.0461635415352 -10.68951072963294 -5.67515966738768
649.0461734311816 -10.689469869753804 -5.675117933131338
236.70557296529284 27.99927326214049 -3.3686475379149186
221.57002036707897 1.7230001398542947 -2.681083554968619
221.57001033542852 1.7229586932678438 -2.6811258884952838
221.57019918672236 1.7237389476653981 -2.6803289372635635
219.85927188264913 -1.1768784859991606 -2.54308838414293
219.85883284357283 -1.184932584696005 -2.5556138460501394
-413.67419873140824 -8.663162820303265 2.764188444685848
293.20710479792564 -3.371964422524062 5.043114620306003
-413.67374544672987 -8.66129003793757 2.766101303121644
-413.67294075715785 -8.66093655707097 2.7647221177379224
-413.61061482423906 -8.539300021845598 2.746429235561104
-417.8159009516395 -15.646868984911999 3.359296815757431
-417.8159276691153 -15.64697937030995 3.3591840681916594
-584.6150498290458 -3.4064773265822614 4.364820600003654
-584.6150669005633 -3.406547858917528 4.364748558332735
-408.6095923809841 -0.07847266399440711 2.274414991894745
304.8524336067267 6.66421064392552 -4.521379758536201
293.98314738482367 -1.8727235031472154 5.258514553261777
286.0946710101098 -18.110331161010507 3.99654156854725
301.24869972721353 13.314424688767252 7.112145717737044
301.8204180258796 14.590933980622689 7.2350160249327455
302.1236980855128 15.308366663212 7.298300902617154
-46.141597389349755 6.262943927845044 2.6068369865230556
-46.14483482561324 6.260410271111448 2.611289244983538
-46.13566485761917 6.237416120720982 2.6218542731649275
-46.18818237893906 6.119742708371647 2.646361802962334
-46.18903640928843 6.116214219898338 2.6427578102244316
-37.021161098089586 11.634581065250714 -5.283492877631101
-579.5463897369312 2.4067125435649537 1.8933584196793032
-47.65690375139914 9.198618914894581 8.829502966408018
-572.2537135770657 13.699419452352329 0.491845030714394
-572.2536671396596 13.69961131226956 0.4920409963058421
-405.83125747624103 1.5504095286051347 -0.21673595636498322
-405.43018542887484 2.1735769364872906 -0.31310842530748806
-293.7647816529918 -11.783509594680718 0.12098070556457596
-291.8606379355918 -8.958574885284165 -0.0804120193287633
-291.8605888819414 -8.958372216145289 -0.08020501320284334
646.754658766611 -3.134799114702816 3.9945278345282746
646.9168417905137 -2.728239837141528 4.030827206685395
646.8079371585455 -2.9835625602058395 4.016369431819809
-47.163380499315295 10.206897166896898 8.983848607306102
646.8066341595705 -2.988946003201718 4.010870791949143
646.8065379436432 -2.9893435271263935 4.010464761266091
233.47043022509257 39.121208186253696 10.62115872769497
652.7257644090365 9.6512073902893 4.866079360793721
652.7309703182921 9.654728874694126 4.85811681853101
652.7312323215604 9.655811362570475 4.859222470949239
644.7828000455563 -7.146507978495734 3.071162558199257
656.9796090776383 2.4654921226474737 -7.942217999872283
661.7513631229282 10.390321884878787 -7.94600540291559
-51.77782948501886 3.505730733499676 -1.1395193412276179
-55.35444582520357 -7.470158874324596 6.225488690556928
-35.38612088814347 19.96407083777975 -2.253801105325947
-51.52204481800718 3.9703237327214933 -1.1823495745931198
-48.2130321100892 -1.8063429119254901 -0.2431988967337873
132.1652955163161 3.76061972059916 -6.434001677850291
123.34696426112538 -1.5472842157977909 1.1823847536081864
123.13229502360248 -2.0567615413120124 1.5872560616290496
122.68119550888531 -2.8078811498394303 1.556578971753081
122.57009670720791 -2.988718839771969 1.550896991993969
-252.5918884283622 -56.73660240047822 1.5364415589029754
-252.5918884283622 -56.73660240047822 1.5364415589029754
-251.92435642264917 -55.44816212193861 1.6043545066367015
-251.92435642264917 -55.44816212193861 1.6043545066367015
-35.265152709290454 20.168517132283483 -2.2922996573775336
-251.92199855858067 -55.44071842814041 1.6101351748706794
-686.9968084592501 -31.130937195966414 5.340172461404768
-691.9218961320769 -40.88313531136681 4.573280311723918
-492.1053054388641 -41.59245138396394 3.503406924171902
-492.1053054388641 -41.59245138396394 3.503406924171902
-587.7959615307316 -8.9218079238483 4.550492452025411
-587.7958751697793 -8.9214511167708 4.550856894188797
-587.9987122485346 -9.260642849636408 4.562538533037332
-587.3399695046303 -8.144492994256497 4.508784410443761
-590.2406168152417 -10.451261709286854 7.134906102332647
-283.0157067012613 15.040121705504848 -2.9244756808949592
-586.2950183140877 -1.948906163557045 8.43812537084139
-582.0297822692041 6.9300567740974275 9.116857521590997
-416.02597067025516 -8.490271202050035 6.649715705585143
-416.0260985180573 -8.490799415393127 6.6491761892203565
-416.0258968026382 -8.489966012119822 6.650027426148642
-299.64158407528305 -16.026992238827805 5.184063198539443
-299.6403059990248 -16.02605694271377 5.18220561566687
522.7910063706191 -25.23095791361089 1.2942014889062998
523.0695916783437 -24.64539906369979 1.3558669637824525
531.2110799936536 -13.263016047174803 -1.9868754173140402
-283.0160249966788 15.038806642239173 -2.9258188854959952
531.2125424655163 -13.263859797310472 -1.9918628683608355
531.6458994653776 -12.437213097410005 -2.0014308803732073
541.0802350506862 -6.7908814268119055 -10.156027336462692
-290.49569165899885 -6.806018699340582 -0.5429087970451316
-290.76821800802867 -7.231510840812409 -0.46601217592413435
-294.7265577178204 -13.294234967554672 0.38446101388043163
-294.72686688834335 -13.295512330112906 0.383156317563381
-406.82008511089197 -0.01134013076521645 0.06465702493292969
-406.50910809459424 0.4777157557282161 -0.019101127260457318
-408.89994517987253 -3.18704103480375 0.38313154429950114
-70.18471309759457 2.076788478043769 -4.078832546860186
-408.90100688237874 -3.1914275424078413 0.3786511725996847
-408.90092912400894 -3.191106277401829 0.3789793124688945
-575.9323139110586 8.057603077379017 1.0799427122536083
-181.437834452649 14.994278756885898 8.86621687931195
-187.49092252547356 2.247763710449857 7.2909462530031
-187.397842326694 2.4867807907598607 7.309429943992744
-187.4788885829499 2.2951039027839246 7.303818293206952
-187.48010026573195 2.295615372560372 7.308236911855948
-447.58724649037873 1.9634467051941935 8.417215073320769
-447.5872527538992 1.9634208269473445 8.417188641295926
-69.77066492271221 2.723629300931539 -4.1782839631250885
2.068991003764676 7.819805354764364 7.981841240989815
2.0691517961405568 7.820469681496972 7.982519783812344
486.60561921562737 -24.65922437218779 2.183572958831116
491.84836126622184 -13.580033967847674 3.164956157880342
491.84853252974716 -13.579326378731997 3.1656788888614944
491.78948510339944 -13.722561192670911 3.148285382367394
501.5227103998343 -6.030523074082412 -5.634479422981784
-354.65236691186385 -10.682247203047636 2.3209197928743164
-354.6525935304102 -10.683183495555745 2.319963465024533
-354.7480534601204 -10.874411002289106 2.346073893409167
-69.77370536373918 2.7214176262754166 -4.175357596341531
-298.0386408250712 -12.697350027815018 5.617121088039346
-354.7482863353622 -10.872413809309723 2.3498355649894838
-468.2868074924546 0.8779221512290637 2.804749691711272
-468.2872872246979 0.875940099640269 2.802725227457259
-461.70323151378767 12.001713546697172 2.1493485555334115
198.66515534114407 30.8245830654091 -4.7715126311560985
198.66524941906744 30.8249717559897 -4.771115622851143
193.16008146385786 21.820525547219674 -4.794894413592718
-192.58821832970233 48.49587858198953 -2.0494111227010783
-192.411425908049 48.83528584625977 -2.1157406215049974
-207.68736484791253 36.80035386123802 11.694586078295398
-275.96739114658743 26.028000435404447 -4.642595303543213
-207.89847031748096 36.31868361382058 11.65418703266994
-426.8844091462643 26.276454373084658 -1.5713913928934344
-426.8844878248911 26.276129305973278 -1.5717234161776263
-436.2627217941184 20.629858243365362 6.576341885742019
-426.13894249978114 39.32989128273397 6.0101749466756615
-179.89951680946473 12.476108405142377 3.6366441190651373
-186.6179183835018 -0.23155365213478013 3.3142246185521795
-186.61789189759008 -0.23144422344629112 3.314336388818157
437.0179257657361 4.161696955113382 -0.52291250141482
793.3458662229481 -16.465598046168726 -3.7998040242178885
-275.3636473465341 26.95087153258235 -4.800515137055768
792.7449673506419 -17.579917983541606 -3.795484056700147
792.2371070601021 -18.544975080448054 -3.8077889513362866
792.2336917266475 -18.546738384357074 -3.8023280056799615
792.8021714860839 -17.493003126367523 -3.811683779294906
792.8021133969594 -17.49324312630567 -3.811928915078021
119.3451271175699 -15.904159970537501 -4.067727460790921
946.9562907750685 -21.9594959696794 -12.826352262928035
946.4904178017445 -22.696854213100906 -12.707094715682786
946.0500585833969 -23.396658961182357 -12.600705709796557
652.534069991625 -10.718713802473648 -10.275197969306985
-275.36360908914764 26.951029596069084 -4.800353691110566
665.5788072914609 9.477714691850277 -12.633737513915928
652.7696922456739 1.776616831751234 -1.5527681711471233
652.7228767989892 1.5986206253315496 -1.5370239417449993
652.7198621124047 1.6007133265999662 -1.5249075905819645
651.9671181168301 0.23561236344366 -2.224744874959527
651.9662017215169 0.23182620346273541 -2.228612053432575
240.9221159774434 43.769208300284895 1.6042555948170432
240.92134056616527 43.76600462650911 1.6009833667357356
240.91969908547338 43.75922271985085 1.5940563385274402
127.48270979391566 12.717033417232939 8.129974712837855
289.10839709623195 49.46581998281322 -14.047395946684581
127.4818526912127 12.721394024635856 8.140520345468705
127.74464784284072 13.17556639776599 8.206903685902777
127.74471022775265 13.175824146093413 8.20716694987693
127.21634786463045 12.09595626860122 7.280058700549394
119.19290582174943 -4.901199583982467 5.282380279889388
118.99515907874117 -5.333660607967261 5.232305090656359
118.75318369244876 -5.851897124071436 5.19104667327547
127.53981345593472 1.077035874379075 -2.725333718468471
407.3848875174792 -23.732215901138304 -4.0021950362759995
-357.34336542559953 -15.276685936494157 2.5340073530578437
289.55799352764706 50.141359618607254 -14.180168284317135
-475.2756191131947 -11.055675325518898 3.485406470045721
-475.2756653753339 -11.05586646130366 3.485211244080315
-475.27531731873927 -11.054428438041882 3.4866800386895274
37.850122561073555 2.2933861276834286 -2.2087408175950425
29.30471059245302 -4.406967329691674 5.493152679196403
29.306052444882276 -4.407229468456087 5.489055777185085
796.8911663205886 -2.797945132869964 3.1016198003705266
796.890429923488 -2.800987615972651 3.09851221241847
513.2815449440349 31.718462998124217 8.172445540807981
513.282409279541 31.72203407421214 8.17609303171724
270.9443424342753 21.30341378604355 -10.271999594409172
26.203233043956647 58.92021572646384 14.4456995109203
26.202238317476837 58.9161059369839 14.441501779645359
26.202933525823262 58.76924826114009 14.46322986983449
25.967198794887143 58.448864366481246 14.398459957970717
25.886776631829296 58.20281076592587 14.377308767996892
25.23113520555554 56.88686010553154 13.142842262474787
13.577689325980087 32.20438319590089 10.219692799848238
257.7338635200578 20.038082019350522 7.700521598463697
257.96762457306954 20.512513913396983 7.731437004773396
273.1379914893063 32.47070196909991 -6.003304421653337
273.7876927582493 25.699999655727304 -10.500383287243574
-215.18355765569837 55.462010708854514 -2.2617630861087687
-215.18352127538688 55.46216102480553 -2.261609555585052
-577.938760114691 30.548834236446414 2.271118188007892
-566.5764601700387 49.99511519156904 1.1718171436789382
-566.5764866559425 49.99500576286708 1.1717053732879024
-282.8870457125767 20.297206951451273 0.08844799928599123
-282.8981034827024 20.251650442805442 0.10213221101168823
-282.8976048695893 20.25371050323081 0.10423635511223084
-289.26641673870034 9.58600224739122 1.3081011047299655
-289.2674072170333 9.587438130092549 1.3132800559843258
273.7877242891755 25.70012992827153 -10.500250226982297
-288.8542578275059 10.275122124280653 1.2918560791999676
241.85386689171864 28.12567162113263 -10.026232873238985
242.05811234924792 28.371520323149777 -10.045427701721495
242.0580353460712 28.371202179458106 -10.045752652991277
242.4502217952317 29.041222215376852 -10.686650056118525
242.44664352834633 29.037665387784696 -10.684445185234804
242.0291970179861 28.380753406836064 -10.549057632387951
242.02903760831217 28.38009479282725 -10.54973034030237
228.48600454681528 20.233973871049933 1.148743804720388
-311.7370446226624 9.411921920425241 4.317330189023244
260.53426162478945 17.724728325563476 0.9871508453967753
-304.4800309504211 23.13365802900689 4.598047041448437
-55.046547301412055 2.4897668648384794 2.1145911120496352
-55.04495474752982 2.4963466267698657 2.1213116701337817
-54.39010920950105 3.688286020720961 2.116882586909181
115.34866711420327 -16.32764607634066 0.5787381798902999
-429.48227524885385 -10.922161094053358 4.655410642864864
-429.482217729225 -10.921923447050963 4.655653375331287
-587.8494194197201 -32.98943629630563 4.688113183026234
-587.8494194197201 -32.98943629630563 4.688113183026234
-587.8494194197201 -32.98943629630563 4.688113183026234
-184.19026218250718 9.26327404695128 8.151327760319198
-299.27724499086634 -15.216719155919154 5.2374428004446845
-588.1254798924043 -33.52655964651597 4.659543880240411
-786.5282082951561 -30.013158595992195 5.955308270213792
-792.733745481327 -42.30542818282826 4.987810871130567
-760.1818672741612 20.416013754928507 7.757495579964991
-398.2921161548624 47.653183503262404 6.444781410641538
-398.19141158557017 47.803898814460894 6.470113327416849
-397.82562131886453 48.38178414119018 6.50687637646632
-397.8225638631868 48.383971699387466 6.50207225030118
-382.97258217560454 57.31832623176485 -6.345441001777916
-57.200887315718234 -1.7069682170296283 2.7032246482617865
25.486654628086296 -12.469559734123942 4.7548776975367675
-57.20168806367969 -1.7102765703615406 2.699845501572371
-57.10019915799953 -1.5868280334448481 2.713572006213434
-57.100263017079875 -1.587091872353269 2.7133025213110784
-62.78691809443325 -12.34815252640433 2.3224706968347753
-62.78696281449309 -12.348337290936938 2.3222819784609716
-62.67764525382511 -12.101094442345907 2.0955811776098887
-62.8216258380226 -12.386122445996337 2.0896303984691174
643.3450358385458 -16.096100090774126 -2.564089180533002
933.4579523115494 -35.591869420691424 -5.183003719770488
647.5222121441801 -7.972406924639584 -2.6593965618820885
25.562082485828906 -12.290727523405737 4.763598030847283
647.519391631925 -7.975683483905424 -2.6578764871982132
658.4471420788793 -1.396232481866829 -12.091422922579524
659.2891521067176 -0.1332556693009348 -12.299860993847824
-77.18785880607159 2.985942566991671 7.442515133012576
619.4013142492413 9.524008248202039 6.357385374934241
619.3204199990308 9.253281663575976 6.346516789614089
634.7338962986563 21.36124493461339 -7.5321317359775035
633.0486741764344 18.55624310061722 -8.455511964704376
633.0482316100422 18.55441461426187 -8.457379580487865
633.0469976691282 18.54931648774652 -8.462586804248579
25.506555827686896 -12.434279875013345 4.753680949019962
632.0979037205849 16.883351194264627 -8.311349701754173
632.0930502786464 16.882331857016805 -8.301913061766516
288.55864434756955 58.56265344895638 -7.370218025286747
288.55858888602916 58.562424303357915 -7.370452074474916
289.7196925022808 60.59608851607505 -7.538969660919139
274.06029892609496 34.008380826860126 -5.804780406023567
-216.89647554115717 52.41054872194375 -1.6625843644775107
-484.29524335145356 14.817946858081573 -0.6666017270967804
-483.928081898621 15.434227044919309 -0.7742141510110438
-483.6826958019912 15.861798844380287 -0.8460147652015734
25.506943632613186 -12.432677628183068 4.755317481673475
-483.6838079682196 15.863164503179668 -0.8414437686593997
-347.9403182213708 -2.3059032982878582 -0.24458613269697416
-469.40579115660125 -3.358095869847235 1.6214489495076672
-474.3781635121207 -11.154871814912042 2.433182251494756
-470.65937173679725 -5.422027718099463 1.5472582758812137
-470.6597642451118 -5.423649397148487 1.5456018955510729
-470.64428866255605 -5.395671471070449 1.5350994323074856
-470.6442364921359 -5.395455924743939 1.535319591184705
-470.6441809007427 -5.39522624438847 1.5355541865494637
-474.53467592067983 -7.738632749400712 4.909297200976975
25.505973418309264 -12.436686145054173 4.751223189088728
173.00226652735662 -8.6561095267981 0.7483846597185446
-502.3543182299826 -9.801088177987626 5.310383908231424
-669.567537377266 2.339740403721721 6.842800411093277
-468.4572526349234 3.6072901704222375 5.240047474694038
-468.1676099415743 4.201829434855173 5.234407784559546
-468.1672170947374 4.203452513375179 5.236065595690496
-461.95510031380826 7.923040619839842 -0.11468235250488801
-464.65781285258083 3.8937960864105006 0.19595446420165008
192.75599266347584 14.608748144473664 -8.678300814192816
204.80727302669445 33.16423299735844 -11.316863798982396
25.355188557125278 -12.778739085671157 4.719444826718299
204.80672270417398 33.16195929538774 -11.319186156440537
204.80647029112637 33.16091643041029 -11.320251337929532
205.97915500271907 34.959197305408125 -11.605706740549671
206.68114453214196 36.04188042092647 -11.781465011914086
206.67635781067779 36.04236901691299 -11.77104392614072
-396.5975631362454 42.8467923981106 0.0698971034628233
-405.7257242192539 27.351680929477602 1.4915978172186426
-405.7257523700067 27.351564625075007 1.491479019573954
-405.7257333885886 27.351643052337714 1.4915591258772976
-20.989338587127637 -1.1568828136088434 -0.7401842904927408
32.097009403044815 -7.474388887970973 -1.3554172246627259
273.76763542986333 -0.6332078709268182 -3.858523699166579
283.54497809471576 15.918823681093677 -4.818473364983843
283.5419103027524 15.92172388286576 -4.806457992248829
271.1431845679585 6.190979626354554 6.347778182381019
271.52435683831396 7.046596820021446 6.432371116963159
-425.2736307651837 0.11272042407006466 7.751290429662949
-425.2731829740801 0.11457050833348004 7.753180102704367
-425.1768729979955 0.34787370448782573 7.772277672416752
-425.26466068123545 0.14490377804626642 7.7600887143472645
173.11649985508103 -15.803560375533113 -4.168200262122259
32.096945633352 -7.474652357663072 -1.3556863324306268
416.637135991492 -12.489249500128281 -7.667619805918674
416.63532382625334 -12.486520238338414 -7.659340312553582
140.90110283878033 17.31895123959437 -8.009784100728961
140.7099073004879 16.993965092090463 -7.959242694829328
140.70949864406765 16.992276695648474 -7.9609672205742115
154.35119097356966 37.97173788144333 -10.655064283956857
154.3502315089539 37.96777377772253 -10.659113213015242
153.56690123376882 36.62160149368002 -10.436860188439788
139.0293712059306 27.91810890594007 2.085104178480346
139.02947554686153 27.918539998985267 2.0855444966302974
-148.94730229488823 -7.9965389630445065 0.6953805298330582
135.3351793021754 21.20839504461154 1.4306307623185066
135.87187328234774 22.21317297556829 1.4210877738048109
-493.09987254315894 7.696008501880529 5.24564875812088
-349.5903738942744 -4.804255136318771 -0.10226988978607432
422.8908705801246 -2.7873543008022583 -9.274749521981011
422.89314841504813 -2.7779432462160654 -9.265137086208314
413.3222673076408 -17.569444578461027 -7.215296939600654
128.26863337514317 -2.285427639425702 -5.559503240053931
128.26911633269967 -2.2834322619197795 -5.557465164281
128.30120096175855 -2.215939162446854 -5.586059143867993
499.80224175629314 -8.780127638496195 -4.887838963460497
-299.02779048039883 -14.71112999371481 5.287041945718431
128.3321238034916 -2.1561085554972323 -5.605479177301161
128.37478458479274 -2.1117795671988553 -5.59903667781684
120.57947025473378 -6.803300535643382 1.156313616113549
111.96777012636353 -23.077929654919735 1.056123910340536
111.96765261957474 -23.078415139466934 1.055628036234656
-224.42081168435402 -2.5416291085827853 3.9401147334191817
-224.4219594118363 -2.5533455429307015 3.9229306189784188
-171.75869219528914 -49.45732132536789 0.4628853713031581
-173.01245425421072 -52.181769359943125 0.05784196309477324
-173.01245425421072 -52.181769359943125 0.05784196309477324
499.8011187874228 -8.778194759563013 -4.881473360361341
459.6936551471954 -82.42217828948766 -5.950403227867749
-36.80360327469558 -75.61456978000435 -3.766211294749594
-36.800337233396704 -75.60478341840302 -3.7596033250209504
-35.55449079547712 -72.8972287944585 -3.3652076812481098
-41.43628317437356 -77.61568488829039 1.988619278045837
13.798303790797478 17.887666235511798 -2.191252409934628
440.43142778358555 3.9363297646230597 -5.7086731819888445
440.4324939869013 3.940734868279754 -5.704173815305042
454.7065357603628 28.2682057720615 -7.222645871334208
454.7055827617321 28.264268382557226 -7.226667515426584
489.24174322673736 -27.030508429785552 -4.225629081786892
455.22360709215394 29.158773114105827 -7.330907455869444
-207.18500437253778 59.46785011135122 -8.951873092364648
-207.18064226140393 59.47281506547529 -8.953831124556181
-207.26860187483894 59.308504693590066 -8.895049267007934
-573.1898084743714 32.85664043824822 -1.7089456321275418
-281.5486163213364 17.381158208978434 -3.460919458639675
-73.86621599573655 -3.617997653291847 -3.3071586652663116
-73.86740181293648 -3.6228969505337156 -3.3121627994625715
-73.86730948326523 -3.622515482993226 -3.311773168767214
-73.86714695235416 -3.6218439733329038 -3.3110872892399983
495.89431338262534 -15.678996933847671 -5.134825882374863
-74.38310619889668 -4.421202988955445 -3.186222233694688
-67.14885260606906 6.752333597703386 -4.709337970582697
-63.89378773384292 11.525796285496254 -5.011976921759555
-72.98429721973869 6.097558643377933 2.8015102662125386
-72.6215848655555 6.830335963812369 2.810330764482142
-63.4469948624804 -10.208071582373883 5.518283398305087
-312.64968852533 12.531064265854504 9.255246703753343
-312.43472325472004 12.91443507379366 9.321036105443637
-312.43465873196374 12.914701654784947 9.321308391064253
-312.43490796218157 12.913671939971296 9.320256641160006
791.6538995832282 -19.766252766506415 -3.4947763771508935
-312.44865069134323 12.841594652476047 9.318372879009322
227.29999443705776 25.950095094381005 9.483814959695481
227.30002140526523 25.95020651572063 9.483928765380073
650.165493931097 4.104726220042128 4.535831904597817
650.6799192561521 5.197466433248143 4.629562047770536
646.5573304838174 -3.3066009181659766 3.3741915702451184
659.5774181860056 6.953116301727732 -8.38219079126034
659.5805766517492 6.955696232925104 -8.385113894335364
648.1321877143688 -12.604668426360483 -6.991629160935814
-74.4006183433155 3.662965832326365 2.387469326906188
801.2762478254771 -13.990881423000257 -11.821564115825765
-74.185252756516 4.058377938080752 2.3753195526083877
-74.18629633889192 4.0540662930820925 2.3709156417769486
-287.7686437820491 16.903289532714048 4.449449768850086
-278.0914065986429 22.722871263998506 -3.9382537142638276
-278.091375770771 22.72299863185268 -3.9381236208174455
-278.14564118578994 22.6064137441125 -3.906988946838034
-278.14177472239646 22.60963561866086 -3.910577566737525
-278.3466878185202 22.264627794523044 -3.8481636213196775
-560.385105082844 52.67778811046171 -4.196467009055711
-560.3851336273295 52.67767017655779 -4.196587466654133
813.1588359503725 4.276331717382405 -14.177759128182323
-185.92747710519524 92.34355431052128 -13.041118962978999
-199.2303255108884 72.15250179233611 -9.171931949685243
-220.3052985281483 39.19178848883007 -5.724343087800539
-589.0910147472006 15.316899832951597 6.782248902219237
-589.0911064551619 15.316520925261065 6.781861887033472
-233.77076522501784 30.074972163938934 5.256296658787696
-233.7710299659994 30.073878369407606 5.25517945866489
-233.773357604589 30.078082755029524 5.269468305694502
-232.30169283790997 32.77552272379683 5.371664965790182
-233.04669122327743 31.413171881838824 5.328629589367421
813.1619983429762 4.272447154000801 -14.190753408575771
-220.4050205578217 39.02786146303067 -5.648907891624252
258.85300219754856 2.5567063627379065 -7.039732710754913
274.3236762441925 26.740011994154045 -9.576174413189774
273.5359754684819 25.59630169410497 -9.471149669522333
284.4717454809627 42.22507672585377 -12.5581655047244
638.1324509471847 18.898785366746516 -14.401879505099405
638.1325768514411 18.899305550536916 -14.401348189683635
-441.20850348439643 7.003434589922729 2.6130055133680763
-441.2081527176418 7.004883810424406 2.614485744820467
-440.8856036353117 7.530941497606284 2.599129894120975
473.76173384178736 49.61080488212662 -15.669138918607322
-440.88486404825966 7.52929584709333 2.5943519544180464
-447.38426885161266 2.3749677945854684 8.468042214326934
-156.72470911334437 -17.238917120361712 4.973600230933451
23.120170950548452 -17.49815929741923 4.148265474520018
22.063682203270748 -19.64974346594379 3.7380263682993187
22.18962916264504 -19.38157881190954 3.768703681064205
785.0304608501907 -27.75519403866011 0.23436630680598336
791.2000130908523 -14.688262131959176 1.6894884823650937
791.1986603169973 -14.69385122447892 1.68377979112018
791.1979591410465 -14.696748188644412 1.6808208360207395
467.71088328458364 40.49171902994516 -15.097654287418585
790.7020981209223 -15.730116488402121 1.5820125637315954
-470.70184786932873 -3.235913865786819 3.11879931378335
-353.5704598715446 -8.852704702591783 2.144453714682358
-353.570534651048 -8.853013660181958 2.144138145602241
414.93054906658307 -10.884871348508605 -4.781933451182829
138.43920319643925 19.634727963344826 -3.851196991990464
138.44057846389208 19.64040998926175 -3.8453933800042646
139.2574436893564 21.078768062007345 -3.9700209213247866
126.84329856634666 11.302317131233988 7.215252931946749
118.9878616678518 -5.3336280846191535 5.254212172243211
466.6692937174597 38.89666118713866 -14.826883559460601
-301.101943503805 -19.109541571624586 4.826969150256275
118.98842076033166 -5.331318149654415 5.256571536565256
118.6314098648096 -6.200219237795022 5.550223826293118
118.52708215460413 -6.37630924246527 5.510388096340408
118.42264206608336 -6.562485933762777 5.486411134799729
118.42293632502773 -6.570203419793569 5.471712377494871
-584.6269223907636 29.326258199109773 12.181886591866945
-290.18240098294547 17.73233794099416 9.336265549721533
-290.1845884557758 17.730590078040006 9.339432618369951
-290.18461709404653 17.73047175669835 9.33931176502737
-279.33877231529425 26.278629344721388 -0.4401992432963504
467.46951159273425 40.1081165602461 -15.054033984597593
-289.33205195088 9.237225511919048 0.623678388402627
-289.332018673715 9.237362999232264 0.6238188178545618
-289.6618060503072 8.652936347563797 0.6724208734060789
-289.724786862531 8.464680886549697 1.0526620405042153
-289.7244684024253 8.465996630236601 1.0540059400775932
-79.86215431623057 -10.15707789039371 0.0024638404597703556
-79.94725712239855 -10.264444533148234 0.010994455043097318
614.8023170550571 -12.559970245850074 -6.0284823937299326
614.9914218523245 -12.307549468868377 -6.005214853227043
-35.765800279368506 25.961338562516126 2.8952278344877582
-168.3469403993662 21.33640753481876 -5.404336486504989
-35.987083292644215 25.534463560249133 2.910971983254869
-35.99235998992784 25.528127072383313 2.914199193783956
-35.99233681444247 25.528222823809767 2.914296994225968
-36.34081609024496 24.84375394636395 2.922580572983416
-36.02957547548672 25.365381464333144 3.5481637977007585
-47.18795094492292 4.193508960253864 2.7828959372863253
-47.18761863729988 4.194881915910451 2.7842982729007972
286.4196629788294 -21.574034253441823 -0.188168555392479
-417.82597769493066 -14.19759511268131 4.4410205934661775
-417.79275804948486 -14.15089019861789 4.440021855461984
-168.34613722382167 21.339725919534143 -5.400947090958065
-414.73527310870355 -12.310518070761786 1.7964459170327918
-297.29444444968556 -17.278245679772272 0.9246675747178329
-297.2942343444954 -17.27737761317245 0.9255542172798145
681.3232007598987 33.6199609469002 -16.783837648480635
956.8584067176931 -6.798103519988861 -14.96243362839387
956.8602391263922 -6.800267632852648 -14.969517773641774
956.8611483763481 -6.796510993139826 -14.965680744767399
665.4625766270722 9.384173050351775 -12.64468478762992
665.761549110609 9.756118009310102 -12.672799761883496
665.6819997122701 9.558320345573035 -12.624898044569662
-168.34580249606745 21.341108874329233 -5.399534541961266
665.5630433993202 9.274832188831256 -12.551701175860014
665.5632280423474 9.27559505636012 -12.550921983576554
-49.49071050919331 2.8368946486238933 -3.9024692841709974
-49.49058749472646 2.837402892842415 -3.9019501639117253
-50.33141495588521 1.6138449326311284 -4.13902263622144
-57.78844073066107 -2.862435795200103 2.2961701525876577
-62.81285242598314 -12.362094829535208 2.1026420572848936
-62.905286391900674 -9.073672048131224 5.461262280695844
-62.95491145322982 -9.193655535648933 5.454051391108715
-63.04782707767163 -9.429158108752839 5.433093691036084
-168.95484876222724 20.39448761426053 -5.247249314257187
642.968033775459 -11.167826181752591 3.0083496477639793
933.8176924639896 -30.218595472703104 -0.6808727333918141
943.2915122039094 -22.762816624986282 -9.21627675595085
943.2922318855951 -22.75984320297055 -9.213239706891182
935.0186096948846 -36.86330611626149 -8.237529495961498
937.8276190604812 -32.25496047938255 -8.27179872439504
937.8280707613762 -32.259052109313025 -8.279444244831735
938.0977116269509 -31.75513790126871 -8.311040952458988
938.0983579685835 -31.752467489530456 -8.30831339766313
654.2243343710305 -2.4294382478940584 -7.1766274913092065
-419.3653284057549 37.473552313757565 -4.019920719208804
654.2224685755676 -2.437146934797564 -7.184501130473807
-170.55864398253217 17.785237122185652 -4.130293422307029
-170.79429484360008 17.559128278458665 -4.116414528156888
-170.7944859196964 17.55833883209403 -4.117220868050635
-180.24016326173248 11.881193929872037 4.0529229923720465
-180.2350147882838 11.927412784321763 4.048806130461878
-180.23396615961897 11.921106413952737 4.034932363221443
-188.59048549418318 -3.951850046066572 3.422560574060272
-187.6301143127548 -2.130921634177909 3.150614801458062
-187.63008103557868 -2.1307841469197784 3.150755230847898
-419.36510445645666 37.474477578503844 -4.018975654523324
23.105006371699066 -20.3587256323304 1.2919503133230852
-154.48864549109567 -15.28001328327737 2.7251502841563795
-154.56647866550986 -15.417275587567072 2.7133146623574276
-154.56646169821053 -15.417205485782636 2.7133862642910764
490.43697608643 -21.14790515915148 -1.5244960202656115
-149.1453010645652 -1.2004455590079586 6.730435279818949
-141.25220626049057 5.022261126621767 -0.3913947264661334
-145.4105951867939 -1.9211258217844942 0.48428224207583026
-145.41057145876434 -1.9210277872887924 0.48438237455552763
-145.4119730850295 -1.9190953647183007 0.4915672475212583
-23.794932532177025 2.777443717126336 6.830625827138774
-431.04349336627047 24.50424697860724 1.994656204331176
-440.5372464593157 8.120643595212949 2.557458832837707
-441.3538425995954 6.761881698120909 2.6242942108973346
-441.3538700398589 6.7617683264526764 2.6241784131467023
-441.7326723444042 6.1247156653397266 2.648927357665289
-441.73242001779596 6.1257581726074255 2.649992172889245
-178.93585481490652 9.245729812904694 -0.27017245087977343
-179.03308736105538 9.059061444158816 -0.23368149933770288
449.6592666318265 19.645873059430162 -6.4362756287534895
310.0840368670178 9.146218934264523 -8.945306333537141
-572.9332754491674 -2.021856131164367 7.950417792392416
310.54790059288933 9.927171219007574 -9.102950454907697
-43.87641185020852 1.238436171002303 -3.4073593900582737
288.71193659819494 -23.621218816817855 -4.475124139479476
289.4288283687373 -22.517986575078357 -4.603531396808464
289.4288483084269 -22.5179041926682 -4.603447251472202
289.42915931393236 -22.51018418522258 -4.591465837827749
289.4291859823482 -22.510074002494417 -4.591353297263339
-416.32121619316996 -14.665614987203812 2.2394282225336735
-416.91593752893704 -15.579591418562552 2.3470393200735034
-412.18400411026636 -8.133299984169264 1.6312206941941159
-575.4915294370808 -7.423864411224544 7.4723865470969715
519.8677313610716 -31.39792717138839 0.5837285581318099
-406.6746918320512 0.21112227023955932 0.1503440027541032
-411.88760177262566 -2.9235180532738756 4.658325767166225
-411.8867331067081 -2.91992909153811 4.661991526816769
241.8153785868856 28.0878688827008 -10.017462514452397
665.9921082926935 10.097376682804018 -13.431403843134534
665.9911041148606 10.093227842096574 -13.435641463331097
665.9886090309145 10.082919206047016 -13.446170687335426
653.0705460589987 2.3286180095550044 -2.2876267903086704
653.5760904462239 3.3032506072632555 -2.29059158383631
937.6490575276979 -27.785815561417788 -4.9278514935513815
-575.4915073455336 -7.423773138173169 7.472479773318951
937.6512951304055 -27.787504632293828 -4.936329067909627
937.3746134841361 -28.32058344166796 -4.93712198719793
937.0316664474019 -28.977297821015384 -4.929894734214383
934.0252913290386 -34.553009504541464 -5.180541761883935
934.024971192314 -34.5543321753826 -5.1818927370198775
111.58633536793396 -23.46106169392798 0.5189482547911072
115.34433487277215 -16.348983468781743 0.5653050738593088
302.0071155328442 69.29023699247931 -16.57824863576341
-267.624378036925 38.84567978995841 -6.3188652702359045
-268.04571948687396 38.18703484484699 -6.19910371813517
-769.3000987509218 5.581406330729209 9.790982921498545
-280.42619018147633 30.7474892677205 4.503314391054445
-280.4277906435274 30.74087683260901 4.4965604606360525
-73.04456031511485 6.17795948506852 2.527131721510827
-72.621484393075 7.040461357854842 3.2114241672302892
-72.62154060478426 7.040229114620141 3.2111869541206106
-72.62157299674678 7.040095284618465 3.2110502602407065
-72.62279821988464 7.045393307891299 3.223712024670795
-79.52803598690949 -6.025946571533276 2.7196133030364664
-324.05733405962195 -52.60746946336539 2.0358466020924095
-326.1895366997111 -56.78429515949813 1.7977292750493934
-769.1080041576671 5.973654826141011 9.842456876918746
-327.4100959212443 -59.1720995666261 1.6526855200468118
-71.93243077061715 -132.48459513851176 1.5432049596265451
-46.57483380713499 -86.81312776769875 1.977842549437494
-46.580510982431996 -86.82818819308793 1.968835903141449
-46.580510982431996 -86.82818819308793 1.968835903141449
-46.580510982431996 -86.82818819308793 1.968835903141449
-52.529135104505805 -97.35944584814905 2.232107002693584
22.233348227173273 32.33313833855494 -2.9273745327760956
22.393423683414042 32.545003431124464 -2.8981889106963754
22.393048698008936 32.543454157223906 -2.8997713374309377
-764.0837810472534 16.738516812588717 11.42870557432352
447.1162599073217 15.301601368102844 -6.39747638186301
447.7668875444913 16.450702153582082 -6.480318675190095
-180.16851483219665 7.141958892531417 -0.2601073069498093
28.271010097396008 -13.93787811164988 -1.0681329968575415
22.71349581759619 -18.308331355183768 3.951503663537831
120.45614740350696 -10.789410154183718 -2.357589973005966
120.14802068532912 -11.307403104487923 -2.305549116695288
115.29005380108725 -19.554498495551844 -1.6937785563800147
115.28899162831233 -19.558886946127465 -1.6982609126245838
117.2780999951809 -16.231971101769403 -1.6983191576013743
-764.0837384677948 16.738692733050417 11.428885259348355
111.57303469064877 -20.722366493031007 3.444439507180854
111.57307883891356 -20.722184090889506 3.444625812608281
934.0028769773126 -29.989536170236523 -0.30576347389984493
933.7856104869552 -30.512353429016823 -0.35803741654477084
632.1012346500095 -34.023643833405295 0.6533473337141638
632.101263346893 -34.02352527036937 0.6534684338346588
632.1008551423874 -34.03157112660692 0.6398879916786595
212.22897738552052 -5.717197377784483 5.752923312232924
213.0259758447833 -4.07459998116181 5.993288749831663
-443.0307347067679 11.5760056989349 9.254757027848713
-764.083859213123 16.73819386395956 11.428375714856632
-447.33923028981525 2.4804684104552472 8.46531862736497
2.4823617655453774 8.68155134091103 8.062057921751697
2.4820176853276106 8.68012973681507 8.060605896235003
2.48199395449076 8.6800317026414 8.06050576687081
2.479967664343436 8.68264431582725 8.071982010554779
3.079098516333481 9.892161402131315 8.252293081178868
14.035717758419805 33.33806792166164 11.706435215661342
13.492770481256375 32.248828169143934 11.548377186544569
13.492805669362214 32.24897355122447 11.548525679382962
445.74278997107274 29.733005241865772 8.76559011393895
-564.7047720173792 15.312301459380357 10.111705086669424
464.1921868572468 44.19510123902689 -7.868666630486101
806.5370107150059 0.5234582511803527 -8.790074699579275
806.8984187082314 1.2178584032916138 -8.867237861453745
-350.6785310307213 -6.507824944823776 0.19160466703358736
-350.6785042509566 -6.507714302054439 0.19171767748834279
-350.4507535148477 -6.147214753793561 0.1334730340914967
-494.66587564386913 -1.030187359330427 1.4287252869006024
-494.665635644219 -1.0291957813740038 1.429738083852976
-659.0830662169244 14.301015229683951 1.5506055482951224
-659.0831283499083 14.300758522222047 1.5503433474928998
-564.9069167556147 14.850726883607281 10.07198965606669
-658.9627510780784 14.464454855020396 1.5410472423029133
-195.8538837817322 35.750065683450494 -5.988115212813359
-194.06237354256575 38.48604994532143 -6.86821166312022
-194.29545550933796 38.11126945490727 -6.810897230398317
-178.53853639752228 62.49009872927827 -10.010348754726303
-195.4662190844855 52.29930146100888 4.622264003769263
-195.4595371304943 52.306597489375484 4.617039006346696
-37.18184064629051 11.458434381158025 -5.417571045458015
-37.18233079616038 11.456409288068507 -5.419639472671761
-39.170388252507735 8.383664551348682 -4.719590250223615
-556.536933828831 21.41479059808205 2.5537227528816393
-47.766762350948454 3.195756489355188 2.730666863749626
-47.63696339660131 3.416310505026986 2.7538108162838237
-47.75319894521383 3.2172703956284674 2.7417710162331566
-47.753810726388785 3.2147427738710124 2.7391893077120115
-36.4776868441495 24.67101007190485 3.501404495534855
-36.131471263069905 25.225391103935394 3.5424890719663904
294.07385798188017 -7.014702512689388 0.3364758013392646
528.313360178631 -18.692477661138977 -2.032640887510686
528.313217828685 -18.69306579150791 -2.033241603483771
-296.8792002699974 -12.757110881680006 3.5184840694525334
-556.0950891697779 22.24898540089859 2.476545369435759
286.77991080615124 -16.96196523268714 3.2765785014282507
-296.8781458678789 -12.757784153308261 3.5147645084259356
448.9717328232399 18.346190935111675 -6.331849333322977
448.97634007843914 18.347836899105086 -6.34031001333287
-179.44284331280892 8.28023974269163 -0.17610210525978548
-186.00422695643417 -2.6711159986920756 1.0055248390107037
-186.00422428616238 -2.671104966137228 1.0055361076435592
-186.00414560755343 -2.6707798991107956 1.0058681308532182
-193.4206639565323 -15.511915711735078 1.3742051909004347
28.408146921197513 -13.853903482264455 -0.9551151322298497
28.408354720836222 -13.853044941224779 -0.9542382190616735
-556.0963749439505 22.250183056743264 2.4815484749629464
28.647042038399828 -13.409696214965672 -1.0036522067643987
-141.75749540234548 4.030141712698845 -0.3184467610056666
-141.4584193222735 4.589838729931889 -0.3545782301851498
-141.25654461362166 4.992617432697887 -0.39672808814716565
-149.14465900583073 -1.2185785647628835 6.721627632787985
38.47469289896983 50.52712687257301 -10.680309705792062
38.7180958421843 50.95517913688145 -10.743143327105695
22.559503918448275 41.23108354337782 3.2426469092836334
22.558712527662475 41.22781384832728 3.239307245314952
-435.2934198281171 22.008225921400438 5.571668219830736
28.835054938429565 53.16571813352725 3.274732138730799
-435.2901143387469 22.01044596931899 5.566518408716544
-435.3693962107485 21.838466731039045 5.589412261604445
-435.36941333740094 21.83839597081815 5.589339987142377
-435.3023418473825 22.01296682742863 5.572189202517728
-435.3023186313746 22.013062746274844 5.572287173983805
-143.6217189426588 5.383440675710016 2.8933094492569245
-136.8084926002475 18.229127688156304 2.9897952783436237
32.27617108767622 -2.9976835694025197 1.4218025325412382
35.10941806898859 2.161038272112326 1.8992482510078494
-145.21209073810334 -1.6572875432450225 -0.2621211515250419
47.29710340437865 64.27419610068402 -12.68583748811983
-144.98731563768445 -1.2926524427165687 -0.3013732563459185
26.278670216247583 -17.312405074665367 -0.990443700923707
26.27754754673779 -17.31704347456304 -0.995181358953395
32.32103557312531 -7.003669635119217 -1.73756868372993
-179.35270032840853 8.559409325408511 -0.3886489451233429
-179.35272285969378 8.55931623558242 -0.38874402701413835
-180.07701227701955 7.395103885619182 0.08220359029811042
-180.07699815639424 7.39516222612337 0.0822631792519889
-188.12412610908487 1.0329337665137497 7.35977058220006
434.5075353810596 6.268993584281004 6.219477824000982
47.73100319021712 64.95934531918353 -12.821631334705666
434.80905817837805 6.827590913091394 6.298678917309855
434.8533964705117 6.870850599080133 6.3109170422950776
434.8564926353781 6.86953063251081 6.298886180113982
190.90874712849265 17.897133553470084 -4.38998246167711
190.90923243138224 17.89913862163366 -4.38793448659189
190.9076445054235 17.89257797705058 -4.394635523860575
190.51068994271668 17.21702581215212 -4.311675543629639
416.2507453252465 -8.588770581040363 -4.9957213296686565
128.62677671696332 2.974623210618541 -2.4716410810005534
128.6267525948667 2.9745235481323817 -2.4717428762004436
47.72982494889588 64.95447733529899 -12.826603493965742
139.75880716482118 21.989230419399423 -3.3725603481223323
139.69037405320398 21.82169154649685 -3.343337211738083
139.1734867898022 20.950661663205295 -3.955551420471105
139.16859497728856 20.946313343591925 -3.951026612190771
126.78789068312555 11.19193225756412 7.218972181922414
-497.64186384279014 2.185388142795292 8.144590962094519
-497.8370395763134 1.7581872481747343 8.103329391221873
454.5479471206714 37.248581321748766 1.212803106519621
454.3440862316958 36.70916346887963 1.237910943033973
454.2622832237724 36.8195574900275 1.2090271506858807
-420.19075236573156 36.24422401143685 -4.067878172795851
-176.2712774109023 19.363272098363716 4.353500189610666
-176.27106909729497 19.36413276257421 4.354379270821973
-176.27124645408168 19.36339999892773 4.353630827066184
-165.36468037201368 25.901647852463622 -5.076211788049749
-176.37612487540437 8.927361007384729 -3.1148337261621
-176.37658968774846 8.925440598534054 -3.1167952286234093
-176.37620197497856 8.920858473756672 -3.1250403683306787
-175.8867502714929 9.67351042976054 -3.684542431309005
-431.8195167908169 18.228044384582567 -1.4570371850855453
-145.94919869446497 -6.26407038022974 -1.897976428052413
-132.90028930763887 13.996605265058713 -4.996945292713746
-146.01521535528855 -6.356529858563656 -1.89347343383095
-438.5025933733263 7.9232215069717 0.03149839090316975
-438.5018909918307 7.9213146647122095 0.02667429039404967
-150.57543903176128 -13.399421279044263 -0.8707125325081877
497.0886805255477 -17.784931478333885 -7.497994070004324
801.2547702384337 -14.006613577769706 -11.823600538512528
801.2551881833018 -14.00488680922713 -11.821836819491827
801.0752827445835 -14.31007592763301 -11.776413441340738
800.7021422738289 -14.975393717769796 -11.662693287209587
812.0299891617987 2.3944972362878536 -13.869481809928477
35.14219580533399 -6.101496295301224 -4.435102710401124
812.0307414610611 2.397605420432723 -13.866307115026762
807.6720546409566 -4.048722354121107 -13.452753819045462
796.3109677249446 -10.873529425974247 -3.6534166447425553
796.7164201002505 -10.118805510422133 -3.6655470028755035
796.7130357178387 -10.13278835313667 -3.6798290555901687
198.67948984181635 23.56004231298903 -9.407449120569815
198.1731110079874 22.707836381112113 -9.24345136633721
-461.94925368035587 7.94334020459312 -0.08662081201209659
-461.9493058508321 7.943124658028925 -0.08684097113087719
-461.6175531275542 8.518698402389445 -0.1878495210789487
35.1421388203981 -6.1017317331850975 -4.43534318650881
-464.14021846580596 4.702653751923044 0.0847679282060333
-657.7664064463261 16.29048217310103 1.147731802545071
-664.2275349730284 12.400555336770754 6.742082956638328
-664.2253253765496 12.402041434987172 6.738654528741536
-664.2248456439224 12.404023488082906 6.740678994535983
-664.2246413158301 12.404867685819212 6.741541256903104
-664.279924113223 12.288196456321806 6.740895274068542
-658.2171472447726 23.75524411982574 7.03540574504367
-494.0304810719566 5.904514095613136 5.452546608715504
659.7108730149296 0.2724235999420168 -11.832874351531146
35.14053041817779 -6.102751419882922 -4.4336497981529615
294.4408637675553 -10.911617503581526 -3.6427119151642042
659.7111765907042 0.2736778479870461 -11.831593263450387
217.8271491861984 -9.098284335551176 -5.257876512796983
217.82695936268416 -9.09906860684733 -5.2586775669292365
219.85442867681846 -5.981739710048501 -5.619092040188071
236.6779126420097 20.42535423640017 -8.226032684749654
-306.8218997555693 9.526750146125913 -1.3075357262473988
-306.8218938217987 9.526774661978738 -1.3075106857726988
-59.4124288486648 -12.288216785315752 -1.794652598134864
-59.93845491410375 -13.086796627178543 -1.7010445622389265
-52.72570603049977 -2.0947474706510927 -3.5440914567884048
38.6366757873508 -0.7953959265300256 -5.004361378329207
-52.72343188420895 -2.094423938417825 -3.548612877896787
-59.52951725499267 -6.175338524592838 2.3381175252040314
-59.44430234102225 -5.995006388932443 2.3209814488854157
-67.44315620159665 -18.561096721995167 4.726374768857225
-62.61878108532799 -14.728560302840524 0.35924736616851016
-62.61852668201596 -14.727509215452073 0.36032094509332213
-63.132324976545064 -15.597948230427425 0.3954583358666146
-55.968417285291004 -3.554421314148053 -0.7505955722376652
-55.94086935390218 -3.4845302660804567 -0.7638482800927302
654.8129633058668 -1.2601131290595509 -7.319886979591004
38.63670047705035 -0.7952939190319464 -5.004257187936214
643.4851131178866 -20.641229746687188 -6.230422599314398
643.487783480785 -20.648455820743145 -6.206503180437782
643.4870311817538 -20.651564005124136 -6.209677875090168
935.7631343880898 -35.596246742935755 -8.336325245068021
935.7616406994384 -35.596776109000196 -8.333756259915958
650.8483538941599 -7.985312350824287 -7.216426029679205
650.8474348786802 -7.989109336156716 -7.2203042651720395
-36.80824867748421 18.068580875184924 -0.7622396793335792
-35.889986825669276 19.620887137332865 -0.8163331833095857
-578.9808025914901 6.399865575749397 4.126938273145022
38.050922922193564 -1.7228988718261822 -4.85553095675816
-578.9807758739939 6.399975961246997 4.1270510208079605
-578.9805458045904 6.394662191299829 4.117180183126791
-578.9806215691743 6.394349163784421 4.116860457082021
-578.9806241405997 6.394338539765199 4.1168496057089445
-579.8520995557312 4.926286165084489 4.187177055588633
-585.6413289317236 -5.149474910446818 4.441891312564328
-589.0631727314166 -7.87113295688213 7.53903660131026
-584.1372178676821 2.5012524997579737 8.548743926665313
-417.4851297571311 -11.557049050100563 6.2557091074396745
-417.49899363911754 -11.593447887707287 6.256360465101715
38.61489464213903 -0.8305046943715727 -4.996637226011174
-300.58285314473176 -18.029162031939794 4.960279687115808
-302.48618299831685 -11.061552796187835 3.9300418430521087
-302.4861291498364 -11.061330316744348 3.9302690833776035
-298.37555335880586 -3.2631575078591704 3.9429440184939377
-291.3831345630582 10.016006568239765 4.303794089886068
-283.0140495216693 15.055994752496073 -2.933594307214654
-283.1633867747897 14.773492431575828 -2.8802146222678426
-283.166911808778 14.77004309029106 -2.877796791115243
-283.16749216183763 14.76764531468379 -2.8802458772467574
-283.16746133396003 14.767772682574641 -2.8801157837665263
30.83650968217677 -12.808171963375885 -3.367874873277454
-283.0275277771829 15.010507766875097 -2.935521306835266
-70.27398003093322 1.9288991907238344 -4.0679922571211975
-276.64962816497723 24.94711048763632 -4.496374929790391
286.96503196592323 46.125954799576974 -13.540764669803798
287.8404701912121 47.498960066998485 -13.743160773730224
425.6966187681361 1.502776992660816 -8.994556859453539
-348.1874998002708 -2.6591894895950925 0.03782644146838443
-348.18747508796514 -2.659087388682854 0.03793072727002922
-348.1878800719547 -2.656865859729647 0.04246383096222295
-348.6868361452141 -3.4409898427905055 -0.2153586058468302
138.37664619213473 13.439286869304956 -7.874471303533772
-353.14275830584177 -10.309630073020928 0.710956092145636
-356.8873556958456 -12.56250869082578 3.9507215134875158
-356.7965537315853 -12.38517921141991 3.949546384008269
-475.1160994378484 -8.825563541753509 4.959365850975619
-475.0654766639172 -8.739367689859108 4.967375509327406
-475.0651436355514 -8.737991756906135 4.968780884996574
-475.0650179945459 -8.73747266111744 4.969311088703419
-667.3083957257425 6.573031046694899 6.689650377216179
-667.2710502681783 6.632924716590145 6.692998650093922
-495.0910832813886 7.449109529163073 9.259063982770336
138.07040660751775 12.971738408363604 -7.789754953651546
-495.09047996824074 7.447022800880115 9.2534255827767
-495.89670419845197 5.855087408074107 8.564335112082045
-495.69041019499514 6.29595217125698 8.599414821940425
-499.4585093544751 -1.6623872947412957 7.678789442941207
-358.8612550259216 -14.438935012823658 5.654080387231697
404.34910831684647 -22.056714053817558 2.237951032067916
168.4705558770306 -13.519311433391264 4.318185035173742
168.47073996199524 -13.518550871466733 4.31896187253452
168.5194446691003 -13.443533706403025 4.327900390280158
168.34173134249315 -13.771212331951212 4.282201099345744
140.96233799480567 17.431500892385877 -8.045481089610066
175.81530364933965 -7.857051058963953 -2.4665021679794976
175.81470131732434 -7.8595396424669275 -2.469044005208662
175.8146815151493 -7.859621456723313 -2.4691275702476263
-53.01216779612739 -2.58857250538042 -3.488931549781958
-52.79599673586102 -2.2176070353511332 -3.557021827188424
660.0544177085122 0.8514256148754646 -11.97517619724763
676.7440669481596 26.46457351704493 -15.273713582808586
676.7417299083445 26.475824432035942 -15.251137438539045
232.93549589798297 14.761050219305899 -7.583564514110555
221.7996171810663 8.030825633931995 2.0909347535893756
416.6774810207025 -12.409577850117495 -7.685051111950226
221.7993062434813 8.029540970713382 2.0896226007310217
221.79928179744275 8.029439969898602 2.0895194385371196
221.79930672212362 8.029542948386789 2.089624620727167
221.13163540864736 6.780181647213417 2.0373875543832254
638.2642338396896 -25.379539227069593 -1.932405734564957
649.0123371785714 -5.3160128467708265 -2.182440868064967
648.9430683330695 -5.491433382690976 -2.1748499366719827
-307.7096310027062 17.056271673887995 4.470398084127257
-60.02697485494862 -7.075317559700831 2.20561226223123
113.45373427302714 -19.894793317333523 0.5597228040150795
416.67780350772915 -12.408245468893158 -7.683690218778331
294.5893648740003 -10.653276653888566 -3.6689576363073675
937.1373027008294 -28.61055154766245 -5.113935154909344
937.5319160043067 -27.907833105425652 -5.132031976776086
937.5341108557818 -27.90559952891487 -5.133759315765557
941.0726925988401 -21.36065077213785 -4.829459356648545
951.39065738965 -15.184039050403277 -13.742121954879984
950.621586328925 -16.40091264248029 -13.549583675907865
950.6215090086656 -16.40123209741367 -13.54990996696814
950.6229646079632 -16.39521817116785 -13.543767347403902
940.3114823725807 -32.266242557610795 -11.40366676802179
940.3110877848188 -32.267872828868256 -11.405331925840512
426.3400037074277 2.470866902352369 -9.605756725932123
940.8119284671706 -31.47196651591528 -11.52978365210781
415.52521686827725 -9.84493683060232 -4.878527771465955
415.52506730932885 -9.845554745607354 -4.87915890942661
416.25047583184 -8.658205314229976 -4.383965254423266
416.24949360028177 -8.651680750247728 -4.370578383942795
407.3232218592199 -23.871494477463138 -3.707117404094241
406.94871352177813 -24.444470902381042 -3.6843430316375065
406.9492262042608 -24.442352714296256 -3.6821795177829997
142.65309654317346 -65.11491679014446 0.13750350196920902
145.33856207623535 -62.963875132310164 -2.298522073885945
426.0774688170852 2.027467896296511 -9.525110065859362
145.33856207623535 -62.963875132310164 -2.298522073885945
145.73628673805382 -62.106921113003715 -2.169193310970627
-488.1676658120525 -34.46403854512196 3.4505082162079326
-487.99635807789366 -34.09230951210811 3.5072862902820994
-685.9867499424557 -30.04959704849615 4.578883834521665
-488.2762795330078 12.454607377003514 2.1673889484513764
-657.8892332541616 19.94959465478778 3.7277551425723363
-657.8890754663549 19.950246567896794 3.7284210061144814
-664.5619878645234 8.516654319622548 4.284757874582602
-664.3769489779106 8.804523836859298 4.278791309873407
425.6064355247551 1.2145926466216288 -9.387182202110631
-664.3139482585221 8.888904308265332 4.276455485997474
-206.55627814029552 24.598964572671505 -0.5172987992420273
-268.093890771361 -82.17789265693442 3.6681101713810036
133.4844342629194 -81.37105465500947 0.42320669409306066
133.4844342629194 -81.37105465500947 0.42320669409306066
138.9605157217245 -76.962615870564 -4.560877367713313
140.62857665791293 -73.31223355594744 -3.984074650090411
140.63058751421792 -73.30665360426354 -3.980921065064176
140.63058751421792 -73.30665360426354 -3.980921065064176
-412.2969727690497 -8.4755611453195 1.3437143024309124
184.2674728633577 1.5890654390613792 -5.997993157961123
-412.2971673063482 -8.476364891910212 1.3428933562996495
-576.6434870614896 6.951159649501165 1.4524851884787584
-406.8176559427585 -0.01492015041595085 0.051219162703719734
-406.81893501749914 -0.013160070243246946 0.056598466001429815
-407.0492631076819 -0.37304628675476315 0.12152178596536911
-407.0492321795545 -0.37291850469104104 0.12165230248405356
-407.5192450328703 -1.117466729928902 0.2408764680860226
-412.50812241522715 -4.105932152699157 4.536488996256213
-412.5081461904747 -4.106030382069957 4.536388664841259
-412.2087212551797 -3.5256220285063575 4.542304264071935
175.5498243722842 -3.663857638239148 1.56369327363833
-408.1280837383143 4.130277319195918 4.636592920531243
305.8154508920524 15.081710610239323 0.20297609866934396
301.3463225022253 6.9275026747191415 -0.20593814169301472
-202.51537213113366 25.339762931534906 -5.187969494933999
-202.52017218448665 25.334068166913454 -5.18635475471873
-186.11625745791204 50.788960343925375 -8.477695329043689
-186.1161793388485 50.78928309920124 -8.477365666987671
140.05774319535178 16.031031408601883 -8.05041099623963
140.05896387575578 16.036074745947975 -8.045259739720759
-491.0063272464668 4.607459387023289 0.5124750013096486
175.54949661517173 -3.665211793253373 1.562310140763652
-491.00597486057325 4.608915297318576 0.5139620660334807
-491.3307889845381 4.1306445217366665 0.8359886866154641
-348.16918372152355 -2.6485196100783446 -0.33397800487171747
-348.3741622369843 -2.96978385448573 -0.2777136252328779
-353.400010695851 -5.9860074747459375 4.0561621938101675
-353.78362975184143 -6.72518738765182 4.058073182096593
-353.5482646830144 -6.269340614503489 4.061940602968695
-472.7221869018046 -1.454128487194882 7.514637466497589
-472.5173953979905 -1.0303890390894248 7.557457638043085
-357.8508487964621 -12.272384611228066 5.83460052179759
175.54948413616725 -3.6652633512689357 1.5622574794396888
-357.8508784677868 -12.272507200722812 5.834475308968397
-353.6694716822222 -8.97762541125078 2.0550774133187355
-353.6687799484429 -8.974767457187433 2.057996525365544
-352.06775387553864 -6.288882955477373 2.0582821135151423
417.9361106176119 -5.756609939062468 -4.953645515316988
427.2438019020959 9.908980402619342 -5.9418228360871
426.7417892022435 8.987771383192651 -5.843976730030929
426.7415463415865 8.986767984730147 -5.84500160045135
426.7435307243657 8.979786084644479 -5.860864088543491
128.84209523168607 3.7677232244973973 -1.731968772356455
-473.26106711625545 -5.243209661565069 5.316233610911464
129.35023029151154 4.612630674551258 -1.7699434107356289
-56.65516852506017 -4.727244516734696 -0.7838741739033775
-56.58739281085187 -4.622301226743179 -0.47105055357291825
-56.587684616846026 -4.623506846828353 -0.47228197298222585
-56.59010120815712 -4.66470480318231 -0.4678446599817038
-63.27592865810707 -9.936342242146521 5.555283112812786
642.587864475959 -12.013133088496973 3.211998685618903
642.5863111830353 -12.01249054250696 3.2179826206621964
634.7379053412271 -28.659695662340322 0.9688211143254826
929.1211512776605 -40.266091534674935 -1.7142729304001785
-473.26013511544477 -5.244139081492713 5.311748890098255
928.8554979420857 -40.828441107906656 -1.7597518511887418
928.8555752625088 -40.8281216522982 -1.759425559435789
640.874613799179 -15.534727181204424 2.2869517777849677
640.8745543610356 -15.534972754721274 2.2867009491529626
641.4754096218244 -14.241708395273347 2.4188771566643346
-28.550716665834717 -7.358386492402742 5.67190790927267
-28.78285070702784 -7.810486166480002 5.612269771270874
-28.784465765788585 -7.812441192469993 5.613755081714328
-28.784412973017158 -7.8122230748475046 5.613977866912301
-575.4280156827676 -7.316689516402801 7.342093799559151
179.3743502271199 3.4240066572035652 0.8650166832661328
294.5913611091822 -10.650993451508592 -3.670047063276271
