-604.1709605267578 -7.105366803782254
-602.2816674867985 -1.054780121987572
-602.2816208275079 -1.054652053971945
-602.2993782747062 -1.0586833085287481
-609.9036549506914 -25.372303503778507
-447.7977095144689 -7.0378652149520295
-446.3337039098928 -2.9697652949370306
-446.33329316309585 -2.968637898967741
-598.0995890811762 9.593965707416896
-433.78628475631666 -0.7950259779903743
190.06497045560266 4.737369946077739
-434.43885367626524 -4.324539240675467
-434.44017213451866 -4.328158074783698
314.83292469314756 -5.455728816814191
314.83271440107205 -5.4563060156393135
-50.29430568559592 -2.5618737324375673
-50.37571617199495 -2.6386451496537706
-49.787615888458305 5.409336227275735
-49.78825228528463 5.407678697826292
-49.79810614311556 5.367411623814945
-49.796839219230925 5.365051023288319
190.06540461086752 4.738561592990204
311.9131926461573 -18.38804399517927
315.07777292421724 -5.558839347092982
315.0776480951188 -5.559181971566404
-306.84851697291964 20.85863871204535
-306.8487533728423 20.857989854020875
-626.3101034639824 9.006387480993897
-627.795730288863 4.942057778077071
-623.897337975566 14.687571331537313
-623.8972454788573 14.687825212850402
-623.7617668224447 14.813593703975034
190.03505857257204 4.726855052478395
-311.1873726679785 -3.716604079230609
-311.18689686391167 -3.7151546511089046
-310.9464140126534 -3.489943716067015
-310.9466810250224 -3.490676597417923
-308.54769020480353 13.76289096193271
-308.55976344025254 13.790562342909334
274.87590687135884 25.11799549706931
-61.440014142291325 -13.585817722018009
-332.47697000847694 4.674757000059746
-328.36997584826423 19.416690971311176
190.0339353339955 4.723723110765178
-328.3703669826049 19.415617406454405
-328.37104443642073 19.41375796723794
-328.3710889637349 19.41363575095046
-330.6197278629783 10.527797440651309
-334.9775595897851 -11.697774973237935
230.8462466170574 -17.362566705773506
230.84290332238058 -17.37208104710976
231.0340121596014 -17.162993296025824
231.17523057151053 -17.02081777280674
694.7214611272636 6.168871812216608
194.90164919236884 25.772746587465438
694.7613688401618 6.146365268340306
-480.45585957916353 -30.889498994795506
-480.45585957916353 -30.889498994795506
-11.61758666258684 -49.3487734309887
-11.46387839364866 -49.19559473546534
-14.591470299988671 -55.37469898072295
-14.92539767383569 -55.73229779806408
-14.92539767383569 -55.73229779806408
-14.927555553029254 -55.73794142246814
-14.927555553029254 -55.73794142246814
443.13109709432365 -0.25435900733351113
11.714611115715067 26.16460002787587
11.47710290014138 25.964539187439442
14.659123874186601 36.631399060528096
534.1882843972733 -2.0218075364657846
849.1701560352301 -2.0587343171607033
-231.50700054383495 -2.1874972061093123
130.43096332419142 -20.759792517398296
130.43101721795773 -20.759644592577033
-526.6411258921869 -11.98011594852663
-525.7787587870606 -10.218808808829786
135.25820568073755 0.2461682081187554
-368.4534813224854 1.5512699255674138
-370.3840833292602 1.626994107415793
-370.3305149168235 1.6788379937373055
-370.331301907469 1.676677902564391
-370.3914239354435 1.6429672126893835
-370.307204222553 1.6972789140984776
-370.3073660109227 1.6967457045334302
-371.9716477936429 -7.025122420811439
-371.9716712288506 -7.02518674456619
-64.69020638336019 -28.665626648520423
-524.2275316632555 -1.4772095468579667
-64.69021033812257 -28.665637503394795
681.3251620277144 -45.64233761353082
1001.0515253814771 -36.816394317350266
999.8518591174169 -36.583696789242026
999.851793933563 -36.58396320324477
999.8114469820559 -36.60137305154914
999.7406603337016 -36.71793337073916
687.1237180034955 -13.485085934655078
687.124802438204 -13.482109434453125
687.241308617462 -13.372400381691682
-524.3829424423593 3.0211001111568345
687.241626842966 -13.371526933528008
689.0319711743265 -2.906765439979482
693.6955742547921 21.10253820783105
316.61212131102434 -3.356708904639326
314.4889502457807 -11.563189149410691
314.48578034563894 -11.512607175916944
319.09192844119934 4.431872032296154
-51.77899387427176 -14.20871363518549
-52.06200384236498 -14.522697115996879
-52.062045213875116 -14.52281067040459
-524.3986343930815 2.982816036521354
-46.51364861795663 19.463194060004433
-52.16972476554742 -14.640689465980557
-52.16969659046659 -14.640612132531164
-46.271805415045 15.117371560818338
314.3536338795074 -11.636346325204032
314.3537434543246 -11.636121133328047
-434.6797627539594 -7.4183542331562435
-434.6800370595639 -7.419107132957919
-526.25549718254 -8.159135669875617
-373.24655010631693 -17.192326499702585
-373.31009729059866 -17.254879663650325
-524.3993557150385 2.9808361893098585
437.0930743810734 -31.309171994284196
437.093024532127 -31.309308817115646
437.0478790961674 -31.33870569168059
437.10139745177344 -31.281735549539235
437.1014377169481 -31.281625031786433
437.1020307414816 -31.279997329553748
438.57291808790495 -26.75318356560411
175.9938680937072 -50.22180031395751
174.12689083214883 -53.865192718533926
174.12499929145727 -53.870207558940855
-523.5463937377986 7.284270473535339
189.7404650426551 -4.959024695217917
-599.5761886816967 10.725629714625171
-599.5754260670651 10.727904817751591
-599.5755258688899 10.727630886882224
-599.5756348831807 10.727331670076694
-596.3107416072432 22.01869382380553
-8.908214231607895 47.23797492314565
-8.877633413214255 47.229166542317415
-8.866418674835524 47.31790418645782
-8.95153922200127 47.291460370396116
-523.5353294053566 7.296036888374407
-8.951967260421231 47.29028551357406
-435.2329096321968 25.146359287390606
-18.96806403189472 -0.715039298079894
-15.571782010143513 24.630373033710068
-18.502260300345853 13.063303022619714
-526.7032251369583 -7.503897277487335
-526.7036153602886 -7.5049683422590565
-526.7086113347812 -7.496586947011257
-526.7087345080349 -7.496907474789834
-524.8206697705639 -0.7277711697270135
-276.05140839988195 -44.76160137189311
-524.8206490422101 -0.7277142756000528
-523.5491854485231 4.284923008272404
-703.3938218329496 19.48564010354455
-494.78383784580205 13.364127849076315
194.1455932706304 29.928843031077793
198.59230972299883 29.73052004161232
198.62211452941776 29.73894716262596
198.62207614350189 29.738841802931056
198.68552695951777 29.737351774077066
-704.2373420302383 12.809251346601336
-277.8018380530272 -48.01904321440688
-704.2374203774353 12.809036303287595
-716.9345026972959 -25.373506848613253
-716.935853201599 -25.377017435021017
-716.935853201599 -25.377017435021017
-716.7938699526504 -25.25450692985283
-715.2159962676341 -22.34367605367666
-246.71872358371874 -41.486764825605476
-246.56703398615494 -41.36228871604424
134.06946077759258 -4.234780321923071
132.2884100683134 -9.596152211250455
-250.76311555911877 37.767392630039254
437.97206826299725 -28.746193126305478
437.9720534744802 -28.74623371710058
437.8423377379212 -28.86070502075367
-437.0923342887747 -18.636594907187053
309.5286003842488 -34.072602493110544
566.0382296490915 -22.332531952629182
566.0390100964814 -22.330389821029677
566.0545271459438 -22.34899023308902
566.0548524015829 -22.34809748823301
566.0559011232319 -22.345092710003886
-250.76325919566432 37.7669983838821
564.4268336210758 -21.986762764967754
564.3270614155733 -22.049531763408464
314.800141661588 0.0739588752157152
314.9086932718958 0.12822390782534887
314.90815145104796 0.12673674600173723
313.8752490254576 -6.775543762622734
317.4182515531548 10.801265661573549
34.72146401356685 -8.079910505304813
847.0112859970791 -11.332792563787375
846.9731192208995 -11.360375895433421
-242.30350134197369 63.3226538389882
846.9741945781225 -11.357424311680958
845.5480124844346 -18.818915997347872
464.3995217090096 12.36498016116148
464.3968313700393 12.357595861798028
8.39043708097533 16.00336873554404
8.39058572610304 16.00361809282358
15.05617659326822 36.31849555509723
15.056080455432777 36.3182316780855
14.90469176884118 36.18572606334282
15.011149560770303 36.228481579346
276.47852964253906 22.705701517226867
-16.747720741484954 -59.13926281225054
-601.3137652564758 4.316763697479589
-603.4141716692004 -3.2890185318257434
-23.115074348458496 -3.377449702821965
-23.114405974433044 -3.3756626938316456
-23.17595652932366 -3.426002921423987
-23.18780630041821 -3.40820738579266
-25.809978804315577 -17.95369367431393
-25.810381216179728 -17.954798198535915
-24.656193185972445 -14.742647106255788
276.76996628306085 22.914347573401347
-46.513154260461775 19.464550948985064
-24.65615076058339 -14.742530661061553
-442.98944382600104 6.017818452958825
-443.1491323175734 5.898104352172318
-17.891894045159994 16.816666240628503
-17.892033784675025 16.81628268751824
466.7181399089781 15.485567727377607
463.5277949509402 2.9446919613675404
847.0036544228003 -8.520893212479724
847.0056425501498 -8.515436306238247
34.71807796513471 -6.389496719610581
276.60662485522505 22.791580050789747
34.71876668419191 -6.387606359908373
34.719423944627984 -6.385802346169192
34.6775952386472 -6.421427913018567
34.72809069682641 -6.339522353021705
34.728060852598794 -6.33952657732789
36.44735388087389 -6.309745610360117
36.47412279684054 -6.307614114539797
33.56341427879596 -16.398439531987947
-153.64746955314604 -2.4809488714754657
515.959825178616 -61.58579999328205
276.6068047056233 22.792073694853983
515.959825178616 -61.58579999328205
515.959825178616 -61.58579999328205
516.0708634044918 -61.47567421665636
843.5081973089135 -35.021781308098696
843.5060347779178 -35.027906152267455
843.5065093341965 -35.0266036195519
32.618598032417374 -22.296197087058932
35.51695070136121 -14.390350711223968
37.057571954803656 -10.297499173973076
36.945494721508155 -10.375121977022204
660.9103601296131 22.847133870659537
36.77367942486439 -10.492285653477442
-190.61232609104215 9.144344833128278
-191.65824909496374 20.71684635442372
39.21356169888885 3.4338321288671474
41.10520626243381 10.514287271851751
37.197043925915146 -2.6831427216132973
37.185562261765675 -2.6648519954787906
37.18532586175837 -2.66550085373388
35.232591185228095 -2.317740333785944
-151.37139971974463 16.719783638908744
-76.93909147149411 12.428045397461217
-464.93431609502665 25.515934797746155
-464.89545732449835 25.549417807302643
-464.8951521535863 25.550255424299543
-464.89531320061127 25.54960750278699
14.316657322755407 44.71640414496626
14.466568939293113 44.81617406638066
14.465100708402103 44.81214414652005
275.92555455211067 16.858538312880746
275.7500755041334 16.722444599521214
-277.3656548441009 -47.61619660983328
-76.93930713182009 12.427354508784935
-277.3656548441009 -47.61619660983328
-281.85811981537694 -55.885959850504065
-281.85811981537694 -55.885959850504065
-642.6001794737258 -34.8118108613159
-643.0397889830928 -35.24930957931186
-643.0383625877113 -35.245620978077504
-643.0383625877113 -35.245620978077504
-641.2477266578493 -32.28931040337581
-622.1384736940119 26.26980413823755
-622.2068153357617 26.24188225044999
-76.94007698459959 12.425241456748587
-310.04712208387303 4.664011246342531
-370.3649362301672 4.25274666065288
442.9833965019172 11.706080654273128
440.3658496275735 -4.638002753155048
440.3644144570604 -4.641941933399032
440.4854690657737 -4.532751754485544
440.4829833196362 -4.539574498317606
440.4828211258083 -4.5400196795711105
191.2908198987125 19.929915776677973
191.13182754134274 19.860211447348753
-76.88212304733612 12.513857436327564
-226.01936591097186 37.97916395217868
-225.38849178394275 25.44758087870004
-225.6765196398316 25.252677416040527
-228.16289451907053 17.22077852430126
-228.16370683449688 17.218372019307704
33.60023143847851 -10.928307685061922
33.60014940650555 -10.928532842222069
-196.94359709082738 -4.444834740551098
-196.92948465483246 -4.453273944630222
-198.19871599232874 -9.656959668842097
-308.66689774944115 -8.547737709706428
-195.36853130581784 0.4868033764024171
-195.32955941283745 0.5132052652288874
463.59291371828374 2.9890669339496743
12.852560851919998 36.43656468096225
5.0628438548810175 -5.566400282857823
5.0666496280371165 -5.555418388344819
5.333708953346431 -5.264613462285754
5.333876113567481 -5.264154649471487
5.333972625680062 -5.263889749261023
459.64477839198844 -23.771026058651493
-308.6683928512008 -8.551841385521776
852.3341494354564 -0.1144466616335107
856.2843527940332 14.279388421963686
856.2830386084213 14.27578131517083
548.3390474058197 51.82740948761489
548.2829178924293 51.87441997616026
548.2804692748145 51.86740513954164
548.2873467776529 51.84317057587121
548.2875214541801 51.843650015771246
548.3211427772039 51.95506500534932
540.0235757984312 23.872651832899688
-308.62164361599713 -8.480865361056493
-46.514932600864086 19.45966985168924
535.9516824041916 24.415281446308313
-151.91429813144316 13.368933883534812
-151.9144494413489 13.368518575896838
-372.8293181326834 -15.942505944595746
-372.74188592961974 -15.867403566172408
-503.89101805258144 -26.602944747319423
-714.9641314811843 -21.752136891440358
-716.3149276901419 -24.338007535979763
-716.3149276901419 -24.338007535979763
-716.3157954552184 -24.340263227936155
-433.85807292587873 -4.621217361653273
-716.3157954552184 -24.340263227936155
-716.1851165530438 -24.200725719986615
-716.1851165530438 -24.200725719986615
-716.9146366974004 -25.3593930437478
-250.11600441863447 -47.51819876958613
-224.76381700812203 28.85768914605893
-224.9307313557899 28.73612290396809
289.83629478057486 -6.914802787633567
289.8364696849512 -6.914322719347679
-37.18610768152684 -48.83061938866639
-433.85805502009146 -4.621185788342357
-36.99011100887036 -48.66788910235275
-36.05131589268386 -47.094224545867284
-21.416004067582243 -0.7360555438118929
-21.416174247951492 -0.7363191456945246
-21.524605977214524 -0.8350548200548884
-602.6189374424183 -2.0178210779144323
-811.2163558417473 10.890591140869569
-811.2161825932211 10.891066664277968
-811.2946007908956 10.824529965705445
-808.2483453478943 20.181581686509098
-433.8581044949594 -4.6213215844136535
-808.2488454654075 20.180208990553588
-20.204253989809185 7.976897781524993
-20.204783043654636 7.9756041359221115
-20.15985266161576 8.011827170563608
-20.180175797910785 8.029682169630618
-23.16980879168234 -11.078771897023536
-23.42532478028427 -11.28828349853712
-23.425448110100398 -11.288622007702912
-603.5693585574907 -7.244604657503074
-812.5122618392127 3.76349603357957
315.9970599723008 -6.042055835928709
-813.7141004558141 0.45699823557641306
-811.4609131482946 6.237325237268359
-598.4451774415113 14.160039241536431
-598.44552981659 14.159072061157259
-598.4455001317162 14.159153538667788
128.89723988684634 -11.144187967047676
-58.918589712852025 -5.320165328743354
-57.071688370229495 1.773015251507321
-60.49181063383216 -19.52577381637263
-60.33368722363283 -19.391030463293443
315.95609902584215 -6.074752496827482
-60.512333459066 -19.548235668106734
688.2882902556045 -30.446667917716898
688.2883002301448 -30.446640540110824
237.24814053887934 -4.426404834035373
231.49652695175303 -16.466060254511525
231.49651683398804 -16.466088025231365
231.49670730670215 -16.465565225588357
231.12388210319367 -16.786819740189095
231.12172554453517 -16.792955542511052
-434.54239234400177 -6.696048507586625
315.9560053538723 -6.075009602836181
-434.54193516762996 -6.694793673554639
-434.5419670780359 -6.694936713159939
-434.5626218908208 -6.7108238440340635
-436.50590406608023 -17.434533447374314
-436.50593101294027 -17.43460740971888
-617.6301498462338 -8.50907336346399
-617.6301670642785 -8.509120622701992
-432.15713696856994 1.6053613393779913
319.39899502514623 6.411310011819774
316.7500162661716 -3.6128383747631725
311.5716066275579 -29.437929436834487
321.39351174467026 12.242152401137265
321.41308736650524 12.345289126996738
321.37287099420223 12.334266600019664
-49.608282759023616 3.5857936671470605
-49.608414373703425 3.585588090296137
-49.54117367040879 3.6377598988185116
-49.500291863840005 3.682723363977317
-49.50115322568269 3.680359143925685
-47.910319066268976 10.41562245526328
-615.8117939965435 3.607517556067739
-50.2900313844124 -10.595318838308485
-612.8889434940082 14.100304041085232
-612.888896657928 14.100432594338871
-432.5348703646028 8.710923957281118
-432.45226642169416 8.792645534284489
-308.3057710859737 -5.456256267895313
-306.7129834953339 -5.5188369416278285
-306.7129340205562 -5.518701145811881
690.9086352580383 -6.815698560365606
690.8525948525211 -6.853392048865285
690.8758231684719 -6.831859030928376
-50.13637974633162 -10.426194865245733
690.8745089823198 -6.8354661392196245
690.8744119396896 -6.835732495239517
240.98352054760355 29.67792533211384
693.3191170235485 15.817444398805652
693.3189357374617 15.817200867278522
693.31919999153 15.81792617449073
689.3897182162548 -3.510044342454648
691.5272786827258 9.232715618388085
695.1046814031322 8.791948552181175
-56.42249877741229 3.9949342478033114
-53.56116483358816 -18.16182974416491
-46.515096242296195 19.45922070049361
-56.42743862762789 4.026979710766112
-51.749349020713545 -13.982564716449314
133.87379926931192 7.0148945720287
132.52282407046238 -0.06042726383480623
132.5187216945826 -9.428008444874106
132.26514663042843 -9.644448729252078
132.19591651414544 -9.68440616005853
-245.75619973880177 -39.83778324721084
-245.75619973880177 -39.83778324721084
-245.67007010437433 -39.750887588336255
-245.67007010437433 -39.750887588336255
-46.517227487921076 19.444679721539917
-245.6683401578445 -39.746214510044915
-714.6908045707004 -21.473400911619038
-715.8559485172885 -23.845920266033506
-504.5084298470798 -28.05248708419259
-504.5084298470798 -28.05248708419259
-618.6980192727016 -10.832317387173
-618.6979321702838 -10.832078313072348
-618.7504136983887 -10.876468063956146
-618.6066258422123 -10.755372205870838
-619.3150753088426 -12.435874994947117
-308.65362319312453 14.244114983426908
-617.7155527522461 -8.678500379220422
-614.9532945500944 5.956165630590043
-434.65256577696994 -7.419778270544986
-434.652694722384 -7.420132193120939
-434.65249127516023 -7.419573781926495
-309.1846779594447 -11.202350073111463
-309.18470434294983 -11.20236234185798
565.3438602763092 -19.20413735084684
565.4046803546404 -19.10962717217352
568.6395572759955 -7.099652948702376
-308.6539442208878 14.243233843041494
568.6390112612986 -7.101179186158105
568.7073827286814 -6.9941259957848505
570.1459196987313 1.040776069991483
-306.78367463175755 -1.0799056314771958
-306.820745054377 -1.1054716174748282
-308.41701913524366 -8.4019867522603
-308.4173309601552 -8.402842632810739
-432.61363136875065 4.535853408623144
-432.57664575526076 4.5620004467463
-433.8591390640694 2.2863441978040453
-78.8878421961343 8.353103648944103
-433.8602098816282 2.283405074697933
-433.86013145562646 2.2836203343366717
-614.7451885294304 10.067604364173427
-191.8657177759414 12.527709348390369
-195.3134507149918 0.555179972884073
-195.35554180049897 0.5227894822652832
-195.33091704676025 0.5495240847417049
-195.33048058917188 0.5507240250438492
-471.6494100441624 -5.184499427334139
-471.649416361517 -5.184516766706445
-78.81246118144234 8.43705410581136
3.0598187013470297 -6.507136393774454
3.0599808742473633 -6.506691269994944
526.1580812902563 -31.88671391801552
529.0054303355794 -15.992222124502941
529.0056030695156 -15.991748013333957
529.0132142452446 -16.018133070058347
531.142148048667 -7.342302748498177
-371.34918495974694 -8.551091523117146
-371.3494135238915 -8.55171887392192
-371.31355205184366 -8.528069485652747
-78.8126013316757 8.43688576395306
-308.11660815935033 -7.874120895948911
-371.31294253818385 -8.526350013738359
-495.7991455429147 2.015172587510313
-495.7996293939797 2.013844538832217
-492.5226377025555 13.29800385101601
198.66799355716793 29.796595035076393
198.66808844280666 29.796855472286463
194.0215637016464 29.892391966825222
-222.9808619882752 42.27468568795669
-223.04383399206756 42.21902146033059
-226.51555156735458 28.55507398750392
-306.88698430252583 31.386793887194845
-226.50003666879172 28.506953395003368
-465.68769289167824 5.571353513362702
-465.68777224479254 5.571135706986205
-467.84942785216646 1.3126877977530653
-462.13769219041166 34.004349255567746
-192.6631276316171 10.356406815220003
-195.90658084967578 -1.0675711933594358
-195.90655413646397 -1.0674978721634898
462.6312558174084 0.3545617264224381
846.395063406573 -10.741344810674487
-306.7773315603501 31.449751529347978
846.2680037677237 -10.847467153856538
846.1599360758688 -10.991063965025837
846.1601423354513 -10.9905498174636
846.2729716453645 -10.90305199681817
846.2729130569369 -10.903212805620122
129.2755638032033 -10.984264373509674
1004.6014523134949 -16.173382400543417
1004.5449009074615 -16.219771358970643
1004.4837661834827 -16.295704828744956
689.6799718850866 -16.129452052673813
-306.7772929745009 31.449857437798144
695.4274768755388 -0.08008552071564567
692.5734892044246 -8.39426103013887
692.7086465780809 -8.28602373254643
692.7098030986929 -8.282505108409135
691.7059626006043 1.7752930305267651
691.7050383378541 1.7727561613004892
242.18214233025006 42.109192369351014
242.1813602618964 42.10704578949649
242.17970468923033 42.10250166164895
135.80806382696005 0.194922776917405
277.8466909674698 54.550153848503335
135.80956324772694 0.19918953587111154
136.0097466511081 0.39392384444232387
136.0098095716313 0.39409654544794814
135.55082165692397 11.66594391715643
131.5409411887734 -4.71845643462867
131.5157950543901 -4.780975521715451
131.4998893418882 -4.790813159954704
133.27374669062826 3.8049254406991673
438.6544053453693 -19.468027246231067
-372.52943180844056 -11.334307289594392
277.92079152704486 54.57663976033216
-498.804074834031 -10.088712278976908
-498.80412149329663 -10.088840346926219
-498.8037704482805 -10.087876817229738
38.44533965228291 8.724926733895554
36.707524513297564 -0.23516004674546118
36.70712354966393 -0.23621094496447162
850.3207185116296 1.7400400200179469
850.3199757935914 1.7380014431721689
540.2068692730118 34.72843646642344
540.2077410301746 34.73082921965989
271.5439854618277 24.031622243182685
15.723526159922166 36.098607800821604
15.722522893558118 36.09585408800045
15.943772619887776 36.30493924608927
15.641420093896592 36.02036469028692
15.73888313107186 36.06053476521557
14.962339836672996 51.041935849296756
9.076830638413394 27.420766511382116
271.12872963032083 18.836984649544036
271.16450942773093 18.85458048399374
273.9438422704983 33.81568373802316
273.4756107925276 21.791307158961214
-250.38435204182474 47.00025267903998
-250.38431534783015 47.00035339582222
-623.71589680166 26.91997713931916
-618.972591310858 43.93481876319582
-618.9726180240709 43.93474544140766
-307.6754030550254 17.638707068024456
-307.62676758496076 17.670953270515685
-307.62626469147546 17.672333586515162
-310.2632986924554 -1.4221264553594049
-310.2627572216806 -1.420464225779736
273.47564259414986 21.79139444637472
-310.1252745780184 -1.316425554207364
239.2656294524185 16.308636743454915
239.46919826818433 16.40490526701558
239.4691206041376 16.40469209888856
238.66404061785005 29.87724997409461
238.66358556077918 29.87626223462652
238.6475313900428 29.883512415272833
238.6473706117598 29.88307111933115
236.5234328441336 19.104698872361936
-331.5712478858369 10.182584338276062
271.18108668412276 12.083659343429805
-328.18437253892995 23.991344582144855
-57.844831140786155 11.115228783204065
-57.84322491360756 11.119637470219692
-57.66990595195114 11.261698078061105
128.81128117990394 -9.024939108533255
-449.3693712011907 -11.251835392354456
-449.36931318772497 -11.251676159998608
-609.1982528218441 -23.94431385346642
-609.1982528218441 -23.94431385346642
-609.1982528218441 -23.94431385346642
-193.63043663767021 6.55546884765587
-309.0905353414439 -9.599512974260914
-609.2307592155034 -23.975754628776464
-820.2323031707599 -19.05156999660825
-821.6073958425668 -21.82398591928427
-809.8021468281825 15.475777320918619
-435.891024646543 34.152142060081296
-435.80020872609106 34.233555820335425
-435.54644232555006 34.44569074918286
-435.5463689065667 34.445702348571714
-432.5348127940186 44.30166047594134
-57.9772463363009 -6.328314375995144
34.68438865372114 -12.284116770137338
-57.97805395918413 -6.3305310963569115
-57.84714168977888 -6.222545399237971
-57.84720609705444 -6.222722180998088
-60.743076480048664 -14.498587649108952
-60.74312158403809 -14.49871144823125
-60.80332036474913 -9.755015714417336
-60.81881873931816 -9.793150569559357
687.7774814212066 -14.188192686810105
1001.1457193732099 -27.33006793224653
689.1529235520981 0.07427431817084118
34.66472079026095 -12.302656238535965
689.1525578870521 0.07320967380863674
690.3313321777262 10.083459655630534
690.5315908774571 10.190347899046001
-78.12647949500891 -4.538439652719862
658.9313802334011 -5.430341261556901
659.061294296438 -5.3106907098938905
663.60925213186 6.541646658057125
660.9444139506875 22.89723505955031
660.9439675859592 22.896009905176342
660.9427230511026 22.89259397076397
34.69148055563876 -12.282259784901505
660.8377515595882 22.78722843881427
660.8383544162269 22.78909155488274
281.823645908899 63.43667972192762
281.82358997085856 63.436526185801654
281.9780242132001 63.66704890478408
275.1924964467175 34.831812928997344
-250.6035052398098 37.94096581027134
-520.003679595923 16.616398352126073
-520.0225335251329 16.615717588529787
-520.0617974052784 16.605784810588585
34.69187169005056 -12.281186219845528
-520.0612445544375 16.607462588823996
-368.9580918842573 -0.045864621678366024
-496.8856147711059 -7.4362841842200815
-498.8048664143881 -12.005838247023927
-497.5065226501261 -3.5903485952249237
-497.5069185284809 -3.5914351810828067
-497.51918329005866 -3.5881312004962935
-497.51913067174326 -3.587986776464725
-497.51907460293285 -3.587832881678478
-498.17740396962154 -6.434701970844575
34.69089314584816 -12.283872075927682
187.35846102292564 -9.668816608949603
-527.3101466520648 -13.656675388943963
-708.522381082501 -4.980109437750188
-494.8488629452907 4.999182000974434
-494.8629396685826 4.999420459329768
-494.8625434490238 5.000507982268479
-493.64301598722903 9.746686172073085
-495.6655129207835 9.92596315665455
192.38224312062283 23.052513646084847
196.56046675448465 46.496922564303524
34.69683564246457 -12.309586431936497
196.55991170713466 46.495399099073836
196.5596571269339 46.4947003404645
196.82729488794556 46.682834500098416
196.9749283818081 46.82768055923593
196.97581780890226 46.830633903256135
-436.85513032746786 37.06051788356017
-440.8079546642256 11.124684971239052
-440.8079830560091 11.124607042259502
-440.80796390995226 11.124659593776503
-23.056420101490055 -10.997572181904223
36.308380172975845 -6.15698592864886
288.89534644488185 -1.0539868159424142
293.68306211441006 15.504907043676951
293.684424153913 15.50896539774045
290.5959505441656 3.9539703065678213
290.5989545276942 4.02167971801979
-446.5571572172859 0.4105461925111169
-446.55670558160745 0.4117858181039096
-446.57973004676523 0.3973010834428261
-446.5665749335685 0.40863812374821284
186.06359927718844 -20.83627004937601
36.30831585572082 -6.157162463353996
441.59226229116945 -11.378727498790315
441.5932881332846 -11.37563391953064
137.51834377745547 15.492686889186086
137.53647137232065 15.46968387056426
137.536059158332 15.468552527426336
143.58247287087465 36.39004622707774
143.58150516862597 36.387390129402576
143.66719055793698 36.399736852307605
140.7587796321392 25.194503985079955
140.7588848687866 25.194792833224763
-155.33015141898738 -14.208351482568865
137.61120540298887 26.293331089629937
137.70593470350232 26.3720632389726
-523.0036671294711 11.58573795272877
-370.3754227923798 1.6439110203696412
442.96242337748066 6.488409373668751
442.964720769243 6.494715132434102
439.6860832525711 -10.90962575633103
132.5953274651616 -2.2775663293507145
132.5958145996269 -2.2762293553914907
132.5517786575283 -2.310078343433279
530.2585936712429 -21.546860919749104
-309.02558129433436 -9.537897964355507
132.52298079330973 -2.304059043142388
132.58152849429837 -2.2658768278758425
131.2556034635027 -7.958877837594774
127.22328826937277 -27.95537594423837
127.22316975463794 -27.955701237231033
-235.88131737434585 -12.000245117462555
-235.88443515405666 -12.009043386511056
-163.5584011856773 -37.61388348396482
-163.67488537562053 -37.749045204395394
-163.67488537562053 -37.749045204395394
530.2592731737828 -21.544769253901926
516.3507037364313 -60.7813504153269
-11.106148548355037 -48.243161689096944
-11.103931709962009 -48.23721755392574
-10.990366679962385 -48.11044723357465
-12.12328120919804 -50.32742574110589
6.382539893992602 9.990167541862766
462.57998370719304 5.67038451395311
462.58105906445644 5.673336097810221
468.53366007665034 30.821064151922933
468.53269889571493 30.81842595405015
526.0952756890775 -32.03666559346165
468.57587995231484 30.841195440362913
-249.01966786713496 52.38821473764756
-249.0189025849378 52.38996164065472
-248.95192575078136 52.444382254234554
-622.8564630381613 30.186394452850706
-308.79030328314553 22.191019217850044
-80.20797742392587 1.6943913080012347
-80.20917342138713 1.6911085977400004
-80.20908029905323 1.691364195127314
-80.20891637270557 1.6918141317165944
528.8230252820708 -15.840872712891686
-80.30293142054788 1.6300243611391136
-77.70125723966109 14.874589534154458
-74.83239581414334 14.008213488982639
-76.68312779829205 6.899106798101595
-76.67218354096744 6.955207415575984
-60.429250241672776 -13.393231053892363
-331.0165118530599 4.954216397338953
-330.87015931157197 5.098267140562419
-330.8700942348562 5.09844575975573
-330.87034560489144 5.097755812299879
846.217420924544 -20.491348034068892
-330.80507357774957 5.12949180943925
237.80039004127394 10.682877965260811
237.80041724092433 10.682952621458892
692.8463528316246 8.107448393023564
692.9111166730585 8.171253697144607
690.0602237043084 2.8110359838602044
692.0846558470449 17.085507680271267
692.0848246103924 17.085873234381822
688.0105195900765 -5.695937355479339
-78.59009689819825 7.758112653263003
847.9704387673086 -13.372432546330927
-78.55393731804865 7.779661209090262
-78.55498985957774 7.776772247588661
-308.5993890578519 13.756664935692669
-306.8699162528585 20.87578041079906
-306.86988516032335 20.8758657519896
-306.8103648061208 20.910464756330157
-306.81002037371803 20.911038849705957
-306.78407870868 20.892646006753413
-617.7571913266278 48.371891719264475
-617.7572201148289 48.371812698807354
853.2169353542706 4.7476541606109475
-240.45318757816543 82.75341266916652
-245.63623261342946 36.974698949042825
-253.8526963283478 17.7609353367162
-627.5220640133002 5.194934946091094
-627.522156509438 5.194681063431616
-256.72808153969055 10.791526640057281
-256.7283485526356 10.790793754089886
-256.7267720979306 10.795514913680705
-256.2896878752328 11.200174414663454
-256.53054092411713 11.007225256367398
853.2153585016854 4.742870954708504
-253.84969682591827 17.80065347158356
268.0112090216276 -10.677402329726734
274.03604891738985 3.4108864799452983
273.72247884253784 3.173907396561889
277.7916403818863 36.98468914491812
660.0072483600677 27.240047967835665
660.007375345664 27.240396509590454
-470.0581563381993 -0.902470863892566
-470.05780255992084 -0.9014998319515741
-469.94860756291246 -0.8113794485870245
475.4760826569157 46.40280489925457
-469.9491572933729 -0.8130401313597244
-471.5874239718543 -5.1319808371644235
-157.74750131545022 -20.375783204167423
33.510274042450845 -16.459883777886343
32.81353838419903 -15.939604286041202
32.83875600262353 -15.892393385981435
843.873439315527 -24.353597388664575
846.8892774010661 -10.574578394225112
846.8879129825132 -10.578323258793079
846.8872057859116 -10.580264333522665
470.4050203534302 48.428280378623846
846.7937331576296 -10.673855444005504
-496.8120279906096 -3.969821850901671
-370.9024730312219 -4.391552180463339
-370.902548452752 -4.391759193588432
441.90817205676444 -5.582931054166697
137.97373364436925 23.861454645187848
137.975120719601 23.865261815532286
138.06006193306933 23.95073395414653
135.5081328946459 11.590747591307906
131.52145127114792 -4.754542470652745
470.2080695314212 48.30713877476895
-309.9826171005425 -14.610220140207904
131.52201516371272 -4.752994728104945
131.2336518055127 -13.092352087956488
131.14362006669677 -13.183727709558887
131.07525961604472 -13.230139467303976
131.0728996459739 -13.236773265349052
-624.2350554238202 19.945414423164774
-308.5400203595303 17.530920437382754
-308.5400315186609 17.53085523472957
-308.5400604028341 17.530775954937347
-306.3209553039124 28.23087382663236
470.34853061593714 48.37183911445688
-310.4550891237141 10.81055540236249
-310.45505556084373 10.810647524005313
-310.48079290106375 10.783544289749495
-310.2135789018289 1.9285784883090606
-310.2132577075114 1.9294600858393434
-81.25179348457674 -13.164953145586038
-81.33669491069364 -13.214256445624862
653.5810211608093 -19.890035831256814
653.7613469954366 -19.745167138144282
-45.207441189970126 23.94050508158779
-191.27618925690336 27.742868570131662
-45.214579239922124 23.940033636999633
-45.21540422386903 23.93791503227984
-45.21538084859261 23.9379791890058
-45.230855240716444 23.918287903878575
-44.657043715899 13.481050015614787
-49.997091826627155 -2.3163837471881377
-49.996756665651965 -2.315463816386251
311.7747462060506 -23.70543902310294
-435.96926137810874 -13.453013178059972
-435.9398226553141 -13.43768976913768
-191.2753791859076 27.7450920110191
-435.3258742338451 -11.472260267842861
-309.29759325947236 -12.164012252694748
-309.2973813504034 -12.16343061565068
699.9353158901439 42.58842851003228
1008.6102205774525 2.102171354396712
1008.6093192294114 2.0994488317726185
1008.6102362856639 2.1019659202942442
695.1961889885744 -0.1922666560596351
695.4410730234944 -0.030818562487707535
695.6069480445987 0.04539980539905164
-191.27504158434152 27.746018642338488
695.783049569261 0.1595552282435979
695.7832357971789 0.16006637835725046
-56.015366114972856 -1.184195128841736
-56.01524204438446 -1.1838545863110028
-57.267250301064365 5.868551340723863
-58.46749545945453 -0.21083647131523425
-60.81218574493356 -9.770548502316027
-60.164504281050796 -9.560731682157696
-60.14915011360564 -9.547038877892934
-60.11323112647209 -9.52136688816582
-191.38821250062114 27.627785692806032
688.9534607580391 -13.735219894992243
1002.5709393900183 -23.23943752926133
1004.1960007821527 -12.86706859894796
1004.1967266427209 -12.865076295184991
1001.0013028379558 -29.455792950356546
1002.8942515364724 -29.75557063864582
1002.8930073959417 -29.759096120966703
1002.8837888736696 -29.728508930952636
1002.8844407642766 -29.72671965525162
691.6637181558618 -3.3894549491374404
-462.2700620730803 34.63383967706534
691.6618363402023 -3.394620057869157
-190.0730771241713 9.481492528756503
-190.40061674365344 9.266201155559393
-190.40080946042016 9.265672196529751
-192.58378962025608 3.350091904727556
-192.64818600358387 3.3148892897716857
-192.65019952150703 3.309104191925413
-196.78279325167463 -8.067432561324582
-196.50338732458977 -0.7890302105970328
-196.50335376172873 -0.7889380890260409
-462.26983620090294 34.63445963937255
32.69520880624748 -17.36935730588561
-156.97877697560887 -15.322310083323758
-157.01446360861922 -15.356257245105503
-157.014446495567 -15.356210274134781
527.451435094293 -23.459958960292557
-153.74237360195124 -2.573079278766029
-151.93112478033996 4.52775667765661
-153.8537260791849 -10.872730069659937
-153.85370214737665 -10.87266438287182
-153.8529851633474 -10.870419496110717
-22.27578286838219 -0.46895133624650276
-465.9618537331641 8.598422999873828
-469.87651976244257 -0.7496270843845059
-470.1011615453524 -0.9329001741837271
-470.10118922117647 -0.9329761376366559
-470.2071038452556 -1.0081559182491362
-470.20684935171266 -1.0074573991569964
-193.44979360588377 8.055079889613927
-193.41515994215743 8.085699883465418
466.78357933961576 15.609891286442409
320.3903679381155 10.194328883820207
-602.9945259282194 -1.8347693547811614
320.341706803688 10.164624336373068
-50.90748876645863 -12.344962858076219
311.1441381674912 -30.649216041691872
311.31860218929535 -30.521693700373973
311.3186222990373 -30.521638502755977
311.32063156894304 -30.515852249127878
311.320658466302 -30.515778422648673
-436.1963052479891 -16.858182877848684
-436.32881507948053 -16.960293139248368
-434.6127491744335 -13.42123241927135
-604.3880672233572 -9.604172806249647
563.748034761082 -26.01985294767921
-432.2200030566687 1.8276185958291506
-433.1929642580674 -2.057321667289119
-433.1920881340895 -2.0549169287777582
239.2435202238449 16.27612017258199
694.0188044009807 16.087297493397184
694.0177916017742 16.084517614893937
694.0152750957624 16.077610443716335
692.0707901966437 5.329759642784666
692.1335223901898 5.39742051163986
1003.2091692634172 -23.64492707850112
-604.3880449421491 -9.604111649934703
1003.2082417005955 -23.64757341253014
1003.1680152760467 -23.717361981596497
1003.1272562446255 -23.75421272657073
1001.288325994044 -27.21105256887273
1001.288003108773 -27.211938807725996
127.28749428037194 -17.607398217796355
128.80794750193027 -9.046114492398388
283.56165937072296 71.41343758295258
-303.34831201307657 41.56782765241132
-303.3973482564503 41.492772584949726
-813.6286370469176 0.5460285393634665
-305.343897639037 31.375015038230377
-305.3455118416644 31.37058446068533
-77.68208261283347 8.425288641176715
-76.75964724564389 -0.721642808930854
-76.75970393995112 -0.7217984205146243
-76.75973660994434 -0.7218880914530625
-76.75797136160489 -0.7167866163309327
-80.44986409236132 -10.469267535532879
-322.6928004826276 -35.82889770141003
-322.8657220567673 -36.01025096686099
-813.5709116581264 0.5974694929492639
-322.9670449368818 -36.11590926525804
-17.500666247474605 -60.6033058028102
-13.491238383565467 -53.309828684045044
-13.494720089612713 -53.31909150061556
-13.494720089612713 -53.31909150061556
-13.494720089612713 -53.31909150061556
-13.91135271210393 -53.711847119555195
9.873176408270563 20.94307433535361
10.034891775128061 21.074506633650184
10.034513571557236 21.073468562029824
-811.2666407949026 6.432129068442246
465.5056081939947 18.189182755657598
465.5853589368218 18.32551413392594
-194.13409226566847 9.715073599133396
34.33577342031737 -10.096507521948972
33.2094386490817 -15.533804183730258
130.14416966847887 -3.893486240366281
130.07947485249062 -3.9683216010605125
128.20879337424537 -13.865212207030313
128.2077220820216 -13.868152632966485
129.6710296828335 -14.058455819688147
-811.2665978499316 6.432246941569221
128.3048209899098 -19.263796052916458
128.30486551719426 -19.263673836723697
1002.9836218100372 -29.972398217231436
1003.0241674019586 -29.953259703047117
682.6838841542162 -42.41817083475771
682.6839130979573 -42.41809139343504
682.6816343102353 -42.42457233548257
229.1495981707313 -21.72793032831605
229.3768655452081 -21.480317501864434
-469.17585058850335 8.571955077872646
-811.2667196319395 6.4319126806467155
-471.6021837976504 -5.143936927842125
3.138539657048288 -6.439503336871672
3.1381926200603263 -6.440455866441423
3.138168688031356 -6.4405215525735695
3.139366262765092 -6.436937690508659
3.344854381546309 -6.219711307199804
8.396062917063226 6.485992920340185
8.170824846960283 6.275882163970911
8.170860337684543 6.275979575057865
469.3914667161833 23.0849513755545
-598.4224447838849 14.133158690453294
473.9493553671851 40.13944747312258
852.1584775212636 0.40693117901667275
852.0915284229318 0.3775997683518968
-370.50777390656447 -1.9434020304396222
-370.50774689689734 -1.9433278956987912
-370.48010186823274 -1.92064231394574
-524.5872932553626 -1.982809486423283
-524.5870511952498 -1.9821450923637531
-704.8091659184415 10.939438846063204
-704.8092285848525 10.939266842533794
-598.4109748837684 14.136034387975592
-704.7361797273669 10.990207558456978
-225.75909055332892 25.181002461308005
-226.02450609576405 37.948153286254254
-226.0452839313577 37.89569555664743
-220.07047380645804 62.75803419990323
-222.7653297070258 49.23752530813445
-222.76450275849905 49.23960636385704
-48.40051595539749 12.443605511507963
-48.40101031390504 12.442248623787984
-48.61648919156542 3.101437766772902
-596.3067466009553 22.01435502030568
-50.26958857891211 -2.5656200284502293
-50.196288083263255 -2.4972134747498704
-50.25818880687229 -2.524493809312954
-50.25880584048533 -2.526187410430678
-45.00357864372717 13.208863813510812
-44.769212137935696 13.410681332960232
315.3937541174189 -12.81827626910805
567.2280050244991 -13.281064174069263
567.2278614525102 -13.28145824305484
-308.24270375487646 -8.241022788024296
-596.3503966040008 22.00844256557474
312.62482202367494 -15.926673122546804
-308.2431176609058 -8.242171040679546
466.85713604582054 15.564513764421209
466.8568266895491 15.563341663807353
-193.37121160669568 8.05777011466757
-197.02035024618718 -14.583263078616502
-197.02034755293312 -14.58325568638832
-197.02026819870449 -14.583037878973776
-199.77847060843283 -20.537073941194453
34.913734473304494 -11.229715057188837
34.913944057003796 -11.22913980274809
-596.3498305350148 22.01011533200317
34.89324258326643 -11.2418277476427
-151.83377698217473 4.551591373563221
-151.84568154868793 4.581867484482286
-151.90668906081018 4.54930085642267
-153.7236544079036 -2.5492053048339978
14.453468591756968 44.70189357976378
14.409645668999492 44.727614991745035
11.561988856385923 32.8543722203114
11.561190671241416 32.85218140312178
-466.54859312150927 18.431073957775453
14.196545162195175 49.092531635401436
-466.548569451809 18.43097466439486
-466.5096022577099 18.47157407324932
-466.50961953145594 18.47152666108059
-466.5805403222415 18.414749082094097
-466.58051690691605 18.414813351274628
-152.54095186820018 9.37921481893667
-149.58020625106187 24.473653899920414
36.545720246981716 3.367298117087966
39.223854337307834 3.446154118620783
-154.2672088248658 3.091926109449002
17.107253096309165 63.76520483109507
-154.2159212336443 3.1174203801986953
33.146501215490545 -12.293101857700186
33.145368907494316 -12.296209758059522
35.27587027340234 -0.679881031078998
-193.99011790377895 9.652486954361791
-193.9901406285063 9.652424580701465
-193.74354099448112 2.108376454583831
-193.74352675268523 2.108415544739427
-195.78247472455917 -4.292061841846715
462.83805468011724 -5.01971155872214
17.126998342720686 63.76667882618307
463.0059743272288 -4.85759770634446
463.088782244549 -4.810003973694863
463.087697074264 -4.8132251313366226
193.58130303256215 20.77867583249242
193.5817925020213 20.780019302924735
193.5801909431621 20.77562342709744
193.53833894194702 20.75683378279466
442.13090916111975 -3.9338672991426247
133.9333806517092 -3.251802101458536
133.93335632204807 -3.2518688782064076
17.12580999002641 63.76341709631866
139.11559253612418 11.432875762234449
139.21828747347638 11.476606422166324
137.95416722857593 22.404437881772893
137.95376701241256 22.403592526520562
135.3780711693627 10.350867066976651
-524.1675988964746 3.5751398669201597
-524.1806099040668 3.5560375102484216
472.1720881162085 17.626811656684968
472.38171146049706 17.79525248882002
471.9286430459244 17.421266744673936
-463.20982158954735 36.97781526978128
-190.3281217502922 9.172525095831649
-190.32791164818255 9.173101773005136
-190.3280905276873 9.172610793987545
-187.6705738597303 16.04852628946626
-192.96272987257305 2.6030739231978366
-192.96319867563133 2.601787177487637
-192.9645149273866 2.597985915311031
-193.59175570728468 12.60025762369803
-467.0292067388883 13.603527250146536
-154.59190032912815 -7.405288129697153
-151.08717523648005 22.506915556737894
-154.63467521992274 -7.419253495350979
-469.56385006733217 0.6106678189857275
-469.56445291668905 0.6088614893068356
-156.3470519117526 -16.40154334029987
528.5637595128597 -25.202180726883007
847.9357712443759 -13.409703472058537
847.9361927757886 -13.408546472425824
847.9496401654947 -13.431248088405162
848.039834613844 -13.39185113430819
853.2513288358856 4.674720138540239
35.440618701979446 1.9250481582845231
853.252087595019 4.67680273719168
849.4665243972295 5.9270023954683815
847.9710163047474 -4.086626991836939
848.041441888853 -4.033577040172699
848.038028450351 -4.0429460646881825
196.40276688866706 22.746563385119295
196.44837334442863 22.77034650775976
-493.6324478089215 9.784879587369208
-493.63250042729084 9.784735163179741
-493.6840020311307 9.766051579639912
35.44056122779881 1.9248904061116294
-495.5508170998841 10.032725505955133
-704.493411902261 15.95909722359746
-705.6246870271867 11.2099972689348
-705.624673624956 11.209937705799902
-705.6241897740013 11.211265754193384
-705.6239836915979 11.211831398265051
-705.6177187314918 11.196235806998356
-702.6745322292535 21.57172807404944
-523.021504564686 5.815274854626942
692.5725845196407 0.3739333923354393
35.44053254946384 1.9249276420209511
314.1720562899065 -8.66706828971356
692.5728907017384 0.37477378531236516
229.65254429926517 -20.61201717183391
229.65235284473735 -20.612542662712915
230.11158518760993 -20.265499213477455
236.02822284996427 -7.765889840465601
-331.86837388085695 -5.939768859308686
-331.8683678961733 -5.939752432868458
-61.019058347979694 -20.935378595046764
-61.17659049257534 -21.053079047228714
-57.966605353905784 -1.0380823950426068
37.56151002473372 5.388073989466506
-57.96685286982762 -1.0389881083835188
-59.21575365868054 -6.086196031054952
-59.24336648920796 -6.1138256238462265
-63.009021681193694 -24.74482044111697
-61.761807916680745 -22.10348063763392
-61.76155132883369 -22.102776368973817
-61.89213198497875 -22.21229603148878
-58.56687134052196 -3.3491053732211054
-58.604433183345044 -3.373399530171195
691.468124000609 -3.4886076186313146
37.56153492638027 5.388142338220164
686.7297245110074 -20.503078551212425
686.7719040063067 -20.462163899591708
686.7711452494951 -20.464246498580913
1001.1536859207463 -29.294150463403824
1001.1537953826157 -29.293782181296713
689.1631686580902 -2.766100065547321
689.1622417523574 -2.7686441874601977
-47.40458504874233 -4.583822832164732
-47.15493349977809 -4.370954363787965
-615.4341012267427 -3.7857708640928056
37.478732615759434 5.318410645891146
-615.4340742798681 -3.7856969017151627
-615.4355644678539 -3.790018007648733
-615.4356408829523 -3.790227747908644
-615.4356434764578 -3.7902348663420344
-615.6421819316746 -3.9745994704550314
-617.853162938714 -8.7028322578715
-618.7262554702269 -10.784996713407303
-616.1200504279423 1.931322288035949
-435.46048647549395 -10.206665632397293
-435.44980324649777 -10.195464225486141
37.56256035308253 5.414940590386995
-309.6978287319889 -13.84135667133437
-315.23287055292076 -14.227507844211098
-315.23281624217924 -14.227358774925802
-313.3104008342682 -3.370015582586713
-310.16724873117744 8.039011576875573
-308.68256987825737 14.2167142616782
-308.61214699792504 14.25367368323548
-308.612593174102 14.252728130159877
-308.61317850911854 14.251121532911924
-308.6131474165684 14.251206874141765
34.55769955546456 -8.097944810824064
-308.6499028682866 14.22422401557128
-78.90965951622 8.3141595376774
-307.0193810433664 31.219317331574395
277.44321085309207 54.1659203392229
277.6055442974216 54.338750202587285
446.3328375413774 -6.532733344399455
-368.69021571044664 -4.8666603387048415
-368.69019078598865 -4.866591927338102
-368.6895169419865 -4.864617137541076
-369.69508204454564 0.950852207581689
135.4640537243667 17.16838815454751
-371.42487355042977 -6.462321257331009
-372.00030935350736 -9.447737436250401
-371.9940097407622 -9.440067564130068
-498.39155892190223 -8.533359070778648
-498.36391210807875 -8.508013579845263
-498.3635762203093 -8.507091652955872
-498.3634495006069 -8.5067438394393
-706.980116046382 4.386133096972939
-706.9556936019023 4.393805532495391
-522.4164406180698 2.1652355653885804
135.40969039919975 17.10070115467412
-522.4172033562514 2.163050620600898
-523.1251580007441 8.263082950537846
-523.1059497689456 8.280519591923087
-525.0840809617415 0.14413192533611197
-372.4354297654599 -11.443526534294707
438.84240943141873 -19.68646573544546
186.133881116702 -17.03735739870858
186.1340667819538 -17.036847794150788
186.1787389851521 -17.015455768795857
186.0793304736245 -17.109854423838975
137.4827079514656 15.4508913177683
187.84821488120969 -11.034679308965348
187.8476073785019 -11.036346750957936
187.8475874061839 -11.036401569945491
-57.951862664341164 -1.079168896196368
-57.983568537937614 -1.0956766777248328
692.5028984066856 0.3075970511224835
700.0848883330001 26.427276597686966
700.0884257146979 26.437557312948847
235.029881962075 -8.554593745415842
232.54867094636495 -13.746405518769732
441.56837881040497 -11.405223638718336
232.54835733885588 -13.747266291058208
232.54833268298955 -13.747333965203465
232.5483578216759 -13.747264965872956
232.37956377483513 -13.900507093659114
684.9177644176045 -37.005586845083684
690.3325952375095 -8.130819825721787
690.3893278443079 -8.09199938655047
-329.83672129739665 17.18359896526599
-59.61249215188047 -4.9267902866212925
128.0501265463957 -13.274013721401275
441.56870406609113 -11.404330893745858
314.1862506752763 -8.627466582828974
1002.5590568854905 -19.98963131369926
1002.6536000943809 -19.934739275044272
1002.6538111955366 -19.934161495708693
1004.9789858234278 -15.800109294825791
1006.5425326989972 -7.052671670728911
1006.4282174684427 -7.184287922842028
1006.4281394843606 -7.184501969532861
1006.4296075804202 -7.180472415481349
1002.3821261290625 -25.558490356675758
1002.3817281534825 -25.55958269944331
445.76594548183596 3.0985193851933777
1002.4422382743458 -25.511476292778653
441.97197713342166 -5.512601310156844
441.9718262904326 -5.513015336244514
443.10199938733246 -15.099423180250072
443.1039810325572 -15.093657589641703
438.799721306874 -26.599196201053772
438.6051428062067 -26.74678565981843
438.6056598904616 -26.745366394439298
175.95784943975463 -50.25183652857347
176.53330751116965 -49.03913958609633
445.79053585529493 3.1064275317625563
176.53330751116965 -49.03913958609633
176.58434206221312 -48.98106022061132
-503.5644634279002 -26.0908237827045
-503.5437940934883 -26.068439005775705
-714.462585762641 -20.980073042531682
-521.6007723987958 15.438675282245828
-703.4725183075906 15.243902646724525
-703.4723591652114 15.244339452469152
-706.391642758364 6.389947776602444
-706.301584783311 6.459396821519135
445.8523785835673 3.120838455640096
-706.2447014534871 6.483474742829875
-228.77613389618566 16.16753686758938
-247.98859372075395 -43.71647494242934
174.7033561314824 -52.36800188301891
174.7033561314824 -52.36800188301891
175.60302345956862 -50.78537648927972
175.72890217054075 -50.63698216838719
175.73012634769364 -50.63372105205718
175.73012634769364 -50.63372105205718
-434.38985832028305 -8.390836296793342
190.29046416444376 -11.413381968598364
-434.3900545276887 -8.391374836738452
-614.5738636166028 4.55342911552469
-432.6196326721993 4.505237199744937
-432.61893283282944 4.507323035519308
-432.64576478624673 4.492560257811148
-432.64573359259595 4.492645876535879
-432.70858455105827 4.4435349840268135
-433.46298926725365 0.14527118159349017
-433.463013246671 0.14520536412898055
-433.4169267071226 0.2192029254890775
188.3001265022043 -15.995586933297918
-431.3771041581563 9.230460691344796
320.9590606459676 21.661508715733177
317.62161596745693 16.10332077349787
-229.04788849409152 25.386644316505087
-229.04878066298917 25.384563659360833
-223.04399445802596 50.355777794160616
-223.0439156679405 50.35599405248357
136.63729145510882 17.77228188656916
136.6385226147551 17.77566110810715
-523.5373731737146 7.28753688766391
188.29979593136915 -15.996494267731851
-523.5370177624363 7.288512401773458
-523.1597308923211 1.953023425113725
-369.5170106085474 2.5324226573099335
-369.54276091780025 2.515279303803438
-370.30652987888925 -1.7674522921407636
-370.36084758455166 -1.8264775632330523
-370.323284055638 -1.7679097631816632
-496.8683226636158 1.925556152303853
-496.8248150277811 1.9691830422136292
-372.06523261691154 -8.560439239100447
188.29978334517313 -15.996528813581978
-372.06526254304384 -8.56052137880446
-371.3318479132127 -4.246689719567405
-371.3311502407353 -4.2447747842776735
-370.15944244875874 -4.41434249362138
443.39438406476165 -5.6280976542015555
448.27818139661184 10.868656045051063
448.2927552307432 10.85762888895249
448.29251028501704 10.856956574579852
448.2901453300062 10.850174689718639
133.24093155805946 -14.800033114636543
-497.70674278999326 -9.598558077472802
133.3986089409689 -14.669368819634796
-59.023257678464375 -2.0557277819721174
-58.58219021187654 -8.046778811762975
-58.582484523089 -8.047586621942507
-58.51448539315708 -8.014362492261451
-60.27051069425465 -13.271231751228669
688.6913281795815 -19.9849946737385
688.6918647353594 -19.983402249778567
684.6505451505566 -32.134803623855554
1000.421339718413 -35.77866991028181
-497.70716281963627 -9.599865122063438
1000.3928874705732 -35.799541952949006
1000.3929654547661 -35.799327905956815
688.0658943550563 -12.158327188278932
688.0658344065972 -12.158491731719025
688.1401581104168 -12.071218496869244
-24.58236463987992 -10.969427227123827
-24.676801432210407 -11.060463258206997
-24.677023096189462 -11.061023882924014
-24.676969850034677 -11.060877735865756
-604.1951194187154 -7.1307325457055555
190.0645967605955 4.736344247372871
314.1865691988325 -8.626697544258043
