-286.10013631923744 -0.26181529933184766 -3.898280977706601
-278.04180549675 6.132458244558125 -4.222824827128496
-278.0416877515945 6.132699768066994 -4.223108334073441
-278.0562829823971 6.131757225187158 -4.217050857813914
-321.8383045039105 -27.7011636814237 -2.352280396865124
-211.90877782011898 2.0482887151403304 -3.7292082322774265
-204.10837468219918 0.9507658437593078 -1.542409625676052
-204.10731961447442 0.9529263354947287 -1.5449472609540387
-258.60003868576706 11.45256830709171 -1.6722601324040853
-201.96903804614396 -3.3416741180832568 -1.0261325977230267
88.88416228264029 3.7508085060667713 0.39759880910984646
-207.5187063873929 -2.0599867541783716 -2.275823092139481
-207.52209305497234 -2.066921728315691 -2.267677522929767
136.20637298691764 -4.112050583989939 0.7206032480073898
136.20584231326407 -4.113139122751083 0.7218810047596711
-20.252317951541574 4.117349988133652 -0.8343334536036184
-20.592784144049972 3.9263857594555533 -0.7933319532933645
-18.07189383469072 6.241986641953737 -0.560271983529328
-18.075919928708476 6.241049738807216 -0.5626698367141382
-18.305363501847115 6.121501996905856 -0.5868662318952182
-18.634472750886534 5.943364402205335 -0.5967946403262425
88.88526392054497 3.753067025880917 0.3949471717958166
123.32827558918223 -13.061757449376715 0.4698152294440603
136.99317267656537 -3.6728769869079283 0.7037730749418181
136.99285766913695 -3.6735231425803154 0.704531550259252
-115.16304069682592 11.313136746367249 1.2467451707696924
-115.16364546995888 11.31189785321577 1.2482001223472088
-265.7416824035528 10.93427022891202 -0.9140336379525795
-275.04604449051305 12.984372711801502 -3.052279215529518
-256.38276452638485 25.185465289382382 -2.988039887307558
-256.38252789387735 25.185950037275745 -2.988609172596768
-255.65382123872388 25.57682623524647 -3.0173718127083546
88.15991608790335 3.395403236067239 0.34331811464105433
-135.68064066391838 7.590175553897845 -1.9891352966488447
-135.68144130562098 7.595070598957678 -1.997763120039091
-134.18869249755804 8.400223225575253 -2.0272259906330867
-134.18937836074957 8.398818764305682 -2.0255763613349087
-127.75170067812324 13.918008148678107 -1.567561172953245
-127.38943882758996 14.125464535773107 -1.547310135592535
155.18464135080188 23.5569694807671 0.9251219550585532
-41.517328220359516 -10.25395290232995 -0.19816725699862114
-146.30190558619944 3.796854641289718 -0.6563865680443643
-128.37949306284023 14.196915143064826 0.07114815732562296
88.16171555894205 3.386190411534591 0.36052551010622963
-128.3804936874587 14.194865338066666 0.07355544080606946
-128.38223383277105 14.191301993688608 0.07774081591290427
-128.38234619770404 14.191071506318268 0.07801136834022138
-142.86088021492733 16.31340059384687 -3.9204236805658264
-155.95156606030693 4.531898104675864 -3.7830685341222554
107.5810959718216 7.567692123276968 -2.801142012098608
107.57698361054165 7.544359216615605 -2.765704046174023
109.07822677399918 8.543708537688051 -2.8803254509636873
110.17435451432944 9.260122564260294 -2.94337580314332
319.7725474648088 12.152844488428027 -1.1862722741580736
107.15771532095863 16.851080150239927 0.8084352157587051
317.9683507660222 10.881025975286981 -1.122106591236607
-270.9696517627519 -31.589589160703934 -2.789873529076532
-270.9696517627519 -31.589589160703934 -2.789873529076532
-84.11571354137958 -52.63478669086818 -1.1458170182878524
-79.71024270518758 -50.09931620340082 -1.1480569388501265
-125.50901041840584 -78.72287749492646 -1.2912383467697786
-142.28423657042532 -88.60897773246423 -1.354961640810755
-142.28423657042532 -88.60897773246423 -1.354961640810755
-142.29360090776996 -88.61327078146368 -1.3552408791348347
-142.29360090776996 -88.61327078146368 -1.3552408791348347
196.6484051656846 -2.526922417203276 1.355957041585214
43.588978325889606 30.050995968704107 -0.3067424641168617
42.98833115267277 29.759437751942826 -0.256302327450308
63.473406953156584 25.149167165720478 4.4147919937476345
256.6330548599799 -4.0584550228040985 4.5651296056322845
388.6323593625174 -12.66329776188207 5.845411139511782
-84.77344972280947 16.482161394128653 -1.7830842935358688
55.8977241122675 -2.7998409054878697 -0.5416986059515778
55.89786086388975 -2.7995605445411016 -0.542027766467898
-247.67634911645814 -1.4106767085308778 -2.8989930302360145
-242.55178420298083 -2.514025396826013 -1.7024828519831119
70.3642099804963 7.710534094598508 -0.11869154830352735
-169.15420240439795 -1.9513769853269058 -0.5088302683482566
-173.40600108817307 -3.8576430823465824 -0.6156940569566774
-172.90827567418677 -3.671862192351726 -0.5971658620633236
-172.91027506306455 -3.6759607480463616 -0.5923536996140449
-173.4804042145282 -3.874371175642388 -0.6231751469120167
-172.7305361545308 -3.6079006002738057 -0.5927530451360962
-172.72961042109407 -3.6097653005262567 -0.5892570442031174
-180.9207325612823 -7.902919925607324 -1.1142202048341527
-180.920791525714 -7.903040910381894 -1.1140782048933349
-56.13091185955243 -15.896166922627486 -1.975372960153202
-240.44317455823088 3.8443706108839635 -2.68732492096452
-56.13092180996007 -15.896187339207247 -1.9753489972192528
273.94883637364745 -26.479116979724246 0.21172385458505438
421.54332307021747 -23.60393360886762 1.1040224430913979
417.19479463126316 -26.43293558140734 1.4098304155793935
417.191426611261 -26.43125896104895 1.4024734777316414
416.68618633290293 -26.722632778014066 1.379380613306953
415.94929267192833 -27.216775283973536 1.4249388847595226
293.5969918679998 -8.301472495051886 -0.12135291616824384
293.59974692918144 -8.295824884627647 -0.1279838426114126
294.8794950978482 -7.4925301670955005 -0.16361668526262463
-241.0554100552633 3.98162188900197 -2.522799620904076
294.88030257166474 -7.490874726764995 -0.1655602712849671
309.46208380676796 -9.643788481121515 3.850719008828123
330.69679527672247 3.3209256840428676 4.941463273412413
143.18006473074456 -4.902145363402064 2.0338820090126735
130.25768763543823 -3.0340431320960626 -1.543797836777978
130.9098309386826 -2.5592385119609555 -1.5812879558854869
146.11168819671596 10.131578376371747 -2.082145264335316
-21.82567623370521 7.627329176823719 -3.466769966451764
-24.443857995380835 5.865550507622316 -3.28883603094652
-24.443962972295893 5.865335288248879 -3.288583351765425
-241.38455963180897 3.7998895055498023 -2.5305444746517995
-0.5646763952897308 11.613591637377738 1.4025909064017765
-25.305590310629636 5.285909502392023 -3.2128522585742925
-25.30551881866702 5.286056071523214 -3.213024339896438
-6.598079109985035 21.85374918679972 -3.4613958011822863
131.66124991124045 -2.0466989283114287 -1.5135778826381427
131.6653405512442 -2.0497612551721613 -1.5031491164406185
-209.7926092728563 -1.035777063987942 -3.3795537050491964
-209.79330616030708 -1.0372056165394385 -3.3778764247099
-249.6018365665681 0.26695144318388664 -3.8033645045139366
-189.49464724036724 -8.407003351933966 -2.999904893644738
-189.74852775400402 -8.56068881717648 -2.980159378691271
-241.38639218627858 3.7961329443679053 -2.5261338519969785
171.7535035889492 -17.09958476151891 -0.7043604637433605
171.75337779469143 -17.09984279566434 -0.7040575761579606
171.58505315810584 -17.200939853280655 -0.6807821696298046
171.77605408860975 -17.074288535816518 -0.7195665109218035
171.77615569812775 -17.07408011036337 -0.7198111664577092
171.7776789746543 -17.070960854348602 -0.7234749315052393
180.52005410199317 -18.337870496073485 1.6928295588668334
17.13503226386159 -42.64428940301843 -0.9689592683986001
-3.694978352611527 -54.06481996481232 -1.605788823223046
-3.7018214492403745 -54.06998653907773 -1.6023432818274934
-234.56143170586162 2.2357664897880696 -0.9852847491515879
89.56780846890706 -1.9735134065513507 1.5358451958567763
-264.8816797203828 8.247947083115259 -1.7119605159638271
-264.88252616525057 8.254674891167253 -1.723182129515561
-264.88277940528496 8.254155711833326 -1.7225725819328388
-264.88305602132857 8.253588608238683 -1.7219067684026808
-253.07537401062686 15.320010294420003 -1.2091971277265467
45.09981107580157 30.661813461875962 2.837564037953939
43.34027032807919 29.836089997599245 2.7527804250487584
44.94114037194631 30.617526134181023 2.790715653033504
46.37436946425625 31.293138011622947 2.863279859399389
-234.09363839830968 2.4125485073418607 -0.9598467414420866
46.37328201300446 31.290908840709722 2.8658971551831485
-146.27038255778427 32.77621456124833 0.2091390870511578
10.799904011504596 9.14898931149236 0.9194320627095979
22.54579510034794 17.07402639950605 1.8466037832103732
3.753069078109697 19.82662250642552 -3.3448116428771173
-252.15345076192963 -1.3640720640018815 -3.6086038725787613
-252.15444214367184 -1.3661043016685728 -3.6062177984529296
-252.10100175668885 -1.323019168923045 -3.6082865615229
-252.1030261544161 -1.3222832490005358 -3.6120911109989127
-244.47448807680968 4.860551780592518 -3.8817354881678057
-210.59966957106846 -60.820949275688314 0.4877065153387624
-244.47443592289687 4.8606587913637185 -3.8818610868086196
-236.32823987401284 3.6674754109890726 -1.6316079432461041
-302.53723193537127 15.155097062804057 -1.7914567053443544
-219.80089593595 6.172832358400692 -1.1351084495110135
111.64876722498464 12.367457589485177 2.985741394791947
122.23769698174218 17.77158400273416 3.052183114250006
121.14465150581597 17.276582156318323 2.9762803545060503
121.14455492469664 17.276383988637143 2.9765129440981735
119.21393677679717 16.36593788272893 2.8864210061446234
-305.18896789423934 10.107409754554153 -1.4156672849528396
-226.56746306246728 -58.69312218888826 -3.9365679348611
-305.1891666947589 10.107002184235606 -1.4151887730287815
-395.1546000494647 -33.071433974090226 -5.715186877312878
-395.16016456154045 -33.073210984716304 -5.71524283974221
-395.16016456154045 -33.073210984716304 -5.71524283974221
-388.4344834861413 -30.11297770933988 -5.400338795600371
-365.9812729994177 -19.449518883834184 -4.317314102322523
-180.71198687856528 -38.877244858516306 -3.378669904602037
-177.45133494694545 -37.478726721297264 -3.2933626570386174
69.71310272413483 -2.779497533355907 2.2756686190828317
58.64395618062755 -0.284942163195811 -0.24877608250741245
-61.86935201728654 32.40350424213762 1.3749832440925003
176.82836483388957 -17.37440359405836 0.711621628471337
176.82832762505905 -17.374479940147513 0.7117112359208391
176.23824194747027 -17.68536578294262 0.7391258669727865
-217.56332305960808 -11.592164196817995 -2.018132732170611
116.1239129777257 -23.162535520814956 1.2196928293340459
239.9780175730568 -21.105374994712687 3.1090274488571077
239.9800003387604 -21.101310514894944 3.1042552953127416
239.5247482349288 -21.29289340843233 3.0808969820391106
239.52557354821914 -21.291201394740156 3.078910456788903
239.5265007053796 -21.284276342715323 3.0690909173758363
-61.86971648501182 32.40275702967608 1.375860516200123
234.7893602042424 -23.30401645407526 2.954286817521745
233.85106698655625 -23.64546864673027 2.914862450572096
141.0074514944905 -9.348538928975435 2.940013024156454
142.09590702622984 -8.96754116647973 3.008414524874647
142.0945321940594 -8.970359774721983 3.011723739492817
131.9375984264362 -6.639308702192227 0.7265438819112768
147.05705042857937 4.177509088731371 1.106320310862714
7.0733673474974506 -10.525894190990927 1.0464386851462595
379.2893183104666 -17.52862840310032 5.248036671006447
378.27640060471697 -17.901991723505873 5.185074991891441
-26.480450031046246 52.75039221600552 2.6747734315032283
378.2791516517012 -17.89635613385864 5.178456576002018
366.6380998294627 -15.23255113920793 2.5476614029735334
222.36591679283092 9.001296655803793 1.5094907322798141
222.35900623509673 8.987145713158862 1.526111916555677
29.58867297110144 20.76111232626886 -0.4643927298901024
29.59285945317137 20.758722489149587 -0.45639737864243096
56.85949679069653 39.00948525487064 -0.18896661307887253
56.85925418573165 39.008987610050276 -0.1883824672105485
56.867841687817325 39.02314426532322 -0.11333462657408465
56.736189999250335 38.90941316318487 -0.1334400807863484
164.912423385514 20.077100606087782 3.2687097336544166
-183.82033860779924 -114.92566193260332 -1.8798969955975386
-273.469451601715 6.189170121617691 -2.8782900653713295
-282.31732780612936 0.18147096046762967 -2.999562179832531
-13.384096529737452 0.38473480677660565 -0.743166082218685
-13.38011441426779 0.38670214552935256 -0.7424472550878592
-13.291953416531342 0.44526401330148996 -0.7184079541957442
-13.200039858063224 0.5131615014921772 -0.72417762889916
-23.294602669698605 -6.987552433236312 -1.0289839224498585
-23.295636331888385 -6.989669091160796 -1.0264977716283172
-15.84955315593734 -8.661593336876532 0.6607234613448152
165.1190163646426 20.125172601573656 3.2227959792858725
-0.5634116973388679 11.61618240326308 1.399548320414992
-15.849446096514473 -8.66137373238324 0.660465683587518
-182.6105374361907 8.48908507179304 -0.14367900361260788
-183.624010031829 8.073095268909219 -0.1288631736404846
15.256833223634844 7.518428477894681 2.565615084878714
15.256480587049078 7.5177051381604025 2.5664641631665264
235.58914675879763 8.974322655811877 3.7772124390454254
215.31817145248746 11.917795146847494 -1.8179373029227412
369.77839541223153 -5.221288496283876 0.3070370587495552
369.7835022294334 -5.210831123643743 0.29475420790933526
1.3698776988754606 -3.135215823322152 -1.9255307927063043
165.31036591641063 20.22660416348172 3.2948145922177074
1.3716396234991408 -3.1316064759604227 -1.9297695970594573
1.373321068691802 -3.1281619927577684 -1.9338147855462409
0.8963119100951735 -3.421832636978444 -1.9274651770574827
1.4143123491194833 -3.0803346551604927 -1.9527612695325158
1.4162155229290283 -3.081581773808119 -1.9479933713239124
5.980697706412039 -0.029960100449454415 -2.298027551769908
5.1871029461966005 -0.5840138396815207 -2.2817531882591364
-4.080611011888491 -8.37858943375984 -1.9766867563549544
-76.20028916960598 3.7990790429399124 -2.9978614382720306
154.13929900418543 -58.09352553434296 0.7556971800840042
165.31082227418108 20.227539764059184 3.2937161411935376
154.13929900418543 -58.09352553434296 0.7556971800840042
154.13929900418543 -58.09352553434296 0.7556971800840042
157.2469618122724 -56.30586617428312 0.7498706955251486
359.13718680782614 -21.53908470684048 2.1240295806164093
359.13507353994555 -21.55350377034984 2.145665520423283
359.1362791706347 -21.551032344141092 2.1427637905778525
-5.018456155174411 -12.939336566952145 -0.8167250580161031
6.15834276115037 -5.474255904270664 -0.7253767380734475
14.502601187350264 -7.3297883174796254 1.2124222798507027
14.532443381625194 -7.314292936983858 1.2524261709072693
321.92522728250435 7.3529052354473725 4.912761295969039
14.162682581806237 -7.449665382644447 1.2653312709219615
-65.87414601648732 7.849698518851451 1.4549643645896975
-66.95932668612427 8.003085830341137 1.736752515843197
17.67037737519381 3.2858809405952747 -0.3168185580399603
28.9328400837845 0.749982483599356 2.2906480810030265
15.866396371381114 -6.177869646602696 1.4861743092172757
16.305580544796005 -6.005050643704829 1.5210966976415623
16.30497577141269 -6.006289537354543 1.522551649814396
11.144145536921974 -8.32697849184011 1.379563100436573
-55.43946344422599 3.8690357654472427 1.5793383105071825
-27.345087269279862 4.403025992136569 0.8452734601245966
-182.35918694788413 15.414923902097767 0.7216564236510505
-182.4645544445253 15.391776462897639 0.6785321415026007
-182.4637737370286 15.393375762042352 0.676653930430432
-182.46157331978958 15.38999642698193 0.6832191310028055
63.39775052786946 25.66452260734194 4.642670726712619
63.06840174352806 25.55258966620564 4.554802276807911
63.06463036319769 25.544866904935226 4.5638731517118725
163.08455558946363 18.627046854484004 3.0705947346129907
162.88240091485028 18.547171386673647 3.1241145570207753
-214.01865131495828 -52.44433010795918 -3.6391764631400845
-27.343145613267307 4.399996945784568 0.8516934739495328
-214.01865131495828 -52.44433010795918 -3.6391764631400845
-278.4237183302871 -88.14726276518628 -5.688519988483956
-278.4237183302871 -88.14726276518628 -5.688519988483956
-387.5544546475312 -52.89707481754708 -5.515495288550288
-415.5000636272687 -67.33648766702268 -6.56342003778768
-415.4933993688893 -67.33692829923393 -6.559237940483081
-415.4933993688893 -67.33692829923393 -6.559237940483081
-392.2651076640153 -69.99737928720924 0.09063257073543585
-255.10252341491818 34.42705115558122 -5.708822598639471
-255.05074447751912 34.485029332939746 -5.676130487066999
-27.345101463356063 4.395987640416692 0.8564008465230094
-135.23850676027163 14.122607420324515 -3.9385974892656535
-172.08065374277035 -3.0563001408858623 -0.4962055389063883
207.08925161138947 -6.090807408997055 4.263547215893596
193.2186734001093 -13.515163678375364 3.3242406044856447
193.21500185589062 -13.522684930002141 3.3330735349061915
194.1932202937234 -13.16373640501501 3.3743004245600554
194.1868352627668 -13.176811211780251 3.389657618637403
194.186425965838 -13.177650777792488 3.390643124334945
103.80163126096396 2.3297378727195053 3.5802147343950255
102.53594203734988 1.911022117039388 3.4944009474802358
-26.394847195513403 4.826101915300322 0.8933450099216271
-62.109482338685474 19.649778129964904 2.6367109363258807
-61.43220052558048 18.924905650720213 2.2613701716765684
-62.28733603340488 18.59840704734215 2.290016578560949
-78.10861285376535 22.163300426506133 -1.3213447630225919
-78.10740214520824 22.155721364226462 -1.307779603834464
1.0367926021676026 -11.091816785383124 0.34663678448552293
1.0365855937215127 -11.092241409256555 0.34713521969447214
-93.9315824399238 -3.2437138649328823 -0.42690296751919354
-94.02742431181802 -3.2972033724440086 -0.43061639635098936
-102.60619990741229 -2.037883207317889 -2.781789915233852
-157.83781195519106 -5.272878135035697 -2.7334966730626693
-91.30468818075472 7.138908435628511 -3.1819844081463873
-91.61454147508164 6.911797234062734 -3.176460827918749
214.80947028495083 11.534190629638145 -1.7901291754231616
41.56119212508566 41.101409236276915 -4.224159604663355
23.90462482434957 23.50191325563962 -4.313714936382292
23.90866098738155 23.528955263579853 -4.355583114274157
25.41110299544778 24.503346248846295 -4.489511534991017
25.411532373109523 24.504225497414854 -4.490544268470465
25.41177927541599 24.50473128316 -4.49113826142014
210.39598780023726 5.334921906078785 -2.3302267746473864
-157.8416523589926 -5.28074223747611 -2.724259783397396
383.43236845527207 5.236018559837662 -0.49168519633417906
404.3509216189992 2.29589809199833 5.419924282819767
404.34754592662733 2.288985592170872 5.42804345454981
300.0220853279719 28.494067574583998 5.6190893300088725
302.9039939984731 29.855111498875377 5.717839597509675
302.9033943476424 29.837660456477565 5.744860577177119
301.3463675379359 29.12158606976028 5.667340872345882
301.3468083330452 29.12249024622892 5.666279525209138
303.019863518346 29.919518263048055 5.719557107544444
276.2734355326467 13.616893304864261 4.464090976085613
-157.38002344726655 -4.983163581466876 -2.7393604480519933
-0.5679796504574558 11.606828477677892 1.4105351023302732
265.2354062007623 8.092874683940714 4.387960085568816
-61.358979914585234 4.847007667991833 0.5303927471648137
-61.359361745665986 4.846224440994179 0.5313121205712401
-187.16649437837768 -8.673774310955135 -2.2989604380277484
-186.95391562168066 -8.574629683929682 -2.313372337374931
-270.7396156235162 -24.20297594395953 -2.8433439620677863
-366.95557491048504 -22.54923836141815 -3.577473335495255
-394.97171895914346 -39.74339343415653 -3.7555166666302844
-394.97171895914346 -39.74339343415653 -3.7555166666302844
-394.975839941759 -39.74476202365467 -3.7563764256121015
-206.99067469064462 1.2768853574965715 -3.4956980177024493
-394.975839941759 -39.74476202365467 -3.7563764256121015
-386.52032919017387 -34.772297476905095 -3.6839655270475347
-386.52032919017387 -34.772297476905095 -3.6839655270475347
-395.03313682706033 -33.034398467696576 -5.706772323827282
-238.81571453456223 -66.04700404656379 -6.157586387901283
-58.846524024620514 20.36700715169498 2.430700073220574
-59.034121109621104 20.276911055959864 2.505133053860061
138.85183139845435 -5.1704931003729255 2.901699031031999
138.8522788497465 -5.169576485016053 2.900622561307517
-115.34992974365149 -55.30309693922417 -3.801483633783479
-206.98926798675217 1.275837663893226 -3.49209107118391
-107.35812333424069 -51.86929939613392 -3.4308413947067935
-97.81097516649018 -53.89889566732767 -1.214620777689816
-4.99201430667126 5.527934027689669 -0.7449185691484852
-4.996593845166513 5.5308143374537115 -0.7540624999896389
-5.244243835911114 5.398401847222015 -0.7043463918290356
-278.2474014781964 2.6883044899852937 -2.980152345455849
-359.70009709981974 13.819101975470076 -3.6294858810283355
-359.6996538843938 13.82000991353777 -3.630552160177499
-360.02866623244853 13.651129510289566 -3.6169482694289012
-347.2037934685398 22.2210105169865 -3.492583346512846
-206.9893928367715 1.2755815666250687 -3.49179045714989
-347.2050780983711 22.21837994449868 -3.48949357142173
2.481592383096237 5.395022738429591 1.041471553598869
2.4776999972093274 5.394781745109545 1.0387314665152751
2.288962383535063 5.312052615268202 1.0025266482486734
2.509431682072787 5.432519330946132 1.0060217121268864
-8.92476569662625 -2.0306124574788296 0.2709650564032894
-10.808130141925878 -2.903031032621563 0.26366306466057615
-10.808445652035962 -2.903677363108875 0.2644221128320869
-281.0295023660679 -1.46273511610219 -2.4957680746861968
-363.49355689189235 8.159236954259946 -2.9697176343883935
137.27177342337052 2.5729560060056262 -1.7276226205634115
-370.71746090124685 9.182508984739432 -4.9680262742239005
-360.0023718681662 17.476608245100504 -5.471412350639977
-264.46126766910913 17.58241187418969 -4.626989203911607
-264.46217279980135 17.580558412717053 -4.624812195251135
-264.4620978897663 17.58071207113683 -4.624992563734646
39.27348262087855 -7.636100157706489 -1.476289602580884
-34.998652858104 1.8348867044022361 -2.6239204541951433
-23.688018814518927 0.1786898830384686 0.5180715603641503
-32.86301198437048 -6.131467808768963 -0.22342180254102423
-31.999635563466434 -5.73391317924216 -0.22256785680869323
137.51820702966373 2.747049324859058 -1.7183225602733105
-32.91636338938119 -6.1519923408252595 -0.21554103034573546
312.63976709005226 -10.238791971738367 3.144737154505972
312.6397921866837 -10.238740477809516 3.1446767160335836
144.37229260439938 16.22263194939416 2.362388407984165
114.17147899338981 -0.6660563903650386 1.503803308614776
114.17145353639138 -0.6661086237099129 1.5038646149509116
114.17193744170106 -0.6651166641745577 1.502699943590434
110.66947940206337 -2.319642845049845 1.4516645580365932
110.66616726784773 -2.334169688425292 1.4714304578885244
-207.49765581180978 -4.544091868918546 -1.7424480374763285
137.51797064741808 2.74656444824823 -1.7177533987669675
-207.49649433238363 -4.541710947345882 -1.7452435055002513
-207.49548814819465 -4.542767819749555 -1.7427597681809395
-207.33627326163582 -4.471253067992084 -1.7224959349127955
-214.0583849820146 -8.789064283455767 -2.1284174509604448
-214.05845335772693 -8.789204463737507 -2.1282528709291224
-285.08286857345513 -0.28507313223764164 -2.544362836125023
-285.08291226306926 -0.28516270237903885 -2.544257675430021
-198.47048881415108 0.7988656143006831 -1.3445789849666745
154.30958146865947 1.6195241014531643 2.5668003236914885
138.69801039046396 3.866935335220917 -1.7787772748886597
125.95575148322789 -8.035387173875774 -1.706548214521345
152.37683121056386 15.533011743575232 -2.229244549546861
153.7131555833172 16.457295930890172 -2.2603126368066784
154.478936012343 16.98924415186554 -2.272427403689125
-17.703116576502463 6.264808300267357 -0.6683176544635349
-17.70752066265786 6.267913580434251 -0.6777356913941762
-17.759020916595205 6.2268854728365675 -0.6972708932895163
-17.91658000617919 6.154394671777713 -0.7465162369654174
-17.918792548682923 6.149863986573004 -0.741194658358825
-6.2292542045501005 3.48890826780339 1.891358583097789
-278.739906661327 1.7335576957281555 -1.682299857562688
-14.838700379732778 13.20476296305237 -3.7417054670500485
-266.10260558484333 8.173258823235836 -0.9771382493448315
-266.10248739359565 8.173501261786459 -0.9774228303896066
-195.79926918645708 0.2661426741307019 -0.5496455218710556
-195.02406752220273 0.5581387066849535 -0.520987604700571
-151.7098340547098 -8.204994063978223 -0.7279808995797011
-148.22059023188365 -6.644648667091184 -0.6440717763328777
-148.22046538185907 -6.644392569794233 -0.6443723903904213
309.01008298145877 2.9586293891641615 -0.8588218943420665
309.472304468092 3.291958541268437 -0.863607318314314
309.18361049250535 3.0996881189080288 -0.8782696350153438
-13.786897640180129 13.906872465878442 -3.8379706833531846
309.18023479916326 3.0927756170900356 -0.8701504609568511
309.1799899129489 3.092273296831161 -0.8695608236179604
139.37451090439419 35.47794686010084 -3.435257592022594
318.91746206843254 13.090621984951413 -0.7126522788437866
318.9240510695422 13.085399280780093 -0.6945059374352522
318.92471791303393 13.086767136495684 -0.6961115641263005
304.0023074993275 0.10273665656630726 -0.3800676290755154
321.55744493891103 -2.510240208887491 4.45378168027837
331.15020497434375 2.264551989485902 4.527896520048196
-21.81010065331386 1.3500140371656957 0.614354580287919
-32.023454658618 -0.04526035190760286 -2.9294711262708777
-0.5683925978299806 11.60598142372159 1.4115293975768257
-21.238126319323356 1.6228770007572701 0.6428979289552322
-21.09489884562901 -1.5773120196854673 0.1071538106722244
69.17318949130224 -2.0362333108348416 2.5481998454387353
58.003008703374775 0.5094809734538328 0.031048329773033234
59.08816267023085 -0.09129383644290923 -0.3010655708634744
58.30118806391921 -0.4715090791867477 -0.2695727936966442
58.11733261800683 -0.5495067506952953 -0.26484344131357423
-169.47673864213394 -37.45820089786052 -1.971013492248166
-169.47673864213394 -37.45820089786052 -1.971013492248166
-167.81794832497008 -36.5036392943281 -1.9900751389279563
-167.81794832497008 -36.5036392943281 -1.9900751389279563
-0.300906900078686 11.701206570120728 1.4588491933199497
-167.81266361814113 -36.49606413929365 -1.9976406821270603
-359.5316113466688 -18.258928513596576 -3.6267994822295107
-371.8628021362029 -26.103440978204375 -3.6427162992718247
-274.1369267864625 -26.66357774574464 -2.888512177135246
-274.1369267864625 -26.66357774574464 -2.888512177135246
-291.54056996946247 -3.77808501634971 -2.735073031382856
-291.54034623321894 -3.7776268653790837 -2.7356111589069902
-291.9538849787622 -3.9723371628876984 -2.732240517794784
-290.59195163849995 -3.333870958263836 -2.713053047023301
-295.0384024381347 -2.6957632470842485 -3.9287077576967033
-123.65232406107812 7.053033268668731 0.7333315378138878
-286.24690040292 3.990451648377964 -4.365331172026454
-279.34793772707894 10.613489343123184 -4.369239156729858
-210.08771264587207 -1.2432183738335558 -3.392600579585504
-210.0880425222635 -1.2438941340038459 -3.391806969311856
-210.0875220506247 -1.2428279346314692 -3.393059109961506
-159.6897076722444 -6.938284735974367 -2.6926367853665196
-159.68806892981203 -6.939492548155493 -2.6883115382597684
231.8744212372797 -13.857192223599743 -0.1206647827462708
232.4936653877688 -13.452344378783973 -0.14816452300230587
246.26369993523167 -8.655049375340536 1.7520715365996984
-123.65313964906218 7.051361391399068 0.7352945086031322
246.26486584686967 -8.659771028713589 1.761184753924904
247.1935183781903 -8.166358146796053 1.7820392617977643
258.9110275237752 -10.880967562543734 4.445262607621936
-146.16976578659023 -5.451380217683683 -0.40534784301232496
-146.7045164393398 -5.640684590896136 -0.43707790957642056
-153.16044881083923 -9.097297313188346 -0.8682942732524417
-153.16124654106474 -9.09893148383239 -0.8663751092246046
-197.12112797674456 -0.7342825934815613 -0.7195060231707768
-196.49410990371842 -0.5077161302793181 -0.6835064265711961
-200.74788941496348 -2.580662564490376 -0.883049642484875
-31.48084108066788 -1.6531533376858092 1.3830727141916237
-200.75063997865925 -2.5862949709116703 -0.8764340221089322
-200.7504420701192 -2.5858890131195817 -0.8769105465486102
-272.56630361399664 4.942830871885276 -1.2506118354492304
-79.68436342745574 16.805177901320043 -3.5947874126242065
-91.45170432084603 7.032422807825778 -3.194039171517762
-91.17706709056648 7.231262407174826 -3.1905478370905875
-91.39693985549603 7.0888929877496345 -3.213293032256142
-91.39813689395392 7.092708647667255 -3.221607925054153
-216.27015636778864 6.949119081050141 -4.13934946861967
-216.27017226253162 6.949086467799225 -4.139311190416266
-30.66802205522631 -1.342711113544889 1.4163456041151556
7.050085601151005 11.596339365984566 -3.3948798147690105
7.050497609372498 11.597183943373867 -3.3958714430164405
217.5709728868667 -13.440736482648532 -0.8420894208076066
226.7083064459721 -5.018225609489702 -0.9296113166683337
226.7087447459506 -5.0173270300436865 -0.9306663026708915
226.54991002714127 -5.1425696924048605 -0.9210272883420789
240.80079787071162 -7.228000715254327 2.987902445356232
-180.38844030703225 -6.086187245874156 -1.5131782731694192
-180.38902503438453 -6.087385074714646 -1.5117715473557432
-180.63742779140665 -6.20161764896668 -1.538399150943464
-30.671900394040314 -1.3408254256927554 1.4107449271083492
-156.64190543327268 -4.3726512914824855 -2.815443565712515
-180.63699188643682 -6.19764775595843 -1.5443029995144935
-226.59513469121697 1.7016044823450556 -1.671169054096196
-226.5963775387212 1.6990594686982463 -1.6681797733183203
-215.04634935656034 8.636183500990981 -1.147936689002814
121.15786038391889 17.294159874981645 2.9600849154366475
121.15809982851638 17.294651033187233 2.959508380412014
110.43935943370201 11.896111160936671 2.9172041834443947
-54.15624563114532 30.203380428972892 1.5985628260628975
-53.706022567755234 30.384743104454294 1.6818888805450085
-75.9306338036285 33.658172360440325 -4.462792757444967
-112.45984132246261 13.398686604226805 1.618243513154423
-76.46643057844224 33.27995423318797 -4.469245413076988
-180.7536119852977 15.213838140613527 0.29953511977780956
-180.75381358837268 15.213424873582285 0.30002034145141687
-193.079753791202 17.839933278956504 -2.6228180625143347
-177.57183454247823 30.027273182111273 -1.8479200928513373
-78.42071337026714 10.853434628933986 -1.1310652216279304
-91.1739424668304 2.123440127786356 -1.3251318372086636
-91.17387525446732 2.1235780358972356 -1.3252937000827023
215.54391399515632 3.5538253268820506 1.295149380119419
371.52384663715117 -11.474565150438606 2.83694576284862
-111.27440111058033 13.813624918566068 1.6861494023910457
370.2403357831197 -12.12800836275023 2.821653118793447
369.1511618902137 -12.720682644223409 2.835463824097023
369.1469356601719 -12.716750407751118 2.8244644404284847
370.36139395127327 -12.099947695661465 2.848988203295784
370.36124654039963 -12.100250157174525 2.849343202654535
46.69205554576512 -13.348263142656865 1.3743103707388933
445.3204653075561 -22.232576655914677 5.794489480376883
444.3769090531127 -22.581925265871483 5.752100952433149
443.4971399849599 -22.92395004968236 5.718170183552566
312.8159357243715 -13.857129730095139 4.490295040250454
-111.27430402607327 13.81382411912029 1.685915600517911
335.6635934752646 -2.318876916637877 5.682038330555402
319.4227202932403 1.2838981329677803 1.9315081906255602
319.1685848638546 1.107406579382509 1.8960143619673748
319.16600800747415 1.1190719037813868 1.8744313402509096
315.9010438053046 0.3614339682630152 2.2983742461100185
315.8986792969943 0.35659021291093773 2.3040627346906843
149.07628184358447 31.52025459792491 1.1560882843061773
149.07428110577297 31.516156035683075 1.1609016208195282
149.07002850448717 31.507447864899767 1.1711299225632157
70.29918010034223 15.138354938594924 -3.0939955322486195
182.04319935872877 23.03756878623328 6.313831550548782
70.29977764793394 15.149393415269842 -3.11261891248189
70.71452989638892 15.371006133873733 -3.1560283412905563
70.71468867677225 15.371331830463241 -3.156410652914593
67.5058536551077 14.735310943100584 -2.5177268470811915
51.79166684671595 1.6564684760115187 -2.043626251123404
51.325513850254545 1.3342852100710796 -2.019297557700786
50.75285322905164 0.9695535727742743 -2.0265445835676217
63.49047767015558 -0.8901454538430771 1.4802448503626864
180.1841058155293 -17.792453393925758 1.9075361741671797
-185.53322664070666 -8.907123133362962 -1.6742110597545528
182.92414116862733 23.32571759303126 6.392292683354228
-239.1170693509546 -5.784851841272195 -2.191974254598728
-239.11718709611665 -5.785093364793539 -2.191690747640302
-239.11628538217838 -5.78324689990338 -2.193859538368314
19.77177655619743 0.24732152700730126 1.2214145058026948
7.658020825120398 2.0291137548102673 -2.158478181946892
7.659267063636731 2.0254883890816333 -2.1503108689712787
380.26581783733997 3.390342563643322 -0.07987925246878325
380.2639177651623 3.386450217521373 -0.07530809540653527
267.17890465681955 29.98678144760975 -1.8809840123490988
267.18113484238603 29.99135003554143 -1.886349348308686
151.18452121594825 7.015742551659369 4.459592143550222
55.25174003341761 50.59167951919582 -5.1398606012592785
55.24916298517401 50.58640242687379 -5.133662318645887
55.016044104187685 50.3686563710525 -5.200410596912934
54.774344146778326 50.29867257790313 -5.136802257935044
54.46150813803862 50.03010326580801 -5.138709758111868
50.296092846416265 49.25588599750574 -4.296543160316167
27.451880026398143 30.26787818736084 -3.591159844746501
136.48419473168556 20.91330155270741 -2.350923649003571
137.0140060234618 21.224923913138433 -2.331190590145982
159.02542811670767 17.893263130300987 3.701775046438119
157.1718327902933 9.519326426873475 4.56886974435528
-58.95714203045855 34.69450625257124 1.8830638043965349
-58.9570497053379 34.69469568771505 1.882841464221009
-255.87445346246253 20.808100273235787 -0.9726784261958721
-234.9920193608743 32.8966382384816 -0.11355952360414179
-234.9920865733079 32.89650033025198 -0.11339766058416911
-120.52888925322203 12.957552926193529 0.14089631379489442
-120.6078714574509 12.921049410390596 0.12211056366663964
-120.60659383024897 12.923668423800644 0.11903554923587234
-130.15700311359404 6.642889691760747 -0.5864400117299071
-130.15749604586625 6.648536151589985 -0.5954390397486096
157.17191280547 9.519490604079733 4.568677049416251
-129.37731308176998 7.0156906581726 -0.6128296625368963
144.8596574602305 11.112282495015059 4.297704367889003
145.08717549008043 11.166264530887 4.278063183741079
145.08697950407472 11.165862517620232 4.278535078188143
143.71922241657055 11.720014363880775 4.655262734421102
143.71426226280568 11.720827092178666 4.650599787546595
142.84776200898705 11.422488846913126 4.5556162576768955
142.84735628371206 11.421656607220598 4.5565931635428
125.70063975539918 15.331620640574714 0.6885380264826657
-145.07983981946268 9.190255229783226 -1.6892605177046092
140.26924376009651 13.385674323704894 0.7478466212839912
-131.521761077958 18.662826844619943 -1.4283994367199175
-27.009259191256426 4.012410291326209 -0.38020745904993114
-27.00513334474835 4.0208589027935995 -0.390130891832466
-25.645961720361907 4.698463731418636 -0.3856755271778745
42.01435172409416 -9.628447153087185 -0.01229606437229519
-217.1160125382845 -4.606186858234614 -2.5093836259160676
-217.1158653332427 -4.605885066236568 -2.5097379477667627
-312.5716027807513 -19.74701454833018 -3.253427215653989
-312.5716027807513 -19.74701454833018 -3.253427215653989
-312.5716027807513 -19.74701454833018 -3.253427215653989
-84.85005032012296 12.426477681954003 -3.4155543324022712
-159.09518966418702 -6.267499755978227 -2.6845818227131
-313.2609525297654 -20.145799534235685 -3.2465835387050803
-407.4454053005076 -17.317404631898345 -3.9938674360656408
-423.2043316451369 -27.2892378050674 -4.0165582132424325
-353.65042346337447 17.912396312308996 -3.5622820121598786
-156.05028775149214 35.846585505704795 -1.8686057139944723
-155.90554863298618 35.92289575843595 -1.912150352855195
-155.31849455468975 36.20003033562122 -1.9631212042709263
-155.31419736673888 36.19682797334174 -1.9536986150436717
-136.33772194654182 31.931616071126488 2.3663952589340065
-28.879899970277744 0.7654841594419608 -0.9560138224916934
1.0259560202436395 -4.280229196544768 -2.107619622214915
-28.88197447652998 0.7612361348592191 -0.9510242468158107
-28.788512616857588 0.7843907745380709 -0.973869495764625
-28.78867514920643 0.7840573817630383 -0.9734781501565477
-39.791596587262994 -6.614019177798234 -1.0720154944085267
-39.79171040753792 -6.614252650424955 -1.0717414377992953
-40.36016432071502 -6.3550252551705855 -0.8975042751930236
-40.687700003364 -6.544527193315514 -0.8920739869615167
299.6875393824504 -10.89301674278205 2.017182210849289
424.9979340173221 -24.89799836024391 3.182151025966875
306.66643284251984 -4.953807371233125 2.4188136359822656
1.228763046565579 -4.146076138902294 -2.0942325726588855
306.6622584110256 -4.953905719834973 2.414605786136574
320.3879655310217 -8.095625784827693 5.5121708766014255
321.9976919081078 -7.534264111806521 5.592108340690507
-36.65235547188331 7.5319004538703815 -3.1959528741856698
306.41311360851927 12.567695991552439 -1.822615912278902
306.0824572186873 12.299512579209757 -1.849419475748699
328.3262506945363 9.212180151397837 4.429541291251986
322.52077147739357 7.62422303673039 4.92259141967377
322.51963886235535 7.621901011145011 4.925317637318791
322.5164770583477 7.615419620008932 4.932927518656804
1.0629853259765494 -4.264174889899987 -2.098295923126248
320.51112076071354 6.724805823552762 4.863334107280542
320.50570128060633 6.732628149311901 4.846328504993478
185.6924915576144 34.55397864251425 4.825373873811274
185.69235081369064 34.55368986036859 4.825712817661455
188.11624102686812 35.670668955481034 4.894628612634348
160.6419244422452 19.08405579092119 3.5572315678895357
-61.17094084080022 32.73874750836039 1.3419060400606564
-222.79901821458338 8.264837052433313 -0.36703734341568506
-222.01530276298678 8.572984936500564 -0.3160213985652629
-221.45905569901012 8.796790970533149 -0.28638211043777306
1.0639859507371008 -4.2621250846234995 -2.100703206932849
-221.45962480253792 8.801551702627545 -0.2939428015945138
-170.0112453113997 -2.497753538691536 -0.5711043964893957
-228.62601268055485 -2.0860371129857453 -1.450184869411157
-237.85802721326615 -6.64230622297453 -1.887483837142009
-232.01734931487223 -3.4660566422177572 -1.4709790041501454
-232.01836619046966 -3.46813892686423 -1.468533228084736
-231.97498336114108 -3.453136184297014 -1.4552346072279736
-231.974850578491 -3.452863815284876 -1.45555432147224
-231.97470908868354 -3.452573585807505 -1.4558950008218752
-236.94972303388428 -2.313554926926016 -2.5782029705442477
1.0614724061770864 -4.267272140250253 -2.0946576619835424
77.35111302915004 -4.605316981099842 0.09955235264470574
-250.90445490984038 -3.617779387822562 -2.9091172226122968
-322.4138278856768 5.220783675069152 -3.53366148903107
-225.7740992144439 5.49515633467578 -2.42119441961663
-225.09399258955406 5.879659216449443 -2.40135493755579
-225.0929859741099 5.881722681741384 -2.40377767641381
-217.32299377929712 4.135924623885206 -0.6232037624385456
-222.3693359716513 1.95419929083921 -0.7537756484762836
106.51188715349346 3.9301914542136633 3.748406997048843
126.23062504277884 14.570045219611155 5.092694772760033
0.6876473499977364 -4.529021208923165 -2.0919141142237367
126.22921664993754 14.567157806979672 5.096084767812534
126.2285706707899 14.56583345470146 5.097639636596761
128.47170357421032 15.370808614505677 5.169555679367088
129.81756252673924 15.864730013345898 5.226019266249861
129.81325623971588 15.874841171500352 5.207611493347181
-157.69700459714744 27.615945025168813 0.35433484514457314
-171.98336478097997 18.04770276924481 -0.6160987707152574
-171.98343642794896 18.04755580283245 -0.6159262582601182
-171.98338811558705 18.047654905366592 -0.6160425852861864
-8.056256928096907 -1.6518659296784455 0.31419492640867686
10.408552302110444 -5.935172791496274 0.6077722638988468
133.74290264353203 -2.80306562899272 2.0925969113277225
150.98143669905795 7.519743040414236 2.8503410944689405
150.97940707525646 7.531789316469252 2.829742823100136
133.25513656032058 10.07215529754397 -2.1240803865003803
134.17247697631277 10.712369764241974 -2.14454164938606
-208.53904106032542 5.345288445699358 -3.700249971505552
-208.5378809630996 5.347664009287225 -3.7030402223840353
-208.2797487440095 5.527934560176952 -3.7026069812848466
-208.50351753507348 5.380317067886525 -3.712624304362206
75.14266211743282 -13.425707963927339 1.4729568258909256
10.408389997188037 -5.9355057177584625 0.6081630619100858
195.10472389772153 -13.314349839115039 3.1805261476162805
195.1039672981355 -13.305630773602491 3.166906843233315
85.04021262394046 5.588413306664399 3.302163716512257
84.61186390652038 5.407392683175646 3.2791888632487156
84.61080948003685 5.4052326637311525 3.2817255821895603
107.59975362622822 17.336186523619308 4.6224488727532025
107.59726793095285 17.331096495769817 4.628427434956131
105.86826603112549 16.63334951311154 4.539264765731863
87.7538087346939 20.696651914768747 0.3726009677043919
87.75407430042608 20.697196653675103 0.37196153817994526
-76.4270755901848 -5.25684108972246 -0.5350551817493803
79.90203065078894 16.32231038333708 0.6175542987595521
81.05868879718551 16.915516028630655 0.6384768084318946
-235.09593514986474 8.44686157794111 -2.308740742655523
-173.35608493762638 -3.835031353787423 -0.6176066184028925
204.53838922167967 -7.648269834795299 4.020745056894707
204.54429043321667 -7.636185758618501 4.0065515390486865
188.57818222621816 -16.07722428556316 2.97339942898581
63.00696743701306 -5.5733325250900725 2.075493956375731
63.00821357735203 -5.570779774935536 2.072496015918793
63.116494216340904 -5.537258905273635 2.1075399269464343
240.12191341420208 -8.746873245870592 2.612213549743848
-158.5526116631836 -5.934963171351038 -2.7049149647352513
63.20862697477828 -5.500992583073904 2.1307442447274614
63.2424702472323 -5.48552226098862 2.1114020903396242
53.28053992535394 -3.2033986318282253 -0.13351933608319605
37.992902094490894 -14.252648007452432 -0.5423594880328568
37.992598902623705 -14.253269104008734 -0.5416300748407297
-109.18966572514249 0.8635714216059739 -1.7826633397420315
-109.19505870288876 0.8435098720629803 -1.755183147998804
-122.93124085305982 -33.18652171394994 -1.1112787935909028
-126.3651297409826 -35.56264061391035 -0.9333924773346478
-126.3651297409826 -35.56264061391035 -0.9333924773346478
240.1213560476541 -8.740169326559013 2.6015118143293865
156.89182316244077 -59.25653911468388 1.9483180384210546
-80.5969534631431 -54.58076788526967 0.6342125855548691
-80.58939254661344 -54.57122608434036 0.6260183915725053
-77.16031072507737 -52.215880487382954 0.4736286101286767
-87.03218125736036 -50.81887950400364 -2.217281735280962
23.21514803795148 10.020535156603916 1.2496450299083013
218.236216590815 -0.5733014359585155 3.1378929635128143
218.23896763785265 -0.5676658462409163 3.1312745474852464
243.68088273582478 14.614571842023661 4.3048610836496355
243.67842378262398 14.60953461391686 4.310776785930139
219.39222269750857 -20.311405207927375 1.9590088248711224
244.78229098992406 15.072328874301807 4.392828024598267
-49.662631215777104 32.03555568895608 3.711566927158465
-49.656351536173894 32.03526451355159 3.7162386482402017
-49.90270979455964 31.958527819988657 3.648979441413899
-250.44184951188006 19.166399558489424 0.08700435662165518
-121.95935885521281 8.507869416994948 1.0393495085120565
-37.637211584713704 -4.9253729435187985 0.9838130003354216
-37.640283694129316 -4.931663788026988 0.9912019982625628
-37.640048699151514 -4.931181757051253 0.9906361770331544
-37.63963502993169 -4.930333222413806 0.9896401437259881
230.4125200746829 -13.26664127443283 2.6112944127145754
-38.65735615811618 -5.305245263358536 0.9458277001094965
-26.612344362749184 1.1133695182331147 1.729252164632741
-20.587459508508005 3.6882470744974474 1.8411954562957193
-31.874187013586823 6.210311617672491 -0.7625974453664321
-31.046833197736703 6.694510587325788 -0.7676323923532766
-39.72769727522706 -2.4921036334583744 -2.56703935396419
-143.71568926536952 15.010859905208621 -4.080962531145138
-143.34711612373695 15.228665816328729 -4.138907736003767
-143.34695099617653 15.229004352123127 -4.139305197271471
-143.34758961412655 15.22769524649686 -4.1377681609556465
369.3814691888488 -13.897381107797967 2.4858752677973244
-143.45677578936048 15.119358957358296 -4.144829459595554
128.40574647629478 25.21346017880076 -3.40407688590049
128.40581491265826 25.21360059833168 -3.4042416964364395
314.2619172591711 8.841963862870138 -0.7736528989467093
315.432847115115 9.586884372169813 -0.7835596901230752
307.0722858450747 3.1811482330726606 -0.3455863308875624
325.7377651133818 0.3961975208049222 4.797158104184834
325.7419090739721 0.3945126446402385 4.803375101133169
305.6524765769252 -11.8415647970698 3.7627908259016025
-34.78774154984348 4.574748666242024 -0.5912507736138176
381.5636778781591 -16.674782078501742 5.254866411579935
-34.325535714563344 4.7986230529978675 -0.5670940915987225
-34.32820974995533 4.793141536553309 -0.560658178676379
-127.2266208359052 14.209543273923797 -1.5156744584217885
-114.93662705683829 11.402270718839631 1.2741782960738541
-114.93654882596765 11.402431235004421 1.2739898981035567
-115.11465716665002 11.335187794638278 1.2457888488968623
-115.10963494071429 11.332591599759285 1.253035069561283
-115.57072130546565 11.147286083313888 1.2132245500261247
-228.23098793248525 30.427873659091702 1.3489631577003345
-228.23106036907626 30.427725031825194 1.3491376016976948
401.59707204325645 -6.301833912846442 6.436697623822384
-12.884727861498558 50.727403631768304 5.752534897795411
-30.581750533017907 39.712893076992096 3.957898369391918
-69.46496051107462 20.582446940182933 2.1251090686952305
-273.12930536074737 14.024896289846712 -3.105308444465831
-273.12954199357154 14.024411541681248 -3.1047391591506437
-87.71553062789317 23.388547797244804 -1.6705930949113479
-87.7162164940768 23.387143332332187 -1.6689434614575098
-87.71762194418083 23.40141386023494 -1.6933817709552592
-84.68337650652848 25.045193373575444 -1.7619946540412597
-86.18674093632788 24.259591061358087 -1.7487530193219225
401.598673218579 -6.315395118340407 6.458223442925908
-69.65875718583426 20.56006213352621 2.019426257333515
133.2480505293265 -3.529717350012194 2.7887979515491996
161.79979291973567 10.504973076135855 4.144891835525011
160.4491377497644 9.959330021501145 4.181545729334431
175.64278666402254 18.90686873948101 5.579863683910076
327.04227852744344 3.3020240759142343 6.572324172315369
327.0425989755778 3.302681391792463 6.571552596824738
-206.66088975052764 5.53689692319894 -1.4530094319094582
-206.65998101533285 5.538757765713118 -1.455195110073445
-206.0378947273938 5.826617948870453 -1.4701851436556268
272.86837646432184 21.889527166739395 7.14880942713433
-206.0375823615158 5.8217288433361745 -1.4624144552045757
-215.83500001430988 7.220162391206678 -4.155888109784975
-89.65626324810331 -7.885279340793155 -2.6193621289574525
-3.7317474253784515 -8.136534957673256 -1.961956440641923
-6.207506942171165 -9.690979113581788 -1.7745951247245415
-5.921305021311226 -9.498049947779586 -1.7902428960356793
357.6315310290844 -15.81555466447883 0.5202340357813275
369.4867774156305 -5.7443506531405255 0.22117633749682764
369.48328695170403 -5.751500957226772 0.22957362845664964
369.48147775838254 -5.755207135728697 0.23392615093758007
261.30632348927935 16.771823980469172 6.880751645769034
368.3678087037142 -6.455207342223128 0.26375842302375174
-230.59011535958945 -0.9078013535654745 -1.892489183230753
-178.86296322587307 -4.867057930064682 -1.367490289536417
-178.8631535526516 -4.867448335864324 -1.3670320204619166
193.5242519916487 -9.71310379891213 2.521894252730999
82.75983435102184 10.780552644092888 2.367032983281957
82.76339727157071 10.787848536313572 2.3584634927483608
84.50398634734442 11.57011198338119 2.4159271520703514
66.64633106067247 14.178186927181372 -2.522043878015274
51.314400724054686 1.3543727365246412 -2.0623280588724375
259.2771736797197 16.059294511504433 6.774880816873838
-162.4636408660555 -9.337003995671985 -2.625929253257334
51.31584330980088 1.3573279100749216 -2.0657986038979024
51.94787227946541 0.4845457397339852 -2.3756145776398943
51.78397656846586 0.39069679733810486 -2.3308857658062885
51.60597261149795 0.3022927169029158 -2.3203073081134
51.60359163507868 0.2864002497011863 -2.2952474759529844
-263.3238340192391 27.885663485799768 -5.356258486497168
-130.69854714245298 19.032254554149876 -3.812208414379538
-130.70148293074388 19.03423901718127 -3.8195126611077903
-130.7015556051746 19.03408990187121 -3.8193376443264744
-115.07459097201784 16.742846447892994 0.49439941943798893
260.8310569242838 16.581220628289735 6.892204917266685
-132.92578115734153 6.1225680707497006 -0.31306725189224127
-132.92569671092667 6.122741340123256 -0.31327061831743963
-133.64675957982166 5.794858971975169 -0.3376886594453561
-132.37736350987873 5.440578476569762 -0.6248610188085308
-132.37654749990023 5.442251218862157 -0.6268250052094082
-45.277294099299986 -7.175153574406315 -0.23609791517034892
-45.3747086155488 -7.191965261682093 -0.23969594723899945
291.8758583567271 -11.97208017034247 3.1044789301967053
292.1221027451301 -11.863955519889302 3.036572108942973
1.699681971497269 19.820891538435596 -0.23027067665662027
-64.00158949010677 9.940015226648459 2.0329396186391024
1.1895631254638086 19.562970900162533 -0.2657744238060043
1.1816483204366242 19.563476144380164 -0.2745032954818841
1.1817071321431076 19.56359681579406 -0.2746449276264951
0.37495241824272507 19.13425432231051 -0.29922032063416715
2.8054961007672596 19.316013308097837 -0.7222151623730196
-19.061937783653313 4.73625946939799 -0.9130421768538827
-19.0610862914067 4.738004945928678 -0.9150915627709223
123.03282313504185 -13.896451904845552 0.24970784005357305
-214.108867980973 -6.959122388868026 -2.503125226757926
-214.06431830443796 -6.949381523885842 -2.499613420973721
-63.9995314643368 9.944233982411689 2.0279863278903103
-210.13942900557902 -7.836379246194811 -1.6147099478948144
-157.60497598729083 -11.324178246597484 -1.1222955334823408
-157.60443828308868 -11.323075873864411 -1.1235897849896097
359.2988583923062 11.362080022611472 7.741841851403191
461.43518136534516 -13.603585441788283 6.868734697887277
461.43607579211573 -13.610982520301917 6.880583262980917
461.4384056192494 -13.606206597822776 6.874975796228242
335.66044075700023 -2.2910417269923866 5.726559270853275
336.0351015068859 -2.1593922241557535 5.698858294439297
335.6996126958703 -2.3204050035011425 5.6480314856383504
-63.99867482457622 9.945990220041509 2.0259243999399366
335.27907742457114 -2.506245842545524 5.574568390646235
335.2795499652789 -2.505277063368131 5.573430987175643
-19.332493642686792 -1.511883380206381 1.24167529411046
-19.332178822317843 -1.5112379521326238 1.240917522953208
-21.91598053911021 -2.0930457773527618 1.392316796808263
-31.28095091389302 0.040191100890510645 -0.732455497871008
-40.66762116371466 -6.516984800762663 -0.9146384014760275
-39.216375437792124 -1.6418597468076919 -2.462568014468528
-39.35457825754461 -1.7366236772847583 -2.4685449931792007
-39.623821279382994 -1.9330100090717368 -2.4663538426328886
-65.18467203397515 9.503903289923516 1.9698099583482875
301.46067061779854 -3.207154756916914 -0.6066175388097008
427.2394933286716 -17.569445099507515 1.161325186623623
440.76523697441195 -19.55114780609953 4.911164937942166
440.76709391682624 -19.54734381238232 4.906697541619334
426.33710473546546 -28.41033392828144 4.160415913439225
431.9812768661091 -25.73010184685564 4.193782069708665
431.98029923637387 -25.73830251622922 4.20589664856341
432.59490237403116 -25.426038553755227 4.212474871982801
432.596570082331 -25.42262221090016 4.208462731434699
317.6404568442789 -5.715248521185087 3.9055529162410556
-171.89939968530464 20.790561670397267 1.2775927785053605
317.6356231047462 -5.725146705176499 3.917178963527016
-65.77343301882983 7.832706283617804 1.3448241167738104
-65.93105288272751 7.822095320894183 1.37309817393674
-65.9315424887449 7.821091675453334 1.3742765658527871
-77.91730481342869 10.461019166422082 -1.4071386832376935
-77.83062219120633 10.532818228769733 -1.3961430668675368
-77.83176391850763 10.51781845280421 -1.3727295902294814
-94.2266053754994 -0.4267989979577433 -1.4994025954198489
-93.44951559043889 0.8434960911764589 -1.271259174347646
-93.4494311441271 0.8436693603169485 -1.2714625405288573
-171.89882655104316 20.791736679989512 1.276213246987437
-4.928069769389511 -12.300342326522559 -0.6217851659904897
-86.79394349111354 -8.334167963085747 -1.40465487121623
-86.9450156264886 -8.418817992796917 -1.386367522811598
-86.94497256913915 -8.418729646561246 -1.386471214870125
222.5920851212408 -14.01668747133283 1.1931868459438792
-75.33840204505172 4.393024681402268 -2.9660954496124963
-63.870245333967496 2.721063005513187 0.2020262224313939
-69.5849896550072 -1.4513386417151746 -0.3335213661822135
-69.5849292629642 -1.4512147631572758 -0.3336667782440604
-69.58577805837879 -1.4436796172040236 -0.3458447838278417
-11.414056063401311 7.512184013138109 -2.802387884423232
-186.84389305422707 16.525527001454673 -0.8728954702020058
-205.3278239030584 6.151571169625683 -1.4406453476645704
-206.94624603014938 5.4075265754129465 -1.454586673091881
-206.946315870412 5.4073833163120195 -1.4544185116126727
-207.70118504893375 5.056032858784867 -1.4496614559023362
-207.70053134414255 5.057371468486664 -1.4512337382976903
-78.80004151104889 5.543285715465179 0.18381274931580127
-79.0476327280671 5.4436149516860635 0.13789955978944973
235.75431818811884 9.087220169649367 3.733804809365301
160.20795612468095 -0.15225054654467463 3.790195866885454
-281.3323075801637 3.745195570183547 -4.029173089070468
161.2163027454937 0.22231913297140993 3.8955274585085404
-15.188806231488078 -2.0789392779962945 1.1080372730230397
125.71337548279176 -18.616401616922555 1.650953962773806
127.07422908948269 -18.06657859072392 1.6863522184069133
127.07427983931835 -18.066474490634764 1.6862300228711558
127.07741364095081 -18.05250072798829 1.6676109329606685
127.07748151668328 -18.05236149860641 1.6674475016803152
-212.08653879014614 -9.037077185737678 -1.7942553959573895
-213.23251010366462 -9.503795244158972 -1.8257376150412639
-204.2652523481942 -5.084807576734908 -1.4169656187599404
-285.7841572546873 -0.3589479820498498 -3.9873136118582426
226.32327736483865 -18.652215118529323 0.00409978714507786
-196.41997454232586 -0.6617774446147726 -0.7724519740087006
-202.99863443930465 0.8281805591077209 -2.2712190062299595
-202.99638397723353 0.8327888933333849 -2.2766317885659055
144.80272301303847 11.094526193234369 4.292433594643997
333.947703337972 -1.8648147023407773 6.086831404218227
333.945112335181 -1.8701224410218944 6.0930648128663485
333.93864829491554 -1.8833590374979354 6.108612039171138
317.72533358510054 1.8344813576477998 2.437702024960484
318.8504867542123 2.430379606401235 2.450278192735639
433.43294316875256 -19.786084485928416 3.2041872081913825
-285.7841007176694 -0.3588320728240306 -3.987449696201674
433.434567761154 -19.79441620932701 3.2196778022456827
432.8260607824204 -20.1266709591988 3.2142148849532806
432.0674026169695 -20.524359420979085 3.195377211530893
426.19162281384064 -24.292733884121045 3.1854743670411207
426.1908080107065 -24.294405240498026 3.187436251152901
35.21426116768604 -14.585360293365973 -0.18992156686581835
42.00044020810322 -9.654733187632244 0.010674356839064536
204.3165607197428 34.15346486997429 7.577751228489978
-97.91028721765203 20.483361777008085 2.4442674060812086
-98.74837545827211 20.176898074204786 2.3794039147788757
-369.9770601798111 9.66464090770113 -5.003924854773976
-114.27287665373763 23.744524336940877 -1.1316532193681659
-114.27702298697933 23.736033774028304 -1.121680512001965
-32.00423367808536 6.240442670567759 -0.599174596775938
-29.519117774899758 6.840294571029507 -0.9785795047388843
-29.519260843352914 6.8400011033591195 -0.9782350243121167
-29.519343286368574 6.839831992965856 -0.9780365178950274
-29.51872400527107 6.85341256118738 -0.9996265762026515
-42.827911466803414 -2.128339929145325 -1.0970598486501915
-201.41435407767705 -34.71696211744607 -2.246543687033909
-207.18271846873225 -38.090456336348936 -2.243601888832676
-369.5625078992791 9.928561039927 -5.026516840846133
-210.56509137298144 -40.06001909772034 -2.226799809904719
-166.37502915211482 -94.61857683489872 -4.891580753767831
-99.05195772528899 -57.61926771328329 -2.650444008921624
-99.06386332630221 -57.63144598105215 -2.6399030537122075
-99.06386332630221 -57.63144598105215 -2.6399030537122075
-99.06386332630221 -57.63144598105215 -2.6399030537122075
-114.81045176479626 -65.50787776978714 -3.060298852967781
39.08051901385149 18.981836419532335 1.8941982607178627
39.28596842899198 19.080218568123403 1.8200028286247534
39.28500088427597 19.078236533147557 1.8223305251843707
-358.72184318673936 18.298866383744606 -5.5419623795326665
230.01285238932576 6.582375135552051 3.715353548609266
231.39849588436832 7.238742108148035 3.740793531016545
-81.66112611300878 4.334528108721103 0.1420927914046879
3.233850405778674 -9.88198426365929 0.35493952102192483
-4.796980390630297 -8.690135809806637 -1.8641416822248176
49.906790005547194 -8.433478742250914 1.13420430572859
49.2891449483751 -8.6960473719261 1.1050661564858806
40.9214968985122 -13.833003859749684 0.6617654513250306
40.91874511607419 -13.838638761729674 0.6683840029361415
44.941440328804696 -11.821743019266712 0.6963405833848851
-358.7217342167983 18.299089788161034 -5.5422246696779975
36.718351756453394 -10.632453950448419 -1.588754513454232
36.71846412138513 -10.632223463062175 -1.589025065892997
428.697812933617 -17.705843856542835 0.8555970859322688
428.12536944923374 -18.115571017289668 0.8719719923945064
281.81917009573255 -20.543615695072173 -0.18433120635673728
281.81924313398684 -20.543465876115658 -0.18450706797437189
281.81607739138997 -20.558734622178587 -0.16180269509347234
99.84908596206614 1.3158444016107924 -2.413485559364352
101.5888011356164 2.467698631505832 -2.546692781405306
-208.3382860109806 14.229495842566312 -4.182435507531309
-358.7220436098716 18.298455561986692 -5.541480017271229
-215.71218259862053 7.299257420226393 -4.129069297670162
7.980068410859903 12.17995764148787 -3.3778099666102883
7.979176995101387 12.178132258056984 -3.37566594274294
7.979116599774319 12.178008383185139 -3.375520527760854
7.977640032974247 12.189317626628384 -3.396849810147146
9.251800266191543 13.019960969353958 -3.5121061953051584
32.825785933933645 31.199228009030687 -4.635893089043439
31.752082527603076 30.52649933939893 -4.548157977487472
31.75217208729423 30.52668304710848 -4.548373619336649
234.89450210261316 28.181218729634587 -2.520735136677387
-265.22427536183073 17.0337025474371 -4.589848230266578
261.29481942889566 24.345605327789258 4.8645109588991655
393.5864230554508 -4.614597688194326 4.876274675816927
394.4515857074944 -4.214084306624924 4.932316628671138
-174.9487531759263 -4.856548383247188 -0.7725510671694178
-174.94868521779463 -4.856408944961767 -0.7727147260142939
-174.48738267014187 -4.685514120418469 -0.7521251816267827
-239.70438026294218 -0.7421717248347326 -1.39546259489518
-239.70376529717842 -0.7409111039054783 -1.3969427047491845
-307.1404060031967 9.143282046123764 -1.4710137918443946
-307.1405650147657 9.1429560489972 -1.4706310517301704
-265.72055923975796 16.695383259450082 -4.588243984950791
-306.95496791408374 9.216695282123613 -1.4866356392654918
-62.659376723368645 18.455183443887602 2.282687028681387
-61.34270768805652 19.920480818690027 2.6987847860339045
-61.82486932534389 19.727063528659272 2.675255077065918
-34.931852367658 33.569948135467264 4.258644026146199
-56.280174625444964 38.451203066771534 -0.5598778435578802
-56.270477008062926 38.44923186303266 -0.5469023369073136
-6.761154946442032 3.4049750256767695 2.003661654123204
-6.762419618133838 3.4023842753700255 2.006704247397174
-9.071128521762517 1.6736884052854863 1.6633242618613349
-253.7775133863633 14.994960013411486 -1.2472356376709026
-20.148953735751242 4.168954346924029 -0.8469770701509193
-19.912907906390803 4.299434646505003 -0.8838192683383068
-20.123104157406544 4.199640751791574 -0.8682582038015294
-20.12468910551638 4.196395210766304 -0.8644461070399361
2.13473979651136 19.01368232415978 -0.6545079174947748
2.693853032717225 19.292479829304444 -0.7161143270896279
138.0937783978553 -3.820597913030852 0.3878381927521737
241.0709351816437 -12.374435294991915 1.607292839009986
241.07057287639614 -12.375178469812347 1.608165198073723
-155.08999311027375 -6.198485671306208 -1.8238965478008318
-252.76016956070626 15.47963336668355 -1.2051050411827378
124.36130109551016 -7.630702600863049 -1.233958943756663
-155.08914486640023 -6.201968602707924 -1.8171875904668862
234.1338008770808 8.281995952926636 3.675516085078765
234.13937682932206 8.275269922087144 3.690667139684764
-80.01659754175117 4.9564447996258405 0.1120169551102938
-89.26543535841516 -1.7244387141692772 -0.6535872441490012
-89.26542858209964 -1.7244248103275057 -0.6536035631017653
-89.2652269790792 -1.7240115434187981 -0.6540887846214248
-104.06005609228846 -9.895205667559516 -1.0744142098290217
3.51174448576622 -9.878561182098519 0.3055238277506151
3.512276289492792 -9.87747090617127 0.30424377863888125
-252.761078116078 15.484535528216194 -1.2135686573822673
4.055490115234223 -9.626960633907874 0.3469732385578776
-65.10485789690335 2.098285802020228 0.16896724840654403
-64.4232119326368 2.44334962737298 0.17817458935816521
-63.90963442370856 2.692368978660034 0.21125490538976904
-75.35985072477007 4.36752509289209 -2.9545134785490275
62.56520940202547 25.285455372754825 4.598633874603482
63.1355908594457 25.53699844708149 4.624561415220023
42.57011546650548 30.220955902031797 -0.025668196576450267
42.5680876370926 30.216799045944278 -0.02078758306694886
-194.9593710608568 18.121362280258047 -2.114855876251922
53.6002426619231 38.54939774946496 0.3266480956985567
-194.9550072298806 18.11755677901036 -2.1043006414428973
-195.17496137695295 18.010061385720014 -2.1520580352375154
-195.17500483878604 18.009972209592714 -2.151953369160776
-194.94209223179604 18.1436489851865 -2.116223711291238
-194.94203331729102 18.1437698675349 -2.1163655910130412
-67.04667074509963 5.9837588445230985 -0.8571389654464684
-54.77035666225995 14.843491388336027 -0.5102502546698082
11.633766030693618 -0.2812109827234964 -0.15025723284202724
17.44088463319807 3.1471333246808118 -0.3014560733305953
-71.76533282845999 -1.3536548447911687 0.05793174634791909
76.94279026942996 33.211095240965264 5.593085263685869
-71.31255504230185 -1.174233024860592 0.08608602440445118
-0.49640392849609116 -12.025952456019375 0.2851894789644144
-0.49928061376340005 -12.03184938530912 0.29211313299362607
10.15246525908383 -5.632773761221473 0.8275127740102325
-79.88264702628018 5.105714188041383 0.24545848471314924
-79.88270420315676 5.105596871013354 0.24559617981434195
-80.00378605353829 4.490621941669554 -0.0008915077780771163
-80.00375022008824 4.490695465688548 -0.0009778029866053806
-91.84548801774599 6.182094324326229 -3.295078168806823
214.42455936549027 10.318019105380879 -1.9878247350317733
77.84407559430385 33.525620986012896 5.679821271468788
214.97639889070388 10.645563185522574 -2.0382208700303956
214.9884911734152 10.616093756899685 -2.053549795939625
214.99139838964777 10.604830258334697 -2.030283877489209
107.1865611190991 9.223519781566923 2.6324786772758255
107.18780311283832 9.226066051551069 2.6294892040981894
107.1837342726339 9.217725318737417 2.639282156515206
106.34840423454332 8.878649036019658 2.5702615946177625
196.05382534528508 -8.375596097965058 2.6505745057239216
67.09986171495461 0.1932978706291566 1.3360267654482008
67.09980050094009 0.19317227009986637 1.3361741828960292
77.84105652199165 33.51943217807783 5.687087624913475
87.68705546911589 12.052320413025491 2.103763727289736
87.42633082791899 11.909544351983243 2.0631197763087266
84.61735753778503 11.413526059184232 2.396163379565779
84.6106542539788 11.415986867302841 2.38673986287818
66.75133993311483 14.041406421896566 -2.5450071214366896
-242.24960958194882 7.009806774474773 -3.900482707471332
-242.71402614648855 6.703362930073365 -3.889573204133856
250.59392746699808 26.165502701522087 1.2205667617112579
249.91517377054438 25.728518549048975 1.15587915791941
250.20257343484377 26.013141768629435 1.2183656297991499
-173.79558971155348 20.102942168445722 1.3098692798616487
-70.37867957791725 15.599167918842546 -1.371363930573749
-70.37814208143537 15.600268994042292 -1.3726570292641909
-70.37859970227899 15.599331546116854 -1.3715560938468068
-56.663819524773025 12.591723041278694 1.842389836729175
-75.67853677691336 2.8920046298999353 0.849834866610208
-75.6797409712809 2.889538767361773 0.8527311793651275
-75.6809893182524 2.8804082741025807 0.8655448735256472
-76.35569552103156 3.30038118501297 1.1433614174761935
-192.8575339471845 9.883205993623182 -0.0012717490739133641
-73.74901350139356 -6.04209794361943 0.25745601965852993
-52.846961713362006 5.5583395587053674 1.8413413884507555
-73.85021882618426 -6.079580418139902 0.26805239732324526
-203.70537190125356 4.184171512738251 -0.6941921985329127
-203.7052985590514 4.178984162897794 -0.6864672406271288
-81.25895421067572 -9.991072170542422 -0.21703053727921573
232.0687823807836 -16.63725838858621 3.142254638213818
381.55398158928375 -16.68161761782364 5.260972366940827
381.55505998798185 -16.679408498587318 5.2583780099426205
381.1553267957668 -16.850199006833083 5.240510062441018
380.27101662331836 -17.214812693272837 5.1814330627856435
399.2010941310067 -7.269952376887317 6.307671362701169
13.044278418866869 -7.090275632071898 1.5741884991234627
399.2030352341223 -7.265975977817973 6.303001494177089
391.0606430105298 -10.779730823509265 6.132377894033627
376.8505762204422 -7.524833760929064 2.919157656653299
377.721743438067 -7.084912550109719 2.944410616964626
377.712975482215 -7.102866938945276 2.965499191255185
117.73032675448388 8.792162063552862 4.015915982830775
116.63176745767399 8.37443480651001 3.915627377876945
-217.30939581966376 4.176320966796486 -0.670165457829925
-217.30952860255164 4.17604859729718 -0.6698457430134859
-216.56216131818923 4.474183666306772 -0.6189456874883568
13.044133810073754 -7.09057234420647 1.57453675042608
-221.3596974770203 2.3437599551228296 -0.7391505101677085
-305.48444942315814 10.216693969661547 -1.3095884119672858
-313.71425706369405 12.091520067918198 -3.170418427772669
-313.7113044062942 12.089069390559661 -3.1634683001199315
-313.71006155801956 12.091614405813113 -3.1664575827900565
-313.70953434508084 12.092694414923667 -3.1677259415252914
-313.848938433192 12.006865333108673 -3.1697339006454004
-302.352299534413 19.890363909665737 -2.997702595132739
-236.19210554375982 7.141063833159347 -2.517432491886913
323.9851429098031 -7.5448547600649185 5.2338454586815555
13.042181769046849 -7.089347556183706 1.5712737185548147
135.51704779650737 -9.279029023065808 1.8278453851508765
323.98591982545656 -7.543261968954082 5.231975426460864
103.77041802698324 -9.877207127884098 1.9486261454515463
103.7699316303721 -9.878204194023745 1.9497968125027092
107.70246448528978 -8.282773182250619 2.0390808725928484
139.5406738331705 7.16468439565562 3.4593228607578057
-136.77581935878624 4.290093492070052 -0.026789615180747628
-136.77580430084137 4.2901243883577385 -0.02682587818181248
-34.92331802122381 -9.914472105760012 0.24004729322493462
-35.86407000401246 -10.285947649140217 0.21606727808321327
-25.495672700632586 -4.276930219710858 1.0684974989385136
19.123336203574084 -4.085927619195712 1.8478805154891025
-25.49319812912618 -4.280907009612735 1.076190461000103
-34.09901577462772 -2.318998923529164 -0.8812375005073824
-33.876030641713534 -2.20710326340595 -0.8444657498160509
-46.67599012380574 -8.731438315566928 -2.445278341024657
-39.30268999406156 -9.744436894998545 -0.3874650403929758
-39.30203090919122 -9.743087268335614 -0.38905026289901345
-40.31552486459826 -10.224205265076884 -0.39249949960239433
-29.108569633339346 -3.058610931416855 0.30828337124060334
-29.005502949396163 -3.01011182925974 0.3240570304125432
319.15786779322843 -5.002324477883441 4.044067222359936
19.123398857839383 -4.085799063525165 1.8477296295778465
298.35094442828614 -17.055110338586843 3.188500151817774
298.32107155213345 -17.052263654349293 3.145909019806721
298.31913044940507 -17.056240053051894 3.150578887711037
427.86683722332066 -27.729989243426964 4.197889968140992
427.86508787882957 -27.727920060571858 4.193147456004643
310.80423020152085 -9.048940585305676 3.8879140052813046
310.801858932637 -9.053798189864299 3.893618758321624
1.8440265575663293 11.34714631125459 0.8358144778294342
3.6154860078833 12.197922555217824 0.8230707400680943
-273.81753655861615 6.08806484903438 -2.2164437799476633
17.96144843704494 -4.519468463983752 1.8015388886233716
-273.81746818282676 6.0882050294653896 -2.216608360154874
-273.81914222775947 6.076821982548108 -2.2005100549351626
-273.819336364088 6.076424021668401 -2.2000428043858404
-273.81934288946877 6.076410632683238 -2.2000270897368983
-275.5405992732623 5.2593929279713105 -2.2246573032651673
-287.1909589958446 -1.2865865786995578 -2.5672619733459263
-292.4278080081868 -0.5679217328145074 -4.02761520122092
-283.4737876517971 7.228068558389957 -4.201086088302661
-212.94449715371155 -3.5878455579382713 -3.2751600545602386
-212.98921237357067 -3.6173864781363463 -3.2827734738247103
19.071254434623434 -4.094081473648773 1.848956048435596
-161.40969229295592 -8.525562636159679 -2.6531635423772455
-154.88563043817808 -5.04288854544793 -2.0782821498754376
-154.8854926283506 -5.042606015057091 -2.078613857453237
-147.78027540586143 0.3265910452716638 -1.8483232643154577
-134.26351507277874 9.476638202484224 -1.6617783987445747
-123.62035409032055 7.062307257390506 0.7453056180272315
-124.01164694086741 6.899508196977678 0.7106331154712231
-124.016621443664 6.900392696518268 0.7058892933508385
-124.0181085181472 6.897344336265794 0.7094684089798898
-124.0180302872294 6.8975048525209095 0.7092800108995938
6.110077551877521 -10.920059009804802 1.0247813137164141
-123.68761381900966 7.019163218348368 0.7549093267921115
-31.65645563196687 -1.7348997352542 1.3937089237547413
-113.80252904141071 12.861081930555352 1.5952832730932553
177.82949100039212 21.44966513820686 6.162777669177579
179.55002397504015 22.11321644765794 6.218172570082086
211.76282216317594 -5.308640917052782 3.86772591781858
-169.7438684668818 -2.6652168949224877 -0.6941161879346314
-169.74380556979648 -2.6650878779388343 -0.6942676316194983
-169.74337070074674 -2.6600381992043225 -0.701507397725406
-171.54978925729753 -3.1378634089278834 -0.579130011502904
79.9102155837315 3.3139386159509003 3.2591605015167415
-179.0310546930492 -7.034341661895638 -1.037710913545982
-183.76831413414692 -5.9464351121694055 -2.105040312587221
-183.5590298694361 -5.835118839035848 -2.100723398051096
-237.83090068204615 -3.0378658099233626 -2.641602671176482
-237.73854667234994 -2.987352343165899 -2.6540703724589467
-237.73768389218012 -2.9855856040438966 -2.656145520189866
-237.73735970981656 -2.9849215082350504 -2.656925431880575
-319.2862899186656 8.097750998584527 -3.3066619518832
-319.2246608441175 8.12332271011914 -3.3114067743460307
-236.30214016416483 10.869211536539643 -4.423235232748562
79.31156766807162 3.1005450303720727 3.2100448265683226
-236.30212981747837 10.863661105569832 -4.413446179193251
-239.07516331198113 9.88438024444864 -3.9824121469429477
-238.59893758570232 10.18605325668614 -3.979725659800379
-245.8525731043611 4.059597763133815 -3.774056175243615
-186.8986479678388 -5.780596717411411 -2.9804697456225977
177.45326316126412 -11.539400562031148 -0.704981197566436
70.38470456978767 -5.062301789314643 -1.8471876745481197
70.38517568262341 -5.0613359386971 -1.8483216409353829
70.4529836587515 -5.0416983270807645 -1.8509051171674011
70.12288468479728 -5.233160653354174 -1.8232963048876831
85.20395760064208 5.638969771466827 3.3364515378692206
81.15909554331789 -6.8323222526591945 1.2092342712676398
81.15755215088829 -6.835486059325483 1.21294893388272
81.15750189959607 -6.835589166246752 1.2130699505708025
-26.12931719657925 -4.566283481111975 1.0693609791428087
-25.640913437947873 -4.373537599588384 1.1102559552513862
324.7655170443875 -7.274700727945516 5.354398813418314
352.7032377654118 7.314010017908312 7.005533433015813
352.7053790585715 7.339064349344176 6.969214737072213
132.62735653893836 4.362538848224785 3.334476066355414
117.90395649128651 7.518762505441545 -0.1148758226997153
195.21671356958112 -13.271890156694527 3.192124801715039
117.90315094214212 7.517112959244341 -0.1129383259064336
117.90308872249163 7.51698533254026 -0.11278851382422705
117.90315216021882 7.517115458460696 -0.11294125918121556
116.50165258678703 6.740634917442048 -0.08719905893373037
293.34477752781294 -16.80311008794936 1.4487029618097509
311.21446452917706 -3.5540568830535046 2.102674100223415
310.98639713636857 -3.6907934490548273 2.0860671066268233
-137.39045219524857 14.44039315743278 -1.5564158814364804
-35.34873874925768 -2.887148052448092 -0.8191518636747471
38.60383242040914 -12.07980056161892 -0.10859917794774276
195.21753888288478 -13.270198142964732 3.190138276427044
135.83623738944647 -9.133916947047238 1.8488403703659555
431.8400934319748 -20.118472354168542 3.3229735658759267
432.6597698443903 -19.731897893690533 3.358853417637253
432.66283505103445 -19.73259003636401 3.3631833603366106
439.50257637619694 -15.300090308390258 3.3634083239905763
452.3698162214689 -18.263460923061807 6.289602335902158
450.8564594818008 -18.84332925631552 6.224674923954611
450.85626326871113 -18.84373185149716 6.2251474502947275
450.8599930403524 -18.836086176835856 6.216170573769592
433.74671050221934 -27.94024924196973 5.12146428817648
433.74570066766427 -27.942319551399915 5.123894955242326
211.57482876095966 -4.83670699997867 4.135780361850976
434.7611864940528 -27.557676030102485 5.168811024750975
194.78371049380038 -9.151977463291132 2.57691031749669
194.7833298404936 -9.152758274396895 2.5778268550550756
197.72025642788307 -8.558015754577385 2.2893565636613316
197.72156715022876 -8.543453141156977 2.267756288010567
181.2486279835305 -18.041557448329925 1.6893336748205043
180.6133092055479 -18.30954149458972 1.7012959933863931
180.6146374175557 -18.306821677657062 1.6981013950046115
16.313755283846767 -43.048507642672845 -0.9887921162674627
20.70086199529245 -43.6489357784665 0.22026225507307207
210.99797028492148 -5.060074255301727 4.094695830644943
20.70086199529245 -43.6489357784665 0.22026225507307207
21.73959648176677 -42.93347454421477 0.16053025346087024
-264.7554813119753 -21.477633714598277 -2.5477140274265384
-264.30898634745665 -21.16792909751886 -2.574572732061284
-357.66688817853594 -18.165281819471 -3.1892482331179277
-227.75075676075187 9.02188801932034 -1.1408700990318612
-303.02012942691954 14.574671169215295 -1.9217054572413084
-303.0197251177577 14.575499964310048 -1.9226785552917636
-315.4776875520961 7.433895081220363 -2.3901690037538263
-315.15175424554315 7.580610310178189 -2.406566595972002
209.94683133228457 -5.480675037436266 4.035439759300745
-315.0702634967756 7.6021804376468225 -2.4108570769246267
-78.88996789821971 15.226153732944951 0.4342441266202016
-206.60100871722744 -54.64594893216437 -3.610836685282081
-6.802807694071925 -55.00903482905358 -1.6158553713082826
-6.802807694071925 -55.00903482905358 -1.6158553713082826
2.9774817357943366 -56.34236144794646 1.0741734650949324
7.915265621161974 -52.89954997938977 0.828508785936953
7.9196980269958495 -52.8950355547178 0.8254498181673445
7.9196980269958495 -52.8950355547178 0.8254498181673445
-205.73291884560055 -5.594194727603302 -1.3594502547650325
95.77389643224814 -3.454584630222408 2.376376965510452
-205.7334173205126 -5.595216553434646 -1.3582505170350705
-273.0577650051437 4.328570527883031 -1.4322611832406114
-197.1135677285792 -0.7515723545580155 -0.7011563975637314
-197.11412831626504 -0.7459544102223661 -0.710057437331669
-197.57507472910171 -0.9104907010302438 -0.7424323546051184
-197.57499624379005 -0.9103296627971785 -0.7426213653271361
-198.51293362671626 -1.26210806048881 -0.7852158328713734
-204.7431903704485 0.15028675755288678 -2.2056703460109053
-204.74325070412536 0.1501629633261341 -2.2055250486118316
-204.08837870054572 0.514984826957144 -2.209742875926807
84.4524883626923 -0.9822058317829896 -0.25243958317420323
-196.79328271147725 5.82290070183777 -2.0122426458376874
157.66399367398694 11.667594276473189 1.231473002004652
149.2382921873959 6.139546868743348 1.2504924485485556
-76.06504978442008 12.44294331890392 1.8834280702025359
-76.07201605503766 12.442679317964057 1.8790949566697845
-47.72461891536024 26.90496881918269 3.5075580297571856
-47.72442008874542 26.905376660044343 3.5070792948484995
83.06717824490254 4.8441903185628234 3.3373555817078993
83.07034067463252 4.850666114518574 3.3297493465208916
-234.0901092111669 2.4144366208339054 -0.9631044735487233
84.45164853051811 -0.9839274072999895 -0.2504182611110041
-234.08919997543606 2.4162992133361647 -0.9652918953735805
-233.826686927103 2.189671279362175 -1.1118916279286744
-170.80619694180888 -2.6574337123493015 -0.5178602080200887
-171.21351528630885 -2.80486317567245 -0.5416237181818973
-177.4829146930071 -1.373206420233422 -1.9649268815052128
-178.32037718569538 -1.8190668105668735 -1.970805268083124
-177.8099631458724 -1.5359022813195204 -1.9746542043694288
-233.06152523741557 4.2739986573084385 -3.6162655780267543
-232.60266843253456 4.5620532405302185 -3.6324442442301446
-185.04285697392854 -4.100682238441356 -2.9817529025907246
84.45161686292812 -0.9839923836933087 -0.2503419982576249
-185.0429322698206 -4.1008367325471164 -2.981571572719493
-179.01623373520547 -5.005441305798126 -1.3252526308185892
-179.01446126319394 -5.001807907924393 -1.3295186459900412
-175.76221750758518 -3.365011467853043 -1.3038539707897998
199.72612408179384 -6.708230062860815 2.648250352044792
215.745134656542 3.0104553598700035 3.387494634903587
214.64393503616589 2.5059429949820977 3.3301981155065916
214.6433135037387 2.5046687620486177 3.3316941411619814
214.64264865305762 2.4877001931328953 3.357900582820055
70.48532975456754 1.3790773608213982 1.1410620995624894
-233.39947111701065 -0.5028926282539492 -2.753150145957668
71.43436137324834 1.815274839203966 1.147779549471713
-30.758990979849184 -3.749691433276636 0.31291004159138813
-29.631615364238463 -3.732941454486744 0.1275641520258385
-29.632363076645827 -3.7344741933179026 0.12936375870653194
-29.71252275855162 -3.7950136738943105 0.12280997799418039
-39.49173549332503 -2.3999815451056437 -2.586660307792485
301.68081356119745 -3.985440673306237 -0.8071283318844198
301.6792639204571 -3.9800605090376906 -0.8184664055019337
285.58061965913663 -16.75964798996263 -0.14689673067848874
418.48307046405625 -25.44912623841044 1.3228592301616873
-233.39870522777372 -0.5073706710874681 -2.7452272379274083
417.871048760805 -25.834984494573874 1.3171962439053502
417.8712449743786 -25.834581898403144 1.3167237164035765
296.37303894787755 -6.305189001928903 -0.2774077643255741
296.3728881135988 -6.30549848766912 -0.2770445206230794
297.76625819168197 -5.391378083713136 -0.3210692400298152
-20.66435716835829 -0.3337329383447833 -2.5388004287816637
-21.139160471930577 -0.6261009012848636 -2.5059542102395413
-21.141642034636014 -0.6255336484944556 -2.5099546392741447
-21.14150766787069 -0.6252580300837727 -2.510278167751817
-286.1960333706011 -0.3235254537054353 -3.883118219261052
88.88321405808455 3.748864506186975 0.399881181211625
135.83915946043257 -9.134117157372676 1.8515404540090947
