-534.1319869778242 -9.198231865165647 5.926706821522988
-530.7303959428243 -2.76326414426292 7.16356213564519
-530.7303549084954 -2.7631532013215585 7.163747897451381
-530.7634269489542 -2.784353493337563 7.13277075623705
-545.0523489899258 -29.664570714230088 1.417441005050286
-396.68285340485005 -8.395020994410505 6.331662242753327
-391.67859353158 -4.4036122118738295 3.0165515227032778
-391.67823229941166 -4.402635564606515 3.0181868106677783
-520.1017746354453 8.209459428853963 4.272810491635259
-380.1554302105013 -3.020919339634078 -0.023367882806188733
165.7928932198231 5.753897113689274 0.20727349374878856
-384.305849748589 -6.101019258701914 3.2373177354686504
-384.3070092698732 -6.104154204571831 3.2320686149078517
272.2278285710119 -4.340028736032068 -0.8898414248458557
272.2276436304858 -4.3405287526352625 -0.8906786478910754
-45.625819600158884 -1.996173380814004 2.8291820806278944
-45.784920578915305 -2.137852261850849 2.7256324066386597
-43.955762555485705 5.84328646560964 1.901646988354553
-43.957994248253804 5.841909563770475 1.9015093518256068
-44.00491301414318 5.768716531629773 1.888824220737679
-44.040073183884964 5.712500126075671 1.85840584943258
165.79327503600533 5.75492941518091 0.20900196943765903
266.06899099349005 -17.677442348794386 -1.2427067251782256
272.5820687014815 -4.422373604780981 -0.6886886667636484
272.5819589211183 -4.422670413737857 -0.6891856408596493
-258.7507781513805 19.89641427750567 -2.429314287357206
-258.75098605346926 19.895852181617574 -2.430255454960253
-542.9036630019241 7.923533534884962 2.574533856541786
-549.271871566607 3.865828932784328 6.732488575320466
-541.7784683406979 14.520352629089118 8.441298896519575
-541.7783869942928 14.520572563067793 8.441667153812336
-541.4753465921009 14.799119697131013 8.623376247362655
165.6607652509037 5.616665953769638 0.1281827300550475
-273.70851072081956 -3.7328545811776443 5.169985995733485
-273.7091818311693 -3.731701249232788 5.173451124800263
-273.1328588265323 -3.172248014610479 5.533804578975869
-273.13309365114577 -3.1728828994215723 5.532741534492035
-267.86513210075276 13.441827479622361 4.3277501516243575
-267.83834315478794 13.515172143921925 4.3369960059213195
247.49732611976125 27.770806716049194 2.325674213807181
-58.36863011310619 -14.296540017657959 -0.5159301241395742
-289.9329553118187 3.6577026155808605 1.1761708817541474
-280.9297647936017 18.813105106662796 1.0106440720737198
165.6629291778818 5.6138568901674155 0.11938348922330777
-280.93010877711896 18.812175093300567 1.0090868672276394
-280.930704565293 18.810564287445725 1.0063897507598587
-280.93074372459614 18.81045841393723 1.006212477164334
-290.1715117259047 10.55041995941238 8.025427218798947
-298.20157012988636 -11.97714417843091 6.535631361546645
196.8919478392557 -14.716387176756967 5.99006648647563
196.89112976178075 -14.72421593010256 5.973420646373207
197.3469021705258 -14.242084059366915 6.338607520961496
197.7245239329204 -13.821015085576516 6.669931792306264
606.3910595418891 9.432811442493566 5.043111344300682
175.71395291976083 26.983362526998043 0.5934102685694004
606.2211049780225 9.031394926193345 4.774937430149713
-434.02239039357426 -35.47522774726416 0.6381946977377236
-434.02239039357426 -35.47522774726416 0.6381946977377236
-29.476085910559046 -53.87985979057718 -3.838994604913048
-28.904628955322334 -53.245492975519305 -3.442908070999064
-36.16223876593126 -62.03159930785928 -6.05317927469371
-37.4209324354899 -63.39136232856082 -6.850112686487657
-37.4209324354899 -63.39136232856082 -6.850112686487657
-37.42376932260073 -63.396430774079526 -6.857057167733058
-37.42376932260073 -63.396430774079526 -6.857057167733058
385.87437649324585 1.040682647257998 -1.7554928275590727
18.54585348855737 28.788504721118855 5.5022559223418925
18.094401608523036 28.415288086731817 5.230586081780734
33.008932517902736 38.438882007380776 -5.189633823352609
473.61483382175936 0.17619758490419968 -7.320595087861816
747.9911327616898 -0.39513481969873876 -12.119465753436367
-201.55730397496328 -0.18099637835371485 6.696175903429232
109.20838593489067 -18.880934166024065 2.7180486848324987
109.20843333156556 -18.88080602148533 2.7182632488170837
-465.81670690129255 -13.37454284136262 5.036120957005614
-462.4638752363754 -11.393313377399233 3.0602821642077402
118.62584789312764 1.801752986182319 2.827954993704868
-321.2337174820148 -0.5536138593352772 -0.41420769212037856
-324.0959594610763 -0.7729814969328681 -1.3584741167650918
-323.9384885042247 -0.6122786283198364 -1.2911396355943454
-323.93918062029155 -0.6141498754034426 -1.2942728336854799
-324.1039328445193 -0.7568638113919389 -1.3606809777969566
-323.8740913918435 -0.5487916029571636 -1.2617225219704977
-323.87316070245475 -0.5494248806587017 -1.2636263925153135
-328.46480147692324 -9.247602375238216 -0.2144709641279673
-328.4648220868878 -9.247658097610739 -0.21456426514056615
-66.81079900856363 -29.275018722332725 2.026321879593472
-461.10799960883594 -3.0332633435227248 5.090966824086613
-66.81080248659296 -29.27502812572832 2.0263061346508455
582.5432272551105 -43.54619378103698 -1.5254755602995926
863.7160566392406 -33.75961528558529 -2.2208507057474263
861.8164901497213 -33.73605158058313 -3.500784033621511
861.814311418906 -33.73634238204135 -3.497963899001154
861.6938065918943 -33.84189606922191 -3.582993209210721
861.4963463200861 -34.11563720594295 -3.764394709881497
593.2822733621663 -11.093645942486377 -0.05269502579153751
593.2832270644288 -11.09106745507336 -0.04837763133332529
593.6096671628072 -10.726672689528625 0.23786263533810525
-460.9059007812241 1.2207532776756829 4.182094306805459
593.6099470245756 -10.72591603782176 0.2391295659106747
603.0196241816487 -1.403523372580035 -7.8519099610795084
614.4358946129867 22.68880178012567 -9.487230070428001
277.477599958504 -2.6190444848305536 -3.3109310760095343
268.9510191639645 -10.19735297042107 3.1449831249561173
269.017590168056 -10.042120407156617 3.2237025486891984
277.1114248832399 6.222920908842972 5.656355443799087
-49.979974499055714 -12.63827906721062 6.789859074236508
-50.701064402406736 -13.43191502760889 6.1903483561052095
-50.70110078642741 -13.432013397809007 6.190183646165503
-460.9734879757843 1.123251694508699 4.140019601950907
-34.05853892166327 19.7383358155035 -1.771597462291356
-50.95050318975403 -13.690267463437264 5.993533936840571
-50.95047841134266 -13.690200471012476 5.993646108314177
-39.95773220482605 16.712615947244842 8.233327975038357
268.8952562176531 -10.061898578376269 3.1708329573081926
268.89783589170435 -10.061546546521688 3.1675156422004096
-385.97200560955145 -8.964913109857786 5.260747148364103
-385.97224684671204 -8.965565333319999 5.259655071677752
-465.8250315404907 -9.78130382401764 6.109193152394429
-334.3446765041405 -18.798423668716644 4.095970479817195
-334.4758533922106 -18.925337645142392 3.9934652083721254
-460.9741223398846 1.121536589155295 4.137147846073717
371.8901403263748 -29.98239561707528 0.6329517622481122
371.8900964869187 -29.98251414412734 0.6327533016788179
371.79341157252264 -30.072482063800837 0.5423632383646231
371.893692454884 -29.978832267423385 0.6205297238751258
371.89372786591855 -29.97873652796907 0.6206900291079945
371.89424940261375 -29.977326472515465 0.623051011203848
377.2438631539449 -25.563599098734866 -3.0511861830510774
135.89944161631226 -52.35253778491406 -2.5504212384095766
131.51176803588368 -57.177870111654556 -3.3039669737148682
131.50929976437413 -57.18228380807587 -3.310314073590404
-455.83372372290086 4.89386393331034 0.15223960635856593
166.41858592961637 -4.023068287777211 -1.6294470188968773
-522.4623273425559 8.698497782308541 3.038399986755988
-522.463649755642 8.70058810286518 3.044046291744912
-522.4637375259671 8.700350801667561 3.0436489569002347
-522.4638333981765 8.700091595719456 3.0432149449538466
-515.6075259940668 19.99136363745357 2.828649552609667
9.626795122704646 47.851006948231756 -1.696679549084229
9.44023454292778 47.51927365836219 -1.8377771026414398
9.692686313386126 47.90899427931289 -1.6749249459497249
9.757648052213549 48.13050120176642 -1.6013917869980145
-455.7541172766908 4.987592376761993 0.18792033619799864
9.757271615637112 48.129483444946885 -1.6030959092111654
-368.31848607026404 27.00219094496327 5.212820938965888
-13.083171660899405 1.0533383428724288 1.630146425726969
-4.161957547882744 25.368265713653546 -1.2762139661523249
-16.18823011889371 14.623019573927788 7.858445434366056
-466.5989881101156 -9.398879678732373 5.419657267309267
-466.59933129078337 -9.399807522835932 5.418103694074594
-466.60327838872104 -9.38875169412103 5.414724018490875
-466.60443861641016 -9.389106231695171 5.415804523452804
-463.1755204443264 -2.28118864786902 6.537042433045823
-259.6973063994926 -50.75541569926443 -4.982236167508592
-463.1755022148618 -2.281139361563562 6.537124957567573
-457.96147516670067 2.376455993451697 2.5783931620135996
-610.4878690800278 17.454069330358518 3.673751832115436
-430.83036791767626 11.27581803664661 0.9007214915908444
179.18111127541226 30.41991574642391 -5.552535671444933
185.73198383737255 30.628146206822016 -2.8916979346432132
185.63725842548766 30.444028844740654 -2.9579841744819433
185.63722466713736 30.443937573582577 -2.9581369980413963
185.45655751828312 30.068698027567386 -3.1080690488041585
-611.0753811088487 10.807125184115243 2.43181155933284
-265.7302746507376 -54.938238777611126 -1.8486713735432043
-611.0754500110099 10.806938896037225 2.4314996403684455
-642.5865486934836 -31.77215177081836 3.3182788756452304
-642.5884235340629 -31.775209291114095 3.3140057288255385
-642.5884235340629 -31.775209291114095 3.3140057288255385
-641.9012237703442 -31.132780203863014 3.5484205523571433
-637.6438310503321 -26.931404195242177 3.8985632187814367
-234.4458150020187 -45.9945287448892 0.4431478304716251
-233.95469242875174 -45.56073281145922 0.6210033552535592
120.78926148175562 -3.144661694895051 -3.287777754497235
112.86847306010732 -8.330834121429392 2.065703011306189
-204.47283111280078 39.311514876103395 1.6971921808418942
374.6978586329103 -27.400091136998906 -1.0997635620629223
374.69784562719946 -27.400126300057675 -1.0998224387849453
374.42305778002793 -27.648839357467956 -1.272702711107701
-389.19365042967615 -20.590998323330624 2.234601113707436
262.4545462514502 -33.313716973447676 -2.8847764270820564
491.70937259313206 -21.44880403386134 -6.959111827493702
491.7100589549956 -21.44694834418609 -6.956004678578972
491.66897089269213 -21.52847038577487 -6.970764320464762
491.66925693760726 -21.527697017316854 -6.96946939975521
491.6689263339259 -21.524980540858255 -6.963833115564995
-204.4729574334486 39.31117334790503 1.6966203293111293
489.14817054980693 -21.662626336371886 -7.93692201873277
488.8725647189534 -21.911082915692738 -8.056179616730534
277.78658157530816 -0.4047305450675063 -7.98657915455682
278.0913292892174 -0.14747701205567287 -7.866998474145881
278.0908527868854 -0.14876531278941652 -7.869155592506207
270.4416999324154 -6.024747204083417 -1.6138417763822117
278.0930669636434 11.882029753597006 -1.5580038890860868
29.210143127515614 -8.916767517727376 -3.739377769575453
742.578136625747 -9.61575937017905 -11.134948754443203
742.3842732340585 -9.82414566860787 -11.215796499143336
-186.75539925869577 65.8648598373942 2.195474251695531
742.3852189513722 -9.821588796711314 -11.211515199493082
733.5757946536971 -16.324511065186496 -4.325877872312229
408.50683911994093 14.601121587634081 -0.8696300594290708
408.50447309580335 14.594724673926718 -0.8803409848037095
12.06370279574572 18.057061475901023 4.3816303464743696
12.066067059027446 18.057368940337838 4.379069015703242
24.941520883002678 39.314934991746206 6.514491750110594
24.94143633480856 39.314706400902914 6.514108999323669
24.704623643583357 39.15289937590945 6.381759624360373
24.873708966427586 39.24969281569268 6.494647248385677
253.70692178121385 25.39041234811405 -1.6204870207322888
-41.92691023301859 -68.60311125368031 -8.458893957583324
-527.6293632211498 2.399145908243452 5.09170671920676
-531.8229774909355 -5.479730766200026 4.600635845058818
-22.804107886818535 -3.0911818332917806 1.84729302074301
-22.802142401637198 -3.0896107114225857 1.848056314962617
-22.88882087447965 -3.1414554305320994 1.801094638838112
-22.901188701187593 -3.1236497834367363 1.7920503924113946
-28.53264502251278 -17.65792100626994 2.1301535206992464
-28.53299892511923 -17.658877837710108 2.128551408535645
-23.513368219111776 -14.4371454835215 -1.15611656067996
254.2089253011738 25.736381642822046 -1.3931119135405874
-34.05810415820335 19.739511267266565 -1.7696292976112888
-23.513330909728147 -14.437044607995903 -1.1559476547163694
-382.5414764784068 5.878817136268711 1.4133935246538554
-382.90340567176827 5.588403271575523 1.268360032263604
-6.031994114538365 16.89035501316108 -4.723441165506847
-6.032117007854316 16.890022748268866 -4.723997504715667
416.3305503758157 17.658789414451412 -4.591951244530391
403.29921536340754 6.014107280282481 5.290716688509415
734.2787046533994 -5.156095192468227 -0.07642754231549564
734.2804531161481 -5.151367951886922 -0.06851230015197518
24.23153302537321 -6.238132640408636 2.9004840817191075
253.9738336335553 25.607657210292277 -1.4947697305487169
24.232138719818625 -6.236495050526179 2.90322604544352
24.232716747959127 -6.234932260835728 2.905842764492567
24.114730444197722 -6.361439302643771 2.806764730798846
24.25864595785282 -6.164098733430337 2.9365904497224165
24.259963266448754 -6.164071847721363 2.9345426394289347
26.8193162996749 -6.169751671675688 4.460024367062481
26.761006075481497 -6.328577956328751 4.358573497996182
21.701966972787982 -16.527695435735378 2.8987888085252167
-138.64323948784286 -2.6493699847157504 5.524649364095002
430.29867612314473 -63.77916575171113 -6.4138128597156
253.97399180236167 25.60808484510577 -1.494053702936077
430.29867612314473 -63.77916575171113 -6.4138128597156
430.29867612314473 -63.77916575171113 -6.4138128597156
430.71664318058555 -63.31217873122483 -6.120676652655435
728.7867410852785 -32.109884212566726 -3.0773116360358874
728.7867808982937 -32.11506478766083 -3.0887169389645686
728.7871982447236 -32.11393642529609 -3.0868276218724184
20.935580109413248 -22.415673691243583 1.0894948507360163
26.40886414775739 -14.108915017351219 2.125357644618962
32.72063048672903 -10.097215543279496 -2.018584572439201
32.54141499236598 -10.201423150323683 -2.082128518057406
587.5484572157426 24.59550529312997 -7.968050338567114
32.202912911264555 -10.449548701319685 -2.2093730304524435
-159.10702390742685 9.215466350710726 -1.2682414331968985
-158.51182431548753 19.66205531577671 -4.253394996175165
33.892336310819836 3.33218209887651 1.8822190718715532
42.99310180722764 9.685068484341162 -4.801937559001953
34.25740828127666 -3.28349435480505 -3.7073418640030122
34.30987507779953 -3.198589477545019 -3.69525130389785
34.30966717564929 -3.199151573599023 -3.6961924717728767
31.38659796838322 -3.217458851272685 -4.711903821962166
-125.4369952899177 15.500761230916527 -4.853888315206842
-63.80766450880941 11.609991318398574 -1.8392387259718963
-395.9990458564374 24.240048935326662 -1.4070095940091831
-395.95590753318726 24.26344714482073 -1.380230301201196
-395.9556391504251 24.264172759689 -1.379015339099062
-395.9538649696005 24.26341518801537 -1.3819244599974363
33.97145649902389 45.684545171801595 -7.205859943111655
34.15691095940011 45.769942776071034 -7.120574741665227
34.155619720978834 45.76645171247856 -7.126420141999749
252.10051743699316 19.98690537259055 -0.724323209869058
251.79398758123273 19.773719971976565 -0.86279402092607
-264.1597020803926 -53.39894275318727 -1.1089702752951305
-63.8060162166046 11.609226250135839 -1.8424281891673955
-264.1597020803926 -53.39894275318727 -1.1089702752951305
-275.2395888700092 -65.09289617283697 -3.1204521521054094
-275.2395888700092 -65.09289617283697 -3.1204521521054094
-581.4804921909537 -42.20304958547922 1.0693201749537558
-583.4990148956005 -44.21902779217021 0.17677316329987058
-583.4969269980223 -44.2157491767535 0.18109252952469745
-583.4969269980223 -44.2157491767535 0.18109252952469745
-577.0270878903849 -39.9615142485713 -2.9634453173642132
-540.3446939969834 26.385052533488746 12.662573319557735
-540.4561342019125 26.312560084924357 12.557061047079825
-63.8066932610169 11.607395751696234 -1.8454931581236944
-272.9611297995452 4.710222768418783 8.054500152509831
-323.4215774935279 1.791179017648289 -1.9029329178561283
393.9986921237337 11.450637708488928 -11.159844490235757
386.1718740811888 -4.725642707064075 -8.925672973321632
386.17061191944134 -4.729055159206342 -8.931386748231349
386.50182621190083 -4.406665708969874 -8.795558440055515
386.4996401165913 -4.4125761571457875 -8.80545483263329
386.4994974760026 -4.412961809033562 -8.806100564487744
176.56679175224613 19.54765915238015 -9.019238917596185
176.16936611581036 19.24908744641063 -9.165243268318022
-63.57277528864287 11.893834347717492 -1.721960764887461
-181.68149244653736 37.30080086244258 -5.352689462638689
-182.9264002857212 26.279427076412656 -2.014417343792997
-183.49828818884188 25.856252233231757 -2.242603894278306
-194.93964540947826 18.24206525374335 5.664280148773563
-194.93835942255717 18.240053442578155 5.658185491156154
25.20830726567402 -11.63348655528407 -2.0867912557714283
25.208235123072548 -11.633681604471228 -2.0871178442817078
-174.1288021540982 -5.3087295712366505 0.33545902867733957
-174.11692210064777 -5.3201468008926005 0.3442905071217531
-179.47800956184494 -10.165398902891356 4.450455121167422
-276.7336772624163 -10.02251809864608 3.6403450997613076
-174.35436643352605 0.4615527589881056 6.112317502285109
-174.32569585208458 0.4435392937737418 6.110043791457006
403.3517383340896 5.984751970257932 5.280753886979745
17.305788041845474 39.40279555677912 11.606591920504348
3.6791958787210164 -1.6867593364315765 10.341947432797426
3.6799658568854263 -1.6778289305254728 10.36135760586142
4.2750710501627065 -1.0663187339204216 10.82584810641093
4.275218059774262 -1.0659212709259172 10.826513614316712
4.275302937009615 -1.0656917917367204 10.8268978518398
396.452105721141 -19.701094905518374 5.676279368641457
-276.7349921329595 -10.026073055362303 3.6343927174357407
742.650194433145 2.9823652226892836 3.5284928685288315
757.5961589443568 16.074567487064204 -7.704857601239638
757.5950031809514 16.071442701204315 -7.710089709985153
500.36474383616377 53.15726176728945 -6.10838239511641
500.726517899859 53.806057233466724 -5.82609809431555
500.7284602381722 53.79976545567016 -5.841021804322074
500.52902945731444 53.478844855080474 -5.9777811786339505
500.52918307555086 53.479260185195045 -5.97708575387034
500.8517933818229 53.93583319384546 -5.787174929916932
483.72768378785406 26.18736949674792 -5.213477259522412
-276.59944118280407 -9.846064359671217 3.7537135035900935
-34.05966812539827 19.735282840853028 -1.7767093323905907
477.6308418901452 26.121869926618412 -7.836864230191844
-129.75823372473698 12.525810055296926 -1.7605270393325145
-129.75836679346833 12.525450282475743 -1.7611294395210009
-332.99955712999594 -17.575287731675694 3.1817009656051756
-332.83157723375973 -17.433761250728686 3.281389385772064
-452.5590485309976 -30.42438609960427 1.7284639355375915
-636.5790878602764 -26.574261888815442 2.6896268625110005
-639.9595065840238 -30.612849648417843 1.3566977490932424
-639.9595065840238 -30.612849648417843 1.3566977490932424
-639.9606644179518 -30.6148833253238 1.353958776580513
-384.5202280240959 -6.074013837261594 5.734174406916406
-639.9606644179518 -30.6148833253238 1.353958776580513
-639.3620301293694 -29.940063198445365 1.7555364674837843
-639.3620301293694 -29.940063198445365 1.7555364674837843
-642.445515747118 -31.630087887826914 3.373617694101897
-244.0491843138524 -55.3918960851345 -0.606743270691903
-181.29077138784814 29.510591798555506 -2.503283284635905
-181.569241164682 29.328854882498877 -2.6202563192164803
257.38911157304216 -5.112313884833815 -3.998161399380472
257.38926539278043 -5.1118980090539585 -3.9974650612269285
-55.08980674608206 -54.667960410069725 -1.7897218718523562
-384.519340424658 -6.073921562665118 5.732948131518401
-54.20055275741308 -53.83209738487719 -1.4690536783676738
-50.29109846700769 -51.63497334533941 -3.557401874315717
-19.623836671909274 0.13962694882145546 2.9866887853572535
-19.62647507097123 0.13931049729418887 2.989574166142861
-19.820441536423992 -0.020112526025818228 2.8692927808577755
-530.3311443224657 -3.944196100686365 5.111635713722222
-709.1739090189918 8.834653566903334 7.1275962792369025
-709.1737566554384 8.835065505658832 7.1282860252686895
-709.3361783071973 8.691499231206823 7.026266915457461
-703.423787279386 18.504951204150803 8.008290502863225
-384.519383935043 -6.074039200020871 5.732751160648196
-703.4242271086364 18.503762057467178 8.006299408099265
-14.299179460954694 8.289827730499914 -1.0660320052241659
-14.301422212594478 8.288818390450068 -1.0658054467643394
-14.255860914855486 8.303986101501879 -1.0433362589869666
-14.26384991706542 8.337594193874562 -1.0489797788007744
-21.74438301892108 -10.151803491322418 0.9381956550622921
-22.377642233887666 -10.72580745645959 0.6196298809813261
-22.377750696373795 -10.726100701794318 0.6191388739950654
-531.6097989141167 -9.297190191326571 3.9865587684736177
-710.9174209234416 1.5354081495416838 5.593889325064002
271.80307924068967 -4.279798726887005 4.111523666709919
-715.1179509637044 -1.7988674228689137 8.327363408368761
-711.0911713283805 4.556829330790656 10.027577074372367
-523.7862439196151 12.891597317472847 9.095182582616324
-523.7865538166269 12.89075946277459 9.093779687476722
-523.7865277103884 12.8908300452097 9.093897870034802
105.44868209789558 -10.912020010365126 1.8923944032899467
-56.356013250423985 -5.1873481055606065 4.92058038217649
-48.939949954814224 1.3849529349194933 -0.6810597709604616
-56.96002466719345 -18.71658921946394 1.5821516584835107
-56.52576169797156 -18.301832934553314 1.798825343527104
271.76568957913855 -4.278722816473442 4.099447986332069
-56.962264552746824 -18.68542581097345 1.6065272143531966
598.9574571821709 -25.896856580939964 -2.2251070873514673
598.9574659542461 -25.8968328642142 -2.225067376288798
214.05949341241248 0.7780877114659186 2.17099092100117
201.87247093507702 -13.341538030421262 0.504165936035835
201.87246203704538 -13.341562087688274 0.5041256547764332
201.87262954756127 -13.341109196060998 0.5048839721622356
200.83477512654 -14.325114445129465 -0.010403998797557934
200.83409608985477 -14.330375066927832 -0.020697013697013877
-383.74424611882114 -8.648640438826124 2.0863364726848506
271.76560719961253 -4.278945542850634 4.099075055403231
-383.7438440567068 -8.647553399245062 2.0881566012874924
-383.74314257718174 -8.647712182429203 2.0870922089795427
-383.7552585460671 -8.641442701900525 2.0827153756509684
-388.29709118163737 -18.99100226471614 3.058247993532839
-388.2971148799643 -18.991066336954873 3.058140711590754
-543.7563238142601 -10.05954499365897 4.610139971265319
-543.7563389566234 -10.059585933470379 4.610071422041237
-378.6892419560002 -0.28720501883140104 1.9397743696992953
283.46336319880714 7.293869635582924 -3.4744299150360516
273.0056261820053 -1.9528352001995988 4.407116585757314
263.7052424776668 -27.763915785640616 2.8062519253053657
281.0057720502475 13.927355603005207 6.68016758401283
281.2325267042684 14.324956712459686 6.91359167825862
281.26933888823504 14.468201493107106 6.997186086551716
-43.896897731276546 4.083566958414057 2.3585688162142047
-43.89967783867816 4.083411917690111 2.361831488888987
-43.79889299465031 4.146174393422309 2.416985352581057
-43.75855557759897 4.16921635936402 2.444687153778755
-43.759313103650015 4.167168268515483 2.4412578515102386
-35.16931747425819 10.246722094608451 -3.926148309138
-538.0055822812169 1.18922121063154 1.7139151746242278
-47.45419205013492 -8.856351563744044 7.707736923299329
-531.0750296073691 11.81096331728135 0.8745324079751748
-531.0749884175652 11.811074680573102 0.8747188736117806
-376.22297545271186 6.027847814884809 -1.6098995168210493
-375.97501325548814 6.284897508929824 -1.502361936179142
-272.14074662878147 -7.675476839846149 -1.1732460852899531
-269.77919107737296 -7.510787062526555 -0.3997785409334158
-269.7791475669904 -7.510669425174334 -0.3995815700693196
599.8874757534834 -3.5084013408763655 3.2579215793925225
599.8496897718547 -3.477617940088743 3.26320332054677
599.8549460123052 -3.5010972973152628 3.2546376157336114
-47.10183165504673 -8.493843757772428 7.980353965372795
599.8537902486088 -3.504222083962426 3.2494055056682614
599.8537049054809 -3.504452823126357 3.2490191581409578
215.3539599298281 33.12236396433749 10.077548219653549
605.2528050167004 19.653361005215974 3.0547235285144634
605.2576254850496 19.653203979043926 3.046747758108822
605.2578578764917 19.653832299161124 3.047799812052075
597.7464292026011 -0.3280308748553311 1.358411916544445
609.1374538995184 11.020694603640758 -8.486482539836773
614.5020808477192 11.13483767841986 -6.1785746313670495
-47.63549035124327 3.5335907434500977 -0.7655533389177819
-53.33652209999127 -17.399398557954786 5.103481779904147
-34.05981203770181 19.734893748893725 -1.777360822427353
-47.56006092716959 3.6582359649918295 -0.7290327759577806
-47.32243522394973 -12.914385871044335 1.51095430014478
122.35419905049808 6.672470007163456 -6.1457378178067685
113.98300516739074 0.497832865148789 0.38280120936492656
113.31291127313973 -7.9613927066358 2.3595652398706424
112.80372956641027 -8.402363911676453 2.05289772583729
112.65943966534384 -8.521471979315832 1.9550574336585311
-230.71400276412962 -43.53071195331509 -0.8921804236924178
-230.71400276412962 -43.53071195331509 -0.8921804236924178
-230.456636378304 -43.262236226426445 -0.7254835386162114
-230.456636378304 -43.262236226426445 -0.7254835386162114
-34.02884224225095 19.761509659588555 -1.7729336864995913
-230.45472073894837 -43.25813951124882 -0.7192038482224326
-635.6482839262583 -25.56320958292675 3.3173874061438635
-638.1482142496995 -28.63064951946396 2.5219331646102794
-453.6453668011879 -31.848039075561818 1.6123682980594891
-453.6453668011879 -31.848039075561818 1.6123682980594891
-546.1197319166539 -12.914184710885474 4.2107038325027055
-546.1196553142372 -12.913977604357205 4.2110506095059295
-546.2469040405255 -13.026493468081467 4.149247509317605
-545.8544426983169 -12.655814269124809 4.348022729833626
-548.261409315656 -14.486250194449479 5.788711478103412
-263.1342342966404 13.13523712284558 -1.8856219346135337
-545.2982512857652 -10.109500272277291 7.189499982105408
-540.3845427641814 4.366908403625769 7.796912852298083
-385.96266621184856 -9.003146651189246 5.264996024535367
-385.9627796130068 -9.003453248999019 5.264482660303281
-385.96260069117733 -9.00296950578294 5.265292634989083
-277.7139846938912 -12.72870809354202 3.452460597405878
-277.71281235781555 -12.728707503452108 3.4506169151109125
485.41622239513674 -17.589135333755635 -0.45274482437521324
485.5889601475094 -17.356794606482005 -0.2979157978463991
493.7859757099074 -5.796347920947592 -2.87434192275062
-263.1345166235321 13.134473806711554 -1.8869000237921
493.7873596546917 -5.797762183391758 -2.87909155793316
494.0340812141594 -5.4798629511955586 -2.7126902647718945
503.22361414183445 1.443844705066568 -10.063617942201262
-268.80911648447744 -3.2122174840648867 -1.3548196438409073
-268.93874363729196 -3.341834368028891 -1.40704126425502
-272.98800674816573 -10.504280889497151 -0.5776628934854312
-272.9882809828024 -10.505022325826381 -0.5789043468788238
-377.19942558028197 2.197246238466004 -0.6447557645955656
-377.05733606970057 2.3412099538498663 -0.5862670392714423
-379.5213858458177 -0.03146839035161353 -0.7161579110948871
-65.02400904137146 6.950141014505818 -4.783468673094918
-379.5223275789804 -0.03401451220845164 -0.7204211108896784
-379.5222586076288 -0.033828037015834145 -0.7201088785986133
-534.8301190401321 7.615594470728698 0.8304281979592558
-168.199861678908 12.781795750952755 8.00527120418254
-174.28451350954643 0.5101085090522846 6.1416716009079195
-174.32100550551218 0.5160168217735832 6.13405311646058
-174.30784433361976 0.5084964813846926 6.1365623566862855
-174.30884965129673 0.5094129906498033 6.14032333747736
-416.66294071817697 -5.936082351687743 7.285752830764239
-416.66294627381455 -5.93609737241219 7.285727680110484
-64.78353773605802 7.205047869789053 -4.684486013215133
-0.5436790482856219 -4.647975845208074 7.240227035964827
-0.543536425973402 -4.647590242853192 7.2408726848321425
450.3861775657807 -29.65296322911763 1.2850319715796847
455.6986704885131 -13.568331858325555 2.054555955607473
455.6988223988088 -13.56792114439539 2.0552436510626855
455.6982750211533 -13.606781043037033 2.0543653310041345
464.64413192903254 -5.534748793400625 -4.787358759281626
-328.8722359255694 -10.366884018483276 1.6616196989999386
-328.87243693650873 -10.367427483069104 1.6607097274654343
-328.84820308163086 -10.377689635615523 1.6684538825448345
-64.78638359968627 7.20530047860697 -4.681888369118309
-275.90028820040567 -9.426867822087353 4.009003360072791
-328.8483987277562 -10.376171573916222 1.6718025877169518
-434.42475927083075 0.06364640007610611 2.436694520494524
-434.4251847947003 0.06249593020899247 2.4347681857875534
-427.5589460538525 11.321577675296965 2.2145822454989395
185.7239550030573 30.511435023712984 -2.9248141636485947
185.72403844980963 30.511660635496476 -2.924436401423415
178.86512252160566 30.17855029740195 -5.706233309813307
-180.02482506059164 42.834135947066734 0.03638867676466062
-180.06528726055126 42.840884318876896 0.010635514101769883
-194.29800421506323 30.14344841262901 10.816668094472009
-256.5814538931484 29.715010468868517 -4.810621352601442
-194.33415478527866 30.024807891496014 10.790956370780066
-399.92318908172666 6.781695324259259 2.7490726074250498
-399.92325886863716 6.781506640412371 2.7487566817306344
-408.1685372944508 1.9886791888009694 7.571205569843642
-396.30140962351373 33.84952865704706 6.4112147071330945
-167.2476907867728 10.23726354744594 3.5474297185733814
-173.6448684898136 -1.5122290079967344 2.7928293295224274
-173.6448449969173 -1.512165491151948 2.79293568152364
404.4864897603003 2.725243964500677 -0.24775959104010736
735.9408901665605 -8.124258121938631 -4.917463353676963
-256.25902138582495 30.000453820582 -4.682823410514318
735.590537833696 -8.487659989404277 -5.157640789787882
735.2824213179745 -8.867830485803516 -5.381804099258204
735.2792684099649 -8.867184128827278 -5.376506843909038
735.5961955249403 -8.544119201625541 -5.162866461809417
735.5961440000981 -8.544258507407882 -5.163099714120365
111.1082706753684 -11.659597935007065 -4.471802804451275
879.0750158661235 -14.187143442907962 -12.355657110471567
878.8574898485621 -14.41515138416127 -12.451832564202638
878.6308964439439 -14.66865975194308 -12.549363153913628
604.7718263966278 -13.583576312893621 -7.5062470020468375
-256.2589874516717 30.00054556705063 -4.682669791098253
617.4461403398407 3.0036317856286203 -8.220075534703346
605.2085530446236 -4.97839678307794 0.035886276869830924
605.4015098874934 -4.869988558386614 0.12555812301181013
605.3990999387499 -4.86712533764318 0.13506125859497886
604.7646937523448 4.355728862328834 -2.518922095160587
604.7638809086477 4.353531212056612 -2.5226018182064074
222.44540574466058 44.469998873350114 1.7360967308813344
222.44471795397547 44.46813932319106 1.7329831190256813
222.4432619556692 44.464202805685666 1.7263918552973423
117.24255234687314 2.2672905805318684 7.780705030221827
266.7962523197372 55.24642891594197 -12.707101994005088
117.2420207693001 2.270735323036511 7.789467553785999
117.62284351843675 2.6178483769361387 8.070663766925128
117.62289885361159 2.617997984525931 8.070914268451554
117.41228361428166 13.380621918431979 5.949121157099338
110.0148442508544 -3.669706728835851 3.842300267086837
109.92524573673097 -3.815746171383233 3.7582522276178874
109.83542540180652 -3.9292402504370276 3.6747784098894636
118.05330748593778 3.8451839111053805 -3.0157460636860867
378.2875185483335 -18.970109903136933 -4.616969244490466
-331.27716428122517 -13.419194788158752 1.368504705026341
267.0173841204184 55.420843584099444 -12.635506928403176
-441.1033238202676 -12.110423909598403 2.894932468413227
-441.1033648545441 -12.110534852397977 2.8947467068446846
-441.1030561273107 -12.109700160376804 2.8961443064305916
35.959316621740236 7.984044485680327 -2.8715539317083505
27.691175940754835 0.01003926179786721 4.048348033318844
27.69241640477889 0.009173384730474535 4.044425079886258
740.0485920818234 5.260808756678145 1.838056030130058
740.0479388966709 5.25904276823888 1.8350990771715856
476.4362879419992 38.41134708601832 6.904882424259594
476.4370546104514 38.413419892922995 6.908353109443695
249.94395880272788 24.633423851148994 -9.308876193387281
22.073095998726142 40.00844185717316 14.874093133108952
22.07221367335699 40.00605635357024 14.870098870892305
22.405071458381485 40.2347954128854 15.076472970855228
21.88051650256004 39.80282915850968 14.711910367671761
22.01939993777939 39.86675161727723 14.818250090351645
21.590268056696914 54.35711141280335 11.991050342673958
10.784388777165692 29.80047385686431 8.876282156020405
237.51944052871204 21.855990266018132 6.164041404377404
237.63469851089678 21.965477114592133 6.249317294245716
251.5757690763045 35.501539348243305 -5.4163300161578345
252.57541858925083 23.058840801996418 -7.795168977337469
-202.4789858402259 47.96743266396926 -0.07341088434414667
-202.4789535694726 47.96751991315688 -0.0732647951399249
-537.8241109705731 25.63320009948064 2.89763256184727
-527.399240832165 43.155196325208436 2.71847904019951
-527.3992643250684 43.155132808337484 2.7183726881607067
-263.38611448562386 17.061381731440964 0.8393597496167006
-263.31991374876816 17.095124256344466 0.8714731298310666
-263.3194714807189 17.096319999128173 0.8734752700320945
-270.2622518426485 -1.3823940243575885 2.935837910857993
-270.2629332667025 -1.380982142723595 2.9395509101741983
252.57544655677978 23.058916417064417 -7.795042367844062
-269.91650652314127 -1.0588620632885477 3.129067674992484
222.47109238750593 18.576406220654448 -5.48170918426601
222.85358776672905 18.84661807082071 -5.310808194577442
222.8535194652324 18.84643340664664 -5.311117392595235
223.87706431316346 30.456742533059906 -9.0706399285628
223.87382466928332 30.456228888247868 -9.069142023365742
223.7350805785052 30.317945614247204 -9.111531838029462
223.73493918278578 30.317563328073245 -9.112171934355116
210.86477971046833 20.87836147860506 0.8628028171424567
-289.81787101538356 9.37970497239504 3.4592731589844643
240.17763775728395 14.293238913236067 1.4086998303569662
-282.9348943871071 23.458133552430176 3.9287536967678394
-51.209034215275246 10.598434679355629 -0.010023055786377133
-51.20762161529833 10.60225386277424 -0.003628255034668487
-50.774045716915914 11.03397703464499 0.2915430510656065
107.20314340315642 -9.189291941015126 -1.1273659133171283
-398.69715218525204 -13.015438682795622 3.8200937559956087
-398.69710116552227 -13.015300742746991 3.8203247214866436
-543.7795377944524 -27.638329711461115 2.745193003177836
-543.7795377944524 -27.638329711461115 2.745193003177836
-543.7795377944524 -27.638329711461115 2.745193003177836
-171.23021376803695 6.775018416218863 7.121773493169041
-277.44152189879014 -11.06177519953295 3.3876198130887953
-543.8924569543142 -27.76261273643717 2.665668495079691
-727.6664556936153 -23.644593545450658 3.792876177033936
-730.683915580459 -27.329316849212546 2.794048164786312
-706.4290929249115 13.575338686694408 7.505238124295001
-372.0163387274355 35.01895712263305 7.6564975777135205
-371.8600271730793 35.139891551205835 7.750042910944427
-371.3826779901737 35.529189543419626 8.034136335273814
-371.38016440390624 35.5293070868982 8.030964708695874
-357.480608393516 44.832337517650515 -1.6139785796630504
-53.28203907324274 -6.187691791029609 2.9156657575888407
23.810085150777482 -12.138684466360507 3.5997771611327063
-53.28274933911492 -6.189612105124252 2.91245040376284
-53.055390557874034 -6.017675832864571 3.038658070622898
-53.05544720058881 -6.017828975603083 3.038401649878711
-58.534790052794776 -14.637580055799075 2.0799409147722505
-58.5348297192962 -14.637687300601076 2.079761345095375
-58.23578537165349 -10.264083457730383 1.09801297034399
-58.29824882904459 -10.359592480450747 1.0513374323991633
596.7308166966048 -12.020467651930016 -3.1504234123168287
866.4562064455795 -25.047472209704686 -6.877983165333225
600.4462306130482 2.0040437901695087 -4.551391483185826
23.801567257865972 -12.125940035529144 3.601899597781318
600.4436400018374 2.0032719341413174 -4.549825122100243
610.9267280712878 10.33426839319611 -13.476899594965769
611.4341126640007 10.751132319619487 -13.269091125134862
-71.66281084258748 -4.01145915365646 6.955162819511718
574.4565466865456 -1.4402454554980155 6.68928561787904
574.6334857844286 -1.3424917429056524 6.780796247655791
589.5736298878694 10.328706778284833 -2.8943146737690424
587.6992090850348 24.784015788411903 -7.875781448077004
587.698816535001 24.782954458199512 -7.877558527856007
587.6977220297548 24.779995295627415 -7.882513316670253
23.82535492319338 -12.128716776045856 3.608326318807453
587.2661723671787 24.27019777897264 -8.138843078170714
587.2616678395449 24.27224670942185 -8.130173588334644
268.0920815234659 64.34035896336319 -6.680918232585989
268.0920323287461 64.3402259579856 -6.68114093546598
268.6964633285394 65.08521319821764 -6.34397702831686
253.31452521927707 36.18883930456691 -5.019726351504197
-204.1564427769534 39.579161663628796 1.8275548771596446
-448.4241915616334 14.271513216317185 -0.22247692519072781
-448.34240756865654 14.410089158342451 -0.17945723292102023
-448.31974283019906 14.49204836830986 -0.16018794927397773
23.825698906682018 -12.12778676277646 3.6098835234963222
-448.3207602041034 14.493650506454237 -0.15622279857376076
-322.22622093502883 -1.9923781839616672 -0.24110969661170034
-436.3242112896554 -8.911810095758632 2.355396469849527
-440.6010237581768 -13.923798548880434 2.3814733222682256
-436.8538980938435 -5.8057989711041245 1.1618795764260974
-436.8542462497055 -5.806740264546974 1.1603034845352482
-436.86527379178364 -5.806124658088394 1.1465827211057473
-436.86522751683503 -5.805999546284513 1.1467922071205525
-436.86517820736043 -5.8058662301494115 1.147015430389727
-440.4838957501879 -8.3738981884999 3.8433170035467596
23.824838323743577 -12.130113482396089 3.6059876885106283
159.87405561039384 -8.879516703856732 0.3326553524871275
-467.0507399844236 -15.106943770776628 4.827842341001365
-622.8822998088358 -6.3868727784584385 6.741278903005477
-434.1536085343334 3.1200655438521983 4.488395816882007
-434.09093520436807 3.2472566166037278 4.556399980698217
-434.0905867503339 3.2481987179016873 4.557977426179194
-428.00499802610693 7.503548204820547 0.08125566000384166
-431.0832778132129 7.209878907026059 -1.0078859489464294
178.67529148421482 22.288037487346998 -9.369750552715242
190.3658416883052 45.29236039829272 -12.466074948149789
23.788665243958157 -12.216607355608396 3.5704140072314936
190.36535355394156 45.291040648505046 -12.468284724501554
190.3651296643957 45.29043532708473 -12.469298268863959
191.0936371325142 45.9773672692422 -12.138432543678347
191.53096077831654 46.42387594997706 -11.956075965709038
191.5262443907641 46.42738894662699 -11.945946341656928
-369.88640531836046 36.92743234079138 1.5683541121587905
-379.70441773004717 12.11824779623201 4.481071025732454
-379.7044427005205 12.118180287873427 4.480957993777946
-379.70442586022733 12.118225811379576 4.481034214635061
-21.432845824398154 -9.861528809902728 1.0935708510019488
30.21169023695785 -6.523770069052429 -1.273991892344458
254.03639362671353 -0.21170551692437256 -3.126491429225272
264.08643604282986 16.334695721990112 -3.4513183257549693
264.0836630034615 16.338430254789223 -3.4408009885850754
252.02549213457266 5.708813242318932 5.632200337821475
252.14961254826198 5.948455713105967 5.758178201400803
-394.34611728126504 -0.959911980048225 6.556078427953334
-394.3457200892219 -0.9588381096750322 6.5578765052692605
-394.3517265947512 -0.9295472936883677 6.570537661407372
-394.35555711665995 -0.9554168332092552 6.557942051256784
159.5139438454838 -20.102300625553976 -2.65380669151946
30.21163367349869 -6.523922997507195 -1.2742479542954483
386.7197218161914 -10.621106095044672 -6.697349327294152
386.7181026774319 -10.618168320916771 -6.690275942511254
130.23041701055024 15.908015687989309 -6.012337168586411
130.19829481400384 15.83152408410801 -6.019912310616132
130.19793233524632 15.830544065964434 -6.021553242959604
144.08789664028882 36.70519949403459 -7.713462187541304
144.08704559231865 36.70289855367741 -7.717314857997248
143.96253228909546 36.4159627467876 -7.800710096811546
129.6074280507551 26.38229996276698 2.7601676851651087
129.6075206007098 26.38255018653318 2.760586657461036
-139.36488005715785 -14.209581234841231 1.5881113186022868
125.05429731874533 27.240664005723634 0.2216329845745113
125.33704349462467 27.5432375566947 0.4172186877563961
-457.7524018081283 9.83747894162398 3.8855986709268864
-324.0675061966203 -0.7343427549967272 -1.34458814105988
392.7068347175386 6.399594163173118 -10.04315493668619
392.7088551637029 6.4050567531579015 -10.034008433177544
383.6674199068715 -10.853061191881753 -7.874068086889517
118.45120981946903 -2.173728621412552 -4.614354083300071
118.45163820336276 -2.172570418399871 -4.612414800038757
118.40010440909464 -2.198143371721171 -4.63842184199083
461.6197646731283 -18.43711559111809 -2.2558002505545085
-277.2769385796224 -10.88436234615835 3.5292769716785144
118.37056877645135 -2.1993729557940993 -4.666958201302726
118.46416026730913 -2.1397579428797315 -4.625695533911633
111.20984182473799 -7.280839973399833 0.7685623984425922
102.77350202135865 -27.389328871593534 0.8528852414383592
102.77339779331608 -27.389610668234766 0.8524134041454459
-210.33233429749188 -11.78386277065502 4.151917298004669
-210.3336892274408 -11.79135524934357 4.137367032038901
-157.021763919054 -40.39507976166951 -1.040501220661172
-157.41670948271937 -40.8697561315774 -1.3959854445555167
-157.41670948271937 -40.8697561315774 -1.3959854445555167
461.6189995362673 -18.43534366393629 -2.251199097955867
431.53338227629445 -62.870740422076366 -7.22929485933723
-27.77527919356714 -52.62862753779097 -5.057270522564432
-27.77279661220371 -52.62332863674498 -5.049375825449106
-27.355839646063185 -52.115126034984385 -4.665237569026374
-31.266178880923917 -54.89703975277661 -2.5860172522332077
10.86760048504828 11.265712754173963 -0.24974853359994553
407.9996133614851 7.080739472168267 -5.457082036212736
408.0005590851333 7.083296384305134 -5.452800768724639
421.55655226684485 32.463321764842384 -6.51820105707938
421.55570695583924 32.4610363340362 -6.522027758995804
452.83882018686654 -30.034402489218863 -3.101995597261225
421.7570691366339 32.67680440831026 -6.423326436777865
-194.70728778484516 52.76568738300136 -5.4351568481335875
-194.70342894736007 52.766870693313955 -5.435904746689054
-194.63676904137395 52.79308985376841 -5.398899060925521
-533.1188002581622 28.528542067821917 -0.2977479946904742
-261.7221421070546 20.40658702165872 -3.830245986015078
-68.5558776183564 0.3800533580740817 -3.9613891220788195
-68.55692944126893 0.3772095914818161 -3.9661506950982544
-68.55684754523524 0.3774310106328348 -3.965779952981274
-68.55670338095037 0.37782078208299386 -3.9651273233698348
459.5319305756424 -14.279230052254913 -4.6840906637242155
-68.83478158882146 0.11720744618858833 -4.086898605938103
-61.863897639137825 13.155158172629788 -5.734202656447433
-57.751159239875065 12.834930037143039 -4.125849731470383
-66.82187992981926 6.503440932429815 2.5562945011719407
-66.69203260597504 6.719526162244537 2.6674159077603745
-59.19127966278212 -13.386707844966201 4.434532270332817
-291.1208171859731 4.973012321905434 8.328693469316088
-290.8453295539888 5.22113741742755 8.535674823453274
-290.8452723225174 5.221292151919919 8.535933909400065
-290.84549338899757 5.220694463141467 8.534933145066944
734.5267255263282 -17.69794296385498 -3.434736687437395
-290.7408251949332 5.288041442928876 8.622568729073166
209.3265227450937 14.058922242775818 9.468295454692473
209.3265466657517 14.05898691614345 9.468403743165261
603.6233976810107 11.179141096760725 3.0021295369975083
603.8578383255623 11.471715584877007 3.2184232512251687
599.2258423972289 6.147206944498382 1.2685962922833538
611.3751451086215 18.70654380874841 -9.692895428168887
611.3781322814916 18.706485580899574 -9.695824572310018
600.9800445609694 -4.275870532565564 -7.995414595417458
-69.29719372752324 7.635622804019764 1.2693231292892375
743.6759186100941 -11.27266327198404 -10.187290766607155
-69.18929428403612 7.737740949029538 1.3335677405393043
-69.19021993820446 7.735238294132002 1.3293773192879248
-267.88061207313103 13.498862316630385 4.31249131618937
-258.74577117161004 19.93195707642984 -2.444773441094183
-258.74574382740724 19.932031005903937 -2.4446496542848437
-258.6774528617302 19.955141193023426 -2.415739064212666
-258.6740000907961 19.955298855029802 -2.4181471136337116
-258.7028228592323 19.88146539255164 -2.4161719020050416
-521.0129713613298 47.00066414299404 -1.7210511023451223
-521.012996680124 47.00059568949635 -1.7211657202364679
755.760339678027 6.85021328595288 -11.632855834408321
-174.46042964549588 83.57984589999519 -7.77126191867033
-190.44440380422986 41.5582224533039 0.26509415581523044
-208.7843892825065 20.265666394277375 0.22044182684191854
-548.6317129578832 4.475608225158874 7.135148842086482
-548.6317943034569 4.475388291941002 7.13478058797627
-220.49175910744782 12.70450025331909 6.988648516835359
-220.49199393135552 12.703865365275284 6.987585464715001
-220.4935213955884 12.707706013071597 6.998182003949136
-219.44705358403016 13.729018919199834 7.67199437138552
-220.0559285238692 13.122814081785819 7.250316194968285
755.7632398149498 6.845643279383193 -11.644164881661295
-208.90454581013924 20.109712299829425 0.15489713013455098
237.46411703857805 -8.163625499691584 -3.117350552928091
250.90112180161714 7.419329481659282 -3.104050614107957
250.2118818547278 6.892890740285476 -3.3495864096665846
262.76553741498515 38.50425270306911 -8.928608939101995
591.9123099190368 28.288307223888793 -13.993616481871051
591.9124215955968 28.288609159374502 -13.993110924052566
-411.089260385106 -1.5300604031766627 3.712039224571509
-411.0889492539866 -1.5292192118771768 3.7134477064798226
-410.8464637557039 -1.3238580519709136 3.830777623353299
440.5566951091877 48.07270214208113 -11.434494902039091
-410.84596709466985 -1.3252683434988937 3.827232525827278
-416.50519971985716 -5.770931729669828 7.423605493932357
-145.99578821999094 -20.82464991190386 3.808222704307266
21.659904841653457 -16.52894160966947 2.898420473983285
20.585223241489306 -16.126001800637447 2.1124303140931318
20.65757619284958 -16.021437102655312 2.1767562049288465
728.3238583952401 -21.45687538905472 -1.2747254282784806
734.0178359102554 -7.132314856308938 0.1683224498947189
734.0166359981579 -7.135559006769913 0.16289047760078113
734.0160140541612 -7.137240529855799 0.16007495256861515
433.3424119204143 49.22679046384629 -14.255567990476976
733.7409822001954 -7.458008807231979 -0.08594042733968865
-436.8955647495369 -5.717959321830809 3.024049799460781
-327.61017417951757 -6.4907765567470035 1.0248556093183945
-327.61024050861977 -6.4909558881950735 1.0245553384463908
385.62136609355633 -5.113632103179951 -5.3048679775997
128.64673226920647 23.860338111122946 -4.008972648961799
128.6479521353657 23.86363620873355 -4.003450348834397
129.0067105565571 24.290215425835516 -3.78678257957268
117.24624722943044 13.14811791695078 5.812256573518729
109.92910935462311 -3.7878794750792535 3.780704395643656
432.7708870014786 48.70983150586243 -14.4884327285987
-279.15218886130293 -16.172533249811337 3.1262076535902947
109.92960527029858 -3.786538689310943 3.782949393602488
109.22863860671085 -11.68058996403095 4.889491701565421
109.07149280972335 -11.815452751257034 4.775607743689522
108.93009615281873 -11.939553616264515 4.657284162601232
108.93009180681956 -11.945037670960627 4.644723048162673
-544.0638453508609 19.68900169766775 11.28028997515992
-269.86942707566425 17.631808374319633 7.890672919686319
-269.87135879447123 17.63166296742265 7.89344511891334
-269.8713841964948 17.631594288943237 7.893330124318924
-259.6510354051532 27.306235862554523 -0.42566518148185617
433.1789955505509 49.05047929562632 -14.343356420019713
-269.07596601377935 9.686406391842658 0.2820732509991467
-269.07593649709173 9.686486194980269 0.28220687261416577
-269.2042103656376 9.529736168865998 0.20310816378470842
-269.76863850223367 1.8798512965454945 2.5349867351597104
-269.76835602910256 1.8806150080777357 2.5362654863922476
-74.456712535397 -13.206411177824558 0.706127290297979
-74.62133836614964 -13.329615424845091 0.6254109977779408
569.5256674660226 -16.970505907283037 -3.860300795883475
569.8358935484781 -16.74932566086101 -3.7138068986761192
-34.52671808534722 25.00587706597114 2.7229537458677635
-156.42934152842994 26.28297569252326 -5.664422401041322
-34.597080578946 24.919788376980726 2.6766599881564503
-34.60176327428553 24.918066757846905 2.6789266644743774
-34.60174271773593 24.91812233580452 2.6790197236799633
-34.72112230869321 24.75465206455063 2.5858679813409915
-34.73677419478778 15.153874512086349 5.039334175417905
-45.017025779554444 -1.4578572176990034 3.2276215241037844
-45.01673102409159 -1.4570602989255397 3.228955877196479
265.3928062233795 -22.64108424667874 -0.29403199540249636
-387.72452044370135 -15.254681959927897 3.529973329572891
-387.6662799200657 -15.21103709239334 3.566382627609914
-156.42862911420747 26.28490181892213 -5.661197313559224
-384.84502473067926 -13.329037529235201 1.6303405945685063
-275.2912011267785 -14.395440799149355 -0.2628416836255698
-275.2910147641491 -14.394936937791323 -0.26199802301351505
633.3611824504709 43.64564293635666 -15.438126815036117
889.2432768018886 3.780775642943331 -14.415877404118595
889.2450915104807 3.7780294537356545 -14.422559111224848
889.2458980123251 3.7802099611743762 -14.418908090574147
617.0547095669635 2.7432355171557266 -8.397221202868959
617.5086547640734 3.059996463509684 -8.224422117263257
617.7445246008854 3.192442660955411 -8.118125194667488
-156.4283322117303 26.28570454255016 -5.6598532408103
617.9724721404543 3.2836399365902524 -8.04507129848773
617.972635917559 3.2840827360145806 -8.04432987979791
-45.553157295065276 -1.1768622436663045 -1.8850064421331787
-45.553048181662874 -1.1765672380115424 -1.8845124875036015
-46.323790610635754 4.7071648989015245 -4.2159766750805385
-53.52175414154184 -0.5868795283398736 1.390628236378857
-58.28720219558195 -10.333294323275794 1.06639261776049
-58.55981460207315 -9.562843975556248 4.214795417242724
-58.55050019163043 -9.569248365463851 4.21478065784875
-58.52229651713642 -9.581386958700918 4.216002850954846
-156.78906672374922 25.91013862493617 -5.80672814321434
596.3574038648817 -10.723458454563252 2.124018974320487
866.8733089558225 -20.134225853704844 -2.489808537585729
875.8707214404621 -11.02251032818483 -10.448605639826594
875.8713597990393 -11.020784425700796 -10.445715806387271
868.0640866502567 -27.596619933305398 -9.258923189265763
871.013700262756 -27.364319527405584 -7.874810683215193
871.0140922334803 -27.36744173441905 -7.881661384688872
871.0775383225792 -27.24145220295512 -7.834350208232047
871.078111628417 -27.239902180749667 -7.831754866926973
607.1217074375162 -1.1644445251785436 -5.93181615389738
-389.8573932299838 33.44242551026294 -2.0663329913170014
607.1200524703867 -1.1689189858321976 -5.939308143992768
-158.17730088732145 9.839177137276275 -0.9040039649818058
-158.75498251888774 9.452998262281472 -1.1046824660224568
-158.75515200287543 9.452540035065658 -1.1054497172580962
-167.78335001772544 3.6760458601840185 4.850532619862415
-167.88813765455026 3.6060779136070167 4.783168761944591
-167.88745288677762 3.6012127237399283 4.771656899434326
-175.7161223969039 -8.361577302834348 3.2977106791250095
-174.5699194731397 -1.3850508893312246 2.2337418891909957
-174.56988995641032 -1.3849710861071132 2.233875510933057
-389.8571945876094 33.44296257184873 -2.065433740569747
21.497793009182367 -17.788472022932343 0.21490334453383025
-143.6361583266485 -16.08935019596377 1.9736081000534513
-143.70570932356537 -16.15217572286555 1.9274939796826205
-143.70569427363492 -16.15213503293363 1.9275621105343037
454.38507427546926 -21.674705347024616 -1.6900488596565622
-138.6927347686823 -2.599423711913631 5.543779765444713
-131.30541067995063 3.993014109829405 -0.05755935697726294
-136.29822040742084 -10.440445183082344 1.9678289927398507
-136.2981993607171 -10.440388279925244 1.9679242708575195
-136.29915992417145 -10.438508395912185 1.9729968681999042
-23.032773089824264 0.43195754773452727 5.6299256578356776
-402.4988198011871 9.231648632280281 4.773353302402121
-410.637732727642 -1.118368154780596 3.935018417367146
-411.19883500860124 -1.6299752210946798 3.652685311880179
-411.1988593480481 -1.6300410266863827 3.6525751276160627
-411.47448636993767 -1.8879891382336185 3.496961242815839
-411.4742625551258 -1.88738402088691 3.497974444985527
-166.48252411888257 7.53551797934557 0.2014954029771151
-166.46026939497918 7.531816226652591 0.21566750137023188
416.4607823984967 17.79854674144935 -4.543206553555404
288.82026753124086 10.579825511947275 -7.271332150445673
-531.9373101001275 -3.7181610809090992 6.49195216917214
288.88396032154054 10.720162309848808 -7.2469164094522736
-43.79271733597702 -10.849689421637922 -0.20120933771234956
266.2401113694588 -29.143914189081876 -2.6691645511185476
266.74659677858403 -28.689774243610614 -2.466916483219306
266.74661446501904 -28.68972642552007 -2.466836417086852
266.7471747017034 -28.68471942957501 -2.4571648252806004
266.7471983564761 -28.68465547507848 -2.4570577404789766
-387.0473243771688 -18.276467574166787 2.4484604569710524
-387.4202316608523 -18.602434573164455 2.3084499997838144
-383.5434417754596 -14.484880130473025 2.4077951643394777
-534.5327743608681 -11.571713769966035 6.122088189053931
482.53746938818034 -24.47678682643631 -1.1015633473526214
-377.11250340517006 -0.17558465921529498 0.18179889128970672
-382.10687804348083 -3.6828138749707007 3.8607235984815804
-382.10610753433923 -3.680730683845371 3.8642116719017734
222.43928765992447 18.570498179972898 -5.467293499038441
618.1883721796405 17.18857206144536 -12.670746023912011
618.1874814727396 17.186163895190365 -12.674778232982147
618.1852683259996 17.18018030980301 -12.684797085715514
605.7602574775345 7.894760211046063 -2.830890869604585
605.9958542110187 8.184440159420243 -2.6531680497736696
870.2982169287156 -20.7688351780506 -5.563994350122281
-534.5327547657272 -11.571660791344023 6.12217689595085
870.3002663988543 -20.771258908256552 -5.571731330748874
870.15748521726 -20.962123479894913 -5.669810526691529
870.0046072697801 -21.142145984391057 -5.780718331090447
866.8191041370025 -24.684640175563274 -6.630395120625892
866.8188201770029 -24.685407907307752 -6.6316806033536055
103.75455326190216 -17.95855661362748 -1.0374169001523597
107.19455016269379 -9.222764009325767 -1.1482310413092598
279.4932945380032 72.48111681933086 -13.521563572692106
-248.64076214621178 40.34135820323665 -5.17134668695031
-248.85765989178182 40.101420343818845 -5.238801040440074
-714.9032563394763 -1.5661062491878164 8.506156839708272
-260.7566583289341 31.277657633183903 4.086053649653786
-260.75807794344195 31.273819484654112 4.079627093812221
-67.84914838662516 8.348678131366292 1.8380475005605144
-67.41445735801398 -0.30466316661791804 4.020785915645252
-67.414507217586 -0.304797970031235 4.020560202109869
-67.4145359491492 -0.304875650450808 4.020430134750596
-67.41540205126775 -0.3006154512875896 4.030869857575037
-74.27058475363073 -10.444491885180788 2.7445826265844744
-296.9366448557655 -39.60924146515769 -0.1735064921951136
-297.574937979852 -40.30920258338584 -0.5955974732147855
-714.757984421653 -1.41188665710555 8.634383209849771
-297.91748989272776 -40.674052151614205 -0.8157801031648522
-44.590148131222314 -69.2416340640547 -4.924667585231789
-34.334077368752155 -58.457826937836764 -2.9241062608889217
-34.33833207086378 -58.46595050780592 -2.9361143527469835
-34.33833207086378 -58.46595050780592 -2.9361143527469835
-34.33833207086378 -58.46595050780592 -2.9361143527469835
-36.010639041418216 -60.1545469110339 -3.755349122360815
18.390389131753466 22.836659715354415 -0.02148384725886264
18.660182020208072 23.0282648227593 0.11288452341031781
18.65984940855225 23.027365560457053 0.11137880045616849
-710.6174859793309 5.062460247044793 10.424442329892564
414.5611028460311 19.50850127940902 -6.142892872543539
414.8752960544329 19.91102328745481 -5.966023532010107
-167.41156122825544 8.799302106391035 -0.638022679695508
26.45382874156118 -10.737092205056522 -1.772112995841037
21.23995806548114 -15.658124252615321 2.473418911511382
112.03516514756626 -4.239963224919521 -3.3798513181582637
111.83929888401228 -4.4538504054591606 -3.475785540837825
107.20202635608273 -14.384802846673152 -2.790935071738639
107.20108420569257 -14.387350096571128 -2.795200160312847
109.40032077314333 -14.338815627427604 -1.8397878168441935
-710.6174482114948 5.0625623584692585 10.42461330428018
103.96257432015281 -19.156136163014303 2.2587136796637397
103.96261347948428 -19.156030289431115 2.2588909533848245
867.1655872063338 -26.681197366922486 -1.137834180705721
867.1624394095336 -26.76243230403643 -1.1833333982133192
585.1273698831199 -39.67838048179941 -0.22849236042355758
585.1273953369773 -39.678311663052156 -0.22837713086656097
585.1266393599063 -39.68367217673762 -0.23948300095224306
194.08161085241667 -19.1362950336121 5.038957934582671
194.62130913086247 -18.560499703223282 5.479994838457011
-412.04022458445473 7.997920507819459 7.9611841421996346
-710.6175553124058 5.062272793929732 10.424128460207397
-416.5091262045538 -5.756753776024045 7.423657653043095
-0.2873122750327857 -4.349069842016281 7.470110306727734
-0.28761747844671287 -4.349895003721481 7.468728658239998
-0.2876385263703535 -4.349951906461766 7.468633383102276
-0.2889445531061478 -4.34722559398175 7.477125610439508
0.16350821569516943 -3.883698302390719 7.842661042955816
9.25412470424439 10.25845588306536 11.802939221114627
8.720117422437951 9.689101695205654 11.330178898802913
8.720148634031824 9.689186080771218 11.330320193170927
413.635848728851 26.662118661487206 8.496637681851167
-523.8424718608609 12.727005942506308 9.004017344845973
431.50179939591334 42.38586255936988 -4.939826275720494
749.494539792888 2.9088003840765353 -7.147521135838345
749.5071917252327 3.0212105762994965 -7.121208879591018
-325.06452956046786 -4.134520154519875 -0.6020669073186317
-325.0645058069268 -4.134455932980738 -0.6019593753836023
-324.9581662724374 -4.022976546260129 -0.5549189008646989
-459.360231805403 -3.9478441220494354 1.6975704890773902
-459.36001892647874 -3.9472685696465453 1.6985341884758036
-612.3950380657872 8.83063591083233 2.473655048629663
-612.3950931775565 8.830486907294699 2.4734055585397026
-523.8813656696759 12.637565138289363 8.946165604485232
-612.2571039912859 8.92857729061128 2.5288768786134233
-183.67236091385917 25.725434268829805 -2.296224889088218
-181.5968532637493 37.39496877990166 -5.310751743604585
-181.6991847050928 37.264222018702874 -5.3435331983025085
-166.7596354972198 62.24125382374023 -7.759570037506816
-182.90132854882603 50.37537084051717 4.752460316578658
-182.89535779820903 50.37701175760532 4.7484032500116955
-35.49471400411491 12.001869241127496 -4.68276573475174
-35.49514876766179 12.000693789208553 -4.684733899592501
-37.66276345953714 3.3934443382473485 -2.6407960756706665
-515.6877014501013 19.861590257219955 2.7715666238160033
-45.566059720715465 -1.9447637998100826 2.8916462575110415
-45.430125918301755 -1.829088845806516 2.9775891970737005
-45.56103150378354 -1.9369351106022152 2.877128364969379
-45.56157415522461 -1.9384022530699399 2.8746717969413735
-35.38817652512515 14.621828283601287 4.6377037067513935
-34.94483320028532 14.987850526821743 4.903178962902468
272.36560457112995 -11.256291954403574 0.8648010168824302
490.8880637388837 -12.000889698754362 -2.968829352692093
490.8879374750914 -12.001231073325588 -2.969400947027653
-274.9769548178484 -9.934755373258502 2.1922888537491367
-515.6152573242879 20.037658933908624 2.840165269628122
265.83843660138456 -14.692227823623432 1.9007184845352803
-274.975974665399 -9.935804884101278 2.188802138520376
416.36799725445263 17.5245669112635 -4.612555418469339
416.3720503342985 17.52334466914528 -4.619317482105019
-166.5135086622849 7.366694936698886 0.17000095594141712
-174.82653851732726 -13.61811830697614 2.8538348702964162
-174.82653614883588 -13.618111903342 2.853845592465903
-174.82646636111056 -13.61792322097412 2.8541615204327533
-180.75363868110117 -20.668072659053244 1.9967974951834733
27.043035816263583 -11.857604925128083 -1.2651760448626541
27.043220133893392 -11.857106592755018 -1.264341641923533
-515.6164088586366 20.0391899339018 2.844510196700891
27.082186988965596 -11.77338711149044 -1.233700634816342
-131.30632049379588 3.8344680773278776 -0.10940759599659333
-131.2380122571166 3.9721575664362936 -0.057019672112777364
-131.26809346309284 4.0128070242008 -0.05575444066892049
-138.66296804797796 -2.576318179595679 5.548458803405101
34.07232714458184 45.620963581288805 -7.151443439790326
34.07830550223344 45.70411794808447 -7.153950595213978
18.88478228716443 34.978686793500685 4.092142424315343
18.88408032594457 34.97678892845694 4.088964657365308
-405.0062906486228 17.838761546195926 5.3949702312575365
24.821707525890606 51.24410477430328 3.524932754919688
-405.00344482745516 17.83866330265109 5.3910630010854454
-404.9712844826932 17.84795535148619 5.411057935040517
-404.9712996739873 17.847914279390174 5.410989164316496
-405.05537402696075 17.81232509149966 5.368552021086153
-405.0553534344241 17.812380766736517 5.368645243164765
-133.74992530017025 9.04647209700133 1.6252125220716185
-127.27561499472756 24.420324746112204 1.6345084481823478
30.0379137989585 3.322572828912786 0.044610280464801685
33.89515858462045 3.3089993051025157 1.8541552090133866
-135.2083783854973 2.1152912880546157 -1.3099083716115434
42.366508286977734 64.11947983727046 -10.066969669336794
-135.0761152597493 2.2215135063034936 -1.2485725513287784
24.317815422193586 -12.95582952369911 -2.0684336830908814
24.31681961794827 -12.958521840609558 -2.0729416725898253
29.752266706858954 -1.1368871689099795 -2.8487374059790644
-167.02799569894418 9.00633559289695 -0.435276113174407
-167.02801568409473 9.006281559815443 -0.4353665856524812
-167.83694973706963 1.8669514740977826 1.1563639891579367
-167.83693721215073 1.8669853372397007 1.156420689281214
-175.2596778681101 -4.298280500088051 6.316798551070962
401.79510161034466 -1.9182811078655169 5.625345176012239
42.51265941001566 64.27001169866185 -10.0189928642731
402.12969687891797 -1.605667394286545 5.881486223462935
402.27627647439976 -1.4986883637384765 6.001689238020006
402.27867353744716 -1.501078643237043 5.992266158909102
176.6956772390711 21.43321827536658 -4.16508001838713
176.69610770123228 21.434382099082004 -4.163131323147355
176.69469921579085 21.430574032213116 -4.169507513627894
176.52952391770648 21.267816482912675 -4.244383608176462
386.47208629603733 -3.15173327126863 -5.304908655647669
118.32042128889795 -2.2132366068596503 -0.9424061779282232
118.32039989140375 -2.2132944538425265 -0.9425030374914524
42.511614317389416 64.26718612081423 -10.023723984854232
128.973654961144 13.042830676743923 -0.5189040672937357
129.115770615684 13.121156949483412 -0.43364079215859963
128.70467460395116 22.967661213596287 -3.459584806713332
128.7002415313521 22.967265759304407 -3.455957269854334
117.04440065670215 12.02825855738421 5.939236146155704
-461.8987232270594 2.079989442052171 6.646607400266866
-461.97226281204837 1.9717268627412587 6.569160047880203
421.5930496105162 21.751552752278748 4.722491618061788
421.855962995933 21.86010149782625 4.821955121215966
421.13274963736063 21.35680964648545 4.456971956768878
-390.8297702699714 35.41299976465027 -3.0726428819962988
-163.6570890448316 9.666773897512266 5.615774651835282
-163.65690427039698 9.667273464161363 5.616611121115228
-163.65706158609174 9.666848136518803 5.61589895686744
-153.0162844698936 16.39812414937942 -1.3382973849642128
-164.30050610443084 2.5302871210238544 -0.8614076496719698
-164.30091839430114 2.529172431328186 -0.8632740744339952
-164.30067543147737 2.5258231089476566 -0.8701965914438979
-163.48617281558916 11.358013446288306 -3.5082020842241404
-401.8961593668348 12.52587404733948 0.18551729389720528
-135.88191450810393 -8.157839534789915 -1.2031114552996134
-123.76030381724956 20.9311297592394 -6.073207273154036
-135.96557421513725 -8.218259725647746 -1.249227346544506
-408.5685293691044 -0.2226040565520575 1.75149493266432
-408.56804385269874 -0.2242002657673845 1.7478454210837748
-140.50089488249546 -16.98476916246032 -0.12142446930098316
459.7264066410544 -23.06242882513183 -5.105026551525251
743.6164316554123 -11.314496971689065 -10.201817524731231
743.6168023730885 -11.313494681360766 -10.20013929834458
743.5819895044039 -11.387997188317014 -10.211321056078315
743.6034945774776 -11.474211597233992 -10.219212047158818
755.4376542192903 6.350850393565014 -11.777087081569928
32.61581661856483 0.7638513442402914 -5.6076785738906
755.4383215187161 6.352654502819258 -11.774066240388997
750.019085673738 6.8902461756053786 -13.892228515459069
739.0365392763196 -1.5881103198401458 -4.857700619984058
739.2458984144047 -1.3722440586031959 -4.719007434810733
739.2428964577772 -1.3803603145549368 -4.732597208841253
184.96302360903212 23.118594497441187 -7.1041792950045926
184.8828193870588 22.956286899437117 -7.140369750642773
-427.9795138618701 7.5440036131067085 0.10680445191419585
-427.9795601368678 7.543878501172037 0.10659496568000126
-427.95203489901286 7.647420716495337 0.12825400870325898
32.615766073146645 0.7637146865277659 -5.607907392266377
-430.76034103185475 7.5422649852506005 -0.8548014409220616
-610.919291697576 13.53954761273273 1.5366001978073707
-616.9859985723061 9.25243862587909 6.033389877573899
-616.9841020209153 9.252384047914301 6.030797152387006
-616.9836764967745 9.253534518516553 6.032723488333065
-616.9834952575129 9.25402452725158 6.033543953923148
-616.9886498754938 9.224675602633681 6.0320444493204235
-611.1954398873683 19.87745360810122 6.704945316326004
-458.48018291685383 4.15408438823008 4.802071963471703
612.4836478609328 2.1203216273294876 -9.855578076167504
32.6142224047453 0.7640079550459316 -5.606249218258247
272.9100131510024 -8.058243522066109 -3.777173835475094
612.4839171315207 2.1210496441185347 -9.85435909185707
199.386957868768 -18.463204015049037 -2.166791293210961
199.38678949589644 -18.46365923848868 -2.167553514600014
200.63632560275371 -17.376300040304606 -1.6816612789378182
214.25750664673419 -2.5594044125306294 -1.1571961675496276
-287.7822348388055 -4.6829545228080836 2.247273763379516
-287.78222957559575 -4.682940292875547 2.247297589839693
-56.88000396447411 -20.07174462269942 0.22408981799860528
-57.327910465837284 -20.46974196365705 0.05238318833679534
-48.79841151750275 -1.7703841192399032 -2.951145732661123
36.51987173437378 4.2840412738445455 -5.356300842098323
-48.79638906662443 -1.7713781077901032 -2.954751461370974
-55.286682168336775 -6.323942096485851 1.832486638399705
-55.30258357334875 -6.318366940494659 1.8242653171736563
-63.65999058615086 -24.635461283419772 3.560470093289668
-59.59639014988997 -21.686182144765844 1.2413219795386037
-59.59616449315996 -21.6855720468355 1.2423435211188936
-59.967646004209136 -22.044171182429878 1.0504033683071516
-52.084926836462145 -3.7700090119389578 -0.6166098472463132
-52.13087078150863 -3.788163716322072 -0.6375110892490622
607.0097801220394 -1.068086388362287 -5.9651709622614
36.51989363402029 4.284100483080026 -5.356201702716872
596.6018597897163 -18.580337986399773 -5.778555863726899
596.6587509719544 -18.537988666746863 -5.741784255912158
596.6580836843194 -18.53979279131602 -5.7448050626062495
868.5020519274926 -27.126223646478202 -9.02377135699423
868.5006757670075 -27.12575192741988 -9.02146506051865
603.3981039008536 -1.0012927882344065 -7.653186432446199
603.3972887330057 -1.0034967222975246 -7.656876677064013
-38.21455782454723 -2.1862105231781275 2.5667546783838766
-37.50733305505001 -1.5058482793023062 2.928076425486685
-539.1745900759304 -4.687063984095713 5.141027543666479
36.22331673555661 3.9701972950445668 -5.492565445910301
-539.1745663775936 -4.686999911833287 5.141134825645519
-539.1746948133026 -4.690659390617653 5.133540077295198
-539.1747620162554 -4.690841084583204 5.133235850676949
-539.1747642970885 -4.690847251194412 5.1332255253598955
-539.7557432338082 -5.238119821762296 4.859762282278126
-544.3748833501141 -10.64720562203267 4.299305108686711
-547.2917017207986 -12.846146973941655 6.070602318989801
-542.4508252605799 0.1947800885901383 7.12363219250555
-387.39331602123826 -11.8919393770533 4.79821525317335
-387.38185931049287 -11.886224757490217 4.8052749449682555
36.53252172684534 4.310864219659325 -5.358473660594637
-278.65162985124556 -15.36798044238205 3.311281860859082
-281.47093444819853 -15.07603899081504 3.5288127806849037
-281.4708866847764 -15.07590985471123 3.5290290049156874
-277.3761577298838 -4.323477293519346 3.187420400898236
-271.0694725290579 7.534181019354599 3.9428593997321157
-263.1752462037893 13.109133936687797 -1.8988958870134747
-263.11602732142404 13.102525054211567 -1.8816241660447997
-263.1191519314568 13.101959124084795 -1.8801986472604328
-263.11966670247574 13.100567357857303 -1.8825290072246945
-263.11963935828106 13.10064128730896 -1.882405220451878
28.88429754843373 -9.07014965671906 -3.8727468708089137
-263.13195411328365 13.121518751816138 -1.889454322268453
-65.09306371627083 6.860838346115045 -4.821373500575424
-256.9996933377593 29.24518316420537 -5.001006195965251
265.5617425128092 53.98749158495319 -13.237662672996535
266.0642766933842 54.519457816936395 -13.018465893848791
395.623545009391 -4.5430418999279665 -5.424860227129213
-322.6091510507014 -6.2056607865655975 0.9645592136871805
-322.609129130982 -6.205601523060653 0.9646584439355661
-322.60943680107505 -6.203860099586912 0.9684116405429609
-323.1353763898918 -1.1865401743686532 -0.8089987309965601
127.45703890530878 17.137038632926252 -7.3862409883821805
-327.47633222994034 -8.577966241218906 -0.050805393607258664
-331.02225271933486 -11.193067475268968 2.7117317879794696
-330.9878320031939 -11.14772322520311 2.7382642064355998
-441.0582393680606 -10.46589765830316 4.009175857734441
-441.00592306139083 -10.420959691091522 4.042478646893154
-441.0056276642019 -10.420161038914946 4.043815901740434
-441.0055162204786 -10.419859733339054 4.044320404710208
-619.8908723885697 2.320570049242529 6.033756572297043
-619.8417012809005 2.356199882037532 6.070645632871783
-459.20972427832316 1.0528263774977655 8.630450516729283
127.2778773541462 16.95413473294276 -7.438769540764674
-459.2093086169645 1.0511122377281257 8.625786045483965
-460.03898058058326 6.763426925904058 7.013610215574887
-459.9553119511713 6.870350826299467 7.090782159389326
-463.57821840159124 -1.5158915335584258 6.110568183789157
-332.78906746726244 -13.075882561125548 4.0974793205202005
375.2637121762563 -18.28348544906714 0.8409799865071321
155.72364113938974 -15.956375818377953 3.3152125163380157
155.72380442209484 -15.955934357293044 3.3159516945394665
155.81099968943704 -15.891233825980166 3.3876947608542953
155.61427490559575 -16.072842846436583 3.237484964955538
130.19403502108625 15.891191657226855 -6.025322948994871
162.40596303153103 -10.253374889570592 -1.6271863112220548
162.40542876505378 -10.254819364891937 -1.629604926783981
162.40541120055062 -10.254866853362724 -1.629684441037178
-48.86172334016259 -1.898825241105063 -2.989558967696961
-48.84606555042298 -1.8398050483628963 -2.9782959811839764
612.4844555032134 2.1791779693328186 -9.866478984906143
629.7582738424015 28.09761639990575 -12.024360403243096
629.7560456542092 28.107056042575003 -12.004022371819374
211.61432299213996 -4.780125748681139 -2.079307568567753
201.93069802206335 -10.524759324770844 3.6836886484796696
386.6927054798191 -10.630382591191696 -6.700215250117608
201.93042221932768 -10.525504999979137 3.6824400980301024
201.93040053589843 -10.525563624875435 3.6823419368698995
201.93042264379463 -10.52550385225219 3.682442020015141
201.46506526917267 -11.003864225131993 3.3700796791216514
590.2382617080004 -34.05352761455624 -1.3948600024086895
601.6255826633989 -5.340424354213536 -1.8907754423348073
601.6891836837266 -5.3240523920717315 -1.8642445862475898
-286.20682173424154 16.673939550004402 3.8101058835999555
-55.78930038800028 -5.2861134388483615 1.306199750063348
105.47737747650409 -13.53520683086502 -1.0895646513304913
386.69299152476856 -10.629609222633977 -6.698920329242665
272.97785199968274 -7.966844746774284 -3.753523215765248
869.6901938680264 -17.313158269328845 -6.718593521926274
869.9277096977715 -17.113392317495652 -6.581085587482562
869.9297530099791 -17.113036564842236 -6.582827385679554
873.8828135954433 -12.978212752656782 -5.52235867758685
883.9102854168473 -5.452849185971505 -13.526568094684821
883.4886258124037 -5.917374255938933 -13.709367831738787
883.4885572296321 -5.917559680553825 -13.709678304952703
883.4898483416555 -5.91406895157511 -13.703833461979183
873.2419691804754 -23.967089973303263 -11.59796366245994
873.2416191824033 -23.9680362494143 -11.599548098081451
396.3930225369549 3.9262770222533625 -7.830681700544016
873.4716908267446 -23.725865501794182 -11.494509092947503
385.88693530283865 -4.801454001794713 -5.156973721530312
385.8868026446194 -4.801812664736815 -5.157574263353973
386.43076285074204 -13.178109044247032 -2.351658078842257
386.4300792636811 -13.173148619425797 -2.3405331046490807
377.7185686092903 -25.175538241544505 -2.8106882133486875
377.3208263140235 -25.497914523572177 -3.0030011697817742
377.32128106487585 -25.49668503401866 -3.000942525339364
135.74941097695122 -52.511018953107076 -2.6341887269989135
137.70776558976348 -51.09339594329671 -3.7280691306322877
396.35305223865794 3.8412724282611 -7.851597831134668
137.70776558976348 -51.09339594329671 -3.7280691306322877
137.8575227431529 -50.92121851843436 -3.5987924254414447
-451.49216218156937 -29.394749087103456 1.8775931129687151
-451.4232090670665 -29.31198721618592 1.9418703353262428
-634.9384308573478 -24.967463502031613 2.997880551603205
-453.0421652848566 13.465638726377454 1.6622943288337195
-611.2377855824462 13.451812609488519 4.450647697579845
-611.2376456252099 13.452191006371118 4.451281281674088
-617.3801928873131 4.231843957148609 4.279168794575065
-617.2000178638528 4.377513783040989 4.370991656095926
396.29337008211326 3.678619585156223 -7.893235518035641
-617.0914799518138 4.45534249228755 4.432780056625067
-193.34111277362447 16.778964720700294 1.5115814075375849
-237.41620481456206 -50.128393737340694 -1.7383998255186532
132.1930665258302 -56.33690380817091 -3.733441096924966
132.1930665258302 -56.33690380817091 -3.733441096924966
135.39094525582595 -54.14172456782104 -5.325590537019975
135.82372958695592 -53.62589480004564 -4.9445853295098745
135.82517747491048 -53.622968900751104 -4.940353350923706
135.82517747491048 -53.622968900751104 -4.940353350923706
-382.66827016621073 -10.209647020917961 1.3788967351632868
169.02507695938274 -9.283955359819606 -2.3431942763699847
-382.66844272014015 -10.21011354822097 1.3781155863444463
-535.6260018249963 2.624101495531767 2.1835174214457536
-377.2182680134483 2.159350282606969 -0.6579236911357441
-377.2194942428997 2.1614123716298703 -0.6529870129607055
-377.32026239506115 2.0635024116352287 -0.6920702545316498
-377.32023496194415 2.0635765815034266 -0.6919460652088848
-377.54787717526966 1.8257810357560562 -0.7948551665543775
-382.43175359682033 -1.8395612891567803 3.1157271772289956
-382.4317746853892 -1.8396183055135424 3.1156317095824893
-382.27171930161296 -1.6260220193611274 3.23472158121436
161.14199941386966 -14.098087306554252 2.5349656068021624
-378.0914521294595 7.389753277443187 3.337702805254058
284.6589428518667 22.6477862280711 -0.6785730440290533
279.1532315371053 17.323479431230723 -2.1317304625505322
-189.26191342288345 24.619404294843022 -4.157921470385783
-189.26623897847293 24.618050725148162 -4.157262408928519
-174.1337724980654 49.87058713180099 -6.527018535430009
-174.13370320668253 49.870774472052126 -6.52670485447863
129.3190844286699 17.82385445903671 -6.978468443927517
129.3201671755029 17.8267818332541 -6.973566879168938
-455.7608399676408 4.979251080037097 0.19020588768731927
161.14170869432397 -14.098873313598691 2.53364952418032
-455.76052740092774 4.980096153144767 0.19162086944196288
-456.18635291065806 0.19054582355765493 1.5764458529743002
-322.5554347536933 0.2789207800344877 -1.094151065659501
-322.64822374341037 0.18594506206558714 -1.132458321066053
-327.5412080091791 -3.494265787396055 2.7733185827580713
-327.7328478540417 -3.730450802479358 2.626592406244731
-327.6040205893616 -3.559163930852578 2.7237510654936994
-438.8045103607791 0.3802705952833172 5.750622338573132
-438.6842305092049 0.5173828086284566 5.8574157536629095
-331.9721274596272 -10.043746487012513 4.179804151182969
161.14169762555227 -14.098903239808482 2.5335994160174704
-331.9721537780065 -10.043817643007579 4.179685008261259
-328.08862205766917 -6.187032233953398 0.8400050871297979
-328.0880084919696 -6.185373360417872 0.8427826889973556
-326.33115243140224 -6.172654688798026 1.602765731122977
388.179542247996 -4.4770297043716685 -4.148447192224705
398.2906916534506 11.888831574806222 -4.442107322487858
398.1614172112835 11.66817518648661 -4.5323309085770696
398.16120179466594 11.667592772994427 -4.5333060961269
398.1630767075185 11.66150326124985 -4.547734055038754
116.33845790685817 -12.322010935363469 1.081577398933892
-439.8500747426171 -10.983591456499143 4.943789035272772
116.77408026589208 -11.91196962131705 1.2961566659585493
-52.64880960620697 -2.7129757450273866 -1.203447118358394
-52.76643720484318 -8.083293565042817 0.36543749613918386
-52.76669603594097 -8.083993356536391 0.3642657720015525
-52.65734166524046 -8.01778817670031 0.41760773064501144
-58.89323725507342 -13.136974061163452 4.664895042918132
595.7391693139859 -16.649436960411325 2.8721726136441657
595.7379672407417 -16.648276345915367 2.876850766936061
588.57378045933 -29.526741556629574 0.2161309435550276
862.6539618292352 -33.04750990073837 -3.1729093602817495
-439.8494497666768 -10.984621844992539 4.940638340417745
862.5394464059106 -33.18368481661611 -3.2750799316100294
862.5395149887794 -33.18349939174146 -3.274769457961377
594.7890353904604 -9.747324954023018 0.6543732597807936
594.7889826690789 -9.747467494802866 0.6541345908530436
595.0645104207756 -9.382466111212889 0.9274855264425454
-27.312513758258312 -10.420595088269271 4.584505687579287
-27.513909495863487 -10.617406737843973 4.423619151072259
-27.515236200148454 -10.617999315994133 4.4244445059274256
-27.515189373173964 -10.617872711700457 4.424656490952627
-534.1785182383177 -9.243076204720357 5.8893175823832005
165.79256457508072 5.753008569744414 0.20578572431136843
272.9796343131267 -7.966301051745176 -3.754199663915373
