-379.44536663171664 -7.157449924911171 -5.433772502791446
-374.59545912446293 1.909616558076376 -6.439347135711211
-374.59541356550955 1.9097302442007997 -6.439479753517819
-374.5985337276125 1.9221707062959625 -6.4367183764909175
-403.1922879823382 -45.38618093161645 0.3972652949541049
-280.9847448526725 -4.396053772389411 -6.46814174734253
-274.1079027126821 -1.2503036866031136 -2.1945298866774934
-274.10750116658295 -1.2493017977354877 -2.1956985337132773
-359.3062980356047 15.324420546367811 -2.2159464782843257
-269.3058827112084 -4.9768161639054505 0.8252279613174489
116.22473352084249 6.164084609189562 -0.06000477768053991
-274.5243197956294 -6.651751023788251 -2.4618393276044475
-274.5256087208206 -6.654966992788123 -2.458088080575003
188.58986935032576 -6.039723933647626 0.011418779977213855
188.58966401753094 -6.040236313503134 0.01201648434902347
-28.739493993650928 3.5942614723861532 -3.154789137094858
-28.992092116618863 3.3364985625177392 -3.0987741978608696
-29.563202430824553 8.649669166157977 -1.3413737044280518
-29.567260309852248 8.646667089197342 -1.3418366795624992
-29.775295550851375 8.416110586543358 -1.3211983588561267
-30.085237707525987 8.099208648945256 -1.2706098840042956
116.22515753687796 6.16514265972771 -0.06123900425512302
181.63912255098472 -20.97291698430642 -0.6799248293938426
189.32793926430628 -5.586585637279186 -0.23278765184465122
189.3278173789553 -5.586889785462984 -0.23243285511537937
-172.7586581861306 22.912036729038803 4.465865473848469
-172.75888922635323 22.911460250480093 4.466537914559714
-370.3759837030561 16.78722678077584 -0.43441875377597006
-379.5829105561724 14.29570279851764 -5.565238793245623
-366.5825260952379 32.16937861567633 -7.071999801901221
-366.582435678776 32.169604156692984 -7.0722629399978025
-366.02685020451787 32.72968685163482 -7.1733149353271735
115.56431901268462 5.521854440439409 0.03405767733057247
-185.99198742472814 6.240021490181811 -5.459080965482757
-185.99427612337448 6.239980604915778 -5.4625213525327085
-184.81295329265717 7.435154612843961 -5.668856082501898
-184.81321432394535 7.434503319398539 -5.668096385315393
-184.76955208684706 18.98084041765594 -2.5844970482620067
-184.4198550812616 19.369734997065077 -2.633319843758736
184.39429940527373 37.12969836480509 -1.1038031162875779
-44.385372460899525 -16.413453948532833 -0.23585348642489593
-201.4921109084758 5.893590650935512 -0.008425356560195385
-190.17916170995363 23.8742328535721 1.22101137184722
115.5694117846586 5.521851719271649 0.041099205962511265
-190.1795439765537 23.87327904351272 1.2221239556687364
-190.1802062553718 23.87162660615079 1.224051430947619
-190.18024973251542 23.871518114902305 1.2241779887984432
-202.57852063454465 17.732042537514385 -7.0797858559182005
-206.48298772153407 -2.0490913618505338 -8.529576416354752
147.62241164478345 1.4316544669696682 -10.930897397813858
147.62538292544514 1.4272798840026022 -10.916910997833636
148.7579636331048 2.7447397937212727 -11.266849462069155
149.61065350335278 3.717706928085753 -11.523458446326659
425.1037673265527 12.729485847471393 -6.19135447819909
125.38392602784262 28.17732757930574 1.3719417444379736
423.47986471309366 10.76289490250822 -5.691979283969857
-329.5317401794062 -53.76484991258703 -0.5613620076846263
-329.5317401794062 -53.76484991258703 -0.5613620076846263
-57.45884243421628 -84.7612764886713 2.349459951880169
-53.34872829769407 -80.47254523410766 1.6251942808029236
-90.98271787042378 -122.59424265874124 8.073680284849441
-106.28886787401409 -138.77644469763695 10.786937959459822
-106.28886787401409 -138.77644469763695 10.786937959459822
-106.29678940223593 -138.78396502618781 10.787647270897413
-106.29678940223593 -138.78396502618781 10.787647270897413
267.4202703032718 -2.371825273924853 1.1781917076122501
28.927696837860772 44.45488791716436 -3.8679726683134126
28.523070212201553 44.08187477568303 -3.7901014440871665
48.359035314650164 49.83121390040799 7.810899631816055
343.30504596993296 1.8324202482726317 6.03658153228997
527.571978069768 -7.972083551823001 9.76236277435729
-125.49727078180791 19.022479466903203 -7.578949248821184
83.44027942076103 -9.086494613859518 -5.38449546065749
83.44033205591077 -9.086363272958726 -5.3846486711365715
-327.1003773679976 -8.178286662374186 -5.1561218062160155
-321.94859176461233 -6.846855333084107 -2.3952150576453377
89.46562024543778 9.395427403530988 -3.354499335876927
-227.1935571535658 -2.3483246408724794 1.2199277563645083
-231.32809408342882 -4.613051340452499 2.04571191147882
-230.8467754048115 -4.230076705845194 2.0323069072426447
-230.84754404819893 -4.231994700232678 2.03454426158606
-231.3872542146397 -4.641335404966173 2.0497493525659665
-230.67754242845328 -4.097108324571977 2.0266746323646005
-230.67575637370865 -4.097105386902998 2.0282051313313216
-235.392449032731 -12.665945735055528 0.4227225038288316
-235.39247191410132 -12.666002832639231 0.42278910982719653
-53.2498854515257 -30.00365467979308 -4.63369940470275
-324.0877332732786 1.0626086757536095 -4.14104713845237
-53.24988931286956 -30.00366431527505 -4.63368816461262
403.01090900469296 -45.15930048721926 -4.437750329364456
597.7760064022651 -39.29586640084233 -2.882973714432227
593.8259774492328 -42.321870506468905 -1.2744261595777262
593.8217373235996 -42.32456185597275 -1.2767385273719474
593.3830620116447 -42.79555789344203 -1.1637353795423526
592.7532940532653 -43.55823666093889 -0.9766411166267077
408.6732215442761 -15.732942888326214 -2.3194571739880456
408.67428069755283 -15.730299985165367 -2.3225401396586887
409.7712213857796 -14.48901146901595 -2.6393913626097834
-326.19298906860774 2.6109218029761903 -2.6831452995039005
409.7715321794603 -14.488235943960742 -2.640296021086141
421.7371687172601 -7.878115753230341 6.143677967144297
432.8758733024725 16.224810986291907 9.567668209493903
195.37317493193638 -4.513797513899143 2.5952570015375667
184.4428307805714 -10.049057349391102 -4.834377724951669
185.0353207457228 -9.301485895264157 -5.01642086942672
193.05389310903865 9.389453439951556 -6.104910506336312
-27.647873831144363 1.7756670207657894 -10.279271414363327
-29.695105679419584 -0.6162058790012932 -9.649945344244037
-29.695146084769668 -0.6163067027887206 -9.64982773228291
-326.4952853193247 2.2866529827517175 -2.637417504496838
-17.169748051097773 22.52127306751751 3.410078634801553
-30.34361452870906 -1.3738780217743525 -9.44552811609681
-30.343587011677226 -1.3738093583093267 -9.445608212718117
-24.09422102179178 26.245451467247868 -7.827778749475224
185.7867819297578 -8.410052549486139 -5.2195976884521595
185.792215368947 -8.406597418287319 -5.216484331810728
-275.92443571151244 -7.8384037351588285 -5.072039636414899
-275.9247036223006 -7.8390722524376715 -5.071259806163187
-330.4263948541197 -6.707873502384596 -5.968967770487536
-241.00634715510122 -19.05256219257179 -4.790443706434896
-241.18840229515084 -19.252302878046407 -4.736880884784983
-326.4959898252557 2.284895030446295 -2.635366840396723
255.26428220169944 -31.234395704063523 -4.546166828552953
255.26423352831276 -31.2345171618328 -4.5460251449200095
255.14193414721188 -31.3552232278306 -4.5045318529420895
255.26872110452783 -31.208464232991375 -4.550473332915376
255.2687604201463 -31.20836612626136 -4.550587776957033
255.26934016088626 -31.206919627847714 -4.552275036030537
262.9993166054449 -27.715103284242282 0.25505786121904495
71.91857925651837 -69.52241933576792 -1.1518215287078126
55.20586595685758 -86.74080576446468 0.13156297737216244
55.2006727904677 -86.7462571368424 0.13377635545437588
-320.0861632441603 4.348498926077509 1.387641084363966
121.59140103330039 -1.2625114349425928 0.8876567587455295
-365.4348245670623 11.437811457218892 -0.8028304446400281
-365.4380561652294 11.438460291539412 -0.8076005756712743
-365.43815363630887 11.438217071192812 -0.8073168566945863
-365.43826010472185 11.43795139972719 -0.8070069482628273
-358.36567602344616 23.683832241825115 0.21984289039962635
20.90973474514847 54.63787453577215 5.367280721708165
19.22505105032633 53.082626579456914 5.504517483049917
20.782187740335985 54.562675659851784 5.371198661184577
22.17045650945711 55.86006825418196 5.259686292552097
-319.62709647716605 4.7140894550076355 1.3751962327981502
22.170038450647294 55.859025072837106 5.260903171150119
-231.977658862342 50.00783105356825 -2.6585776978860327
5.354634805480795 13.636030073739224 -1.7761454430025863
7.85175368430647 31.212158393426023 3.2215119740889486
-8.226240582588163 23.23652379230745 -7.560822449990096
-332.82944426501973 -8.429549015329172 -4.986449775539465
-332.82982539121025 -8.43050003884618 -4.9853403997071055
-332.780648858158 -8.359406207104112 -4.9996275935671965
-332.7830426810623 -8.361079166282128 -5.00073212041435
-328.51087377602096 0.6788842890993069 -5.696700902058166
-224.91788757500598 -91.74071887185546 8.582414656135061
-328.5108535374985 0.67893479179091 -5.696759814921605
-321.541368443853 4.135536589097454 -1.0235311510870515
-423.98868225560614 22.66778627045017 -0.618007997625952
-303.9686315296607 10.35019975689507 1.27323234773349
129.70382373266588 27.97060956577915 7.4740596365293825
139.94612369702236 34.04231229555478 4.82091523477952
138.90895363301462 33.093857390022194 4.8960209183567684
138.90891615435754 33.09376386674347 4.896130015991007
137.07307540090275 31.38220343984665 5.046107626778019
-423.1501384142521 15.624764780869185 0.15177141689074514
-240.6387943637617 -97.43154165912986 0.4451372411757671
-423.15021493177176 15.624573846104683 0.15199414421193147
-493.35846456375504 -60.87069500735381 -3.475276317226842
-493.3634507260231 -60.87423870949581 -3.4754332612014296
-493.3634507260231 -60.87423870949581 -3.4754332612014296
-486.56064274559026 -55.01526410887782 -3.6631665423213864
-467.344742846395 -37.34942655925948 -3.9902087603908627
-197.04839886795506 -67.42864301488258 -3.0528225893548253
-194.08051557379434 -64.92811926202934 -3.1609265694654747
93.22415690612728 -0.12194435160519954 2.9280022941698842
82.39661898835811 -3.1374722254915697 -3.265828659115578
-122.16332887221816 54.339684518355924 1.817156584268624
259.5110373569611 -28.752506565346703 -2.060823052382915
259.5110229179075 -28.752542596274345 -2.0607810212600937
259.0543671197687 -29.20430202944347 -1.9765947885974597
-277.8737184377095 -21.52169026531753 -2.4808822033760625
181.89364991657567 -35.77317047863714 -0.03416946571060964
342.35374881801295 -28.000126470780906 4.066939113849264
342.35451107092973 -27.998224422574932 4.06472036083245
341.8860297073743 -28.398852418956242 4.074173362199943
341.88634736716494 -28.398059759956872 4.073248717533904
341.88494842801697 -28.396018339656518 4.068763096372332
-122.16346915437256 54.33933447119811 1.8175649177919913
337.32239256427954 -30.990963865816067 4.853711840827538
336.4321570974559 -31.676552807471598 4.8834290980760215
193.50389092136618 -7.363619986296077 6.767703692293675
194.53984622273182 -6.579832559326308 6.74067407982177
194.53931705534424 -6.581152994850173 6.742214381114504
185.1435722074883 -9.763914797640908 0.6386748778376176
192.49634317519497 8.781117015360202 2.0978604074823908
18.111581084317056 -13.324623518907423 2.9547007608491676
521.9466930018613 -17.360899163500665 8.209564562101338
520.9615117406917 -18.135301463113084 8.233750889275631
-98.67964004229502 88.19581714801325 3.0931061012453283
520.9625627171353 -18.132679125972917 8.230692030911452
510.06454925940693 -21.678578816215197 1.338594470698145
289.23247422813523 15.867391053525449 1.028990293589007
289.2298441529437 15.860828810574457 1.036644781045854
20.025597090166933 30.089839452919477 -3.445126858379579
20.030672332082702 30.09237061938664 -3.442114747109641
37.275988804676636 58.24197220714137 -4.250809239603897
37.27589493459513 58.24173796392357 -4.25053598901294
37.383071259908604 58.36701912043821 -4.2495432590232
37.19142101423199 58.107137373820564 -4.223300520452773
196.15060653444266 36.366445078567175 2.8132749084121618
-141.98926852056692 -178.14153418675755 17.025151247984944
-371.83790180281375 5.26373881441799 -3.3645350052146252
-377.0368134989506 -4.31845160884511 -3.4354107224772843
-16.432540205908317 -1.3666931656877481 -1.943226503907798
-16.429026207856214 -1.3638095796595695 -1.943206186392029
-16.303509064762864 -1.2254713969432076 -1.9595444792359205
-16.21707090412948 -1.109809897097192 -1.9741160621314124
-20.14897704563002 -14.42483171751439 -3.6580166494975335
-20.14937044304074 -14.425813280830809 -3.6568717110169517
-12.739659368979499 -12.479823308821945 0.4359643226957481
196.17751587680866 36.33485870969821 2.8011340313973383
-17.16926490127579 22.522478595681132 3.4086724312071306
-12.739617941688156 -12.479719941527101 0.4358437423359723
-256.65169092968983 14.395317261884419 0.357919835363523
-257.5047491159272 13.701859969383877 0.4038437991804934
5.615099731317995 18.92798941951807 5.8735086786788315
5.614963282889407 18.92764894197309 5.873905856237527
302.1427176572684 20.78892007743431 4.862098552871195
284.8429701875688 12.16025079845122 -6.7544747311873445
507.95844823184564 -10.068224148530991 -1.971981404770779
507.96039182509276 -10.063374731631137 -1.9776379769385666
9.719800378253415 -8.946108859792782 -3.157620762566994
196.46262189112457 36.61490309289692 2.7950371744061258
9.720473482462534 -8.944429368142604 -3.1595798268709006
9.721115841290644 -8.942826590632908 -3.161449406994196
9.31172294454806 -9.401234281599223 -3.0459981014760538
9.758977964439278 -8.862258471425081 -3.1761504281745707
9.761495260281105 -8.860785936235736 -3.174563500991878
14.010035673994539 -5.860910902408346 -5.026647169044403
13.29488732746795 -6.723068149472341 -4.810760235929009
8.541954871637389 -18.179719912846206 -4.220870252489286
-100.75369522308108 -0.5709649366036318 -5.483674142188943
269.94340969413895 -91.45844045341168 2.2891953811083074
196.46279754139542 36.615341394394896 2.7945258913068827
269.94340969413895 -91.45844045341168 2.2891953811083074
269.94340969413895 -91.45844045341168 2.2891953811083074
272.83799646780335 -88.43837297577696 1.776094684347123
508.97164793980295 -33.944839526382786 -1.399898539717274
508.97399879102926 -33.94812022331489 -1.390595349960251
508.9744622828582 -33.94696367365674 -1.3919444725464531
10.328242641171117 -23.27626223119391 -2.8062046510706278
17.593483069220344 -12.003379756135223 -3.3279802436513575
25.68624230052194 -9.671295246919572 1.3544200875635095
25.776935512452493 -9.584646765327465 1.3636475511779997
417.409390186343 21.484328974137807 8.306275118839679
25.507418757119215 -9.783804532007682 1.3793347951329835
-100.53544645482212 15.47077518933352 2.323429621578638
-105.30877656981669 19.311261768054926 5.9301490846616725
22.14636420865927 3.603453699552033 -1.446340384759117
32.66478859486216 7.1021898832432955 5.204249619549793
24.554670539097856 -5.918710221459737 3.328942605335432
25.00821436914425 -5.535902135432997 3.3256136633198605
25.007983328868445 -5.536478614095507 3.326286104156394
19.963945932905308 -8.388483343796285 4.277431211585048
-85.17833154251993 12.780524999749954 6.105147719116768
-44.61080060499377 9.982513363675144 3.012727094892557
-267.50692262628473 28.92443189740849 4.125674747277527
-267.63475769049035 28.830576152839107 4.115748292952243
-267.63445943850735 28.831320334359326 4.114880232993636
-267.6308185213889 28.831715109254414 4.117726892976558
45.709360329246465 52.89966517371115 10.147941476750455
45.30421419336273 52.568972825519836 10.134387762749487
45.30277885165049 52.56539153418327 10.138565136455465
196.3360817938481 32.844377996572405 1.5437849322314543
196.26366376209876 32.7992238915981 1.5659881680790817
-229.2615236880167 -86.7269380828045 -0.5871208698630495
-44.60756925275818 9.983059704604369 3.0154053587265115
-229.2615236880167 -86.7269380828045 -0.5871208698630495
-282.05027369580046 -140.28804921426806 3.8254649942055012
-282.05027369580046 -140.28804921426806 3.8254649942055012
-464.2865989473456 -87.08091355978765 0.3242410240784732
-490.9508166841235 -112.61380384729082 2.651808946191644
-490.94416468727286 -112.60924944779133 2.653264292338517
-490.94416468727286 -112.60924944779133 2.653264292338517
-467.32275322551936 -104.00712788697761 14.683787977520355
-370.58754619430215 42.43780504373463 -10.632463868930662
-370.4931653348725 42.597000769670736 -10.649865710459572
-44.608321158193434 9.981183476403066 3.017593992510651
-189.26733138114412 13.475936452182312 -8.00841710946149
-231.00709270427734 -2.642845384128118 2.7328927039494753
275.62690138342583 1.9845192837176593 10.39338034897975
268.2170528648834 -13.22677311676236 7.158889369069541
268.21565023284523 -13.230272885093836 7.162971718157946
269.15638883704924 -12.489733705496729 7.138582192062844
269.1539587709227 -12.495796910212299 7.145654579475088
269.1538004022912 -12.496192097422103 7.146115575583047
127.7482762189835 14.372484504943367 9.508722967418285
126.55742990999236 13.495468085240988 9.538329744095403
-43.701411349312195 10.817427950167023 2.94956144122721
-114.37166906671175 40.30462793304263 8.247135496107571
-109.67552234911015 35.890479475843996 4.600775568531198
-110.34090878578051 35.38041249959313 4.641822789562841
-125.71983039421539 30.988239486821332 -4.2845899653257575
-125.71613909681481 30.98821549828388 -4.279120689301518
12.577507580992112 -16.212678948259054 1.2979960016557381
12.577427483601166 -16.21287882026825 1.29822915752526
-122.96853155113062 -5.289426741498455 -0.11772532724071544
-123.06688306358353 -5.395148316072277 -0.11176601014076748
-130.42412383081222 -9.010468211769751 -5.014419394040979
-202.61024613355883 -12.943305525741671 -3.3079477856536252
-124.14471598378306 4.391838814454581 -6.020275931730222
-124.44628531514941 4.020394395068012 -5.927332761813469
284.3502490207283 11.547464028608145 -6.5938246173138015
21.592681764539797 54.35195698100262 -9.734995862529882
20.165686864288695 23.474427619196526 -14.344928446738411
20.161630951570643 23.479075615527663 -14.361549374848048
21.18995800460536 24.659697564522467 -14.680071873026685
21.190121420577157 24.66010530011912 -14.680547473663852
21.19021574411281 24.660340650925168 -14.680822001633949
289.12541867536 -2.4990349043355806 -11.656706094380024
-202.61170774509176 -12.946952360634084 -3.3036939577861086
517.6950948658674 2.8377657807239127 -5.206166220151128
535.0930366907892 12.153796531605817 7.028557664743239
535.0917519428353 12.150590985152334 7.032296754457166
363.51286681671746 55.17428804619767 8.846212606040298
366.2622879213958 57.75343899001322 8.612916996930574
366.26767293095025 57.749985471244145 8.624707471680864
364.795803129941 56.39308120963134 8.740714302312526
364.7959736867094 56.39350680894357 8.740217830266584
366.4316168528776 57.944425343661116 8.609167627938703
350.7338321886988 29.342492698748682 5.977976420138052
-202.21012918360995 -12.468964224383875 -3.417568070626629
-17.17100340950128 22.518140881929103 3.4137321304207515
340.1601818969658 22.94294472319912 8.577552707571677
-90.96032557107108 10.857682830258213 3.175493641141387
-90.9604733124391 10.85731416192673 3.1759237022911657
-239.0557791651585 -18.01083711786212 -3.5057398831274234
-238.92152220900263 -17.88922546167059 -3.5299416032083384
-336.1405479398544 -42.55037752440628 -1.766737596562273
-467.84242202847537 -40.6490610772592 -1.601510359653118
-492.1794879627144 -67.35136264451607 2.5999383354664083
-492.1794879627144 -67.35136264451607 2.5999383354664083
-492.18313132858026 -67.35454580484796 2.5997500080197047
-274.4389361694827 -4.474733509039557 -5.290738403510269
-492.18313132858026 -67.35454580484796 2.5997500080197047
-483.73502488920343 -58.42697792472657 1.1162557892786056
-483.73502488920343 -58.42697792472657 1.1162557892786056
-492.9851107875853 -60.55537262963546 -3.4843998397135314
-248.32913473774832 -113.84053521561054 -2.0412047583600845
-108.37648098891684 38.780720593608706 5.227543538658659
-108.45114250592718 38.7229080152351 5.257956432339417
188.23017207364288 -3.5028871252900315 3.3293504882383727
188.23034301252662 -3.502460608316402 3.3288529720964743
-94.05616007304819 -95.61316616108006 -1.8558629888384226
-274.43708470084255 -4.473579971583206 -5.289621403546148
-85.83359830275955 -88.62191716301727 -2.0788177044426646
-75.41545845292539 -86.30587152951368 3.0723817888410125
-9.914629361008604 5.9639672742627905 -3.0795318080597562
-9.920302132123103 5.961153162844331 -3.082904945203806
-10.06772602880676 5.81705243493513 -3.043602060381477
-373.85440641087644 -0.7265788139748791 -3.9855984950357453
-495.32478480518085 16.03727529371958 -4.656778266665302
-495.3246154845512 16.037697773000243 -4.657271072973945
-495.57962970663044 15.789638571292757 -4.611107157477217
-487.3912331756639 29.030390936034205 -5.026585866256607
-274.4371330088199 -4.4737005175467885 -5.289480783560479
-487.39172209030755 29.02917105582486 -5.025162944577813
-4.78478271467378 11.017745422372325 1.8283085649853115
-4.788922903035368 11.015372665396697 1.827398686455783
-5.002939665683097 10.822609146061456 1.8361488837621296
-4.781591281316977 11.052498126629553 1.8193640369996715
-8.799742787568299 -3.9644034119831595 -1.5720572439232763
-10.394465177418647 -5.404038056424387 -1.420958161093374
-10.39458571106394 -5.404338805169273 -1.4206073489195
-374.01783624277596 -6.337274431509882 -3.1741011495407365
-495.5475236553633 8.386626174312397 -3.55054027040518
188.76682077432864 -1.6771909830863951 -5.651366626072339
-502.0562360427047 5.584133422957501 -7.42892155761866
-494.8997558992032 16.739527086397413 -9.32096411811201
-367.90443068407774 19.264733627543723 -6.996120130755659
-367.9047751659467 19.263874118382763 -6.995117561643277
-367.904746181124 19.263946446036226 -6.99520193372299
65.26587392463915 -15.335257596796753 -2.5946950707565395
-42.96767170167495 -3.2281918603578914 -5.436983139996845
-33.3298819683098 1.602036898157317 1.0806345203648569
-35.04048897131908 -12.315512970318618 -2.9233090126774406
-34.373826309366166 -11.714244297335986 -2.984981353682289
189.00788684894488 -1.3833345798713488 -5.720994959987275
-35.053153505509385 -12.329402217506527 -2.921743181284309
433.33880202118735 -15.702196982066974 -1.5845086754533477
433.33881176002535 -15.702172680019922 -1.584537024500518
178.40791059026944 24.503724417125802 -3.1976811755770855
155.8460051053805 -1.2661792327168082 -2.1106527446419023
155.84599522669626 -1.2662038837326857 -2.1106239885124283
155.84618125892294 -1.2657396781184147 -2.1111654878429733
152.85835974234516 -4.003983134916302 -1.8410541929226096
152.859463194052 -4.008335751077959 -1.8322735897597633
-273.100683735015 -9.440566871384078 -1.497449344562053
189.00779538586912 -1.3835628134321336 -5.720728719630213
-273.1002372168656 -9.439452675491937 -1.4987490621394135
-273.09880501626094 -9.43907969929406 -1.4976968889696578
-272.9321930710342 -9.288295813247611 -1.5073285794937235
-275.4966037735527 -17.780262816590035 -3.2871086481302525
-275.49663009111833 -17.78032848701831 -3.2870320429151327
-380.24568401128727 -4.8701816442988015 -3.7973975873083776
-380.24570082725444 -4.87022360530468 -3.797348639376014
-267.65505823287873 -0.2077973466349663 -0.7404734820002494
202.33097032624923 6.8546153587708885 3.446647977005803
189.13854430334086 0.11992451108122237 -5.558007397454593
186.61702291808584 -20.340392735512403 -7.833226028917493
196.0595116512514 17.38329257182933 -6.371910479113241
197.28238041276563 18.886548668251894 -6.7307618400705795
197.9756818886734 19.729023347679654 -6.939141013572674
-28.604532172308975 8.021748263354382 -2.008766209536574
-28.610265650794535 8.019019515981789 -2.012162521611997
-28.700586183443278 7.912339208968277 -2.0003571172755783
-28.88233441242599 7.737207136073695 -1.9849093843418102
-28.883176479506503 7.735106113057927 -1.9824586591343858
-17.718977496005422 11.110196587895329 4.752785390359953
-377.6800321392657 1.9199932541866667 -0.08740477141845093
-22.89473231949993 9.013365946992518 -11.603752334609712
-369.4457375714973 13.804449142709256 1.424110566107688
-369.4456918399368 13.804563259552062 1.4239774458566936
-266.8330422522601 2.5512948956216013 2.828334930156169
-266.0778894381521 3.1537462601087243 2.8074001251510268
-196.45730297962194 -12.225090165447725 1.285273723923651
-193.05712092275408 -10.364253014551196 0.6063163711925526
-193.05707261472824 -10.364132468491702 0.6061757510950337
420.0104524169343 -0.7351933969986104 -5.7415943438492985
420.4561284681206 -0.18782173870808716 -5.877183293586322
420.1834565742942 -0.5070194885136736 -5.8023462400547725
-22.125866341622718 9.908643501535664 -11.845258084827881
420.1821718254134 -0.5102250354603051 -5.798607149534403
420.1820770725561 -0.5104614800492122 -5.79833133102869
159.4036262923817 46.447027825372594 -9.283946988183372
420.53547274932095 17.903022294596383 -2.6026463212278177
420.5446213108361 17.908180399546893 -2.5966246721828403
420.54487933167263 17.9088242551368 -2.597375746400824
414.23950233592944 -2.6851281756313243 -2.8870398715486725
428.6182962890776 5.318088510300781 7.745368283794697
437.7864660639155 10.846627027863715 5.49735279722734
-32.38455507703031 3.599892177208475 1.327373691930924
-34.846821207687974 -8.332508030623886 -8.213504875441538
-17.17116319063054 22.517742170046905 3.4141972381526706
-31.818141054813427 4.14006070926278 1.2868924516208886
-24.797394170658755 -4.247765686723939 -2.497685407615605
88.96552959853838 3.62271085373388 6.060251360552492
78.49238593960001 0.2436483914657241 -0.5175461977519012
82.64719394381166 -2.949168979717422 -3.322537353648809
82.0966426179809 -3.4654407528907574 -3.2276845268479244
81.96889308726028 -3.565594737387108 -3.2046341468559167
-186.05158799301356 -61.488823434574755 -0.41875770930498857
-186.05158799301356 -61.488823434574755 -0.41875770930498857
-184.6400308868594 -60.01561454018013 -0.6734317534052994
-184.6400308868594 -60.01561454018013 -0.6734317534052994
-16.90934506670645 22.733434500351187 3.4054431276489363
-184.6370312732455 -60.01085651139877 -0.6772522055931403
-461.139059031981 -33.64053327540442 -2.8024235685038046
-470.71319769516595 -44.65550938755484 -1.1949563561821224
-338.12800801424567 -45.324072501003585 -1.4852771429785823
-338.12800801424567 -45.324072501003585 -1.4852771429785823
-385.1952058906615 -10.390328176116265 -3.5694185414816717
-385.19512073933674 -10.39011571691523 -3.5696663631962036
-385.53467169511765 -10.699597061941027 -3.535551715011244
-384.36107406177683 -9.630689174954538 -3.6425348006976153
-388.48019543193294 -11.280628597137188 -5.9677634741302406
-178.51398723752374 14.948100708872202 3.515566046955654
-382.3932544961906 -2.466730994857895 -7.675756303457485
-381.27384196892 8.970818080709176 -6.264628206375918
-276.2082775922954 -8.197713251394788 -4.995563460498171
-276.20840361425 -8.198027694270152 -4.995196674624888
-276.2082047796066 -8.197531573283662 -4.9957753812312236
-203.31029341056842 -15.603834064614752 -3.3973996977124523
-203.30806288438097 -15.602543557964346 -3.395991449238771
331.02496102322516 -23.934877063921537 -1.8643879574335622
331.55921061802667 -23.295246451193563 -2.019127484521999
340.7225001332797 -11.585856162149968 1.5698212992581149
-178.5143007816002 14.947318322948865 3.5164787058155724
340.72544896130137 -11.585670439208224 1.5734951459682276
341.57791593140104 -10.695253062077706 1.4424071087412655
352.40312625207747 -6.969985769368108 8.548085893629988
-192.61898026996127 -7.120097910687842 1.8102454762962672
-193.1260103852969 -7.514697728584451 1.8218936316576428
-196.79978706452243 -14.362848852637773 0.5493717365514937
-196.80009181967102 -14.363609260488522 0.5502587239207926
-266.57324687053654 0.06423033514257004 1.746346206976673
-265.9730868104794 0.5331142036038333 1.7312167316174105
-269.2390434895955 -2.891252122737236 1.6829378682118068
-45.84357390513139 2.754024128610656 5.1820305924653365
-269.24009032143977 -2.8938640499277666 1.6859845344301347
-269.24001374504996 -2.8936729640468553 1.6857616278052892
-374.06031967182315 8.42282379879829 1.1476556140046124
-118.02834903535557 18.561011024931275 -6.865029685631042
-124.30764948847552 4.207511809440711 -5.970444785424788
-124.03697437788726 4.538910821176225 -6.051175431601984
-124.25116971898409 4.292455625618169 -5.995965075479996
-124.25366885766026 4.29172266169989 -5.999048894342024
-291.12352084204787 2.3283604788218772 -7.835744242962372
-291.12352701006125 2.3283450873157485 -7.835726288322093
-45.051248849017405 3.393135541213693 5.162420091345863
6.55484617629346 8.727381846692316 -9.774480528769224
6.5550045683769085 8.727777082157765 -9.77494157380195
314.36376737774043 -26.623871451827256 -6.138154391272362
316.81180864334254 -12.521553840429927 -4.935428422822731
316.8119773432598 -12.521132882205887 -4.935919474816963
316.6692482719192 -12.7221512227054 -4.893408575221791
328.8774527934948 -6.704942609288979 3.252358961102014
-234.9437305738941 -11.620513213265276 -1.3620421374335119
-234.94395395601666 -11.621070583742851 -1.3613919855847554
-235.19792579960213 -11.855619528431998 -1.345142701580595
-45.056403123937194 3.3917199956001105 5.16004082749336
-201.70501011174062 -11.910900433542512 -3.6511828062008647
-235.19878583237573 -11.854607859423542 -1.3477962163066297
-306.2489927214744 0.8625553487045157 -1.0596178158341703
-306.2494657343033 0.8613751447653645 -1.0582411742932032
-299.34790347181433 12.935775275792919 -0.017962518826728946
138.9452798484002 33.141760603680396 4.8916699032864255
138.9453724963242 33.14199179387309 4.8914002139425365
128.62266137121225 27.08213964275927 7.560742698412432
-110.69102321321404 52.30853228111346 3.7064183207609767
-110.22797661690703 52.7159310809852 3.6899482248937403
-129.25573703352634 43.30137332064347 -9.072647194284006
-173.8418701731268 28.845870027217877 7.307036626571233
-129.75324821315715 42.661971117165564 -8.936613395733847
-260.3312471059761 23.388806714782397 -1.0784329628292564
-260.33132461028214 23.388613318396317 -1.0782073645708787
-272.6446918674984 20.129828721699027 -7.737936789381658
-269.3747740937234 44.15591199072528 -2.8513585966401944
-115.11387299055939 14.619066752335339 -2.2894287605750545
-122.60890230936464 0.6325197350243459 -2.404694064497942
-122.60887622732955 0.6325848194641233 -2.4047699874133706
287.41259751175437 5.901114750554462 -0.7228866688162662
511.54097863072514 -14.412793636893749 2.658654038857725
-172.71645297821914 29.705341512743665 7.277197289744879
510.4064896913641 -15.533216380503474 2.8454028617757685
509.43370982616443 -16.545513380178306 3.010269176590266
509.4277118180286 -16.54773587215859 3.006021438199895
510.506012891151 -15.488288369394143 2.831337335903642
510.50595568782995 -15.488431113102111 2.8315038506061354
74.3879481836012 -17.320283626571378 3.266844760286813
615.7406381673152 -24.02033267631852 8.729804561202783
614.8330092812664 -24.73671589610647 8.7566535008891
613.9740541669568 -25.436259760538427 8.779883320296193
430.9394463564984 -14.668175546456167 5.028934973452595
-172.7164153041948 29.705435523533612 7.277087623413804
446.8440850849737 5.627614123468167 6.783394536180667
431.17122782888435 1.015390913716494 -2.378829532878954
430.8510497309646 0.6524839229218429 -2.3271378533680585
430.844681135902 0.6520121789284543 -2.335731090936874
424.419873511152 2.9318625489300114 1.4409804059064595
424.4189702032151 2.9296086659203215 1.4436094762833056
165.52243758396406 51.41315999109783 1.1799679551560147
165.52167324647417 51.411252859323426 1.1821925531535897
165.52005475850086 51.40721460256502 1.186902951966167
88.16143609459041 14.12447111768847 -9.626009779195448
203.9000323943579 54.355865909034776 15.413542660012178
88.15855537145755 14.125476237588177 -9.633194379867472
88.4032738321692 14.364838285209638 -9.699967125073563
88.40333526882236 14.364991591957123 -9.700145961363056
81.63026088086428 17.209087713789042 -5.461553193413124
73.66135104800536 -2.5338832541729253 -4.686217806522234
73.25680878266577 -3.036018378471405 -4.566028890821017
72.74283685185824 -3.619154255085091 -4.423027620538923
83.35806402022193 1.9880558066329896 3.066895696426923
260.1768298870126 -25.203623092517446 2.3228563123717105
-238.73212845249066 -16.236916572260846 -1.3023693143366573
204.73707996632453 54.978360707274305 15.400882788625617
-313.5044154439547 -12.302543840113307 -2.3718278923259386
-313.5044610029088 -12.302657526236917 -2.3716952745205107
-313.5041178214274 -12.301801261646654 -2.372694059023764
23.168414597523178 4.128004016666678 3.556982177890684
13.279004369330362 -1.4502506601162652 -3.798486274923641
13.281639253513534 -1.4494019942798804 -3.7955287240742592
513.8967899505228 2.4311367108781514 -3.0408179127623125
513.8960640701752 2.4293255351721097 -3.038705243926988
334.60894365340334 41.916239343628604 -4.884898411699408
334.6097956466622 41.91836518864323 -4.887378128623764
185.41027762335418 23.04805790176277 10.063586094451935
33.79898244639357 65.12723748457603 -14.487556869193535
33.79800165100488 65.12479032982479 -14.484702399636312
33.445829890240844 64.66387401236553 -14.385656435541723
33.41433315605622 64.7042675917112 -14.38330678731732
33.0611449973606 64.21179371024164 -14.275953348857673
24.082978260450687 68.2339497559564 -8.584447971288192
12.42130868758374 39.690017639177526 -7.374119082302933
168.1272142682047 27.331080940064574 -5.4973369081284025
168.5909982580146 27.837077595183004 -5.6187237632437395
187.0008092696419 37.54475946587953 7.477205450489301
191.76526373807783 25.773108950886698 8.580804644624502
-122.5144730213282 60.22896982756474 4.069849566278586
-122.51443719226069 60.22905922880444 4.069745276312314
-368.5650970257471 33.2293515375289 0.4708091797794616
-355.29617773584647 54.169429498463636 1.871391453766364
-355.296203817877 54.16936441402164 1.871467376663341
-178.1229180102547 21.96227387733301 1.1739668319757675
-178.2203575547778 21.86679164120292 1.1769968921472276
-178.2198663847966 21.86801725675608 1.1755672027325121
-180.7218395303178 8.117191131821283 -2.5182696204123016
-180.72413436664553 8.117679084042042 -2.5220121268512905
191.76529478805435 25.773186432261653 8.580714260144598
-180.08621317820737 8.687872252170383 -2.591347849185177
175.1595738003798 26.21602090238776 6.3506057464695225
175.2577032548963 26.23706066945183 6.333104631304729
175.25762742243862 26.23687144017139 6.333325372038858
169.5894506097252 30.56052768342464 10.294479353360616
169.58359691820309 30.558302400641345 10.292528493093647
168.725590676226 29.903237010815594 10.299985812112743
168.72543368956136 29.902845272105687 10.30044278546721
152.62074270092552 24.734780631548745 0.21622915776106566
-203.48398910960447 11.93278434776589 -1.8413004837872449
175.58867278416614 20.89376931464818 -1.1891419482551377
-196.16651020664787 27.527382385743284 -1.193984940693769
-41.012743965809875 6.872576313465048 1.347530290138462
-41.011173718191706 6.876494203872571 1.342960291252027
-39.81850665603315 8.042028345769442 1.1447782877309225
67.54275265887928 -14.925462187695965 0.5618046051331167
-283.6239016770644 -11.88133941796971 -3.7498943647512806
-283.62384501842564 -11.881198037225214 -3.750059286808909
-396.3085395100638 -35.65801767897513 -2.7031826396142646
-396.3085395100638 -35.65801767897513 -2.7031826396142646
-396.3085395100638 -35.65801767897513 -2.7031826396142646
-120.5464591868946 12.171602606491817 -6.597053370725979
-203.38629600116977 -14.317923433602331 -3.122083334522138
-396.92800513636513 -36.30381905684206 -2.591213003775888
-526.7886137353607 -32.47672071331739 -2.755836328020714
-539.1763280280653 -46.61446040603655 -0.6609024275568081
-491.5318005530538 22.36911643584014 -4.806683449891938
-245.42251429700204 52.008442953603854 -4.685771956287575
-245.35309900048415 52.07302696652359 -4.709822480353008
-244.97235481175457 52.41603574340264 -4.782670420608854
-244.96690919162054 52.41856953226819 -4.7791112325391865
-226.60671684053167 57.73480146605099 5.940712041958147
-36.36113547924981 -2.2785091602267307 -3.402007961553256
11.653807288733113 -12.06743145738024 -4.796869010756382
-36.36192501142274 -2.280479104649437 -3.39971013214273
-36.3510967421299 -2.298250776921053 -3.402708092821044
-36.35115963053698 -2.2984077063243125 -3.4025250306112516
-43.34288877368975 -13.577424487003077 -3.0100944684872664
-43.34293281400422 -13.57753438356541 -3.009966271306006
-45.4774112327212 -11.937674812680022 -1.5469454243293217
-45.77438813249862 -12.259832033723917 -1.496070363547917
415.4700776557917 -15.586246716293894 0.7916126988496872
598.1853781316976 -35.57304696267924 2.934044087667277
416.519248614348 -4.199570024518557 3.3302319569373933
11.846127919918208 -11.842322370251633 -4.848853677793286
416.51469869915735 -4.202297702036928 3.3288117625423252
428.97898535392324 0.2914641076227187 11.744343767658002
430.49969908379785 1.4345142521207404 11.696457537167253
-49.22631310291064 3.146794164751198 -8.031456992734283
409.7168693634659 10.091463635417727 -10.100698339159978
409.3432666899341 9.618374274809163 -9.988801452401377
428.84144152954565 18.647249247107975 2.180981810657934
417.9726353843937 22.001531085471175 8.257877606484303
417.9721994308763 22.000443315593312 8.259146571669355
417.97098391232277 21.997410225667114 8.262684689660913
11.684912396261511 -12.039980992036574 -4.801518063518517
416.1049692605004 20.323941897162655 8.41920368978139
416.09621872197926 20.322420919812647 8.412019902336795
201.24630573409604 66.31787963470367 10.727434989706142
201.24625111791246 66.31774334684908 10.72759397348999
203.55692962063242 68.45485053678232 10.542706146610996
188.10128135675666 38.47959019724214 7.073545960668011
-121.61268863582514 54.86421389104676 1.7626384865861975
-312.1644109615928 14.925142900392096 2.390482628651915
-311.3913971204555 15.559053215963544 2.3734200460269532
-310.8313049240411 16.027799719554842 2.3592999836419697
11.685294662840434 -12.03902718204487 -4.802630647268908
-310.833646460317 16.0285285889815 2.355963267141032
-227.44201015431702 -3.3116603223033643 0.9726017268818187
-304.34019414863184 -5.522747312374526 -1.7059199822917588
-311.2578928884624 -13.190069634618332 -2.028627907596126
-308.5862971963635 -6.421313975483045 -0.3350450905684985
-308.5866842070086 -6.422279597258246 -0.33391874705752944
-308.5363002521526 -6.374932313993535 -0.3285344647782894
-308.53624887474297 -6.3748041087114204 -0.3286840195580111
-308.53619412829937 -6.374667496466914 -0.3288433812769883
-313.30470109235426 -7.805529666762804 -3.2019564806082834
11.684338037990043 -12.041414035726683 -4.79984651663799
111.03168460727763 -8.340849281539317 -1.476318020150876
-329.3436619621942 -11.28569195211691 -4.869164755927594
-434.6281497763234 1.6388972484351638 -5.862122619187177
-307.33014055234605 4.55666649308796 -2.825808526110812
-306.6969790404209 5.21718141562484 -2.9315336545286
-306.6965920578326 5.218147052547616 -2.932660076990979
-299.40493122780686 7.565137776198441 1.6001981296408851
-304.25276401405404 4.845871940021739 2.4789540632702973
129.13555876386417 16.961953931921215 9.885503067720395
139.7033541513388 38.50803994365697 14.358269588913714
11.338717363396743 -12.474607660715238 -4.701159390244264
139.70281206636795 38.50668727479776 14.359847490713767
139.7025634316772 38.50606685470182 14.360571216989428
141.8327251751154 40.151176699290566 14.28628276247942
143.139617863212 41.18882613007078 14.254085606310609
143.13060931166137 41.189031741654595 14.246171521286326
-245.92553108055225 46.33086056423612 2.2656869655761005
-250.2433620748058 26.920376642802605 -2.457094345773215
-250.24338979643443 26.92030746317872 -2.4570136488857823
-250.24337110431946 26.92035411293619 -2.457068065429554
-8.040204167845621 -3.2947447323356056 -1.6284202785373765
19.58884196848544 -8.301852854445912 0.8943440490382553
180.35529873396356 -0.9928118130392173 2.613834044479967
190.66454676373598 16.90702609611996 4.129228476804359
190.65818303918178 16.907915850090404 4.120481931374296
175.72302621503798 9.203430966302033 -6.138754766946809
176.56496479675258 10.246734598072493 -6.384787468180903
-280.5380609976217 1.4882622730295587 -5.656191204607568
-280.5376194785638 1.4893638975590724 -5.657476187685376
-280.2977802103844 1.7802261272749873 -5.728546546845691
-280.5024930409269 1.540824920523216 -5.672286470872381
114.75412424378393 -19.410949102060364 0.8865055322941211
19.588779168109202 -8.302009564174105 0.894526854994573
272.4089669990206 -14.860872956379925 4.820187264691674
272.4050187752969 -14.859398027891428 4.81416652247405
101.02055776524043 16.92860207103546 6.666752130803859
100.57933641446942 16.54618189321435 6.673656219335328
100.57893359422458 16.545176798857415 6.674828624373147
115.24753995162813 38.72867172298117 9.653810563077606
115.246593925877 38.72631131486586 9.656563846435024
113.51706843352079 37.28478301435486 9.702432987670608
96.56393423368884 31.750270282926966 -0.9073549669665272
96.56403698862965 31.750526693795894 -0.9076540768809281
-95.34512335100678 -10.283227329081585 -2.191518678189573
88.79056641052014 27.499740152873564 1.8639779806262964
89.82429463447957 28.524413224048065 1.6955129459798746
-323.90839607875387 10.627101586022153 -1.6160409975334105
-231.27652123081114 -4.564340165875478 2.044685435293329
275.08804433036863 -1.8584702797538881 9.016965811640617
275.0902902606569 -1.8528665083284246 9.010429327329565
266.0575751754348 -18.6806248172381 5.788244991677128
86.44119661259407 -3.726153579686285 4.123401091212016
86.44167267285991 -3.7249657409570065 4.1220155216825765
86.58039160522526 -3.6169519158970918 4.128374296832966
332.85218559220317 -12.291905524152886 -0.3674678126188753
-202.92536435804266 -13.800123461949738 -3.255314023258836
86.68801871929594 -3.5134717472810753 4.137487036910313
86.68854280090876 -3.5173120399770514 4.129959764887188
77.13927610318075 -6.374803388296092 -1.6172812582205194
70.44651340630217 -25.592191360380376 -3.5750067094923876
70.44639757846191 -25.592480367340446 -3.5746695937776165
-143.216252259092 -3.485811916780345 -5.1108543977798355
-143.21552018084347 -3.4918368299439884 -5.098978015667894
-128.45954024737404 -53.97621776613086 -0.18388560306938273
-131.4836633245535 -57.55324992433065 0.7480036394222026
-131.4836633245535 -57.55324992433065 0.7480036394222026
332.849515088839 -12.291205711720988 -0.37204538421188293
272.6212856507551 -91.07527650318013 4.531736023270591
-53.7396105634143 -84.36849553179023 5.636887513819923
-53.73496481206969 -84.36161914985479 5.632513077924849
-50.6192403767494 -80.68765975115193 4.6830533426544845
-60.357469115810964 -84.16989599154026 -0.3694217710676627
18.221756763760514 18.23980077427651 1.2245556915299531
289.5976042751393 5.245165246253893 4.962727144902998
289.5986552515862 5.247787583417849 4.959668286501766
304.24749740920265 32.4213805802479 7.8727875525774955
304.2465580207129 32.41903667106547 7.875521635137279
317.8985218041503 -30.706292777348672 -0.1705890038382747
305.2775347571988 33.316758383369596 7.803857041434552
-113.21823588951499 61.9724518803429 9.557803550440816
-113.21117380684484 61.97557791960893 9.55966355268216
-113.50377178895252 61.7501220100015 9.548879481756611
-363.15869779197476 34.141989205122975 3.7582896961933105
-179.6781261241793 19.203057460801038 5.695631681896321
-49.33594184210242 -3.6787219647015297 3.9772311529574345
-49.33711105009751 -3.681639229924283 3.980633978821277
-49.337020123841505 -3.6814123359315833 3.9803693011084382
-49.33686006341282 -3.6810129270844953 3.979903380351051
322.3897575208046 -17.079713000977442 2.5337626001767117
-50.30823055564048 -4.434922792825934 4.01178394901251
-43.5379777460717 8.234558446560154 6.420908904173177
-37.47268904766403 11.026475777483164 5.027807217220017
-47.98017927392178 7.547417806102626 -1.5999025388078871
-47.20451031670447 8.38522073547915 -1.73497752424434
-44.3163126034883 -10.449156128726438 -6.001684372002688
-201.39190242034732 14.509823672630704 -8.338173037092837
-201.1572790507226 14.758718924306233 -8.413232950073533
-201.157215493791 14.758877518417782 -8.413417951696694
-201.15746100352615 14.758264898441928 -8.412703326057999
513.1797188590346 -20.42487994411001 0.18691544958814665
-201.30194683509362 14.541617148346285 -8.369952640767668
156.2574798187404 29.082835303395136 -10.664857764520528
156.25750637572233 29.08290157300845 -10.664935069958839
419.2971121572506 9.903679218562335 -3.5127732374015954
420.3125734433946 11.063107153804562 -3.801685985917997
414.5791949199495 2.7678713570497813 -2.066752964749029
429.61205168104897 11.508915576189834 9.462031902446645
429.6173887555486 11.510887286595532 9.464497019510448
419.2068396496334 -11.466625009077577 6.054170048020092
-51.02652080017941 6.824543290338134 -0.15468703799928607
524.7778572190018 -16.861178438532455 7.254512585689035
-50.6163552755205 7.220325191940844 -0.21563922935208155
-50.617383279542885 7.21776001545563 -0.21264693240618043
-184.24741767489232 19.547075532531792 -2.65324079132143
-172.5157999255043 23.128665223829625 4.471238773511111
-172.5157695677096 23.128740977893077 4.471150404184662
-172.71744606216708 22.95942645547429 4.469641006625202
-172.7109058760574 22.96152486721502 4.472577315806225
-173.19319891529045 22.54820292623891 4.4740215296574535
-348.5738749159217 54.968320353887975 6.371586542988612
-348.57390302504126 54.96825021107045 6.371668366643826
537.6452739369854 2.4768378453192224 9.834955412556988
-89.19578046206279 96.46055706928796 13.904510604878684
-91.3053812128671 69.13385658223807 3.729537084392207
-120.34663765299422 37.00685173310058 2.3792227538652035
-378.04579720429086 15.854188733409503 -5.841865452233522
-378.0458876070791 15.853963173898391 -5.8416023429281285
-138.3157548576426 31.270078632621704 -6.450940625765864
-138.31601589106276 31.269427337587135 -6.450180927321175
-138.32179780099221 31.270125355638044 -6.460234742858612
-135.88735713800597 33.733568540884484 -6.893473951047506
-137.11254829416464 32.530708464723766 -6.680379226362027
537.6519457331583 2.4747907932831663 9.844410904485283
-120.63382405539595 36.81603147640183 2.35457509737208
180.0507635633833 -1.3123339725287888 2.271999922294813
201.4160998519221 22.29956930844556 3.265015739057208
200.36515130229333 21.448095088941237 3.322865409638252
203.8983819501669 43.112685907190844 10.734268470337605
422.952704575483 21.52836320314662 13.888704848821462
422.9528285427059 21.528672599979885 13.888343919497306
-282.3934979677126 6.027469899815307 -2.667108192641932
-282.39315211401845 6.028332831784379 -2.6681147542680668
-281.90039594580605 6.471965547708192 -2.7204911499992495
329.0824072941963 50.759263195362884 13.31088683036021
-281.89856419830056 6.4713075296926545 -2.7170639828512093
-290.77375789733503 2.7145062425221527 -7.937366303882733
-106.1959875441842 -18.614967513937888 -5.724409953010161
8.88280467679787 -17.784868885710313 -4.320781714721831
6.4921709035937365 -19.300651955280802 -3.287044163299082
6.7369335510309325 -19.0000808390357 -3.358730689626193
502.98894711304746 -26.819994697079938 -2.312821188664855
508.50222846668566 -11.194078282074305 -2.480186085142911
508.50089501232793 -11.197405442181031 -2.4763050771060846
508.50020385008855 -11.199129991166663 -2.4742934551102787
317.23809116319256 45.11542476900176 16.024988704052156
507.5433794322885 -12.288614337256522 -2.197945288062982
-307.8929023626649 -4.187652903525633 -2.0445077647670313
-235.02939674185563 -9.028241078487744 -0.46828660341358563
-235.029470384707 -9.0284248441267 -0.468072236039189
267.5821460225806 -10.786639636250912 3.991450468968818
94.05473107486317 22.81283526607561 5.476798179034148
94.05608707962163 22.816218603817035 5.472851705779125
95.68260782049254 24.276610472071884 5.333759836953331
80.87199502916694 16.31108726459874 -5.25424303757117
73.23696080114706 -3.033035570193686 -4.577002161318616
315.3190602934801 43.64517329767979 16.078507102139294
-204.53805376024226 -19.247236398048944 -3.3741106182387
73.23751190902416 -3.0316604769159596 -4.578606156285455
76.66913563654751 -6.293244499279459 -6.983200721672647
76.59722788170804 -6.366293660708305 -6.954457571281872
76.48122367996545 -6.465169593816207 -6.9222757134837964
76.48383270424296 -6.467949463856394 -6.912247498927785
-375.5447437085942 33.2284011768418 -9.574374518137127
-189.88396038482944 22.79374526117855 -5.978883786397194
-189.8878055149241 22.791404208359644 -5.98121739471165
-189.88783371650723 22.79133383485119 -5.981135301959139
-176.88042709639706 29.730997677201827 3.2629089978498067
316.7853506669724 44.74700843043105 16.049162957345562
-187.22149536850648 10.739246160351849 1.2688184168242405
-187.2214625987576 10.739327933144235 1.2687230264754468
-187.90463632335428 10.125404427641536 1.3277291432708316
-183.80460472071888 7.426370406554767 -1.3158257841493233
-183.8042910145346 7.427153197002008 -1.316738914874798
-52.36210514488231 -12.315156199737348 -1.1642745013278826
-52.401086388746315 -12.320557389960197 -1.1627499774934495
404.42558052696734 -15.687455604201238 1.3471466538440138
404.52152443357187 -15.614185277186264 1.3170376156301322
-18.429299186070867 30.895871331489285 -0.7044797270313747
-104.98522433074426 23.94012103001778 7.658459784066109
-18.90222337953105 30.42790586129337 -0.6353689143599651
-18.91095605771389 30.42246440007506 -0.6381206147797787
-18.910933235611743 30.422521349765233 -0.6381870482593561
-19.65287001270308 29.66910855533145 -0.5182232856026914
-13.890499474290461 26.781717288795 -4.1029881032235185
-27.8385201858872 4.466363836095833 -3.331368214575214
-27.838192839064188 4.467180664138708 -3.332321050032196
183.1947279182556 -23.487500408366987 -2.1071437488981006
-277.2231794368757 -15.378855230204115 -3.5173693449505046
-277.1985598759919 -15.369646018103174 -3.5196331527979914
-104.98443314472138 23.942095275011408 7.656156812964195
-273.37480923031075 -14.296744123977863 -1.3223454719420777
-199.7446154475649 -18.69766803258331 -0.0552659647497884
-199.74440848737862 -18.697151603212895 -0.05586838479581768
455.1057031752281 37.21311518643779 16.306439218605043
624.8988509426538 -6.903291699088227 11.918231592428942
624.9027001231167 -6.904506880978598 11.923443716546721
624.9035957999429 -6.902271900309468 11.920836595409837
446.9907307516857 5.812366447469143 6.799926707329011
447.2331085181141 5.976768731657641 6.779810741912265
446.7851585261911 5.558644622428416 6.776842814746634
-104.98410342734687 23.942918021354217 7.655197071096911
446.2775927918575 5.115351212979147 6.775524310022353
446.2777746711405 5.115805057515934 6.774994895874324
-27.289769913323276 0.16139902583712593 2.093958963683548
-27.28964874021875 0.1617013900350761 2.0936062528152135
-31.968566206751063 1.4538289125972923 4.50198618451278
-40.69493457389245 -1.4332276402933606 -1.0569294742484159
-45.76149455030172 -12.229618093124612 -1.5056770058470492
-45.20537235922991 -8.309129812055176 -5.11690776527232
-45.34040420128383 -8.469182230129361 -5.078981416631041
-45.60406410869326 -8.792985796057975 -4.998632606434368
-106.14240746587492 23.016522688695034 7.681553863381404
415.75395099524246 -9.808169592928948 -5.045991043247638
597.8324440092719 -28.501985718381484 -1.001178024727643
608.7015674507198 -22.157369508250692 7.320389753756963
608.7022768543587 -22.15559944431014 7.31832504025847
601.2460814342352 -38.617527173897095 4.927890574995994
606.5453697622119 -35.349372537803035 3.7330102465745245
606.5470709388087 -35.35149439931622 3.738430221137465
607.1467542845966 -34.773426893539565 3.6837183357895746
607.1473913955801 -34.7718372101548 3.6818640294721727
429.4637023301899 -3.0439549701616735 4.412385157792126
-260.8829775605192 38.75965638866428 5.421176968398727
429.461862665634 -3.0485450723790892 4.417739255024774
-100.7702835270342 15.176823658021991 2.2923582009790326
-100.73893670510351 15.262849844648807 2.296835719432824
-100.73912492881675 15.262380170383835 2.2973835978673542
-112.339538432155 11.881656296862028 -4.4203492923791226
-112.2115916282345 12.045869607050498 -4.440222248467426
-112.20800703552175 12.043409843280966 -4.430530342678311
-122.93268768498662 -4.494199405776994 -3.6297077848028847
-124.75290451972867 -0.8178685158548527 -1.7456846871738199
-124.75287174998564 -0.8177867431092793 -1.7457800774798007
-260.88275696338115 38.760206846121584 5.420534854344441
8.741443636783254 -21.060664183728186 -1.437620330980998
-104.81761734845384 -16.28361475982745 -2.7987750935075577
-104.93006829923534 -16.398557594351264 -2.7737517742174664
-104.93005159064789 -16.398515900194276 -2.773800411672464
316.8773052198351 -22.48405312805901 -1.3379374257404908
-99.92534905129112 0.4040612627611242 -5.720987210576773
-90.13881848469508 5.280796210261994 0.8567322883225528
-90.38073082030787 -4.323289303391428 -2.319173210711294
-90.38070745284483 -4.323230993151547 -2.319241231108186
-90.3839170173366 -4.322615424972321 -2.3243983141848203
-16.709414120953387 5.228430503072038 -6.1798655919646555
-267.9339458919067 23.35940051494224 -3.0266882906920776
-281.26965036288465 7.043230138581338 -2.769783760380535
-282.63694905966065 5.812518260865961 -2.643543597615537
-282.63697608285673 5.812450828190105 -2.643464935653633
-283.28916460787696 5.231550781354941 -2.5761256169973965
-283.2889158153433 5.232171538154553 -2.5768496949038604
-113.43029907671293 9.900674412259464 0.9267599390761303
-113.68497851886923 9.676613884598995 0.9358056160536827
302.2857603629304 20.97449650000091 4.844739307118574
208.21256216405015 8.083260915670673 7.1091986907511435
-377.1752504564616 -1.0208897744508711 -5.5537302665227815
209.20760518196468 8.88327094728192 7.100466998857549
-18.801850861579318 -2.225444077695689 -0.1394316185474313
189.45055816752262 -28.121102583708787 0.10360579112786106
190.64177739145447 -27.14787385786267 0.06267699035801766
190.64179702807252 -27.14782485738951 0.06261983000402571
190.64061109932004 -27.143402083799163 0.05417344679091962
190.64063736237952 -27.143336547942493 0.054096997517141254
-273.5002247148179 -17.206773299995987 -2.436748971737303
-274.49904011685175 -18.029286499032274 -2.4037499039253993
-267.5889209338936 -10.830221183300264 -2.2769412834170035
-378.35266480604463 -7.888287984656415 -6.14794312694646
328.5649792715119 -31.224262744085003 -1.820626295442087
-264.98125641344603 -0.5962026078298052 0.8399884378568665
-271.220847812942 -2.5465837115433354 -2.9819165358465853
-271.21999131412593 -2.5444466801240475 -2.9844092628474117
175.12009581345845 26.174234987942945 6.34461952265021
439.8809705645959 10.917133551216766 11.755540443900346
439.8799807532079 10.914663767052689 11.758421342719382
439.8775206170162 10.908525535173952 11.765581245098995
424.81023277178934 5.8694757235398605 2.0717513616105405
425.82213723039223 6.896064865574656 1.9027978022887266
604.6257988278076 -27.891555066508037 1.9459388428441704
-378.3526430451537 -7.888233684577347 -6.148006468548735
604.6304929876993 -27.891419231320704 1.9521237722117477
604.0780478008792 -28.47447812475999 2.040417983321573
603.3921051348395 -29.162831736546874 2.151741462001308
599.2350177543333 -34.5424099401691 2.7585288246486264
599.2347024837338 -34.54319665471145 2.7594465475271965
64.48438677345565 -23.63400201360855 -0.31537004791827694
67.53021180456301 -14.957192991958927 0.5721274953125541
219.34002954118753 74.67097344997369 17.43826277494307
-163.45241701590606 41.89450004345131 8.491919665990139
-164.286354018509 41.216296255708684 8.497260953005505
-501.4586088442163 6.271719143437397 -7.605909329695358
-178.77472029395622 36.41874265686891 -0.7548044406384491
-178.77629833932505 36.4148053104423 -0.7502117473868825
-48.674880689954854 8.942529789475426 -0.7489080710148384
-43.19710969401876 6.524859555207707 -4.182351345815691
-43.19716505136724 6.524721418619996 -4.182190205883116
-43.19719695100266 6.524641817429689 -4.182097349043519
-43.200865128129 6.526546027631106 -4.190952327826339
-51.87512845112182 -6.983594522324252 -3.5278354106849443
-232.14757051257402 -57.26150837915002 -0.5022611561533142
-237.36737269251293 -62.75021293505604 0.42448415247270166
-501.1273084461314 6.641999551197287 -7.704993483068742
-240.3576996208637 -65.89443365813622 0.9611736930760107
-126.28005900964153 -151.1514786564837 5.0052975333872896
-69.72355151630705 -94.29577776188516 0.2388862843737954
-69.73169901490476 -94.30540378494563 0.24422540391109954
-69.73169901490476 -94.30540378494563 0.24422540391109954
-69.73169901490476 -94.30540378494563 0.24422540391109954
-84.76826125890533 -108.47078468728361 1.5947992386799548
28.83827248804096 33.311528364329334 1.8242578475060605
28.91155685207895 33.371342911610164 1.793015704493124
28.91118722405316 33.370420636853126 1.7940915048113502
-493.90770219189915 17.86393542531111 -9.614706682235745
295.9767434410457 17.97339931482739 6.513968258034736
297.2887919849718 19.199698454811504 6.404300188522089
-116.6831595258778 8.611735026997703 1.871542117330934
14.328467221007005 -14.531785852196013 1.0658072913838708
7.618225896204535 -18.06640109382362 -3.6830048698291025
73.97038208383505 -9.88980256570238 3.024523201068812
73.38881079764501 -10.412019974791805 3.064219052414125
69.0969187816673 -20.115476883934583 1.6043166729296314
69.095871486348 -20.118089967525254 1.6073646880241799
72.9476924350745 -17.76733614833222 0.6674774215575789
-493.9076602498098 17.864040083767108 -9.614828767365756
65.96513735078014 -21.300511458923587 -4.067652504992306
65.96518082799615 -21.300402967491593 -4.067779063055527
601.7026925746585 -30.653864911140317 -3.4945684777401467
601.1702693866653 -31.30418769174997 -3.3306016034233434
408.5414214160991 -37.226019075730306 -5.988887010035866
408.541449676697 -37.22594855528396 -5.988969273959653
408.5429178462744 -37.22929913068555 -5.9797743987268035
142.59159504177185 -6.591074545696199 -9.546286479208849
143.89075424368897 -5.084201063997875 -9.947825057656743
-288.9832965883341 14.53682275298083 -6.786315651556819
-493.90777919258795 17.863743286049704 -9.614482550683578
-290.63714684672857 2.875470578200956 -7.967183896122533
7.365479799019046 9.639257671836353 -9.993576569962105
7.365140531397913 9.638411186069359 -9.992589189585376
7.365117164958852 9.638352876698304 -9.992521168923172
7.360072149742213 9.637544939978456 -10.000314957073071
8.305779302816902 10.725000093556877 -10.296124849330205
23.97938899890762 35.06752545116816 -14.438976708994359
23.201237481426492 34.218405496983415 -14.200751403227484
23.2012721345446 34.21849196909225 -14.200852275184731
295.23666092147005 36.048974040689984 -8.218923412088781
-368.6054813545406 18.391828976446018 -6.778909426951331
317.585979316762 47.467131420524055 7.085591749336429
529.6929622911767 0.19582749947500266 5.534352307862784
530.5318290655257 0.9772823382687137 5.471666190309687
-231.50911686279818 -7.022809615135467 1.1451163773125594
-231.5090904913875 -7.022743808573656 1.1450396120422897
-231.06539683608696 -6.672509317429897 1.1318692251758427
-321.75848057746725 -2.352228678621972 -0.6628254826604907
-321.7582441605 -2.351638747807902 -0.6635136412272895
-424.28449279470647 13.821461107779056 -0.12686858208907004
-424.28455399766574 13.821308387554783 -0.12669043241479594
-369.0542315226966 17.860565561522456 -6.6476735877139035
-424.1496330571301 13.925629268101092 -0.1388242850152368
-110.65817932732462 35.121468622991266 4.6499463780155805
-113.61380544877234 40.88011554675349 8.227462679959102
-114.0868326438076 40.48031008791119 8.234343658201272
-97.31462818965299 66.91355569598419 12.240248897995677
-117.35056333916675 60.42042944722646 -0.36560551348320647
-117.33936764255607 60.42693397340571 -0.36130037808892557
-18.82313094362745 11.750516535853027 5.491169012340802
-18.823614093383238 11.749311007596631 5.492575216260892
-17.871882710911823 6.733967979541538 3.067055285443473
-359.0320630949612 23.075459236523034 0.27304844098549474
-28.649107744822704 3.662251237829708 -3.179349557344792
-28.489091242270458 3.8240822566750614 -3.217880658481142
-28.65124034154236 3.689409747071881 -3.1820415771099833
-28.651843553276212 3.6879046858573097 -3.18028600776953
-14.293510682855823 26.45077423032753 -4.02184779147323
-13.921310276240188 26.797661120003667 -4.098166076325629
192.82943279038054 -8.028086690151198 -2.6371695447948396
338.15050946155895 -17.92747057535261 1.1219701006066827
338.1503692753479 -17.927820390824554 1.1223781694091857
-199.74535875832268 -12.599015221415879 -1.9026083858167895
-358.04731553866293 23.99626627595218 0.19025436050514988
180.8583663155402 -16.116734523324116 -3.9395199973130755
-199.74321563518814 -12.598893491360014 -1.8998928843495628
300.6767767405123 19.428460780276204 4.974474388194644
300.68502539594795 19.430389571849993 4.980862392842075
-114.64541947470583 8.750149701229136 1.0174794446519353
-115.8760540479577 -5.577724991436252 -3.2394373326136243
-115.87605141838098 -5.577718429652963 -3.239444987113871
-115.87597391428199 -5.577525033713739 -3.2396705848889256
-126.83673781668963 -18.150248772347442 -2.7783767298155175
14.89669630942323 -15.225770690122213 0.5513068657562481
14.896900998560985 -15.225259927709267 0.5507110562709648
-358.0499726025458 23.996625111404473 0.18660532310020916
15.425695751275288 -14.744915426786658 0.5122539671165891
-91.36649192186412 4.11356775371206 0.9697598680165149
-90.70203741767995 4.752252992020319 0.909311489727629
-90.182213177227 5.24067083000462 0.8682965551012316
-99.95218248297115 0.37534017171442174 -5.704887346427965
44.80588697636632 52.0808825825641 10.15937921638773
45.39985360244011 52.604948001127966 10.148235449654578
25.763487908500363 46.63899143098492 -1.732491678022328
25.762708331159295 46.63704615398116 -1.7302224979865597
-279.59880972484183 25.07414367390917 -3.0091714513510053
29.881439541927598 61.57206780570403 0.29029020160308966
-279.59289282168027 25.07675187523856 -3.0052958430994363
-279.8256072442603 24.84704775000643 -2.980213577587822
-279.82562410966796 24.847005664392576 -2.980164483496221
-279.56631577160033 25.12274976840196 -3.0159088547510087
-279.5662929095732 25.122806817669037 -3.015975404377669
-95.95544920226514 8.728040243774256 -0.2882233604492948
-90.17881483239303 24.172788833425482 1.0939681574919506
16.296521355755218 -0.03516329922993485 0.6037405526209569
21.95207470415937 3.4043650949690147 -1.401700765530236
-96.9304652571002 -0.292886201624041 1.9528010662899047
51.82716184514232 68.61921815824101 14.041676020760491
-96.5151022342616 0.05389799893350511 1.9221429055832004
11.650208764910019 -17.72160589019693 1.2102007845071279
11.64910285426881 -17.724365466761444 1.2134198505938152
17.35023269934787 -5.699593266241238 2.9083179109195294
-114.98853803067855 9.976189060844433 1.6827844383530997
-114.98856021835755 9.976133694095926 1.6828490252385218
-112.5314643240589 6.76443975303929 -0.5833231877773192
-112.53145041874073 6.764474452002892 -0.5833636651346782
-122.92302060703905 1.9448265879821696 -7.146335182089555
286.8890235236864 8.088184324955286 -8.625495360712907
52.71096167086311 69.3001783684905 14.030839798721738
287.27690346346463 8.505021703591922 -8.739600112526277
287.23243669724553 8.40169881319357 -8.726917998053477
287.23908912101206 8.403717147403832 -8.718667636972748
128.89578065020225 21.03391715374938 5.415660617520583
128.8962586887337 21.035110007156867 5.414269142065146
128.89469446716714 21.031206807941253 5.418822252207827
128.12007345032325 20.36561948141513 5.469943424572386
269.42636128854326 -8.101452068275902 4.184607103493165
89.12063951781654 1.8050042712732444 0.5354293604246638
89.12061576363106 1.8049449956144283 0.5354985071867551
52.709801021617 69.29728220091872 14.034218198599985
102.97326314313284 21.387813916284063 1.1185244050902807
102.64538132849313 21.044361895222057 1.1328411210886475
96.37689543131805 23.858223594653882 4.931252621835381
96.36865004783945 23.854815405067615 4.9275437575518435
81.43560998532077 15.979102365568936 -5.597414931427953
-328.102738403347 4.35444615675538 -5.262504936205251
-328.51388095187775 3.874114030310897 -5.1415219213230445
312.8656775261873 37.653968102850776 -4.719537474754818
312.12806860105024 36.83741729864719 -4.59881262397238
312.6407825305634 37.483223108489014 -4.694969354567303
-263.4305541074898 38.67028532634287 6.449492936339082
-107.47196519011662 19.581849830056086 -4.788019591152816
-107.47175985151486 19.582362179351826 -4.788617227476796
-107.4719346754018 19.58192596865132 -4.788108403981219
-94.25584265324615 23.510231503970353 2.9291168423587743
-107.60026074912336 6.70246310228732 1.6315494473518612
-107.60071905103727 6.701319603229117 1.632883274712907
-107.59902679862552 6.698720741737512 1.6387204187566184
-111.4520812317386 10.157154299557503 4.610531388216644
-273.35209157734585 17.706131633214937 1.8722471986837805
-94.13491990292529 -8.236364427896126 1.067111130472486
-84.83530541355177 16.700802141309925 7.53729327946937
-94.21169636082332 -8.284874940857842 1.0781523031268994
-279.20089487387895 6.142662654501022 -0.5069856218638852
-279.1991378190349 6.141639598880636 -0.5035027193063655
-98.18285648657175 -16.24250505517805 -0.5776926601094758
328.1226303912932 -22.224035070612402 2.322242203937948
524.7743102891667 -16.871994201880916 7.2530989140210504
524.7747222643649 -16.870966264588063 7.251899863552886
524.3647713802218 -17.226162957959378 7.259996900020887
523.4474953568582 -17.99113230657557 7.282275149519118
535.2273705090937 0.44776739504342467 9.887424018471412
20.215103763011104 -5.514598172198543 5.328819936712629
535.2281120645175 0.44961768229850785 9.885265727475353
526.9919342001917 -3.3767103565119525 11.77418634834637
513.9784765893717 -7.951725532820848 3.1418860662066965
514.7537084752353 -7.1899203598102766 3.0189230961596225
514.7503714964765 -7.198246382331314 3.028634933328949
139.96502485100297 23.380637680333862 8.080933759276757
138.87858233853262 22.501990688986943 8.095557537098983
-299.3812522267349 7.615890318484806 1.583981298036568
-299.38130360421087 7.615762113035444 1.5841308530107925
-298.6314812749816 8.236740900285163 1.5679167124890958
20.21504764702459 -5.514738202612056 5.328983286272252
-303.28747313512974 5.619181375520923 2.4412970127203018
-424.4001267099935 16.71134784904971 1.0997714242267365
-432.2617496823838 14.323608443828626 -3.656023155278456
-432.2577991168079 14.325363485720274 -3.6534490015604395
-432.257326103564 14.326543690744696 -3.6548256443538847
-432.2571246935203 14.327046237638267 -3.6554118465411127
-432.3896352601442 14.172753959799124 -3.635275142116837
-425.66872657807284 26.78979682248534 -3.516861192708583
-322.77320366329616 7.158836577140853 -3.149931014214437
435.7963849005415 -1.7363563469330516 8.22530967687341
20.2122935544667 -5.5153594565001205 5.327597525118399
190.27409993180768 -11.277853533740911 2.574656415456814
435.79668393212796 -1.7356101708482912 8.224439254950896
149.25908217975726 -13.152087045415758 0.7243276388249107
149.25889518980875 -13.152553640858525 0.7248719255893483
152.69109408954768 -10.345632379467403 0.6001956959236265
177.0973016076287 15.0493332106116 1.1526046244771404
-188.79805375325049 6.121515893254091 -1.2794751962613415
-188.79804790995686 6.121530474457884 -1.2794922056609814
-35.597550424004744 -16.256586199272377 -1.1147301680482744
-36.37602992729765 -16.88851895815499 -1.0899070260197312
-32.94884136938152 -3.4137386569748265 2.9499346335842933
24.865655555663704 -0.6588100061526393 5.345347197291934
-32.944703583966394 -3.413382377055969 2.953318697100268
-41.12904299603773 -5.933707340577778 -2.041906763311974
-40.906483959820726 -5.7114520067718555 -2.0688095372884603
-46.63823629018095 -20.515096801605765 -6.496754299863099
-39.82158799177834 -17.770370526258848 -2.6766848732120483
-39.82133715158921 -17.769744660383076 -2.677414910564921
-40.66659278313775 -18.542608581451322 -2.5969088094450283
-36.561471976512316 -3.9727914298982934 0.6201698622627078
-36.445669135794105 -3.8617034597924396 0.6141554260106716
431.01794261749194 -1.5893657387673326 4.308655664218438
24.86567986888665 -0.6587493355581178 5.345276423272343
417.83681249627176 -22.45283030907699 2.8953418877356025
417.7763521420931 -22.498071174353637 2.8862434697280133
417.77561058701616 -22.499921461227753 2.8884017606553396
602.660904899801 -37.346258738536235 4.811083983493624
602.6582175711103 -37.34685060936931 4.809102918446701
422.97862825107325 -6.765195041636695 6.042691088930182
422.97772236041556 -6.767455368901289 6.045327676290638
-7.588991480318285 15.582178864772386 -3.278342980795765
-6.14204824462931 16.911391628660958 -3.4224135059525214
-371.89156752379466 4.8205907825100365 -4.175004223896532
23.75467607189982 -1.5392407463724833 5.379850006353423
-371.8915412062212 4.820656452954806 -4.175080829129964
-371.8897737493309 4.817937485734189 -4.1681208542752515
-371.88984838302156 4.817751252515955 -4.167903611856639
-371.88985091521954 4.817744933668245 -4.167896240739986
-373.32618256272076 3.490630001146231 -4.040688452405634
-382.04730537626034 -6.52376399516464 -3.6309651611792066
-386.84459979767263 -8.50895339800752 -6.382417291808377
-383.4430857687478 4.075920661184637 -5.9501346060719325
-277.7102246264688 -11.586894755997672 -4.7773631122192235
-277.7585728179103 -11.643064419665372 -4.765408834848042
24.845157795051023 -0.6556177423363856 5.352217178350975
-203.87323818222765 -18.096938213838122 -3.5225508093169853
-199.18325498281047 -12.305443151439743 -4.0302464710054675
-199.18320194032802 -12.30531079413893 -4.030400867130633
-196.63587347211455 -2.7360058175244806 -2.6997939386497887
-188.60954955923637 11.877346605130674 -2.632033043252313
-178.46777829459958 14.981187713182477 3.51588269525969
-178.89383186297067 14.623624854164817 3.5237244081137575
-178.8996006151664 14.621414117147069 3.5216646120832995
-178.90017230483872 14.61998758099306 3.523328676839091
-178.90014194704352 14.62006333505835 3.5232403075090373
17.19796286146022 -13.980287931647903 3.038616632475991
-178.54975938447978 14.89929372400517 3.523054044278862
-46.017731968597964 2.598867015806803 5.1910725786387015
-175.15281675788498 27.764598036781774 7.349479611914909
199.839363307806 51.12113676197623 15.534195971760793
201.5044624447171 52.46389739077103 15.484241060393641
286.31016780139845 -2.6853847988611603 4.04192278811469
-225.66545949529348 -4.977797425423099 -0.44283607647632217
-225.66543515861719 -4.977736696577482 -0.44290691824624984
-225.66666079922663 -4.976497526698347 -0.44613120476755275
-229.25956139833772 -3.7682525918183734 1.5620077297989838
95.66533808285635 14.692395476660746 8.039759936444085
-233.80080327328503 -11.310701376872755 0.33325041930262267
-238.25743054030747 -12.73901984543323 -2.462087316061598
-238.0660247693932 -12.54438756740107 -2.493566150036925
-313.36119454732375 -9.344929340034122 -3.6055830590841116
-313.2957864681703 -9.279323740611135 -3.6204915956510533
-313.29545810439987 -9.278504447366661 -3.6214472551578663
-313.2953342577212 -9.278195432120837 -3.6218077099044845
-434.8440246359611 7.410147223367909 -4.280344237171408
-434.799282545511 7.440688225173579 -4.290724325871977
-322.34654057603893 7.8429129892558525 -7.819087059158375
95.08292070131289 14.224859821410117 8.041313980568514
-322.3448274536841 7.842574268073877 -7.815275921783812
-326.9436411883556 8.813863868238876 -5.123648316134967
-326.5277622274944 9.287680215910685 -5.240082859866915
-330.06369787667177 -0.03352863303317666 -4.981681446273582
-240.7551126277028 -14.431520989129442 -4.1073354598633935
256.13086153658935 -21.59283192626739 -3.287075978672509
106.54130785540949 -13.664235019116395 -5.647752511509721
106.54148918485282 -13.6637825463242 -5.648280325561741
106.57734364234004 -13.654658098308833 -5.656762062157678
106.34886954151106 -13.897814106233344 -5.590520378062482
101.19726751224236 17.05821971657911 6.668356989524952
116.00343280352612 -9.397681814465793 0.5557946873142349
116.00283946293987 -9.39916237609348 0.5575217731674691
116.00281996276121 -9.399211036344534 0.5575785367801375
-33.594633770118364 -3.980621926187657 2.9762855157236463
-33.094545167628105 -3.5727415964410607 2.967174387254744
436.6031492802089 -1.107762606577707 8.230353928568622
454.2479896276252 26.02870753990908 11.959390758450226
454.24135245349424 26.03512783606625 11.943258882272271
171.37612398714867 10.327907113257883 1.3502258811778045
156.61184114667992 6.468236109476039 -6.604448100689151
272.5271231055218 -14.770244525440397 4.815956183714381
156.61153456427382 6.467471162440632 -6.603555832984124
156.6115104897655 6.46741108787758 -6.603485754505659
156.61153503562537 6.467472338705648 -6.603557205181733
155.46947633843936 5.3029238477125995 -6.399132540851222
417.4583741938835 -28.99499238856039 -3.8009756953718092
423.7738531761969 -4.475696738929434 -0.2024405891187726
423.53320556602296 -4.73846277903616 -0.16382629798968162
-199.02142617911926 20.59402381122103 -1.6453615424376105
-42.67523320053076 -6.237066309831501 -1.3681426351516648
66.00467737402107 -19.251193083226408 0.12336287568477755
272.5274407653661 -14.769451866342315 4.815031538920871
190.57772098008488 -10.98912260054823 2.5584427030238164
601.7685201513606 -27.238515104038907 3.4906680868365125
602.4862119203384 -26.560625494307143 3.3824236000797807
602.4898868175363 -26.558634217169576 3.383902547286567
607.4124702597694 -20.293996537864043 2.595547066191788
619.3117129564357 -16.23203680560869 10.362326961172977
617.8246137605793 -17.436978775677847 10.39992472983564
617.8245376193454 -17.437168776575547 10.400146371430013
617.8259714897525 -17.433590842440143 10.395972685350696
607.9539601838266 -35.159605242630015 7.22910612504945
607.9535715025297 -35.16057512210988 7.230237499200189
283.110325256721 0.9420661721367409 6.865587898000303
608.9326679365806 -34.38612720614738 7.199306883255328
268.7628224765085 -9.725727496447151 3.898095956463596
268.7626751908334 -9.726095027617175 3.8985246910992855
274.6373174499739 -11.863575687390899 0.5637477226766185
274.63400505205794 -11.860364817787323 0.5543182632512468
263.5498180850268 -27.265062586692277 0.2017964979438931
263.0745963482048 -27.667498613866414 0.24877043552849132
263.0751018497336 -27.666237348084582 0.2472992399034829
71.1174695308279 -70.2674594751388 -1.0785179529788633
75.32845211375434 -68.68660813063944 1.17164831150807
282.5342875127289 0.4703532465879918 6.876559179398846
75.32845211375434 -68.68660813063944 1.17164831150807
76.19078948000814 -67.66842535530522 0.9046095812306881
-330.7251486581041 -37.46931770485051 -2.011492678399232
-330.3379921844918 -37.01295854900775 -2.1321640832884863
-459.4609526121166 -32.65056701343757 -2.129348608233612
-317.46250909278535 14.45875394995332 0.7445483499906724
-422.9943784742344 20.65906000039363 -1.766018021737084
-422.994223041837 20.659447850564668 -1.7664704517706498
-431.3287410539265 8.741197859338724 -2.1962517706822107
-431.07495459343176 8.962118678735756 -2.2260060550993193
281.48142996294024 -0.40632190574714244 6.902295202781381
-431.0292655937317 8.97918362653126 -2.233864340975859
-124.41744440976875 25.228577285043702 0.4598662702085086
-219.5832825203538 -92.22254901979697 0.6737122276461289
50.44801189876628 -90.4268320900385 0.6665998916978968
50.44801189876628 -90.4268320900385 0.6665998916978968
60.437786024168645 -86.93686587523685 5.726341010885552
64.81863676647045 -81.7349194760374 4.3718443229366555
64.821714291752 -81.73081699402756 4.369821674282627
64.821714291752 -81.73081699402756 4.369821674282627
-270.2973637350758 -10.293080496333861 -0.9409353313000539
130.4193424366156 -2.5995102611036565 1.4616546530452659
-270.2975553683363 -10.2935586784588 -0.9403775283862477
-372.7358896863545 5.944090635755122 -0.40784293678199
-266.578181197621 0.03820515897280019 1.749897966377062
-266.58090629362124 0.03919730025324408 1.7459623343204642
-267.02264876643767 -0.3023932491522444 1.7554721091359509
-267.0226183099223 -0.3023172487498125 1.7553834524465723
-267.9195711463983 -1.0105330859961867 1.7827863489029159
-273.63532835491384 -2.9989973048747505 -1.9711116800492405
-273.63535176761593 -2.9990557283334245 -1.9710435273780145
-273.03997961251287 -2.371159634852078 -2.0713482712085494
119.2013180974458 -5.612740495012858 -4.720698640943805
-269.51250670900066 6.675247251775776 -1.3803415130275418
198.6160733739937 20.620704555552287 2.1669119149935865
192.54505646480538 12.967093929327064 3.2248900657809556
-123.09319059089226 26.720583834330974 6.246864306471986
-123.1009242712651 26.71704086206728 6.245197817096858
-105.11257537918789 54.17275496595492 10.229698501990484
-105.11249844701771 54.17294693804252 10.229474561226029
98.38917673390101 16.69067530623922 7.6748281902266475
98.39038031665646 16.693678339158595 7.671325321157541
-319.6253532376755 4.711734143566136 1.3718651900703989
119.20099523309517 -5.613546137813136 -4.719758852782579
-319.62500588431857 4.712600840072678 1.3708542209564267
-317.6352140544706 2.794478564581736 -0.242467998170657
-229.12090422933733 -2.72133734119607 1.9118113352225825
-229.51063665112002 -3.0253294080999815 1.9215277227929426
-235.28823519365997 -5.01910713636911 -1.855092924252318
-236.03866686124866 -5.782212455732012 -1.7285314509249594
-235.5740189175515 -5.292688786938673 -1.8071906340561603
-313.4299059499147 0.8559662703722356 -4.390300157231708
-313.0373168342268 1.3026702491073023 -4.504575093055143
-240.17701967113555 -11.53218001268705 -3.873721365473351
119.20098294436102 -5.613576802802849 -4.7197230811766575
-240.17704889002565 -11.532252924757755 -3.8736363114148866
-235.21480883634374 -8.80482918275577 -0.23405510464942902
-235.21412742859061 -8.803128867281528 -0.23603853496396698
-232.09061099899986 -6.894570548059522 -0.9997251714024776
273.4598647940034 -6.518931044086161 2.9281445982077248
282.9652124239588 10.53784866404012 4.444361090292536
281.9224519675588 9.575290996861654 4.52539530474175
281.92221274221095 9.574694055977874 4.526091642274478
281.9273993421639 9.57136054579696 4.5374461496252305
95.4179845181774 0.4379157511875629 -2.730972135943476
-309.2200519238181 -6.441893427407262 -4.82365901110644
96.17108296630593 1.117565259397399 -2.799099957525511
-38.564583807290695 -4.558190891849706 1.2936081246885422
-35.52002322693315 -6.29388887423361 -0.6508632177724325
-35.52031067688284 -6.2946061475489135 -0.6500265132587072
-35.6416123868799 -6.433891464044498 -0.6404673174184228
-44.2068262624091 -10.392171756120675 -6.026556814782502
418.08268075626154 -12.473479559804797 -6.75919804860362
418.0793836920822 -12.474484931154295 -6.763297239267913
408.37664663342804 -30.36092022209834 -4.682426719111813
594.6553169385604 -41.27027672727591 -1.5709022969829176
-309.2179254802738 -6.441826287697404 -4.820504635515195
594.1177461202984 -41.87662727370248 -1.4214258900939347
594.1178222616916 -41.87643727241766 -1.4216475321390991
410.6441654586976 -13.30377996721369 -2.962124119828207
410.6441069269044 -13.303926025953775 -2.9619537380439347
411.85929666683023 -11.894605315712969 -3.321297131791864
-21.016978745723648 -6.791742301316313 -6.00092080942222
-21.380844740165916 -7.1960646386550415 -5.893177149800789
-21.383637845576423 -7.198156757157641 -5.894246472905782
-21.383585855250974 -7.198027022415104 -5.894397811855666
-379.5123363212882 -7.234118538206063 -5.410996373576557
116.22436855294713 6.163173901942046 -0.0589424285320827
190.58100493556086 -10.987438916474725 2.5594181462789276
