'Elapsed time','HR','ABPSys','ABPDias','ABPMean','PULSE','RESP','SpO2'
'seconds','bpm','mmHg','mmHg','mmHg','bpm','pm','%'
0.000,0.000,0.000,0.000,0.000,0.000,17.000,0.000
60.000,94.300,0.000,0.000,0.000,0.000,26.300,0.000
120.000,91.300,0.000,0.000,0.000,0.000,27.200,0.000
180.000,92.400,0.000,0.000,0.000,0.000,30.200,0.000
240.000,92.100,0.000,0.000,0.000,0.000,26.000,0.000
300.000,89.400,0.000,0.000,0.000,0.000,26.200,0.000
360.000,93.100,0.000,0.000,0.000,0.000,27.100,93.600
420.000,90.600,0.000,0.000,0.000,0.000,28.500,93.600
480.000,91.600,0.000,0.000,0.000,0.000,32.000,94.000
540.000,90.500,0.000,0.000,0.000,0.000,30.800,94.000
