'Elapsed time','HR','ABPSys','ABPDias','ABPMean','CVP','PULSE','RESP','SpO2'
'seconds','bpm','mmHg','mmHg','mmHg','mmHg','bpm','pm','%'
0.000,0.000,0.000,0.000,0.000,0.000,0.000,5.600,0.000
60.000,81.000,0.000,0.000,0.000,0.000,0.000,10.000,0.000
120.000,81.900,0.000,0.000,0.000,0.000,0.000,11.900,0.000
180.000,81.200,0.000,0.000,0.000,0.000,0.000,13.800,0.000
240.000,79.900,162.800,71.600,85.100,0.000,79.100,14.200,0.000
300.000,79.700,0.000,0.000,110.400,0.000,81.000,12.700,100.000
360.000,79.500,164.800,73.600,103.500,0.000,80.900,13.000,100.000
420.000,79.200,165.900,74.700,104.400,0.000,80.600,15.800,99.900
480.000,80.200,160.400,74.700,102.200,0.000,80.100,14.700,99.100
540.000,78.700,157.200,74.300,102.300,0.000,78.600,15.600,98.700
