'Elapsed time','HR','PULSE','ABP','ABP Sys','ABP Dias','ABP Mean','CVP','NBP Sys','NBP Dias','NBP Mean','RESP','SpO2','PVC Rate per Minute','Rhythm Status','Ectopic Status','Ectopic Count'
'seconds','bpm','bpm','mmHg','mmHg','mmHg','mmHg','mmHg','mmHg','mmHg','mmHg','pm','%','pm','?','?','?'
0.000,96.000,96.000,-,143.000,67.000,96.000,9.000,-,-,-,23.000,100.000,1.000,63017.000,63058.000,7.000
1.000,96.000,96.000,-,143.000,67.000,96.000,9.000,-,-,-,23.000,100.000,1.000,63017.000,63058.000,7.000
2.000,96.000,96.000,-,143.000,67.000,96.000,9.000,-,-,-,23.000,100.000,1.000,63017.000,63058.000,7.000
3.000,96.000,96.000,-,143.000,67.000,96.000,9.000,-,-,-,23.000,100.000,1.000,63017.000,63058.000,7.000
4.000,96.000,96.000,-,143.000,66.000,96.000,9.000,-,-,-,23.000,100.000,1.000,63017.000,63058.000,7.000
5.000,96.000,96.000,-,143.000,67.000,96.000,9.000,-,-,-,23.000,100.000,1.000,63017.000,63058.000,6.000
6.000,96.000,96.000,-,143.000,66.000,96.000,9.000,-,-,-,23.000,100.000,1.000,63017.000,63058.000,6.000
7.000,96.000,96.000,-,142.000,66.000,96.000,9.000,-,-,-,23.000,100.000,1.000,63017.000,63058.000,6.000
8.000,96.000,96.000,-,142.000,66.000,96.000,9.000,-,-,-,23.000,100.000,1.000,63017.000,63058.000,6.000
9.000,96.000,95.000,-,142.000,66.000,95.000,9.000,-,-,-,23.000,100.000,1.000,63017.000,63059.000,5.000
10.000,96.000,95.000,-,142.000,66.000,95.000,10.000,-,-,-,23.000,100.000,0.000,63017.000,63059.000,5.000
11.000,96.000,96.000,-,141.000,66.000,95.000,9.000,-,-,-,23.000,100.000,0.000,63017.000,63059.000,5.000
12.000,96.000,96.000,-,141.000,66.000,95.000,9.000,-,-,-,23.000,100.000,0.000,63017.000,63059.000,5.000
13.000,96.000,96.000,-,141.000,66.000,95.000,9.000,-,-,-,23.000,100.000,0.000,63017.000,63059.000,5.000
14.000,96.000,96.000,-,141.000,66.000,95.000,9.000,-,-,-,23.000,100.000,0.000,63017.000,63059.000,5.000
15.000,96.000,96.000,-,141.000,65.000,94.000,9.000,-,-,-,23.000,100.000,0.000,63017.000,63059.000,4.000
16.000,96.000,96.000,-,141.000,65.000,94.000,9.000,-,-,-,23.000,100.000,0.000,63017.000,63059.000,4.000
17.000,96.000,96.000,-,140.000,65.000,94.000,9.000,-,-,-,23.000,100.000,0.000,63017.000,63059.000,3.000
18.000,96.000,96.000,-,140.000,65.000,94.000,9.000,-,-,-,23.000,100.000,0.000,63017.000,63059.000,3.000
19.000,96.000,96.000,-,141.000,65.000,94.000,9.000,-,-,-,23.000,100.000,0.000,63017.000,63059.000,3.000
20.000,96.000,96.000,-,140.000,65.000,94.000,9.000,-,-,-,23.000,100.000,0.000,63017.000,63059.000,3.000
21.000,96.000,96.000,-,141.000,65.000,95.000,9.000,-,-,-,23.000,100.000,0.000,63017.000,63059.000,3.000
22.000,96.000,96.000,-,141.000,65.000,94.000,9.000,-,-,-,23.000,100.000,0.000,63017.000,63059.000,3.000
23.000,96.000,96.000,-,141.000,66.000,95.000,9.000,-,-,-,23.000,100.000,0.000,63017.000,63059.000,3.000
24.000,96.000,96.000,-,141.000,66.000,95.000,9.000,-,-,-,23.000,100.000,0.000,63017.000,63059.000,3.000
25.000,95.000,95.000,-,141.000,66.000,95.000,9.000,-,-,-,23.000,100.000,0.000,63017.000,63059.000,3.000
26.000,95.000,95.000,-,141.000,66.000,95.000,9.000,-,-,-,23.000,100.000,0.000,63017.000,63059.000,3.000
27.000,96.000,95.000,-,142.000,66.000,95.000,9.000,-,-,-,23.000,100.000,0.000,63017.000,63059.000,3.000
28.000,96.000,95.000,-,142.000,66.000,96.000,9.000,-,-,-,23.000,100.000,0.000,63017.000,63059.000,3.000
29.000,96.000,95.000,-,142.000,66.000,96.000,9.000,-,-,-,23.000,100.000,0.000,63017.000,63059.000,3.000
30.000,96.000,95.000,-,142.000,66.000,96.000,9.000,-,-,-,23.000,100.000,0.000,63017.000,63059.000,3.000
31.000,96.000,95.000,-,143.000,67.000,96.000,9.000,-,-,-,23.000,100.000,0.000,63017.000,63059.000,3.000
32.000,96.000,95.000,-,143.000,67.000,96.000,9.000,-,-,-,23.000,100.000,0.000,63017.000,63059.000,3.000
33.000,96.000,95.000,-,143.000,67.000,98.000,9.000,-,-,-,23.000,100.000,0.000,63017.000,63059.000,3.000
34.000,103.000,95.000,-,140.000,69.000,95.000,9.000,-,-,-,23.000,100.000,0.000,63017.000,63059.000,5.000
35.000,103.000,95.000,-,141.000,67.000,96.000,9.000,-,-,-,23.000,100.000,0.000,63017.000,63059.000,5.000
36.000,103.000,95.000,-,142.000,67.000,96.000,9.000,-,-,-,23.000,100.000,0.000,63017.000,63059.000,5.000
37.000,104.000,96.000,-,142.000,67.000,96.000,9.000,-,-,-,23.000,100.000,0.000,63017.000,63059.000,5.000
38.000,104.000,96.000,-,142.000,67.000,96.000,9.000,-,-,-,23.000,100.000,0.000,63018.000,63059.000,5.000
39.000,104.000,96.000,-,142.000,67.000,96.000,9.000,-,-,-,23.000,100.000,0.000,63018.000,63059.000,5.000
40.000,103.000,96.000,-,142.000,67.000,96.000,9.000,-,-,-,23.000,100.000,0.000,63018.000,63059.000,5.000
41.000,100.000,96.000,-,142.000,66.000,96.000,9.000,-,-,-,23.000,100.000,0.000,63018.000,63059.000,5.000
42.000,96.000,96.000,-,142.000,66.000,96.000,9.000,-,-,-,23.000,100.000,0.000,63018.000,63059.000,5.000
43.000,96.000,96.000,-,142.000,66.000,95.000,9.000,-,-,-,23.000,100.000,0.000,63018.000,63059.000,5.000
44.000,96.000,96.000,-,142.000,66.000,95.000,10.000,-,-,-,23.000,100.000,0.000,63018.000,63059.000,5.000
45.000,96.000,96.000,-,142.000,66.000,95.000,9.000,-,-,-,23.000,100.000,0.000,63017.000,63059.000,4.000
46.000,96.000,96.000,-,142.000,66.000,95.000,9.000,-,-,-,23.000,100.000,0.000,63017.000,63059.000,3.000
47.000,96.000,96.000,-,142.000,66.000,95.000,10.000,-,-,-,23.000,100.000,0.000,63017.000,63059.000,2.000
48.000,96.000,96.000,-,141.000,66.000,95.000,9.000,-,-,-,23.000,100.000,0.000,63017.000,63059.000,2.000
49.000,96.000,96.000,-,142.000,66.000,95.000,9.000,-,-,-,23.000,100.000,0.000,63017.000,63059.000,2.000
50.000,96.000,96.000,-,141.000,66.000,95.000,9.000,-,-,-,23.000,100.000,0.000,63017.000,63059.000,2.000
51.000,96.000,96.000,-,141.000,66.000,95.000,9.000,-,-,-,23.000,100.000,0.000,63017.000,63059.000,2.000
52.000,96.000,96.000,-,142.000,66.000,95.000,9.000,-,-,-,23.000,100.000,0.000,63017.000,63059.000,2.000
53.000,96.000,96.000,-,141.000,66.000,95.000,9.000,-,-,-,23.000,100.000,0.000,63017.000,63059.000,2.000
54.000,96.000,96.000,-,142.000,66.000,95.000,9.000,-,-,-,23.000,100.000,0.000,63017.000,63059.000,2.000
55.000,96.000,96.000,-,142.000,66.000,95.000,9.000,-,-,-,23.000,100.000,0.000,63017.000,63059.000,2.000
56.000,96.000,96.000,-,142.000,66.000,95.000,9.000,-,-,-,23.000,100.000,0.000,63017.000,63059.000,2.000
57.000,96.000,96.000,-,142.000,66.000,95.000,9.000,-,-,-,23.000,100.000,0.000,63017.000,63059.000,2.000
58.000,96.000,96.000,-,142.000,66.000,96.000,9.000,-,-,-,23.000,100.000,0.000,63017.000,63059.000,2.000
59.000,96.000,96.000,-,142.000,66.000,96.000,9.000,-,-,-,23.000,100.000,0.000,63017.000,63059.000,2.000
60.000,96.000,96.000,-,142.000,66.000,96.000,9.000,-,-,-,23.000,100.000,0.000,63017.000,63059.000,2.000
61.000,96.000,96.000,-,143.000,66.000,96.000,9.000,-,-,-,23.000,100.000,0.000,63017.000,63059.000,2.000
62.000,96.000,96.000,-,143.000,66.000,96.000,9.000,-,-,-,23.000,100.000,0.000,63017.000,63059.000,2.000
63.000,96.000,96.000,-,143.000,67.000,96.000,9.000,-,-,-,23.000,100.000,0.000,63017.000,63059.000,2.000
64.000,96.000,96.000,-,143.000,67.000,96.000,9.000,-,-,-,23.000,100.000,0.000,63017.000,63059.000,2.000
65.000,96.000,96.000,-,143.000,67.000,97.000,9.000,-,-,-,23.000,100.000,0.000,63017.000,63059.000,2.000
66.000,96.000,96.000,-,144.000,67.000,97.000,9.000,-,-,-,23.000,100.000,0.000,63017.000,63059.000,2.000
67.000,96.000,96.000,-,144.000,67.000,97.000,9.000,-,-,-,23.000,100.000,0.000,63017.000,63059.000,2.000
68.000,96.000,96.000,-,144.000,67.000,97.000,9.000,-,-,-,23.000,100.000,0.000,63017.000,63059.000,2.000
69.000,96.000,96.000,-,144.000,67.000,97.000,9.000,-,-,-,23.000,100.000,0.000,63017.000,63059.000,2.000
70.000,96.000,96.000,-,144.000,67.000,97.000,9.000,-,-,-,23.000,100.000,0.000,63017.000,63059.000,2.000
71.000,96.000,96.000,-,144.000,67.000,97.000,9.000,-,-,-,23.000,100.000,0.000,63017.000,63059.000,2.000
72.000,96.000,96.000,-,144.000,67.000,97.000,9.000,-,-,-,23.000,100.000,0.000,63017.000,63059.000,2.000
73.000,96.000,96.000,-,144.000,67.000,97.000,9.000,-,-,-,23.000,100.000,0.000,63017.000,63059.000,2.000
74.000,96.000,96.000,-,144.000,67.000,97.000,9.000,-,-,-,23.000,100.000,0.000,63017.000,63059.000,2.000
75.000,96.000,96.000,-,143.000,67.000,97.000,9.000,-,-,-,23.000,100.000,0.000,63017.000,63059.000,2.000
76.000,96.000,96.000,-,143.000,67.000,97.000,10.000,-,-,-,23.000,100.000,0.000,63017.000,63059.000,2.000
77.000,96.000,96.000,-,143.000,67.000,96.000,9.000,-,-,-,23.000,100.000,0.000,63017.000,63059.000,2.000
78.000,96.000,96.000,-,143.000,67.000,96.000,9.000,-,-,-,23.000,100.000,0.000,63017.000,63059.000,2.000
79.000,96.000,96.000,-,142.000,66.000,96.000,9.000,-,-,-,23.000,100.000,0.000,63017.000,63059.000,2.000
80.000,96.000,96.000,-,142.000,66.000,95.000,9.000,-,-,-,23.000,100.000,0.000,63017.000,63059.000,2.000
81.000,96.000,96.000,-,141.000,66.000,95.000,9.000,-,-,-,23.000,100.000,0.000,63017.000,63059.000,2.000
82.000,96.000,96.000,-,141.000,66.000,95.000,9.000,-,-,-,23.000,100.000,0.000,63017.000,63059.000,2.000
83.000,96.000,96.000,-,141.000,66.000,95.000,9.000,-,-,-,23.000,100.000,0.000,63017.000,63059.000,2.000
84.000,96.000,96.000,-,140.000,65.000,94.000,9.000,-,-,-,23.000,100.000,0.000,63017.000,63059.000,2.000
85.000,96.000,96.000,-,140.000,65.000,94.000,9.000,-,-,-,23.000,100.000,0.000,63017.000,63059.000,2.000
86.000,96.000,96.000,-,140.000,65.000,94.000,9.000,-,-,-,23.000,100.000,0.000,63017.000,63059.000,2.000
87.000,96.000,96.000,-,140.000,65.000,94.000,9.000,-,-,-,23.000,100.000,0.000,63017.000,63059.000,2.000
88.000,96.000,96.000,-,140.000,65.000,94.000,9.000,-,-,-,23.000,100.000,0.000,63017.000,63059.000,2.000
89.000,96.000,96.000,-,140.000,65.000,94.000,9.000,-,-,-,23.000,100.000,0.000,63017.000,63059.000,2.000
90.000,96.000,96.000,-,140.000,65.000,94.000,9.000,-,-,-,23.000,100.000,0.000,63017.000,63059.000,2.000
91.000,96.000,96.000,-,140.000,65.000,94.000,10.000,-,-,-,23.000,100.000,0.000,63017.000,63059.000,2.000
92.000,96.000,96.000,-,140.000,65.000,94.000,9.000,-,-,-,23.000,100.000,0.000,63017.000,63059.000,2.000
93.000,96.000,96.000,-,140.000,65.000,94.000,9.000,-,-,-,23.000,100.000,0.000,63017.000,63062.000,-
94.000,96.000,96.000,-,141.000,65.000,95.000,9.000,-,-,-,23.000,100.000,0.000,63017.000,63062.000,-
95.000,96.000,96.000,-,141.000,65.000,95.000,9.000,-,-,-,23.000,100.000,0.000,63017.000,63062.000,-
96.000,96.000,96.000,-,141.000,66.000,95.000,9.000,-,-,-,23.000,100.000,0.000,63017.000,63062.000,-
97.000,96.000,96.000,-,141.000,66.000,95.000,9.000,-,-,-,23.000,100.000,0.000,63017.000,63062.000,-
98.000,96.000,96.000,-,142.000,66.000,95.000,9.000,-,-,-,23.000,100.000,0.000,63017.000,63062.000,-
99.000,96.000,96.000,-,142.000,66.000,95.000,9.000,-,-,-,23.000,100.000,0.000,63017.000,63062.000,-
100.000,96.000,96.000,-,142.000,66.000,96.000,9.000,-,-,-,23.000,100.000,0.000,63017.000,63062.000,-
101.000,96.000,96.000,-,142.000,66.000,96.000,9.000,-,-,-,23.000,100.000,0.000,63017.000,63062.000,-
102.000,96.000,96.000,-,143.000,67.000,96.000,9.000,-,-,-,23.000,100.000,0.000,63017.000,63062.000,-
103.000,96.000,96.000,-,143.000,67.000,96.000,9.000,-,-,-,23.000,100.000,0.000,63017.000,63062.000,-
104.000,96.000,96.000,-,143.000,67.000,97.000,9.000,-,-,-,23.000,100.000,0.000,63017.000,63062.000,-
105.000,96.000,96.000,-,144.000,67.000,97.000,9.000,-,-,-,23.000,100.000,0.000,63017.000,63062.000,-
106.000,96.000,96.000,-,144.000,67.000,97.000,9.000,-,-,-,23.000,100.000,0.000,63017.000,63062.000,-
107.000,96.000,96.000,-,144.000,67.000,97.000,10.000,-,-,-,23.000,100.000,0.000,63017.000,63062.000,-
108.000,96.000,96.000,-,144.000,68.000,97.000,9.000,-,-,-,23.000,100.000,0.000,63017.000,63062.000,-
109.000,96.000,96.000,-,144.000,68.000,97.000,9.000,-,-,-,23.000,100.000,0.000,63017.000,63062.000,-
110.000,96.000,96.000,-,145.000,68.000,98.000,9.000,-,-,-,23.000,100.000,0.000,63017.000,63062.000,-
111.000,96.000,96.000,-,144.000,68.000,97.000,9.000,-,-,-,23.000,100.000,0.000,63014.000,63062.000,-
112.000,96.000,96.000,-,145.000,68.000,98.000,9.000,-,-,-,23.000,100.000,0.000,63014.000,63062.000,-
113.000,99.000,96.000,-,145.000,68.000,96.000,9.000,-,-,-,23.000,100.000,0.000,63014.000,63059.000,1.000
114.000,104.000,96.000,-,145.000,66.000,96.000,10.000,-,-,-,23.000,100.000,0.000,63014.000,63059.000,2.000
115.000,104.000,96.000,-,145.000,67.000,96.000,10.000,-,-,-,23.000,100.000,0.000,63014.000,63059.000,2.000
116.000,104.000,96.000,-,145.000,66.000,96.000,9.000,-,-,-,23.000,100.000,0.000,63014.000,63059.000,2.000
117.000,104.000,96.000,-,144.000,66.000,96.000,9.000,-,-,-,23.000,100.000,0.000,63014.000,63059.000,2.000
118.000,104.000,96.000,-,143.000,66.000,96.000,9.000,-,-,-,23.000,100.000,0.000,63015.000,63059.000,2.000
119.000,104.000,96.000,-,143.000,66.000,95.000,9.000,-,-,-,23.000,100.000,0.000,63015.000,63059.000,2.000
120.000,101.000,96.000,-,143.000,66.000,95.000,10.000,-,-,-,23.000,100.000,0.000,63015.000,63059.000,2.000
121.000,97.000,96.000,-,142.000,66.000,95.000,9.000,-,-,-,23.000,100.000,0.000,63015.000,63059.000,2.000
122.000,96.000,96.000,-,142.000,66.000,95.000,10.000,-,-,-,23.000,100.000,0.000,63015.000,63059.000,2.000
123.000,96.000,96.000,-,142.000,66.000,95.000,10.000,-,-,-,23.000,100.000,0.000,63015.000,63059.000,2.000
124.000,96.000,96.000,-,142.000,66.000,95.000,9.000,-,-,-,23.000,100.000,0.000,63015.000,63059.000,2.000
125.000,96.000,96.000,-,142.000,66.000,95.000,9.000,-,-,-,23.000,100.000,0.000,63014.000,63059.000,2.000
126.000,96.000,96.000,-,142.000,66.000,95.000,9.000,-,-,-,23.000,100.000,0.000,63014.000,63059.000,2.000
127.000,96.000,96.000,-,142.000,66.000,95.000,9.000,-,-,-,23.000,100.000,0.000,63014.000,63059.000,2.000
128.000,96.000,96.000,-,142.000,66.000,97.000,9.000,-,-,-,23.000,100.000,0.000,63014.000,63059.000,2.000
129.000,103.000,96.000,-,140.000,66.000,94.000,9.000,-,-,-,23.000,100.000,0.000,63014.000,63059.000,4.000
130.000,102.000,96.000,-,140.000,66.000,94.000,10.000,-,-,-,23.000,100.000,0.000,63014.000,63059.000,4.000
131.000,102.000,96.000,-,141.000,66.000,94.000,9.000,-,-,-,23.000,100.000,0.000,63014.000,63059.000,4.000
132.000,103.000,96.000,-,141.000,66.000,94.000,9.000,-,-,-,23.000,100.000,0.000,63014.000,63059.000,4.000
133.000,103.000,96.000,-,141.000,66.000,95.000,9.000,-,-,-,23.000,100.000,0.000,63015.000,63059.000,4.000
134.000,103.000,96.000,-,141.000,66.000,95.000,9.000,-,-,-,23.000,100.000,0.000,63015.000,63059.000,4.000
135.000,103.000,97.000,-,142.000,66.000,95.000,9.000,-,-,-,23.000,100.000,0.000,63015.000,63059.000,4.000
136.000,96.000,97.000,-,142.000,66.000,96.000,9.000,-,-,-,23.000,100.000,0.000,63015.000,63059.000,4.000
137.000,96.000,98.000,-,143.000,67.000,96.000,9.000,-,-,-,23.000,100.000,0.000,63015.000,63059.000,4.000
138.000,96.000,98.000,-,143.000,67.000,96.000,9.000,-,-,-,23.000,100.000,0.000,63015.000,63059.000,4.000
139.000,96.000,98.000,-,143.000,67.000,96.000,9.000,-,-,-,23.000,100.000,0.000,63015.000,63059.000,4.000
140.000,96.000,98.000,-,144.000,67.000,97.000,10.000,-,-,-,23.000,100.000,0.000,63014.000,63059.000,4.000
141.000,96.000,98.000,-,144.000,67.000,97.000,10.000,-,-,-,23.000,100.000,0.000,63014.000,63059.000,4.000
142.000,96.000,97.000,-,144.000,67.000,97.000,10.000,-,-,-,23.000,100.000,0.000,63014.000,63059.000,4.000
143.000,96.000,96.000,-,145.000,67.000,97.000,9.000,-,-,-,23.000,100.000,0.000,63014.000,63059.000,4.000
144.000,96.000,96.000,-,145.000,67.000,97.000,9.000,-,-,-,23.000,100.000,0.000,63014.000,63059.000,4.000
145.000,96.000,96.000,-,145.000,68.000,98.000,9.000,-,-,-,23.000,100.000,0.000,63014.000,63059.000,4.000
146.000,95.000,96.000,-,145.000,68.000,98.000,9.000,-,-,-,23.000,100.000,0.000,63014.000,63059.000,4.000
147.000,95.000,96.000,-,145.000,68.000,98.000,9.000,-,-,-,23.000,100.000,0.000,63014.000,63059.000,4.000
148.000,95.000,96.000,-,144.000,68.000,97.000,9.000,-,-,-,23.000,100.000,0.000,63014.000,63059.000,4.000
149.000,95.000,95.000,-,145.000,68.000,98.000,9.000,-,-,-,23.000,100.000,0.000,63014.000,63059.000,4.000
150.000,95.000,95.000,-,144.000,67.000,97.000,9.000,-,-,-,23.000,100.000,0.000,63014.000,63059.000,4.000
151.000,95.000,95.000,-,144.000,67.000,97.000,9.000,-,-,-,23.000,100.000,0.000,63014.000,63059.000,4.000
152.000,95.000,95.000,-,144.000,67.000,97.000,9.000,-,-,-,23.000,100.000,0.000,63014.000,63059.000,4.000
153.000,95.000,95.000,-,144.000,67.000,97.000,9.000,-,-,-,23.000,100.000,0.000,63014.000,63059.000,4.000
154.000,95.000,95.000,-,143.000,67.000,97.000,9.000,-,-,-,23.000,100.000,0.000,63014.000,63059.000,4.000
155.000,95.000,95.000,-,143.000,67.000,96.000,9.000,-,-,-,23.000,100.000,0.000,63014.000,63059.000,4.000
156.000,95.000,95.000,-,143.000,67.000,96.000,9.000,-,-,-,23.000,100.000,0.000,63014.000,63059.000,4.000
157.000,95.000,95.000,-,143.000,67.000,96.000,10.000,-,-,-,23.000,100.000,0.000,63014.000,63059.000,4.000
158.000,95.000,95.000,-,142.000,66.000,95.000,9.000,-,-,-,23.000,100.000,0.000,63014.000,63059.000,4.000
159.000,95.000,95.000,-,142.000,66.000,95.000,10.000,-,-,-,23.000,100.000,0.000,63014.000,63059.000,4.000
160.000,95.000,95.000,-,142.000,66.000,95.000,9.000,-,-,-,23.000,100.000,0.000,63014.000,63059.000,4.000
161.000,95.000,95.000,-,141.000,66.000,95.000,9.000,-,-,-,23.000,100.000,0.000,63014.000,63059.000,4.000
162.000,95.000,95.000,-,142.000,66.000,95.000,9.000,-,-,-,23.000,100.000,0.000,63014.000,63059.000,4.000
163.000,96.000,95.000,-,141.000,66.000,95.000,9.000,-,-,-,23.000,100.000,0.000,63014.000,63059.000,4.000
164.000,96.000,95.000,-,141.000,66.000,95.000,9.000,-,-,-,23.000,100.000,0.000,63014.000,63059.000,4.000
165.000,96.000,95.000,-,141.000,66.000,95.000,9.000,-,-,-,23.000,100.000,0.000,63014.000,63059.000,4.000
166.000,96.000,95.000,-,141.000,65.000,95.000,9.000,-,-,-,23.000,100.000,0.000,63014.000,63059.000,4.000
167.000,96.000,95.000,-,141.000,66.000,95.000,9.000,-,-,-,23.000,100.000,0.000,63014.000,63059.000,4.000
168.000,96.000,95.000,-,141.000,66.000,95.000,9.000,-,-,-,23.000,100.000,0.000,63017.000,63059.000,4.000
169.000,96.000,95.000,-,141.000,66.000,95.000,9.000,-,-,-,23.000,100.000,0.000,63017.000,63059.000,4.000
170.000,96.000,95.000,-,141.000,66.000,95.000,9.000,-,-,-,23.000,100.000,0.000,63017.000,63059.000,4.000
171.000,96.000,95.000,-,141.000,66.000,95.000,9.000,-,-,-,23.000,100.000,0.000,63017.000,63059.000,4.000
172.000,96.000,95.000,-,141.000,66.000,95.000,9.000,-,-,-,23.000,100.000,0.000,63017.000,63059.000,4.000
173.000,96.000,95.000,-,141.000,66.000,95.000,9.000,-,-,-,23.000,100.000,0.000,63017.000,63059.000,3.000
174.000,96.000,95.000,-,141.000,66.000,95.000,9.000,-,-,-,23.000,100.000,0.000,63017.000,63059.000,2.000
175.000,96.000,95.000,-,141.000,66.000,95.000,9.000,-,-,-,23.000,100.000,0.000,63017.000,63059.000,2.000
176.000,96.000,95.000,-,141.000,66.000,95.000,9.000,-,-,-,23.000,100.000,0.000,63017.000,63059.000,2.000
177.000,96.000,95.000,-,141.000,66.000,95.000,9.000,-,-,-,23.000,100.000,0.000,63017.000,63059.000,2.000
178.000,96.000,95.000,-,141.000,66.000,95.000,9.000,-,-,-,23.000,100.000,0.000,63017.000,63059.000,2.000
179.000,96.000,95.000,-,141.000,66.000,95.000,9.000,-,-,-,23.000,100.000,0.000,63017.000,63059.000,2.000
180.000,96.000,95.000,-,141.000,66.000,95.000,9.000,-,-,-,23.000,100.000,0.000,63017.000,63059.000,2.000
181.000,96.000,95.000,-,141.000,66.000,95.000,9.000,-,-,-,23.000,100.000,0.000,63017.000,63059.000,2.000
182.000,96.000,95.000,-,141.000,66.000,95.000,9.000,-,-,-,23.000,100.000,0.000,63017.000,63059.000,2.000
183.000,96.000,95.000,-,141.000,66.000,95.000,9.000,-,-,-,23.000,100.000,0.000,63017.000,63059.000,2.000
184.000,96.000,95.000,-,141.000,66.000,95.000,9.000,-,-,-,23.000,100.000,0.000,63017.000,63059.000,2.000
185.000,96.000,95.000,-,141.000,66.000,95.000,9.000,-,-,-,23.000,100.000,0.000,63017.000,63059.000,2.000
186.000,98.000,96.000,-,141.000,66.000,96.000,9.000,-,-,-,23.000,100.000,0.000,63017.000,63059.000,2.000
187.000,103.000,96.000,-,139.000,66.000,94.000,9.000,-,-,-,23.000,100.000,0.000,63017.000,63059.000,3.000
188.000,103.000,96.000,-,140.000,66.000,94.000,9.000,-,-,-,23.000,100.000,0.000,63017.000,63059.000,3.000
189.000,103.000,96.000,-,140.000,66.000,94.000,9.000,-,-,-,23.000,100.000,0.000,63017.000,63059.000,1.000
190.000,103.000,96.000,-,140.000,65.000,94.000,9.000,-,-,-,23.000,100.000,0.000,63017.000,63059.000,1.000
191.000,103.000,96.000,-,140.000,65.000,94.000,9.000,-,-,-,23.000,100.000,0.000,63018.000,63059.000,1.000
192.000,103.000,96.000,-,139.000,65.000,93.000,9.000,-,-,-,23.000,100.000,0.000,63018.000,63059.000,1.000
193.000,103.000,96.000,-,140.000,65.000,93.000,9.000,-,-,-,23.000,100.000,0.000,63018.000,63059.000,1.000
194.000,97.000,96.000,-,140.000,65.000,93.000,9.000,-,-,-,23.000,100.000,0.000,63018.000,63059.000,1.000
195.000,96.000,96.000,-,139.000,65.000,93.000,9.000,-,-,-,23.000,100.000,0.000,63018.000,63059.000,1.000
196.000,96.000,96.000,-,139.000,65.000,93.000,9.000,-,-,-,23.000,100.000,0.000,63018.000,63059.000,1.000
197.000,96.000,96.000,-,139.000,65.000,93.000,9.000,-,-,-,23.000,100.000,0.000,63017.000,63059.000,1.000
198.000,100.000,96.000,-,139.000,65.000,92.000,9.000,-,-,-,23.000,100.000,0.000,63017.000,63059.000,2.000
199.000,105.000,96.000,-,139.000,64.000,92.000,9.000,-,-,-,23.000,100.000,0.000,63017.000,63059.000,2.000
200.000,104.000,96.000,-,140.000,64.000,93.000,9.000,-,-,-,23.000,100.000,0.000,63017.000,63059.000,2.000
201.000,105.000,96.000,-,140.000,64.000,92.000,10.000,-,-,-,23.000,100.000,0.000,63017.000,63059.000,2.000
202.000,106.000,96.000,-,141.000,63.000,92.000,9.000,-,-,-,23.000,100.000,0.000,63017.000,63059.000,3.000
203.000,106.000,96.000,-,140.000,63.000,92.000,9.000,-,-,-,23.000,100.000,0.000,63018.000,63059.000,3.000
204.000,105.000,96.000,-,140.000,64.000,92.000,9.000,-,-,-,23.000,100.000,0.000,63018.000,63059.000,3.000
205.000,102.000,96.000,-,140.000,64.000,94.000,9.000,-,-,-,23.000,100.000,0.000,63018.000,63059.000,3.000
206.000,96.000,96.000,-,138.000,64.000,91.000,9.000,-,-,-,23.000,100.000,0.000,63018.000,63059.000,3.000
207.000,94.000,96.000,-,138.000,64.000,92.000,9.000,-,-,-,23.000,100.000,0.000,63018.000,63059.000,3.000
208.000,94.000,96.000,-,139.000,64.000,92.000,9.000,-,-,-,23.000,100.000,0.000,63018.000,63059.000,3.000
209.000,91.000,97.000,-,139.000,64.000,92.000,9.000,-,-,-,23.000,100.000,0.000,63018.000,63059.000,3.000
210.000,93.000,97.000,-,139.000,64.000,92.000,9.000,-,-,-,23.000,100.000,0.000,63017.000,63059.000,3.000
211.000,93.000,97.000,-,140.000,65.000,93.000,10.000,-,-,-,23.000,100.000,0.000,63017.000,63059.000,3.000
212.000,93.000,97.000,-,140.000,65.000,93.000,9.000,-,-,-,23.000,100.000,0.000,63017.000,63059.000,3.000
213.000,95.000,97.000,-,140.000,65.000,94.000,9.000,-,-,-,23.000,100.000,0.000,63017.000,63059.000,3.000
214.000,96.000,96.000,-,141.000,65.000,94.000,9.000,-,-,-,23.000,100.000,0.000,63017.000,63059.000,3.000
215.000,96.000,96.000,-,141.000,66.000,94.000,9.000,-,-,-,23.000,100.000,0.000,63017.000,63059.000,3.000
216.000,96.000,96.000,-,141.000,66.000,95.000,9.000,-,-,-,23.000,100.000,0.000,63017.000,63059.000,3.000
217.000,96.000,96.000,-,141.000,66.000,95.000,9.000,-,-,-,23.000,100.000,0.000,63017.000,63059.000,3.000
218.000,96.000,96.000,-,142.000,66.000,95.000,9.000,-,-,-,23.000,100.000,0.000,63017.000,63059.000,3.000
219.000,96.000,96.000,-,142.000,67.000,96.000,9.000,-,-,-,23.000,100.000,0.000,63017.000,63059.000,3.000
220.000,96.000,96.000,-,142.000,67.000,97.000,9.000,-,-,-,23.000,100.000,0.000,63017.000,63059.000,3.000
221.000,98.000,96.000,-,140.000,68.000,95.000,9.000,-,-,-,23.000,100.000,0.000,63017.000,63059.000,3.000
222.000,102.000,96.000,-,141.000,67.000,95.000,9.000,-,-,-,23.000,100.000,0.000,63017.000,63059.000,4.000
223.000,102.000,96.000,-,141.000,67.000,95.000,9.000,-,-,-,23.000,100.000,0.000,63017.000,63059.000,4.000
224.000,102.000,96.000,-,142.000,67.000,95.000,9.000,-,-,-,23.000,100.000,0.000,63017.000,63059.000,4.000
225.000,102.000,96.000,-,141.000,67.000,95.000,9.000,-,-,-,23.000,100.000,0.000,63017.000,63059.000,4.000
226.000,102.000,96.000,-,141.000,66.000,95.000,9.000,-,-,-,23.000,100.000,0.000,63018.000,63059.000,4.000
227.000,102.000,96.000,-,141.000,66.000,95.000,9.000,-,-,-,23.000,100.000,0.000,63018.000,63059.000,4.000
228.000,99.000,96.000,-,141.000,66.000,95.000,9.000,-,-,-,23.000,100.000,0.000,63018.000,63059.000,4.000
229.000,99.000,96.000,-,141.000,66.000,95.000,9.000,-,-,-,23.000,100.000,0.000,63018.000,63059.000,4.000
230.000,96.000,96.000,-,141.000,66.000,95.000,9.000,-,-,-,23.000,100.000,0.000,63018.000,63059.000,4.000
231.000,96.000,96.000,-,141.000,66.000,95.000,9.000,-,-,-,23.000,100.000,0.000,63018.000,63059.000,4.000
232.000,96.000,96.000,-,141.000,66.000,95.000,10.000,-,-,-,23.000,100.000,0.000,63018.000,63059.000,4.000
233.000,96.000,96.000,-,141.000,66.000,95.000,9.000,-,-,-,23.000,100.000,0.000,63017.000,63059.000,4.000
234.000,96.000,96.000,-,141.000,66.000,95.000,9.000,-,-,-,23.000,100.000,0.000,63017.000,63059.000,4.000
235.000,96.000,96.000,-,141.000,66.000,95.000,10.000,-,-,-,23.000,100.000,0.000,63017.000,63059.000,4.000
236.000,96.000,96.000,-,141.000,66.000,95.000,9.000,-,-,-,23.000,100.000,0.000,63017.000,63059.000,4.000
237.000,96.000,96.000,-,141.000,66.000,95.000,9.000,-,-,-,23.000,100.000,0.000,63017.000,63059.000,4.000
238.000,96.000,96.000,-,141.000,66.000,95.000,9.000,-,-,-,23.000,100.000,0.000,63017.000,63059.000,4.000
239.000,96.000,96.000,-,141.000,66.000,95.000,9.000,-,-,-,23.000,100.000,0.000,63017.000,63059.000,4.000
240.000,96.000,96.000,-,141.000,66.000,95.000,9.000,-,-,-,23.000,100.000,0.000,63017.000,63059.000,4.000
241.000,96.000,96.000,-,141.000,66.000,95.000,9.000,-,-,-,23.000,100.000,0.000,63017.000,63059.000,4.000
242.000,96.000,96.000,-,141.000,66.000,95.000,9.000,-,-,-,23.000,100.000,0.000,63017.000,63059.000,4.000
243.000,96.000,96.000,-,141.000,66.000,95.000,9.000,-,-,-,23.000,100.000,0.000,63017.000,63059.000,4.000
244.000,96.000,96.000,-,141.000,66.000,95.000,9.000,-,-,-,23.000,100.000,0.000,63017.000,63059.000,4.000
245.000,96.000,96.000,-,142.000,66.000,94.000,10.000,-,-,-,23.000,100.000,0.000,63017.000,63059.000,4.000
246.000,97.000,96.000,-,142.000,65.000,95.000,9.000,-,-,-,23.000,100.000,0.000,63017.000,63059.000,5.000
247.000,97.000,96.000,-,142.000,65.000,95.000,10.000,-,-,-,23.000,100.000,0.000,63017.000,63059.000,4.000
248.000,97.000,96.000,-,142.000,66.000,95.000,10.000,-,-,-,23.000,100.000,0.000,63017.000,63059.000,4.000
249.000,97.000,96.000,-,142.000,66.000,95.000,9.000,-,-,-,23.000,100.000,0.000,63017.000,63059.000,4.000
250.000,97.000,96.000,-,142.000,66.000,95.000,9.000,-,-,-,23.000,100.000,0.000,63017.000,63059.000,4.000
251.000,97.000,96.000,-,142.000,66.000,96.000,9.000,-,-,-,23.000,100.000,0.000,63017.000,63059.000,4.000
252.000,97.000,96.000,-,142.000,66.000,96.000,9.000,-,-,-,23.000,100.000,0.000,63017.000,63059.000,4.000
253.000,96.000,96.000,-,143.000,66.000,96.000,9.000,-,-,-,23.000,100.000,0.000,63017.000,63059.000,4.000
254.000,99.000,96.000,-,143.000,65.000,96.000,10.000,-,-,-,23.000,100.000,0.000,63017.000,63059.000,5.000
255.000,97.000,96.000,-,144.000,66.000,96.000,10.000,-,-,-,23.000,100.000,0.000,63017.000,63059.000,5.000
256.000,97.000,96.000,-,144.000,66.000,96.000,10.000,-,-,-,23.000,100.000,0.000,63017.000,63059.000,5.000
257.000,97.000,96.000,-,143.000,66.000,96.000,9.000,-,-,-,23.000,100.000,0.000,63017.000,63059.000,5.000
258.000,96.000,96.000,-,143.000,66.000,95.000,10.000,-,-,-,23.000,100.000,0.000,63017.000,63059.000,4.000
259.000,97.000,96.000,-,143.000,65.000,95.000,10.000,-,-,-,23.000,100.000,0.000,63017.000,63059.000,4.000
260.000,97.000,96.000,-,144.000,66.000,95.000,10.000,-,-,-,23.000,100.000,0.000,63017.000,63059.000,4.000
261.000,94.000,96.000,-,144.000,66.000,95.000,10.000,-,-,-,23.000,100.000,0.000,63017.000,63059.000,3.000
262.000,96.000,96.000,-,143.000,66.000,95.000,10.000,-,-,-,23.000,100.000,0.000,63017.000,63059.000,3.000
263.000,96.000,96.000,-,143.000,66.000,95.000,10.000,-,-,-,23.000,100.000,0.000,63017.000,63059.000,3.000
264.000,96.000,96.000,-,143.000,66.000,95.000,10.000,-,-,-,23.000,100.000,0.000,63017.000,63059.000,3.000
265.000,96.000,96.000,-,142.000,66.000,95.000,9.000,-,-,-,23.000,100.000,0.000,63017.000,63059.000,3.000
266.000,96.000,95.000,-,142.000,66.000,95.000,9.000,-,-,-,23.000,100.000,0.000,63017.000,63059.000,3.000
267.000,96.000,95.000,-,142.000,66.000,95.000,9.000,-,-,-,23.000,100.000,0.000,63017.000,63059.000,3.000
268.000,96.000,95.000,-,142.000,66.000,95.000,9.000,-,-,-,23.000,100.000,0.000,63017.000,63059.000,3.000
269.000,96.000,95.000,-,142.000,66.000,95.000,9.000,-,-,-,23.000,100.000,0.000,63017.000,63059.000,3.000
270.000,96.000,95.000,-,142.000,66.000,95.000,9.000,-,-,-,23.000,100.000,0.000,63017.000,63059.000,3.000
271.000,96.000,95.000,-,141.000,66.000,95.000,9.000,-,-,-,23.000,100.000,0.000,63017.000,63059.000,3.000
272.000,99.000,95.000,-,141.000,66.000,96.000,10.000,-,-,-,23.000,100.000,0.000,63017.000,63059.000,4.000
273.000,103.000,95.000,-,138.000,66.000,94.000,10.000,-,-,-,23.000,100.000,0.000,63017.000,63059.000,5.000
274.000,103.000,95.000,-,139.000,66.000,94.000,10.000,-,-,-,23.000,100.000,0.000,63017.000,63059.000,5.000
275.000,103.000,95.000,-,139.000,65.000,94.000,10.000,-,-,-,23.000,100.000,0.000,63017.000,63059.000,5.000
276.000,103.000,95.000,-,139.000,65.000,93.000,10.000,-,-,-,23.000,100.000,0.000,63017.000,63059.000,5.000
277.000,103.000,95.000,-,139.000,65.000,93.000,10.000,-,-,-,23.000,100.000,0.000,63018.000,63059.000,5.000
278.000,103.000,95.000,-,139.000,65.000,93.000,9.000,-,-,-,23.000,100.000,0.000,63018.000,63059.000,5.000
279.000,103.000,96.000,-,140.000,65.000,94.000,10.000,-,-,-,23.000,100.000,0.000,63018.000,63059.000,5.000
280.000,96.000,96.000,-,140.000,65.000,94.000,9.000,-,-,-,23.000,100.000,0.000,63018.000,63059.000,5.000
281.000,96.000,96.000,-,140.000,65.000,94.000,9.000,-,-,-,23.000,100.000,0.000,63018.000,63059.000,5.000
282.000,96.000,96.000,-,140.000,65.000,94.000,9.000,-,-,-,23.000,100.000,0.000,63018.000,63059.000,5.000
283.000,96.000,96.000,-,140.000,65.000,94.000,9.000,-,-,-,23.000,100.000,0.000,63018.000,63059.000,4.000
284.000,96.000,96.000,-,140.000,65.000,95.000,9.000,-,-,-,23.000,100.000,0.000,63017.000,63059.000,4.000
285.000,99.000,96.000,-,142.000,65.000,94.000,10.000,-,-,-,23.000,100.000,0.000,63017.000,63059.000,5.000
286.000,97.000,96.000,-,142.000,65.000,94.000,9.000,-,-,-,23.000,100.000,0.000,63017.000,63059.000,5.000
287.000,97.000,96.000,-,142.000,66.000,95.000,10.000,-,-,-,23.000,100.000,0.000,63017.000,63059.000,5.000
288.000,97.000,96.000,-,142.000,66.000,95.000,9.000,-,-,-,23.000,100.000,0.000,63017.000,63059.000,5.000
289.000,97.000,96.000,-,143.000,66.000,97.000,10.000,-,-,-,23.000,100.000,0.000,63017.000,63059.000,5.000
290.000,100.000,96.000,-,141.000,67.000,95.000,10.000,-,-,-,23.000,100.000,0.000,63017.000,63058.000,6.000
291.000,97.000,96.000,-,142.000,67.000,96.000,10.000,-,-,-,23.000,100.000,0.000,63017.000,63058.000,6.000
292.000,95.000,96.000,-,142.000,67.000,96.000,10.000,-,-,-,23.000,100.000,0.000,63017.000,63058.000,6.000
293.000,97.000,96.000,-,143.000,67.000,96.000,9.000,-,-,-,23.000,100.000,0.000,63017.000,63058.000,6.000
294.000,97.000,96.000,-,143.000,67.000,97.000,9.000,-,-,-,23.000,100.000,0.000,63017.000,63058.000,6.000
295.000,97.000,96.000,-,144.000,68.000,97.000,9.000,-,-,-,23.000,100.000,0.000,63017.000,63058.000,6.000
296.000,97.000,95.000,-,144.000,68.000,97.000,9.000,-,-,-,23.000,100.000,0.000,63017.000,63058.000,6.000
297.000,94.000,95.000,-,144.000,68.000,98.000,10.000,-,-,-,23.000,100.000,0.000,63017.000,63058.000,6.000
298.000,96.000,95.000,-,144.000,68.000,98.000,9.000,-,-,-,23.000,100.000,0.000,63017.000,63058.000,6.000
299.000,96.000,95.000,-,145.000,68.000,98.000,9.000,-,-,-,23.000,100.000,0.000,63017.000,63058.000,6.000
300.000,96.000,95.000,-,145.000,68.000,98.000,10.000,-,-,-,23.000,100.000,0.000,63017.000,63058.000,6.000
301.000,96.000,95.000,-,144.000,68.000,98.000,9.000,-,-,-,23.000,100.000,0.000,63017.000,63058.000,6.000
302.000,96.000,95.000,-,145.000,68.000,99.000,10.000,-,-,-,23.000,100.000,0.000,63017.000,63058.000,6.000
303.000,95.000,95.000,-,142.000,70.000,97.000,10.000,-,-,-,23.000,100.000,0.000,63017.000,63058.000,6.000
304.000,94.000,96.000,-,142.000,68.000,97.000,10.000,-,-,-,23.000,100.000,0.000,63017.000,63058.000,6.000
305.000,95.000,96.000,-,143.000,68.000,97.000,10.000,-,-,-,23.000,100.000,0.000,63017.000,63059.000,5.000
306.000,95.000,96.000,-,142.000,67.000,96.000,10.000,-,-,-,23.000,100.000,0.000,63017.000,63059.000,5.000
307.000,95.000,96.000,-,142.000,67.000,96.000,10.000,-,-,-,23.000,100.000,0.000,63017.000,63059.000,5.000
308.000,95.000,96.000,-,142.000,67.000,95.000,9.000,-,-,-,23.000,100.000,0.000,63017.000,63059.000,5.000
309.000,95.000,96.000,-,141.000,66.000,95.000,9.000,-,-,-,23.000,100.000,0.000,63017.000,63059.000,5.000
310.000,95.000,96.000,-,141.000,66.000,95.000,10.000,-,-,-,23.000,100.000,0.000,63017.000,63059.000,5.000
311.000,96.000,96.000,-,141.000,66.000,95.000,9.000,-,-,-,23.000,100.000,0.000,63017.000,63059.000,5.000
312.000,96.000,96.000,-,141.000,66.000,95.000,9.000,-,-,-,23.000,100.000,0.000,63017.000,63059.000,5.000
313.000,96.000,96.000,-,141.000,66.000,95.000,9.000,-,-,-,23.000,100.000,0.000,63017.000,63059.000,5.000
314.000,96.000,96.000,-,141.000,66.000,95.000,9.000,-,-,-,23.000,100.000,0.000,63017.000,63059.000,4.000
315.000,96.000,96.000,-,141.000,66.000,95.000,9.000,-,-,-,23.000,100.000,0.000,63017.000,63059.000,4.000
316.000,96.000,96.000,-,142.000,66.000,96.000,9.000,-,-,-,23.000,100.000,0.000,63017.000,63059.000,4.000
317.000,96.000,96.000,-,142.000,66.000,96.000,9.000,-,-,-,23.000,100.000,0.000,63017.000,63059.000,4.000
318.000,96.000,96.000,-,142.000,66.000,96.000,9.000,-,-,-,23.000,100.000,0.000,63017.000,63059.000,4.000
319.000,96.000,96.000,-,143.000,67.000,96.000,9.000,-,-,-,23.000,100.000,0.000,63017.000,63059.000,4.000
320.000,96.000,96.000,-,143.000,67.000,96.000,9.000,-,-,-,23.000,100.000,0.000,63017.000,63059.000,4.000
321.000,96.000,96.000,-,144.000,67.000,97.000,10.000,-,-,-,23.000,100.000,0.000,63017.000,63059.000,4.000
322.000,96.000,96.000,-,144.000,67.000,97.000,9.000,-,-,-,23.000,100.000,0.000,63017.000,63059.000,4.000
323.000,96.000,96.000,-,144.000,67.000,97.000,10.000,-,-,-,23.000,100.000,0.000,63017.000,63059.000,4.000
324.000,100.000,96.000,-,144.000,68.000,96.000,10.000,-,-,-,23.000,100.000,0.000,63017.000,63059.000,5.000
325.000,97.000,96.000,-,145.000,66.000,96.000,10.000,-,-,-,23.000,100.000,0.000,63017.000,63059.000,5.000
326.000,97.000,96.000,-,145.000,67.000,97.000,10.000,-,-,-,23.000,100.000,0.000,63017.000,63059.000,5.000
327.000,97.000,96.000,-,145.000,67.000,97.000,10.000,-,-,-,23.000,100.000,0.000,63017.000,63059.000,5.000
328.000,100.000,96.000,-,145.000,67.000,98.000,9.000,-,-,-,23.000,100.000,0.000,63017.000,63059.000,5.000
329.000,104.000,96.000,-,143.000,67.000,96.000,10.000,-,-,-,23.000,100.000,0.000,63017.000,63058.000,6.000
330.000,104.000,96.000,-,144.000,67.000,96.000,9.000,-,-,-,23.000,100.000,0.000,63017.000,63058.000,6.000
331.000,100.000,96.000,-,144.000,67.000,97.000,10.000,-,-,-,23.000,100.000,0.000,63017.000,63058.000,6.000
332.000,102.000,96.000,-,145.000,67.000,97.000,10.000,-,-,-,23.000,100.000,0.000,63017.000,63059.000,5.000
333.000,102.000,97.000,-,144.000,67.000,97.000,9.000,-,-,-,23.000,100.000,0.000,63017.000,63059.000,4.000
334.000,102.000,97.000,-,145.000,68.000,97.000,10.000,-,-,-,23.000,100.000,0.000,63018.000,63059.000,4.000
335.000,102.000,97.000,-,145.000,68.000,97.000,9.000,-,-,-,23.000,100.000,0.000,63018.000,63059.000,4.000
336.000,95.000,97.000,-,145.000,68.000,98.000,10.000,-,-,-,23.000,100.000,0.000,63018.000,63059.000,4.000
337.000,96.000,96.000,-,145.000,68.000,98.000,10.000,-,-,-,23.000,100.000,0.000,63018.000,63059.000,4.000
338.000,96.000,96.000,-,145.000,68.000,98.000,10.000,-,-,-,23.000,100.000,0.000,63018.000,63059.000,4.000
339.000,96.000,96.000,-,145.000,68.000,98.000,10.000,-,-,-,23.000,100.000,0.000,63018.000,63059.000,4.000
340.000,97.000,96.000,-,146.000,67.000,97.000,10.000,-,-,-,23.000,100.000,0.000,63017.000,63059.000,5.000
341.000,97.000,96.000,-,145.000,67.000,97.000,10.000,-,-,-,23.000,100.000,0.000,63017.000,63059.000,5.000
342.000,97.000,96.000,-,145.000,67.000,97.000,10.000,-,-,-,23.000,100.000,0.000,63017.000,63059.000,5.000
343.000,97.000,96.000,-,144.000,67.000,97.000,9.000,-,-,-,23.000,100.000,0.000,63017.000,63059.000,5.000
344.000,97.000,96.000,-,144.000,67.000,97.000,10.000,-,-,-,23.000,100.000,0.000,63017.000,63059.000,5.000
345.000,97.000,96.000,-,144.000,67.000,96.000,10.000,-,-,-,23.000,100.000,0.000,63017.000,63059.000,4.000
346.000,97.000,96.000,-,144.000,67.000,97.000,9.000,-,-,-,23.000,100.000,0.000,63017.000,63059.000,4.000
347.000,94.000,96.000,-,144.000,67.000,97.000,10.000,-,-,-,23.000,100.000,0.000,63017.000,63059.000,4.000
348.000,96.000,96.000,-,143.000,67.000,97.000,9.000,-,-,-,23.000,100.000,0.000,63017.000,63059.000,4.000
349.000,96.000,96.000,-,144.000,67.000,97.000,10.000,-,-,-,23.000,100.000,0.000,63017.000,63059.000,3.000
350.000,96.000,96.000,-,144.000,67.000,97.000,9.000,-,-,-,23.000,100.000,0.000,63017.000,63059.000,3.000
351.000,96.000,96.000,-,144.000,67.000,97.000,10.000,-,-,-,23.000,100.000,0.000,63017.000,63059.000,3.000
352.000,96.000,96.000,-,144.000,67.000,96.000,10.000,-,-,-,23.000,100.000,0.000,63017.000,63059.000,3.000
353.000,97.000,96.000,-,145.000,66.000,96.000,10.000,-,-,-,23.000,100.000,0.000,63017.000,63059.000,4.000
354.000,97.000,96.000,-,145.000,66.000,96.000,10.000,-,-,-,23.000,100.000,0.000,63017.000,63059.000,4.000
355.000,97.000,96.000,-,145.000,66.000,96.000,10.000,-,-,-,23.000,100.000,0.000,63017.000,63059.000,4.000
356.000,97.000,96.000,-,144.000,66.000,96.000,10.000,-,-,-,23.000,100.000,0.000,63017.000,63059.000,4.000
357.000,97.000,96.000,-,144.000,66.000,96.000,10.000,-,-,-,23.000,100.000,0.000,63017.000,63059.000,4.000
358.000,96.000,96.000,-,144.000,67.000,97.000,10.000,-,-,-,23.000,100.000,0.000,63017.000,63059.000,4.000
359.000,96.000,96.000,-,144.000,67.000,97.000,9.000,-,-,-,23.000,100.000,0.000,63017.000,63059.000,4.000
360.000,96.000,96.000,-,144.000,67.000,97.000,9.000,-,-,-,23.000,100.000,0.000,63017.000,63059.000,4.000
361.000,93.000,96.000,-,144.000,67.000,97.000,10.000,-,-,-,23.000,100.000,0.000,63017.000,63059.000,4.000
362.000,95.000,96.000,-,144.000,67.000,97.000,9.000,-,-,-,23.000,100.000,0.000,63017.000,63059.000,4.000
363.000,95.000,96.000,-,145.000,67.000,97.000,10.000,-,-,-,23.000,100.000,0.000,63017.000,63059.000,4.000
364.000,95.000,95.000,-,145.000,67.000,97.000,9.000,-,-,-,23.000,100.000,0.000,63017.000,63059.000,4.000
365.000,95.000,95.000,-,145.000,68.000,98.000,10.000,-,-,-,23.000,100.000,0.000,63017.000,63059.000,4.000
366.000,95.000,95.000,-,145.000,68.000,98.000,10.000,-,-,-,23.000,100.000,0.000,63017.000,63059.000,4.000
367.000,95.000,95.000,-,145.000,68.000,98.000,10.000,-,-,-,23.000,100.000,0.000,63017.000,63059.000,4.000
368.000,98.000,95.000,-,145.000,68.000,100.000,10.000,-,-,-,23.000,100.000,0.000,63017.000,63059.000,5.000
369.000,103.000,95.000,-,143.000,68.000,97.000,10.000,-,-,-,23.000,100.000,0.000,63017.000,63058.000,6.000
370.000,102.000,95.000,-,144.000,68.000,97.000,10.000,-,-,-,23.000,100.000,0.000,63017.000,63058.000,6.000
371.000,102.000,95.000,-,144.000,68.000,97.000,10.000,-,-,-,23.000,100.000,0.000,63017.000,63058.000,6.000
372.000,102.000,95.000,-,144.000,67.000,97.000,10.000,-,-,-,23.000,100.000,0.000,63017.000,63058.000,6.000
373.000,102.000,95.000,-,144.000,67.000,97.000,10.000,-,-,-,23.000,100.000,0.000,63018.000,63058.000,6.000
374.000,102.000,95.000,-,143.000,67.000,96.000,10.000,-,-,-,23.000,100.000,0.000,63018.000,63058.000,6.000
375.000,102.000,95.000,-,143.000,67.000,96.000,10.000,-,-,-,23.000,100.000,0.000,63018.000,63058.000,6.000
376.000,99.000,95.000,-,143.000,67.000,96.000,10.000,-,-,-,23.000,100.000,0.000,63018.000,63058.000,7.000
377.000,104.000,95.000,-,143.000,66.000,95.000,10.000,-,-,-,23.000,100.000,0.000,63018.000,63058.000,8.000
378.000,104.000,95.000,-,144.000,66.000,95.000,10.000,-,-,-,23.000,100.000,0.000,63018.000,63058.000,8.000
379.000,104.000,95.000,-,143.000,66.000,95.000,10.000,-,-,-,23.000,100.000,0.000,63018.000,63058.000,8.000
380.000,104.000,95.000,-,143.000,66.000,95.000,10.000,-,-,-,23.000,100.000,0.000,63018.000,63058.000,8.000
381.000,104.000,95.000,-,143.000,66.000,95.000,10.000,-,-,-,23.000,100.000,0.000,63018.000,63058.000,8.000
382.000,104.000,95.000,-,142.000,66.000,95.000,9.000,-,-,-,23.000,100.000,0.000,63018.000,63058.000,8.000
383.000,104.000,95.000,-,143.000,66.000,95.000,9.000,-,-,-,23.000,100.000,0.000,63018.000,63058.000,8.000
384.000,97.000,95.000,-,143.000,66.000,95.000,10.000,-,-,-,23.000,100.000,0.000,63018.000,63058.000,7.000
385.000,96.000,95.000,-,143.000,66.000,96.000,9.000,-,-,-,23.000,100.000,0.000,63018.000,63058.000,7.000
386.000,99.000,95.000,-,143.000,66.000,96.000,10.000,-,-,-,23.000,100.000,0.000,63018.000,63058.000,8.000
387.000,105.000,95.000,-,143.000,65.000,96.000,10.000,-,-,-,23.000,100.000,0.000,63017.000,63058.000,9.000
388.000,106.000,95.000,-,141.000,66.000,94.000,10.000,-,-,-,23.000,100.000,0.000,63017.000,63058.000,9.000
389.000,106.000,95.000,-,142.000,66.000,95.000,10.000,-,-,-,23.000,100.000,0.000,63017.000,63058.000,9.000
390.000,106.000,95.000,-,142.000,66.000,94.000,10.000,-,-,-,23.000,100.000,0.000,63017.000,63058.000,9.000
391.000,106.000,95.000,-,142.000,66.000,95.000,10.000,-,-,-,23.000,100.000,0.000,63018.000,63058.000,9.000
392.000,106.000,95.000,-,142.000,66.000,95.000,9.000,-,-,-,23.000,100.000,0.000,63018.000,63058.000,9.000
393.000,102.000,95.000,-,142.000,66.000,95.000,9.000,-,-,-,23.000,100.000,0.000,63018.000,63058.000,9.000
394.000,98.000,95.000,-,140.000,68.000,95.000,10.000,-,-,-,23.000,100.000,0.000,63018.000,63058.000,9.000
395.000,95.000,95.000,-,141.000,67.000,95.000,10.000,-,-,-,23.000,100.000,0.000,63018.000,63058.000,10.000
396.000,97.000,95.000,-,142.000,67.000,96.000,10.000,-,-,-,23.000,100.000,0.000,63018.000,63058.000,10.000
397.000,97.000,95.000,-,142.000,67.000,96.000,10.000,-,-,-,23.000,100.000,0.000,63018.000,63058.000,10.000
398.000,95.000,95.000,-,142.000,67.000,96.000,9.000,-,-,-,23.000,100.000,0.000,63018.000,63058.000,10.000
399.000,97.000,95.000,-,143.000,68.000,97.000,10.000,-,-,-,23.000,100.000,0.000,63017.000,63058.000,9.000
400.000,97.000,95.000,-,143.000,68.000,97.000,10.000,-,-,-,23.000,100.000,0.000,63017.000,63058.000,9.000
401.000,97.000,95.000,-,144.000,68.000,97.000,9.000,-,-,-,23.000,100.000,0.000,63017.000,63058.000,9.000
402.000,94.000,96.000,-,144.000,68.000,98.000,10.000,-,-,-,23.000,100.000,0.000,63017.000,63058.000,9.000
403.000,103.000,96.000,-,142.000,70.000,97.000,9.000,-,-,-,23.000,100.000,0.000,63017.000,63058.000,10.000
404.000,108.000,96.000,-,143.000,69.000,99.000,10.000,-,-,-,23.000,100.000,0.000,63017.000,63058.000,11.000
405.000,114.000,96.000,-,143.000,69.000,99.000,10.000,-,-,-,23.000,100.000,0.000,63017.000,63058.000,12.000
406.000,118.000,96.000,-,142.000,69.000,97.000,10.000,-,-,-,23.000,100.000,0.000,63017.000,63058.000,12.000
407.000,115.000,96.000,-,143.000,69.000,97.000,10.000,-,-,-,23.000,100.000,0.000,63018.000,63058.000,12.000
408.000,114.000,96.000,-,143.000,68.000,97.000,10.000,-,-,-,23.000,100.000,0.000,63018.000,63058.000,12.000
409.000,111.000,96.000,-,143.000,68.000,98.000,9.000,-,-,-,23.000,100.000,0.000,63018.000,63058.000,12.000
410.000,113.000,96.000,-,141.000,69.000,96.000,10.000,-,-,-,23.000,100.000,0.000,63018.000,63058.000,13.000
411.000,109.000,96.000,-,141.000,68.000,96.000,10.000,-,-,-,23.000,100.000,0.000,63018.000,63058.000,13.000
412.000,104.000,96.000,-,142.000,68.000,96.000,10.000,-,-,-,23.000,100.000,0.000,63018.000,63058.000,13.000
413.000,103.000,96.000,-,142.000,67.000,96.000,9.000,-,-,-,23.000,100.000,0.000,63018.000,63058.000,13.000
414.000,103.000,95.000,-,142.000,67.000,95.000,9.000,-,-,-,23.000,100.000,0.000,63018.000,63058.000,12.000
415.000,105.000,95.000,-,143.000,66.000,95.000,10.000,-,-,-,23.000,100.000,0.000,63018.000,63058.000,13.000
416.000,105.000,95.000,-,143.000,66.000,95.000,10.000,-,-,-,23.000,100.000,0.000,63018.000,63058.000,13.000
417.000,101.000,95.000,-,143.000,66.000,95.000,10.000,-,-,-,23.000,100.000,0.000,63018.000,63058.000,13.000
418.000,98.000,95.000,-,143.000,66.000,95.000,10.000,-,-,-,23.000,100.000,0.000,63018.000,63058.000,13.000
419.000,97.000,95.000,-,143.000,66.000,95.000,10.000,-,-,-,23.000,100.000,0.000,63018.000,63058.000,13.000
420.000,100.000,95.000,-,141.000,68.000,95.000,10.000,-,-,-,23.000,100.000,0.000,63018.000,63058.000,13.000
421.000,102.000,95.000,-,141.000,67.000,95.000,10.000,-,-,-,23.000,100.000,0.000,63017.000,63058.000,14.000
422.000,105.000,96.000,-,143.000,67.000,98.000,10.000,-,-,-,23.000,100.000,0.000,63017.000,63058.000,14.000
423.000,108.000,96.000,-,141.000,68.000,96.000,10.000,-,-,-,23.000,100.000,0.000,63017.000,63058.000,15.000
424.000,106.000,96.000,-,142.000,68.000,96.000,10.000,-,-,-,23.000,100.000,0.000,63017.000,63058.000,15.000
425.000,106.000,96.000,-,143.000,68.000,96.000,10.000,-,-,-,23.000,100.000,0.000,63018.000,63058.000,15.000
426.000,106.000,96.000,-,143.000,68.000,96.000,10.000,-,-,-,23.000,100.000,0.000,63018.000,63058.000,15.000
427.000,107.000,96.000,-,143.000,67.000,96.000,10.000,-,-,-,23.000,100.000,0.000,63018.000,63058.000,17.000
428.000,106.000,96.000,-,141.000,69.000,95.000,10.000,-,-,-,23.000,100.000,0.000,63018.000,63058.000,16.000
429.000,107.000,96.000,-,143.000,67.000,96.000,10.000,-,-,-,23.000,100.000,0.000,63018.000,63058.000,16.000
430.000,106.000,96.000,-,143.000,67.000,96.000,10.000,-,-,-,23.000,100.000,0.000,63018.000,63058.000,16.000
431.000,106.000,96.000,-,144.000,67.000,96.000,10.000,-,-,-,23.000,100.000,0.000,63018.000,63058.000,16.000
432.000,110.000,96.000,-,144.000,67.000,96.000,10.000,-,-,-,23.000,100.000,0.000,63018.000,63058.000,17.000
433.000,112.000,96.000,-,144.000,66.000,96.000,10.000,-,-,-,23.000,100.000,0.000,63018.000,63058.000,18.000
434.000,106.000,96.000,-,145.000,67.000,97.000,10.000,-,-,-,23.000,100.000,0.000,63018.000,63058.000,18.000
435.000,102.000,96.000,-,145.000,67.000,97.000,10.000,-,-,-,23.000,100.000,0.000,63018.000,63058.000,17.000
436.000,105.000,96.000,-,146.000,67.000,97.000,10.000,-,-,-,23.000,100.000,0.000,63018.000,63058.000,16.000
437.000,105.000,96.000,-,146.000,68.000,98.000,9.000,-,-,-,23.000,100.000,0.000,63018.000,63058.000,16.000
438.000,105.000,96.000,-,146.000,68.000,98.000,10.000,-,-,-,23.000,100.000,0.000,63018.000,63058.000,16.000
439.000,101.000,96.000,-,146.000,68.000,99.000,9.000,-,-,-,23.000,100.000,0.000,63018.000,63058.000,16.000
440.000,101.000,96.000,-,146.000,68.000,99.000,9.000,-,-,-,23.000,100.000,0.000,63018.000,63058.000,16.000
441.000,97.000,96.000,-,147.000,69.000,99.000,10.000,-,-,-,23.000,100.000,0.000,63018.000,63058.000,16.000
442.000,97.000,96.000,-,147.000,69.000,99.000,10.000,-,-,-,23.000,100.000,0.000,63018.000,63058.000,16.000
443.000,97.000,96.000,-,148.000,69.000,100.000,10.000,-,-,-,23.000,100.000,0.000,63018.000,63058.000,16.000
444.000,97.000,96.000,-,148.000,69.000,100.000,10.000,-,-,-,23.000,100.000,0.000,63018.000,63058.000,16.000
445.000,97.000,96.000,-,148.000,69.000,100.000,10.000,-,-,-,23.000,100.000,0.000,63017.000,63058.000,16.000
446.000,97.000,96.000,-,148.000,70.000,102.000,10.000,-,-,-,23.000,100.000,0.000,63017.000,63058.000,15.000
447.000,95.000,96.000,-,146.000,71.000,100.000,10.000,-,-,-,23.000,100.000,0.000,63017.000,63058.000,14.000
448.000,95.000,96.000,-,147.000,70.000,100.000,10.000,-,-,-,23.000,100.000,0.000,63017.000,63058.000,14.000
449.000,95.000,96.000,-,147.000,70.000,100.000,10.000,-,-,-,23.000,100.000,0.000,63017.000,63058.000,13.000
450.000,95.000,96.000,-,147.000,69.000,100.000,10.000,-,-,-,23.000,100.000,0.000,63017.000,63058.000,13.000
451.000,95.000,96.000,-,147.000,69.000,99.000,10.000,-,-,-,23.000,100.000,0.000,63017.000,63058.000,13.000
452.000,95.000,97.000,-,146.000,69.000,99.000,10.000,-,-,-,23.000,100.000,0.000,63017.000,63058.000,13.000
453.000,95.000,97.000,-,146.000,69.000,99.000,9.000,-,-,-,23.000,100.000,0.000,63017.000,63058.000,13.000
454.000,95.000,98.000,-,146.000,69.000,99.000,10.000,-,-,-,23.000,100.000,0.000,63017.000,63058.000,13.000
455.000,97.000,99.000,-,146.000,68.000,98.000,9.000,-,-,-,23.000,100.000,0.000,63017.000,63058.000,13.000
456.000,97.000,99.000,-,146.000,68.000,98.000,10.000,-,-,-,23.000,100.000,0.000,63017.000,63058.000,12.000
457.000,97.000,99.000,-,145.000,68.000,98.000,10.000,-,-,-,23.000,100.000,0.000,63017.000,63058.000,12.000
458.000,97.000,99.000,-,145.000,68.000,98.000,10.000,-,-,-,23.000,100.000,0.000,63017.000,63058.000,12.000
459.000,97.000,98.000,-,145.000,68.000,98.000,10.000,-,-,-,23.000,100.000,0.000,63017.000,63058.000,12.000
460.000,97.000,97.000,-,145.000,68.000,98.000,10.000,-,-,-,23.000,100.000,0.000,63017.000,63058.000,12.000
461.000,97.000,97.000,-,145.000,68.000,100.000,10.000,-,-,-,23.000,100.000,0.000,63017.000,63058.000,12.000
462.000,100.000,96.000,-,142.000,69.000,97.000,10.000,-,-,-,23.000,100.000,0.000,63017.000,63058.000,13.000
463.000,104.000,96.000,-,143.000,68.000,97.000,10.000,-,-,-,23.000,100.000,0.000,63017.000,63058.000,13.000
464.000,104.000,96.000,-,143.000,68.000,97.000,10.000,-,-,-,23.000,100.000,0.000,63017.000,63058.000,12.000
465.000,104.000,96.000,-,143.000,67.000,97.000,10.000,-,-,-,23.000,100.000,0.000,63017.000,63058.000,11.000
466.000,104.000,96.000,-,144.000,67.000,99.000,10.000,-,-,-,23.000,100.000,0.000,63017.000,63058.000,11.000
467.000,107.000,96.000,-,141.000,69.000,96.000,10.000,-,-,-,23.000,100.000,0.000,63018.000,63058.000,12.000
468.000,105.000,96.000,-,142.000,68.000,96.000,10.000,-,-,-,23.000,100.000,0.000,63018.000,63058.000,12.000
469.000,102.000,96.000,-,142.000,68.000,96.000,10.000,-,-,-,23.000,100.000,0.000,63018.000,63058.000,12.000
470.000,97.000,96.000,-,143.000,68.000,97.000,10.000,-,-,-,23.000,100.000,0.000,63018.000,63058.000,11.000
471.000,105.000,97.000,-,143.000,68.000,96.000,10.000,-,-,-,23.000,100.000,0.000,63018.000,63058.000,13.000
472.000,106.000,97.000,-,141.000,69.000,96.000,10.000,-,-,-,23.000,100.000,0.000,63018.000,63058.000,13.000
473.000,107.000,97.000,-,143.000,68.000,96.000,10.000,-,-,-,23.000,100.000,0.000,63018.000,63058.000,14.000
474.000,104.000,97.000,-,144.000,68.000,97.000,10.000,-,-,-,23.000,100.000,0.000,63018.000,63058.000,13.000
475.000,106.000,97.000,-,144.000,68.000,97.000,10.000,-,-,-,23.000,100.000,0.000,63018.000,63058.000,13.000
476.000,106.000,97.000,-,145.000,68.000,98.000,9.000,-,-,-,23.000,100.000,0.000,63018.000,63058.000,13.000
477.000,106.000,97.000,-,146.000,68.000,98.000,10.000,-,-,-,23.000,100.000,0.000,63018.000,63058.000,13.000
478.000,103.000,96.000,-,146.000,68.000,100.000,9.000,-,-,-,23.000,100.000,0.000,63018.000,63058.000,13.000
479.000,100.000,96.000,-,144.000,70.000,98.000,9.000,-,-,-,23.000,100.000,0.000,63018.000,63058.000,13.000
480.000,95.000,96.000,-,146.000,69.000,99.000,10.000,-,-,-,23.000,100.000,0.000,63018.000,63058.000,12.000
481.000,97.000,96.000,-,146.000,69.000,99.000,10.000,-,-,-,23.000,100.000,0.000,63018.000,63058.000,12.000
482.000,97.000,96.000,-,147.000,69.000,99.000,10.000,-,-,-,23.000,100.000,0.000,63018.000,63058.000,11.000
483.000,97.000,96.000,-,147.000,69.000,99.000,10.000,-,-,-,23.000,100.000,0.000,63018.000,63058.000,11.000
484.000,97.000,96.000,-,147.000,69.000,99.000,10.000,-,-,-,23.000,100.000,0.000,63017.000,63058.000,11.000
485.000,97.000,96.000,-,147.000,69.000,100.000,10.000,-,-,-,23.000,100.000,0.000,63017.000,63058.000,11.000
486.000,97.000,96.000,-,147.000,69.000,100.000,10.000,-,-,-,23.000,100.000,0.000,63017.000,63058.000,11.000
487.000,97.000,96.000,-,147.000,69.000,100.000,10.000,-,-,-,23.000,100.000,0.000,63017.000,63058.000,9.000
488.000,96.000,96.000,-,147.000,69.000,100.000,10.000,-,-,-,23.000,100.000,0.000,63017.000,63058.000,9.000
489.000,96.000,96.000,-,147.000,69.000,100.000,10.000,-,-,-,23.000,100.000,0.000,63017.000,63058.000,8.000
490.000,96.000,96.000,-,148.000,69.000,100.000,10.000,-,-,-,23.000,100.000,0.000,63017.000,63058.000,8.000
491.000,96.000,96.000,-,148.000,69.000,100.000,10.000,-,-,-,23.000,100.000,0.000,63017.000,63058.000,8.000
492.000,96.000,96.000,-,147.000,69.000,100.000,9.000,-,-,-,23.000,100.000,0.000,63017.000,63058.000,8.000
493.000,96.000,96.000,-,148.000,69.000,100.000,10.000,-,-,-,23.000,100.000,0.000,63017.000,63058.000,7.000
494.000,96.000,96.000,-,148.000,69.000,100.000,10.000,-,-,-,23.000,100.000,0.000,63017.000,63058.000,6.000
495.000,97.000,96.000,-,148.000,69.000,100.000,10.000,-,-,-,23.000,100.000,0.000,63017.000,63058.000,6.000
496.000,97.000,96.000,-,148.000,69.000,100.000,10.000,-,-,-,23.000,100.000,0.000,63017.000,63058.000,6.000
497.000,97.000,96.000,-,147.000,69.000,100.000,10.000,-,-,-,23.000,100.000,0.000,63017.000,63058.000,6.000
498.000,97.000,96.000,-,148.000,69.000,100.000,10.000,-,-,-,23.000,100.000,0.000,63017.000,63058.000,6.000
499.000,104.000,96.000,-,148.000,69.000,99.000,10.000,-,-,-,23.000,100.000,0.000,63017.000,63058.000,8.000
500.000,105.000,96.000,-,148.000,68.000,99.000,10.000,-,-,-,23.000,100.000,0.000,63017.000,63058.000,8.000
501.000,105.000,96.000,-,148.000,68.000,99.000,10.000,-,-,-,23.000,100.000,0.000,63017.000,63058.000,8.000
502.000,105.000,96.000,-,148.000,68.000,99.000,10.000,-,-,-,23.000,100.000,0.000,63017.000,63058.000,8.000
503.000,105.000,96.000,-,148.000,68.000,99.000,10.000,-,-,-,23.000,100.000,0.000,63018.000,63058.000,8.000
504.000,108.000,96.000,-,148.000,67.000,98.000,10.000,-,-,-,23.000,100.000,0.000,63018.000,63058.000,9.000
505.000,105.000,96.000,-,148.000,67.000,98.000,10.000,-,-,-,23.000,100.000,0.000,63018.000,63058.000,9.000
506.000,97.000,96.000,-,148.000,68.000,99.000,10.000,-,-,-,23.000,100.000,0.000,63018.000,63058.000,9.000
507.000,97.000,96.000,-,148.000,68.000,99.000,10.000,-,-,-,23.000,100.000,0.000,63018.000,63058.000,9.000
508.000,97.000,96.000,-,148.000,68.000,99.000,10.000,-,-,-,23.000,100.000,0.000,63018.000,63058.000,9.000
509.000,97.000,96.000,-,148.000,68.000,99.000,10.000,-,-,-,23.000,100.000,0.000,63018.000,63058.000,9.000
510.000,97.000,96.000,-,148.000,68.000,99.000,10.000,-,-,-,23.000,100.000,0.000,63017.000,63058.000,9.000
511.000,94.000,96.000,-,149.000,69.000,100.000,10.000,-,-,-,23.000,100.000,0.000,63017.000,63058.000,9.000
512.000,96.000,96.000,-,149.000,69.000,100.000,10.000,-,-,-,23.000,100.000,0.000,63017.000,63058.000,9.000
513.000,96.000,96.000,-,149.000,69.000,100.000,10.000,-,-,-,23.000,100.000,0.000,63017.000,63058.000,9.000
514.000,96.000,96.000,-,149.000,70.000,101.000,10.000,-,-,-,23.000,100.000,0.000,63017.000,63058.000,9.000
515.000,96.000,96.000,-,150.000,70.000,101.000,10.000,-,-,-,23.000,100.000,0.000,63017.000,63058.000,9.000
516.000,96.000,96.000,-,150.000,70.000,101.000,10.000,-,-,-,23.000,100.000,0.000,63017.000,63058.000,9.000
517.000,96.000,95.000,-,150.000,70.000,101.000,10.000,-,-,-,23.000,100.000,0.000,63017.000,63058.000,9.000
518.000,96.000,96.000,-,150.000,70.000,102.000,10.000,-,-,-,23.000,100.000,0.000,63017.000,63058.000,9.000
519.000,96.000,96.000,-,150.000,70.000,102.000,10.000,-,-,-,23.000,100.000,0.000,63017.000,63058.000,9.000
520.000,96.000,96.000,-,150.000,70.000,102.000,9.000,-,-,-,23.000,100.000,0.000,63017.000,63058.000,9.000
521.000,96.000,96.000,-,150.000,70.000,100.000,11.000,-,-,-,23.000,100.000,0.000,63017.000,63058.000,8.000
522.000,97.000,96.000,-,151.000,69.000,100.000,10.000,-,-,-,23.000,100.000,0.000,63017.000,63058.000,8.000
523.000,97.000,96.000,-,150.000,69.000,100.000,10.000,-,-,-,23.000,100.000,0.000,63017.000,63058.000,8.000
524.000,97.000,96.000,-,149.000,69.000,100.000,10.000,-,-,-,23.000,100.000,0.000,63017.000,63058.000,8.000
525.000,97.000,96.000,-,149.000,69.000,100.000,10.000,-,-,-,23.000,100.000,0.000,63017.000,63058.000,8.000
526.000,97.000,96.000,-,149.000,69.000,100.000,10.000,-,-,-,23.000,100.000,0.000,63017.000,63058.000,8.000
527.000,98.000,96.000,-,146.000,69.000,98.000,10.000,-,-,-,23.000,100.000,0.000,63017.000,63058.000,8.000
528.000,98.000,96.000,-,146.000,69.000,98.000,10.000,-,-,-,23.000,100.000,0.000,63017.000,63058.000,8.000
529.000,98.000,96.000,-,146.000,69.000,98.000,10.000,-,-,-,23.000,100.000,0.000,63017.000,63058.000,8.000
530.000,95.000,96.000,-,146.000,68.000,98.000,10.000,-,-,-,23.000,100.000,0.000,63017.000,63058.000,8.000
531.000,97.000,96.000,-,145.000,68.000,98.000,9.000,-,-,-,23.000,100.000,0.000,63017.000,63058.000,6.000
532.000,97.000,96.000,-,146.000,68.000,98.000,10.000,-,-,-,23.000,100.000,0.000,63017.000,63058.000,6.000
533.000,97.000,96.000,-,146.000,68.000,98.000,10.000,-,-,-,23.000,100.000,0.000,63017.000,63058.000,6.000
534.000,97.000,96.000,-,146.000,68.000,99.000,10.000,-,-,-,23.000,100.000,0.000,63017.000,63059.000,5.000
535.000,97.000,95.000,-,146.000,68.000,99.000,10.000,-,-,-,23.000,100.000,0.000,63017.000,63059.000,5.000
536.000,97.000,96.000,-,146.000,68.000,99.000,10.000,-,-,-,23.000,100.000,0.000,63017.000,63059.000,5.000
537.000,97.000,96.000,-,146.000,68.000,99.000,10.000,-,-,-,23.000,100.000,0.000,63017.000,63059.000,5.000
538.000,97.000,96.000,-,146.000,68.000,99.000,10.000,-,-,-,23.000,100.000,0.000,63017.000,63059.000,5.000
539.000,97.000,96.000,-,147.000,68.000,99.000,10.000,-,-,-,23.000,100.000,0.000,63017.000,63059.000,5.000
540.000,97.000,96.000,-,147.000,68.000,99.000,10.000,-,-,-,23.000,100.000,0.000,63017.000,63059.000,5.000
541.000,96.000,96.000,-,147.000,68.000,99.000,10.000,-,-,-,23.000,100.000,0.000,63017.000,63059.000,5.000
542.000,96.000,96.000,-,147.000,69.000,100.000,10.000,-,-,-,23.000,100.000,0.000,63017.000,63059.000,5.000
543.000,96.000,96.000,-,148.000,69.000,100.000,10.000,-,-,-,23.000,100.000,0.000,63017.000,63059.000,5.000
544.000,96.000,96.000,-,148.000,69.000,100.000,9.000,-,-,-,23.000,100.000,0.000,63017.000,63059.000,5.000
545.000,96.000,96.000,-,148.000,69.000,100.000,10.000,-,-,-,23.000,100.000,0.000,63017.000,63059.000,5.000
546.000,96.000,96.000,-,148.000,69.000,100.000,9.000,-,-,-,23.000,100.000,0.000,63017.000,63059.000,5.000
547.000,99.000,96.000,-,149.000,68.000,100.000,10.000,-,-,-,23.000,100.000,0.000,63017.000,63058.000,6.000
548.000,97.000,96.000,-,149.000,68.000,100.000,10.000,-,-,-,23.000,100.000,0.000,63017.000,63058.000,6.000
549.000,97.000,96.000,-,149.000,68.000,100.000,10.000,-,-,-,23.000,100.000,0.000,63017.000,63058.000,6.000
550.000,97.000,96.000,-,149.000,69.000,100.000,10.000,-,-,-,23.000,100.000,0.000,63017.000,63058.000,6.000
551.000,97.000,96.000,-,149.000,69.000,100.000,10.000,-,-,-,23.000,100.000,0.000,63017.000,63058.000,6.000
552.000,97.000,96.000,-,148.000,69.000,100.000,10.000,-,-,-,23.000,100.000,0.000,63017.000,63058.000,6.000
553.000,97.000,96.000,-,148.000,69.000,98.000,11.000,-,-,-,23.000,100.000,0.000,63017.000,63058.000,6.000
554.000,95.000,95.000,-,148.000,68.000,99.000,10.000,-,-,-,23.000,100.000,0.000,63017.000,63058.000,7.000
555.000,97.000,95.000,-,148.000,68.000,99.000,10.000,-,-,-,23.000,100.000,0.000,63017.000,63058.000,7.000
556.000,97.000,95.000,-,148.000,68.000,99.000,10.000,-,-,-,23.000,100.000,0.000,63017.000,63058.000,7.000
557.000,97.000,95.000,-,147.000,68.000,98.000,10.000,-,-,-,23.000,100.000,0.000,63017.000,63058.000,7.000
558.000,97.000,95.000,-,147.000,68.000,99.000,10.000,-,-,-,23.000,100.000,0.000,63017.000,63058.000,7.000
559.000,97.000,95.000,-,147.000,68.000,98.000,9.000,-,-,-,23.000,100.000,0.000,63017.000,63059.000,5.000
560.000,97.000,95.000,-,147.000,68.000,99.000,10.000,-,-,-,23.000,100.000,0.000,63017.000,63059.000,5.000
561.000,96.000,95.000,-,146.000,68.000,98.000,10.000,-,-,-,23.000,100.000,0.000,63017.000,63059.000,5.000
562.000,96.000,95.000,-,146.000,68.000,98.000,10.000,-,-,-,23.000,100.000,0.000,63017.000,63059.000,5.000
563.000,96.000,95.000,-,146.000,68.000,98.000,10.000,-,-,-,23.000,100.000,0.000,63017.000,63059.000,4.000
564.000,98.000,95.000,-,146.000,66.000,97.000,10.000,-,-,-,23.000,100.000,0.000,63017.000,63059.000,5.000
565.000,98.000,95.000,-,146.000,66.000,97.000,10.000,-,-,-,23.000,100.000,0.000,63017.000,63059.000,5.000
566.000,98.000,96.000,-,145.000,66.000,96.000,10.000,-,-,-,23.000,100.000,0.000,63017.000,63059.000,5.000
567.000,98.000,96.000,-,144.000,66.000,96.000,9.000,-,-,-,23.000,100.000,0.000,63017.000,63059.000,5.000
568.000,98.000,96.000,-,144.000,66.000,96.000,9.000,-,-,-,23.000,100.000,0.000,63017.000,63059.000,5.000
569.000,97.000,96.000,-,144.000,66.000,96.000,10.000,-,-,-,23.000,100.000,0.000,63017.000,63059.000,5.000
570.000,98.000,96.000,-,144.000,66.000,96.000,9.000,-,-,-,23.000,100.000,0.000,63017.000,63059.000,5.000
571.000,97.000,96.000,-,144.000,66.000,96.000,9.000,-,-,-,23.000,100.000,0.000,63017.000,63059.000,5.000
572.000,94.000,96.000,-,144.000,66.000,96.000,9.000,-,-,-,23.000,100.000,0.000,63017.000,63059.000,5.000
573.000,96.000,96.000,-,144.000,66.000,96.000,9.000,-,-,-,23.000,100.000,0.000,63017.000,63059.000,5.000
574.000,96.000,96.000,-,144.000,67.000,97.000,10.000,-,-,-,23.000,100.000,0.000,63017.000,63059.000,5.000
575.000,96.000,96.000,-,144.000,67.000,97.000,9.000,-,-,-,23.000,100.000,0.000,63017.000,63059.000,5.000
576.000,96.000,96.000,-,144.000,67.000,97.000,9.000,-,-,-,23.000,100.000,0.000,63017.000,63059.000,5.000
577.000,97.000,96.000,-,145.000,67.000,98.000,10.000,-,-,-,23.000,100.000,0.000,63017.000,63059.000,5.000
578.000,97.000,96.000,-,145.000,67.000,98.000,9.000,-,-,-,23.000,100.000,0.000,63017.000,63059.000,5.000
579.000,97.000,96.000,-,145.000,68.000,98.000,10.000,-,-,-,23.000,100.000,0.000,63017.000,63059.000,5.000
580.000,97.000,96.000,-,146.000,68.000,98.000,9.000,-,-,-,23.000,100.000,0.000,63017.000,63059.000,5.000
581.000,97.000,96.000,-,146.000,68.000,99.000,9.000,-,-,-,23.000,100.000,0.000,63017.000,63059.000,5.000
582.000,97.000,96.000,-,146.000,68.000,99.000,9.000,-,-,-,23.000,100.000,0.000,63017.000,63059.000,5.000
583.000,97.000,96.000,-,147.000,69.000,99.000,9.000,-,-,-,23.000,100.000,0.000,63017.000,63059.000,4.000
584.000,97.000,96.000,-,147.000,69.000,100.000,9.000,-,-,-,23.000,100.000,0.000,63017.000,63059.000,4.000
585.000,97.000,96.000,-,147.000,69.000,100.000,9.000,-,-,-,23.000,100.000,0.000,63017.000,63059.000,4.000
586.000,97.000,96.000,-,148.000,69.000,100.000,9.000,-,-,-,23.000,100.000,0.000,63017.000,63059.000,4.000
587.000,97.000,96.000,-,148.000,70.000,101.000,10.000,-,-,-,23.000,100.000,0.000,63017.000,63059.000,3.000
588.000,97.000,96.000,-,148.000,70.000,101.000,9.000,-,-,-,23.000,100.000,0.000,63017.000,63059.000,3.000
589.000,97.000,96.000,-,149.000,70.000,101.000,10.000,-,-,-,23.000,100.000,0.000,63017.000,63059.000,3.000
590.000,97.000,96.000,-,149.000,70.000,101.000,10.000,-,-,-,23.000,100.000,0.000,63017.000,63059.000,3.000
591.000,97.000,96.000,-,149.000,70.000,102.000,10.000,-,-,-,23.000,100.000,0.000,63017.000,63059.000,3.000
592.000,97.000,96.000,-,150.000,70.000,102.000,10.000,-,-,-,23.000,100.000,0.000,63017.000,63059.000,3.000
593.000,97.000,96.000,-,150.000,70.000,102.000,10.000,-,-,-,23.000,100.000,0.000,63017.000,63059.000,3.000
594.000,97.000,96.000,-,150.000,71.000,102.000,10.000,-,-,-,23.000,100.000,0.000,63017.000,63059.000,3.000
595.000,97.000,96.000,-,150.000,71.000,102.000,10.000,-,-,-,23.000,100.000,0.000,63014.000,63059.000,3.000
596.000,97.000,96.000,-,150.000,70.000,102.000,9.000,-,-,-,23.000,100.000,0.000,63014.000,63059.000,3.000
597.000,96.000,96.000,-,150.000,71.000,102.000,10.000,-,-,-,23.000,100.000,0.000,63014.000,63059.000,3.000
598.000,97.000,96.000,-,150.000,70.000,102.000,9.000,-,-,-,23.000,100.000,0.000,63014.000,63059.000,3.000
599.000,97.000,96.000,-,150.000,70.000,102.000,9.000,-,-,-,23.000,100.000,0.000,63014.000,63059.000,3.000
