'Elapsed time','HR','PULSE','ABP Sys','ABP Dias','ABP Mean','CVP','NBP','NBP Sys','NBP Dias','NBP Mean','RESP','SpO2','PVC Rate per Minute','Rhythm Status','Ectopic Status','Ectopic Count'
'seconds','bpm','bpm','mmHg','mmHg','mmHg','mmHg','mmHg','mmHg','mmHg','mmHg','pm','%','pm','?','?','?'
0.000,72.000,72.000,156.000,63.000,94.000,10.000,-,-,-,-,27.000,98.000,0.000,63014.000,63059.000,2.000
1.000,72.000,72.000,156.000,63.000,94.000,10.000,-,-,-,-,27.000,98.000,0.000,63014.000,63059.000,2.000
2.000,72.000,72.000,156.000,63.000,94.000,10.000,-,-,-,-,27.000,98.000,0.000,63014.000,63059.000,2.000
3.000,72.000,72.000,156.000,63.000,94.000,10.000,-,-,-,-,27.000,98.000,0.000,63014.000,63059.000,2.000
4.000,72.000,72.000,156.000,63.000,94.000,10.000,-,-,-,-,27.000,98.000,0.000,63014.000,63059.000,2.000
5.000,72.000,72.000,156.000,63.000,95.000,10.000,-,-,-,-,27.000,98.000,0.000,63014.000,63059.000,2.000
6.000,73.000,72.000,157.000,64.000,95.000,10.000,-,-,-,-,27.000,98.000,0.000,63014.000,63059.000,2.000
7.000,73.000,72.000,152.000,65.000,95.000,10.000,-,-,-,-,27.000,98.000,0.000,63014.000,63059.000,2.000
8.000,77.000,72.000,155.000,66.000,96.000,10.000,-,-,-,-,27.000,98.000,0.000,63014.000,63059.000,3.000
9.000,79.000,72.000,155.000,66.000,97.000,10.000,-,-,-,-,27.000,98.000,0.000,63014.000,63059.000,3.000
10.000,81.000,72.000,157.000,67.000,98.000,10.000,-,-,-,-,27.000,98.000,0.000,63014.000,63059.000,3.000
11.000,82.000,72.000,157.000,67.000,98.000,10.000,-,-,-,-,27.000,98.000,0.000,63014.000,63059.000,3.000
12.000,84.000,72.000,158.000,67.000,97.000,10.000,-,-,-,-,27.000,98.000,0.000,63014.000,63059.000,3.000
13.000,85.000,72.000,159.000,65.000,96.000,10.000,-,-,-,-,27.000,98.000,0.000,63014.000,63059.000,3.000
14.000,82.000,73.000,158.000,65.000,96.000,10.000,-,-,-,-,27.000,98.000,0.000,63014.000,63059.000,3.000
15.000,82.000,74.000,158.000,65.000,95.000,11.000,-,-,-,-,27.000,98.000,0.000,63014.000,63059.000,3.000
16.000,81.000,76.000,157.000,64.000,95.000,11.000,-,-,-,-,27.000,98.000,0.000,63014.000,63059.000,3.000
17.000,78.000,78.000,158.000,64.000,95.000,0.000,-,-,-,-,26.000,98.000,0.000,63014.000,63059.000,3.000
18.000,75.000,80.000,157.000,64.000,95.000,14.000,-,-,-,-,26.000,98.000,0.000,63014.000,63059.000,3.000
19.000,74.000,82.000,157.000,64.000,95.000,14.000,-,-,-,-,26.000,98.000,0.000,63014.000,63059.000,3.000
20.000,72.000,81.000,157.000,64.000,95.000,10.000,-,-,-,-,26.000,98.000,0.000,63014.000,63059.000,3.000
21.000,72.000,79.000,157.000,64.000,95.000,11.000,-,-,-,-,26.000,98.000,0.000,63014.000,63059.000,3.000
22.000,70.000,78.000,156.000,64.000,96.000,10.000,-,-,-,-,23.000,98.000,0.000,63014.000,63059.000,3.000
23.000,72.000,75.000,155.000,65.000,96.000,10.000,-,-,-,-,23.000,98.000,0.000,63014.000,63059.000,3.000
24.000,75.000,73.000,157.000,65.000,95.000,10.000,-,-,-,-,23.000,98.000,0.000,63014.000,63059.000,4.000
25.000,76.000,70.000,157.000,64.000,95.000,10.000,-,-,-,-,23.000,98.000,0.000,63014.000,63059.000,4.000
26.000,75.000,68.000,157.000,64.000,95.000,10.000,-,-,-,-,23.000,98.000,0.000,63014.000,63059.000,4.000
27.000,76.000,69.000,157.000,64.000,95.000,10.000,-,-,-,-,23.000,98.000,0.000,63014.000,63059.000,4.000
28.000,76.000,70.000,157.000,64.000,95.000,10.000,-,-,-,-,23.000,98.000,0.000,63014.000,63059.000,4.000
29.000,75.000,71.000,157.000,64.000,95.000,12.000,-,-,-,-,23.000,98.000,0.000,63014.000,63059.000,4.000
30.000,75.000,71.000,156.000,64.000,96.000,12.000,-,-,-,-,23.000,98.000,0.000,63014.000,63059.000,4.000
31.000,77.000,71.000,156.000,64.000,94.000,10.000,-,-,-,-,22.000,98.000,0.000,63014.000,63059.000,5.000
32.000,77.000,71.000,156.000,64.000,94.000,10.000,-,-,-,-,22.000,98.000,0.000,63014.000,63059.000,5.000
33.000,75.000,72.000,155.000,64.000,94.000,10.000,-,-,-,-,22.000,98.000,0.000,63014.000,63059.000,5.000
34.000,73.000,73.000,155.000,64.000,95.000,10.000,-,-,-,-,22.000,98.000,0.000,63014.000,63059.000,5.000
35.000,72.000,73.000,151.000,65.000,94.000,3.000,-,-,-,-,22.000,98.000,0.000,63014.000,63059.000,5.000
36.000,76.000,73.000,152.000,65.000,95.000,18.000,-,-,-,-,22.000,98.000,0.000,63014.000,63058.000,6.000
37.000,77.000,73.000,154.000,65.000,94.000,12.000,-,-,-,-,22.000,98.000,0.000,63014.000,63058.000,6.000
38.000,76.000,73.000,155.000,64.000,93.000,12.000,-,-,-,-,22.000,98.000,0.000,63014.000,63058.000,6.000
39.000,76.000,73.000,155.000,63.000,93.000,10.000,-,-,-,-,23.000,98.000,0.000,63014.000,63058.000,6.000
40.000,76.000,73.000,154.000,63.000,94.000,10.000,-,-,-,-,23.000,98.000,0.000,63014.000,63058.000,6.000
41.000,76.000,73.000,153.000,64.000,92.000,11.000,-,-,-,-,26.000,98.000,0.000,63014.000,63058.000,6.000
42.000,75.000,73.000,153.000,62.000,92.000,11.000,-,-,-,-,26.000,98.000,0.000,63014.000,63058.000,6.000
43.000,75.000,72.000,153.000,63.000,92.000,11.000,-,-,-,-,26.000,98.000,0.000,63014.000,63059.000,4.000
44.000,75.000,72.000,152.000,62.000,92.000,11.000,-,-,-,-,26.000,98.000,0.000,63014.000,63059.000,4.000
45.000,75.000,70.000,152.000,62.000,92.000,11.000,-,-,-,-,26.000,98.000,0.000,63014.000,63059.000,4.000
46.000,73.000,69.000,152.000,62.000,92.000,11.000,-,-,-,-,26.000,98.000,0.000,63014.000,63059.000,4.000
47.000,70.000,69.000,150.000,62.000,92.000,11.000,-,-,-,-,26.000,98.000,0.000,63014.000,63059.000,4.000
48.000,71.000,69.000,150.000,62.000,92.000,11.000,-,-,-,-,26.000,98.000,0.000,63014.000,63059.000,4.000
49.000,71.000,68.000,150.000,62.000,92.000,11.000,-,-,-,-,26.000,98.000,0.000,63014.000,63059.000,4.000
50.000,72.000,67.000,150.000,62.000,92.000,11.000,-,-,-,-,26.000,98.000,0.000,63014.000,63059.000,4.000
51.000,72.000,67.000,150.000,62.000,93.000,11.000,-,-,-,-,26.000,98.000,0.000,63014.000,63059.000,4.000
52.000,72.000,67.000,151.000,63.000,93.000,1.000,-,-,-,-,26.000,98.000,0.000,63014.000,63059.000,4.000
53.000,71.000,67.000,151.000,63.000,93.000,1.000,-,-,-,-,26.000,98.000,0.000,63014.000,63059.000,4.000
54.000,71.000,66.000,151.000,63.000,93.000,16.000,-,-,-,-,26.000,98.000,0.000,63014.000,63059.000,4.000
55.000,71.000,66.000,151.000,63.000,95.000,11.000,-,-,-,-,26.000,98.000,0.000,63014.000,63059.000,4.000
56.000,72.000,67.000,150.000,64.000,93.000,11.000,-,-,-,-,26.000,98.000,0.000,63014.000,63059.000,4.000
57.000,73.000,68.000,151.000,63.000,93.000,11.000,-,-,-,-,26.000,98.000,0.000,63014.000,63059.000,4.000
58.000,72.000,68.000,151.000,63.000,93.000,11.000,-,-,-,-,26.000,98.000,0.000,63014.000,63059.000,4.000
59.000,72.000,68.000,152.000,63.000,93.000,0.000,-,-,-,-,26.000,98.000,0.000,63014.000,63059.000,4.000
60.000,72.000,68.000,152.000,63.000,93.000,15.000,-,-,-,-,26.000,98.000,0.000,63014.000,63059.000,4.000
61.000,72.000,68.000,152.000,63.000,93.000,13.000,-,-,-,-,26.000,98.000,0.000,63014.000,63059.000,4.000
62.000,72.000,68.000,153.000,63.000,94.000,13.000,-,-,-,-,26.000,98.000,0.000,63014.000,63059.000,4.000
63.000,72.000,69.000,153.000,63.000,94.000,10.000,-,-,-,-,24.000,98.000,0.000,63014.000,63059.000,4.000
64.000,73.000,70.000,153.000,63.000,94.000,10.000,-,-,-,-,24.000,99.000,0.000,63014.000,63059.000,4.000
65.000,73.000,70.000,154.000,64.000,94.000,10.000,-,-,-,-,24.000,99.000,0.000,63014.000,63059.000,4.000
66.000,73.000,70.000,153.000,63.000,94.000,10.000,-,-,-,-,24.000,98.000,0.000,63014.000,63059.000,4.000
67.000,71.000,70.000,154.000,63.000,94.000,10.000,-,-,-,-,24.000,98.000,0.000,63014.000,63059.000,3.000
68.000,73.000,70.000,149.000,64.000,91.000,10.000,-,-,-,-,24.000,98.000,0.000,63014.000,63059.000,3.000
69.000,74.000,70.000,151.000,63.000,92.000,10.000,-,-,-,-,24.000,98.000,1.000,63014.000,63059.000,3.000
70.000,73.000,72.000,150.000,62.000,91.000,11.000,-,-,-,-,24.000,99.000,1.000,63014.000,63059.000,3.000
71.000,73.000,72.000,150.000,62.000,91.000,11.000,-,-,-,-,24.000,99.000,1.000,63014.000,63059.000,3.000
72.000,73.000,73.000,151.000,63.000,91.000,10.000,-,-,-,-,24.000,99.000,1.000,63014.000,63059.000,3.000
73.000,72.000,73.000,151.000,62.000,91.000,10.000,-,-,-,-,24.000,99.000,1.000,63014.000,63059.000,3.000
74.000,72.000,73.000,151.000,62.000,91.000,10.000,-,-,-,-,24.000,99.000,1.000,63014.000,63059.000,3.000
75.000,72.000,73.000,152.000,62.000,92.000,10.000,-,-,-,-,24.000,99.000,1.000,63014.000,63059.000,3.000
76.000,71.000,73.000,151.000,62.000,91.000,10.000,-,-,-,-,24.000,99.000,1.000,63014.000,63059.000,3.000
77.000,71.000,73.000,152.000,62.000,92.000,10.000,-,-,-,-,24.000,99.000,1.000,63014.000,63059.000,3.000
78.000,71.000,73.000,152.000,62.000,92.000,0.000,-,-,-,-,24.000,99.000,1.000,63014.000,63059.000,3.000
79.000,71.000,72.000,153.000,62.000,92.000,16.000,-,-,-,-,24.000,99.000,1.000,63014.000,63059.000,3.000
80.000,70.000,72.000,153.000,62.000,92.000,9.000,-,-,-,-,24.000,99.000,1.000,63014.000,63059.000,3.000
81.000,71.000,72.000,152.000,62.000,92.000,9.000,-,-,-,-,24.000,99.000,1.000,63014.000,63059.000,3.000
82.000,71.000,71.000,153.000,62.000,92.000,9.000,-,-,-,-,25.000,99.000,1.000,63014.000,63059.000,3.000
83.000,71.000,71.000,153.000,62.000,92.000,9.000,-,-,-,-,25.000,99.000,1.000,63014.000,63059.000,3.000
84.000,71.000,71.000,154.000,62.000,92.000,9.000,-,-,-,-,25.000,99.000,1.000,63014.000,63059.000,3.000
85.000,71.000,71.000,153.000,62.000,92.000,11.000,-,-,-,-,25.000,99.000,1.000,63014.000,63059.000,2.000
86.000,74.000,71.000,154.000,62.000,93.000,11.000,-,-,-,-,25.000,99.000,1.000,63014.000,63059.000,3.000
87.000,77.000,71.000,155.000,63.000,94.000,0.000,-,-,-,-,25.000,99.000,1.000,63014.000,63059.000,3.000
88.000,78.000,71.000,156.000,64.000,95.000,16.000,-,-,-,-,25.000,99.000,1.000,63014.000,63059.000,3.000
89.000,80.000,71.000,157.000,65.000,96.000,11.000,-,-,-,-,25.000,99.000,1.000,63014.000,63059.000,3.000
90.000,82.000,71.000,157.000,65.000,96.000,11.000,-,-,-,-,25.000,99.000,1.000,63014.000,63059.000,3.000
91.000,83.000,71.000,158.000,65.000,97.000,11.000,-,-,-,-,25.000,99.000,1.000,63014.000,63059.000,3.000
92.000,86.000,71.000,157.000,66.000,97.000,11.000,-,-,-,-,25.000,99.000,1.000,63014.000,63059.000,2.000
93.000,88.000,71.000,158.000,66.000,97.000,11.000,-,-,-,-,25.000,99.000,1.000,63014.000,63059.000,2.000
94.000,87.000,73.000,158.000,66.000,97.000,10.000,-,-,-,-,25.000,99.000,1.000,63014.000,63059.000,2.000
95.000,87.000,76.000,158.000,66.000,97.000,10.000,-,-,-,-,25.000,99.000,1.000,63014.000,63059.000,2.000
96.000,87.000,78.000,158.000,67.000,98.000,10.000,-,-,-,-,26.000,99.000,1.000,63014.000,63059.000,1.000
97.000,87.000,80.000,158.000,66.000,98.000,10.000,-,-,-,-,26.000,99.000,1.000,63014.000,63059.000,1.000
98.000,87.000,82.000,159.000,67.000,98.000,10.000,-,-,-,-,26.000,99.000,1.000,63014.000,63059.000,1.000
99.000,87.000,85.000,158.000,67.000,98.000,10.000,-,-,-,-,26.000,99.000,1.000,63014.000,63059.000,1.000
100.000,87.000,87.000,159.000,68.000,98.000,10.000,-,-,-,-,26.000,99.000,1.000,63014.000,63059.000,1.000
101.000,88.000,87.000,159.000,68.000,98.000,10.000,-,-,-,-,26.000,99.000,1.000,63014.000,63059.000,1.000
102.000,86.000,87.000,159.000,67.000,96.000,10.000,-,-,-,-,26.000,99.000,1.000,63014.000,63059.000,1.000
103.000,88.000,87.000,160.000,65.000,95.000,3.000,-,-,-,-,26.000,99.000,1.000,63014.000,63059.000,1.000
104.000,84.000,87.000,159.000,64.000,94.000,17.000,-,-,-,-,26.000,99.000,1.000,63014.000,63059.000,1.000
105.000,80.000,87.000,158.000,63.000,93.000,11.000,-,-,-,-,26.000,99.000,1.000,63014.000,63059.000,1.000
106.000,78.000,87.000,157.000,63.000,92.000,11.000,-,-,-,-,26.000,99.000,1.000,63014.000,63059.000,1.000
107.000,77.000,87.000,157.000,63.000,92.000,11.000,-,-,-,-,26.000,99.000,1.000,63014.000,63059.000,1.000
108.000,75.000,87.000,156.000,62.000,92.000,2.000,-,-,-,-,26.000,99.000,1.000,63014.000,63059.000,1.000
109.000,74.000,86.000,155.000,62.000,92.000,17.000,-,-,-,-,26.000,99.000,1.000,63014.000,63059.000,1.000
110.000,72.000,84.000,156.000,62.000,92.000,12.000,-,-,-,-,23.000,99.000,1.000,63014.000,63059.000,1.000
111.000,69.000,82.000,155.000,62.000,93.000,12.000,-,-,-,-,23.000,99.000,1.000,63014.000,63059.000,1.000
112.000,69.000,80.000,153.000,64.000,93.000,1.000,-,-,-,-,23.000,99.000,1.000,63014.000,63059.000,2.000
113.000,73.000,77.000,153.000,64.000,93.000,17.000,-,-,-,-,24.000,99.000,1.000,63014.000,63059.000,2.000
114.000,76.000,74.000,155.000,64.000,94.000,12.000,-,-,-,-,26.000,99.000,1.000,63014.000,63059.000,2.000
115.000,77.000,71.000,154.000,64.000,94.000,12.000,-,-,-,-,26.000,99.000,1.000,63014.000,63059.000,2.000
116.000,78.000,69.000,155.000,65.000,93.000,12.000,-,-,-,-,26.000,99.000,1.000,63014.000,63059.000,2.000
117.000,78.000,69.000,155.000,65.000,93.000,12.000,-,-,-,-,26.000,99.000,1.000,63014.000,63059.000,2.000
118.000,80.000,69.000,155.000,63.000,93.000,10.000,-,-,-,-,26.000,99.000,1.000,63014.000,63059.000,2.000
119.000,78.000,68.000,155.000,63.000,92.000,10.000,-,-,-,-,26.000,99.000,1.000,63014.000,63059.000,2.000
120.000,78.000,68.000,155.000,63.000,92.000,10.000,-,-,-,-,26.000,99.000,1.000,63014.000,63059.000,2.000
121.000,78.000,71.000,154.000,62.000,92.000,10.000,-,-,-,-,26.000,99.000,1.000,63014.000,63059.000,2.000
122.000,78.000,73.000,154.000,62.000,92.000,10.000,-,-,-,-,26.000,99.000,1.000,63014.000,63059.000,2.000
123.000,75.000,73.000,154.000,62.000,92.000,10.000,-,-,-,-,26.000,99.000,1.000,63014.000,63059.000,2.000
124.000,73.000,73.000,154.000,62.000,92.000,10.000,-,-,-,-,26.000,99.000,1.000,63014.000,63059.000,2.000
125.000,72.000,76.000,154.000,62.000,91.000,10.000,-,-,-,-,26.000,99.000,1.000,63014.000,63059.000,2.000
126.000,70.000,78.000,154.000,62.000,92.000,10.000,-,-,-,-,30.000,99.000,1.000,63014.000,63059.000,2.000
127.000,69.000,78.000,153.000,61.000,91.000,10.000,-,-,-,-,30.000,99.000,1.000,63014.000,63059.000,2.000
128.000,68.000,78.000,154.000,62.000,92.000,10.000,-,-,-,-,30.000,99.000,1.000,63014.000,63059.000,2.000
129.000,70.000,78.000,154.000,62.000,92.000,10.000,-,-,-,-,30.000,99.000,1.000,63014.000,63059.000,2.000
130.000,70.000,76.000,153.000,62.000,92.000,10.000,-,-,-,-,30.000,99.000,0.000,63014.000,63059.000,2.000
131.000,71.000,74.000,154.000,62.000,92.000,10.000,-,-,-,-,28.000,99.000,0.000,63014.000,63059.000,2.000
132.000,71.000,72.000,153.000,62.000,92.000,10.000,-,-,-,-,28.000,99.000,0.000,63014.000,63059.000,2.000
133.000,71.000,70.000,154.000,62.000,92.000,10.000,-,-,-,-,28.000,99.000,0.000,63014.000,63059.000,2.000
134.000,71.000,70.000,154.000,62.000,92.000,10.000,-,-,-,-,24.000,99.000,0.000,63014.000,63059.000,2.000
135.000,71.000,70.000,155.000,63.000,93.000,10.000,-,-,-,-,24.000,99.000,0.000,63014.000,63059.000,2.000
136.000,71.000,71.000,155.000,63.000,93.000,6.000,-,-,-,-,25.000,99.000,0.000,63014.000,63059.000,2.000
137.000,71.000,71.000,154.000,63.000,92.000,11.000,-,-,-,-,25.000,99.000,0.000,63014.000,63059.000,2.000
138.000,71.000,71.000,154.000,63.000,92.000,10.000,-,-,-,-,25.000,99.000,0.000,63014.000,63059.000,2.000
139.000,71.000,71.000,154.000,62.000,92.000,10.000,-,-,-,-,25.000,99.000,0.000,63014.000,63059.000,2.000
140.000,71.000,71.000,154.000,62.000,92.000,10.000,-,-,-,-,25.000,99.000,0.000,63014.000,63059.000,2.000
141.000,71.000,71.000,153.000,62.000,91.000,9.000,-,-,-,-,25.000,99.000,0.000,63014.000,63059.000,2.000
142.000,71.000,71.000,153.000,62.000,91.000,9.000,-,-,-,-,25.000,99.000,0.000,63014.000,63059.000,2.000
143.000,71.000,71.000,154.000,62.000,92.000,9.000,-,-,-,-,25.000,99.000,0.000,63014.000,63059.000,2.000
144.000,71.000,71.000,153.000,62.000,91.000,9.000,-,-,-,-,25.000,99.000,0.000,63014.000,63059.000,2.000
145.000,71.000,71.000,154.000,62.000,92.000,9.000,-,-,-,-,25.000,99.000,0.000,63014.000,63059.000,2.000
146.000,71.000,71.000,153.000,62.000,91.000,1.000,-,-,-,-,25.000,99.000,0.000,63014.000,63059.000,1.000
147.000,71.000,71.000,153.000,62.000,92.000,16.000,-,-,-,-,25.000,99.000,0.000,63014.000,63059.000,1.000
148.000,71.000,71.000,154.000,62.000,92.000,9.000,-,-,-,-,25.000,99.000,0.000,63014.000,63059.000,1.000
149.000,71.000,71.000,154.000,62.000,92.000,9.000,-,-,-,-,25.000,99.000,0.000,63014.000,63059.000,1.000
150.000,71.000,71.000,154.000,62.000,92.000,11.000,-,-,-,-,25.000,99.000,0.000,63014.000,63059.000,1.000
151.000,71.000,71.000,153.000,62.000,92.000,11.000,-,-,-,-,25.000,99.000,0.000,63014.000,63059.000,1.000
152.000,71.000,71.000,154.000,62.000,92.000,11.000,-,-,-,-,26.000,99.000,0.000,63014.000,63059.000,1.000
153.000,71.000,71.000,154.000,62.000,92.000,2.000,-,-,-,-,26.000,99.000,0.000,63014.000,63059.000,1.000
154.000,71.000,71.000,154.000,62.000,92.000,18.000,-,-,-,-,26.000,99.000,0.000,63014.000,63059.000,1.000
155.000,71.000,71.000,153.000,62.000,92.000,11.000,-,-,-,-,26.000,99.000,0.000,63014.000,63059.000,1.000
156.000,71.000,71.000,153.000,62.000,92.000,11.000,-,-,-,-,26.000,99.000,0.000,63014.000,63059.000,1.000
157.000,71.000,71.000,154.000,62.000,92.000,3.000,-,-,-,-,25.000,99.000,0.000,63014.000,63059.000,1.000
158.000,71.000,71.000,154.000,62.000,92.000,3.000,-,-,-,-,25.000,99.000,0.000,63014.000,63059.000,1.000
159.000,71.000,71.000,154.000,62.000,92.000,16.000,-,-,-,-,25.000,99.000,0.000,63014.000,63059.000,1.000
160.000,71.000,71.000,154.000,62.000,92.000,11.000,-,-,-,-,25.000,99.000,0.000,63014.000,63059.000,1.000
161.000,71.000,71.000,154.000,62.000,92.000,11.000,-,-,-,-,25.000,99.000,0.000,63014.000,63059.000,1.000
162.000,71.000,71.000,154.000,62.000,93.000,11.000,-,-,-,-,25.000,99.000,0.000,63014.000,63059.000,1.000
163.000,71.000,71.000,154.000,62.000,92.000,10.000,-,-,-,-,25.000,99.000,0.000,63014.000,63059.000,1.000
164.000,71.000,71.000,154.000,62.000,92.000,10.000,-,-,-,-,25.000,99.000,0.000,63014.000,63059.000,1.000
165.000,71.000,71.000,154.000,62.000,92.000,1.000,-,-,-,-,25.000,99.000,0.000,63014.000,63059.000,1.000
166.000,71.000,71.000,154.000,62.000,92.000,17.000,-,-,-,-,25.000,99.000,0.000,63014.000,63059.000,1.000
167.000,71.000,71.000,154.000,62.000,92.000,11.000,-,-,-,-,25.000,99.000,0.000,63014.000,63059.000,1.000
168.000,71.000,71.000,154.000,62.000,92.000,11.000,-,-,-,-,25.000,99.000,0.000,63014.000,63059.000,1.000
169.000,71.000,71.000,154.000,62.000,92.000,11.000,-,-,-,-,26.000,99.000,0.000,63014.000,63059.000,1.000
170.000,71.000,71.000,154.000,62.000,92.000,11.000,-,-,-,-,26.000,99.000,0.000,63014.000,63059.000,1.000
171.000,71.000,71.000,154.000,62.000,92.000,11.000,-,-,-,-,26.000,99.000,0.000,63014.000,63059.000,1.000
172.000,71.000,71.000,154.000,62.000,92.000,10.000,-,-,-,-,25.000,99.000,0.000,63014.000,63059.000,1.000
173.000,70.000,71.000,153.000,62.000,92.000,10.000,-,-,-,-,25.000,99.000,0.000,63014.000,63062.000,-
174.000,71.000,71.000,154.000,62.000,92.000,3.000,-,-,-,-,25.000,98.000,0.000,63014.000,63062.000,-
175.000,71.000,71.000,153.000,62.000,92.000,16.000,-,-,-,-,25.000,98.000,0.000,63014.000,63062.000,-
176.000,71.000,71.000,154.000,62.000,92.000,11.000,-,-,-,-,26.000,98.000,0.000,63014.000,63062.000,-
177.000,71.000,71.000,153.000,61.000,92.000,11.000,-,-,-,-,26.000,98.000,0.000,63014.000,63062.000,-
178.000,71.000,71.000,153.000,62.000,92.000,13.000,-,-,-,-,26.000,98.000,0.000,63014.000,63062.000,-
179.000,71.000,71.000,154.000,62.000,93.000,13.000,-,-,-,-,26.000,98.000,0.000,63014.000,63062.000,-
180.000,71.000,71.000,155.000,63.000,93.000,11.000,-,-,-,-,23.000,98.000,0.000,63014.000,63062.000,-
181.000,71.000,71.000,154.000,62.000,92.000,11.000,-,-,-,-,23.000,98.000,0.000,63014.000,63062.000,-
182.000,72.000,71.000,154.000,62.000,93.000,11.000,-,-,-,-,23.000,98.000,0.000,63014.000,63062.000,-
183.000,72.000,71.000,154.000,62.000,93.000,11.000,-,-,-,-,23.000,98.000,0.000,63014.000,63062.000,-
184.000,72.000,71.000,154.000,62.000,93.000,11.000,-,-,-,-,23.000,98.000,0.000,63014.000,63062.000,-
185.000,73.000,71.000,155.000,63.000,93.000,1.000,-,-,-,-,24.000,98.000,0.000,63014.000,63062.000,-
186.000,72.000,71.000,154.000,62.000,93.000,17.000,-,-,-,-,24.000,98.000,0.000,63014.000,63062.000,-
187.000,73.000,72.000,154.000,62.000,93.000,11.000,-,-,-,-,24.000,98.000,0.000,63014.000,63062.000,-
188.000,72.000,72.000,154.000,62.000,92.000,11.000,-,-,-,-,24.000,98.000,0.000,63014.000,63062.000,-
189.000,73.000,72.000,154.000,62.000,92.000,11.000,-,-,-,-,24.000,98.000,0.000,63014.000,63062.000,-
190.000,72.000,72.000,153.000,62.000,92.000,11.000,-,-,-,-,24.000,98.000,0.000,63014.000,63062.000,-
191.000,72.000,73.000,153.000,62.000,92.000,11.000,-,-,-,-,23.000,98.000,0.000,63014.000,63062.000,-
192.000,72.000,73.000,153.000,62.000,91.000,1.000,-,-,-,-,21.000,98.000,0.000,63014.000,63062.000,-
193.000,72.000,72.000,153.000,62.000,92.000,17.000,-,-,-,-,21.000,98.000,0.000,63014.000,63062.000,-
194.000,72.000,72.000,153.000,62.000,92.000,9.000,-,-,-,-,21.000,98.000,0.000,63014.000,63062.000,-
195.000,71.000,72.000,152.000,62.000,92.000,9.000,-,-,-,-,22.000,98.000,0.000,63014.000,63062.000,-
196.000,71.000,72.000,153.000,62.000,92.000,9.000,-,-,-,-,23.000,98.000,0.000,63014.000,63062.000,-
197.000,71.000,72.000,152.000,62.000,92.000,9.000,-,-,-,-,23.000,98.000,0.000,63014.000,63062.000,-
198.000,71.000,72.000,152.000,62.000,92.000,9.000,-,-,-,-,23.000,98.000,0.000,63014.000,63062.000,-
199.000,71.000,71.000,153.000,62.000,92.000,9.000,-,-,-,-,25.000,98.000,0.000,63014.000,63062.000,-
200.000,71.000,71.000,152.000,62.000,91.000,9.000,-,-,-,-,25.000,98.000,0.000,63014.000,63062.000,-
201.000,71.000,71.000,152.000,62.000,91.000,9.000,-,-,-,-,25.000,98.000,0.000,63014.000,63062.000,-
202.000,70.000,71.000,151.000,62.000,91.000,9.000,-,-,-,-,25.000,98.000,0.000,63014.000,63062.000,-
203.000,71.000,71.000,152.000,62.000,91.000,9.000,-,-,-,-,25.000,98.000,0.000,63014.000,63062.000,-
204.000,71.000,71.000,152.000,62.000,91.000,9.000,-,-,-,-,25.000,98.000,0.000,63014.000,63062.000,-
205.000,70.000,71.000,151.000,62.000,91.000,9.000,-,-,-,-,25.000,98.000,0.000,63014.000,63062.000,-
206.000,70.000,71.000,151.000,61.000,90.000,9.000,-,-,-,-,25.000,98.000,0.000,63014.000,63062.000,-
207.000,70.000,70.000,151.000,61.000,91.000,10.000,-,-,-,-,24.000,98.000,0.000,63014.000,63062.000,-
208.000,69.000,70.000,151.000,61.000,90.000,10.000,-,-,-,-,24.000,98.000,0.000,63014.000,63062.000,-
209.000,70.000,70.000,152.000,61.000,90.000,10.000,-,-,-,-,28.000,98.000,0.000,63014.000,63062.000,-
210.000,69.000,70.000,151.000,61.000,90.000,11.000,-,-,-,-,28.000,98.000,0.000,63014.000,63062.000,-
211.000,69.000,70.000,151.000,61.000,90.000,11.000,-,-,-,-,28.000,98.000,0.000,63014.000,63062.000,-
212.000,69.000,70.000,152.000,61.000,91.000,11.000,-,-,-,-,28.000,98.000,0.000,63014.000,63062.000,-
213.000,69.000,70.000,151.000,61.000,90.000,11.000,-,-,-,-,28.000,98.000,0.000,63014.000,63062.000,-
214.000,69.000,69.000,153.000,62.000,91.000,0.000,-,-,-,-,26.000,98.000,0.000,63014.000,63062.000,-
215.000,70.000,69.000,152.000,61.000,91.000,0.000,-,-,-,-,26.000,98.000,0.000,63014.000,63062.000,-
216.000,69.000,69.000,153.000,62.000,91.000,17.000,-,-,-,-,26.000,98.000,0.000,63014.000,63062.000,-
217.000,69.000,69.000,153.000,62.000,91.000,9.000,-,-,-,-,24.000,98.000,0.000,63014.000,63062.000,-
218.000,69.000,69.000,152.000,62.000,91.000,9.000,-,-,-,-,24.000,98.000,0.000,63014.000,63062.000,-
219.000,69.000,69.000,153.000,61.000,91.000,12.000,-,-,-,-,25.000,98.000,0.000,63014.000,63062.000,-
220.000,69.000,69.000,152.000,61.000,91.000,12.000,-,-,-,-,25.000,98.000,0.000,63014.000,63062.000,-
221.000,69.000,69.000,153.000,62.000,92.000,12.000,-,-,-,-,25.000,98.000,0.000,63014.000,63062.000,-
222.000,69.000,69.000,152.000,61.000,91.000,10.000,-,-,-,-,25.000,98.000,0.000,63014.000,63062.000,-
223.000,69.000,69.000,153.000,61.000,91.000,10.000,-,-,-,-,25.000,98.000,0.000,63014.000,63062.000,-
224.000,69.000,69.000,153.000,62.000,91.000,10.000,-,-,-,-,25.000,98.000,0.000,63014.000,63062.000,-
225.000,69.000,69.000,153.000,62.000,92.000,10.000,-,-,-,-,25.000,98.000,0.000,63014.000,63062.000,-
226.000,69.000,69.000,153.000,62.000,92.000,10.000,-,-,-,-,25.000,98.000,0.000,63014.000,63062.000,-
227.000,69.000,69.000,153.000,62.000,92.000,10.000,-,-,-,-,26.000,98.000,0.000,63014.000,63062.000,-
228.000,69.000,69.000,153.000,62.000,92.000,10.000,-,-,-,-,28.000,98.000,0.000,63014.000,63062.000,-
229.000,69.000,68.000,153.000,62.000,92.000,0.000,-,-,-,-,28.000,98.000,0.000,63014.000,63062.000,-
230.000,69.000,68.000,153.000,62.000,92.000,17.000,-,-,-,-,28.000,98.000,0.000,63014.000,63062.000,-
231.000,69.000,68.000,153.000,62.000,92.000,10.000,-,-,-,-,29.000,98.000,0.000,63014.000,63062.000,-
232.000,69.000,68.000,153.000,62.000,92.000,10.000,-,-,-,-,31.000,98.000,0.000,63014.000,63062.000,-
233.000,69.000,68.000,154.000,62.000,92.000,10.000,-,-,-,-,33.000,98.000,0.000,63014.000,63062.000,-
234.000,69.000,68.000,154.000,62.000,92.000,10.000,-,-,-,-,36.000,98.000,0.000,63014.000,63062.000,-
235.000,69.000,68.000,154.000,62.000,92.000,10.000,-,-,-,-,39.000,98.000,0.000,63014.000,63062.000,-
236.000,69.000,68.000,153.000,62.000,92.000,10.000,-,-,-,-,39.000,98.000,0.000,63014.000,63062.000,-
237.000,69.000,69.000,154.000,62.000,93.000,10.000,-,-,-,-,43.000,98.000,0.000,63014.000,63062.000,-
238.000,69.000,69.000,154.000,63.000,93.000,10.000,-,-,-,-,44.000,98.000,0.000,63014.000,63062.000,-
239.000,69.000,69.000,154.000,62.000,92.000,10.000,-,-,-,-,44.000,98.000,0.000,63014.000,63062.000,-
240.000,69.000,69.000,154.000,62.000,93.000,10.000,-,-,-,-,39.000,98.000,0.000,63014.000,63062.000,-
241.000,69.000,69.000,154.000,62.000,93.000,10.000,-,-,-,-,39.000,98.000,0.000,63014.000,63062.000,-
242.000,69.000,69.000,154.000,63.000,93.000,10.000,-,-,-,-,39.000,98.000,0.000,63014.000,63062.000,-
243.000,69.000,69.000,154.000,62.000,93.000,12.000,-,-,-,-,39.000,98.000,0.000,63014.000,63062.000,-
244.000,69.000,69.000,154.000,62.000,93.000,12.000,-,-,-,-,39.000,98.000,0.000,63014.000,63062.000,-
245.000,69.000,69.000,154.000,62.000,93.000,12.000,-,-,-,-,40.000,98.000,0.000,63014.000,63062.000,-
246.000,70.000,68.000,155.000,63.000,93.000,10.000,-,-,-,-,40.000,98.000,0.000,63014.000,63062.000,-
247.000,69.000,68.000,154.000,62.000,93.000,10.000,-,-,-,-,40.000,98.000,0.000,63014.000,63062.000,-
248.000,70.000,68.000,155.000,63.000,93.000,11.000,-,-,-,-,41.000,98.000,0.000,63014.000,63062.000,-
249.000,70.000,69.000,154.000,63.000,93.000,11.000,-,-,-,-,41.000,98.000,0.000,63014.000,63062.000,-
250.000,70.000,69.000,155.000,63.000,94.000,11.000,-,-,-,-,38.000,98.000,0.000,63014.000,63062.000,-
251.000,70.000,69.000,155.000,63.000,94.000,11.000,-,-,-,-,38.000,98.000,0.000,63014.000,63062.000,-
252.000,71.000,69.000,156.000,63.000,94.000,11.000,-,-,-,-,42.000,98.000,0.000,63014.000,63062.000,-
253.000,70.000,69.000,155.000,63.000,94.000,11.000,-,-,-,-,42.000,98.000,0.000,63014.000,63062.000,-
254.000,70.000,69.000,155.000,63.000,94.000,11.000,-,-,-,-,46.000,98.000,0.000,63014.000,63062.000,-
255.000,71.000,69.000,156.000,64.000,94.000,11.000,-,-,-,-,47.000,98.000,0.000,63014.000,63062.000,-
256.000,70.000,70.000,155.000,63.000,94.000,11.000,-,-,-,-,47.000,98.000,0.000,63014.000,63062.000,-
257.000,71.000,70.000,156.000,63.000,94.000,11.000,-,-,-,-,42.000,98.000,0.000,63014.000,63062.000,-
258.000,71.000,70.000,156.000,63.000,94.000,11.000,-,-,-,-,42.000,98.000,0.000,63014.000,63062.000,-
259.000,71.000,70.000,156.000,63.000,94.000,10.000,-,-,-,-,42.000,98.000,0.000,63014.000,63062.000,-
260.000,71.000,70.000,156.000,63.000,95.000,10.000,-,-,-,-,42.000,98.000,0.000,63014.000,63062.000,-
261.000,71.000,71.000,156.000,63.000,94.000,14.000,-,-,-,-,34.000,98.000,0.000,63014.000,63062.000,-
262.000,71.000,71.000,157.000,62.000,94.000,2.000,-,-,-,-,34.000,98.000,0.000,63014.000,63062.000,-
263.000,71.000,71.000,156.000,62.000,94.000,8.000,-,-,-,-,34.000,98.000,0.000,63014.000,63062.000,-
264.000,71.000,71.000,156.000,62.000,94.000,8.000,-,-,-,-,28.000,98.000,0.000,63014.000,63062.000,-
265.000,71.000,71.000,156.000,62.000,94.000,8.000,-,-,-,-,28.000,98.000,0.000,63014.000,63062.000,-
266.000,72.000,71.000,156.000,63.000,94.000,8.000,-,-,-,-,28.000,98.000,0.000,63014.000,63062.000,-
267.000,72.000,71.000,156.000,63.000,94.000,8.000,-,-,-,-,28.000,98.000,0.000,63014.000,63062.000,-
268.000,72.000,70.000,156.000,62.000,94.000,8.000,-,-,-,-,28.000,97.000,0.000,63014.000,63062.000,-
269.000,72.000,70.000,156.000,63.000,94.000,8.000,-,-,-,-,26.000,97.000,0.000,63014.000,63062.000,-
270.000,72.000,70.000,156.000,62.000,94.000,8.000,-,-,-,-,26.000,97.000,0.000,63014.000,63062.000,-
271.000,72.000,70.000,157.000,63.000,94.000,8.000,-,-,-,-,25.000,96.000,0.000,63014.000,63062.000,-
272.000,72.000,70.000,156.000,62.000,94.000,8.000,-,-,-,-,25.000,96.000,0.000,63014.000,63062.000,-
273.000,72.000,70.000,156.000,62.000,94.000,8.000,-,-,-,-,25.000,96.000,0.000,63014.000,63062.000,-
274.000,72.000,70.000,157.000,63.000,94.000,8.000,-,-,-,-,23.000,96.000,0.000,63014.000,63062.000,-
275.000,72.000,71.000,156.000,63.000,94.000,8.000,-,-,-,-,23.000,96.000,0.000,63014.000,63062.000,-
276.000,72.000,72.000,157.000,64.000,95.000,12.000,-,-,-,-,22.000,97.000,0.000,63014.000,63062.000,-
277.000,71.000,72.000,157.000,63.000,94.000,12.000,-,-,-,-,22.000,97.000,0.000,63014.000,63062.000,-
278.000,71.000,72.000,157.000,63.000,95.000,12.000,-,-,-,-,22.000,98.000,0.000,63014.000,63062.000,-
279.000,71.000,72.000,156.000,63.000,94.000,11.000,-,-,-,-,22.000,98.000,0.000,63014.000,63062.000,-
280.000,72.000,72.000,157.000,63.000,94.000,11.000,-,-,-,-,22.000,98.000,0.000,63014.000,63062.000,-
281.000,71.000,72.000,156.000,63.000,94.000,10.000,-,-,-,-,24.000,98.000,0.000,63014.000,63062.000,-
282.000,72.000,72.000,156.000,63.000,94.000,10.000,-,-,-,-,24.000,98.000,0.000,63014.000,63062.000,-
283.000,72.000,72.000,156.000,63.000,95.000,2.000,-,-,-,-,25.000,98.000,0.000,63014.000,63062.000,-
284.000,72.000,72.000,154.000,63.000,93.000,18.000,-,-,-,-,25.000,98.000,0.000,63014.000,63062.000,-
285.000,72.000,72.000,154.000,63.000,93.000,18.000,-,-,-,-,25.000,98.000,0.000,63014.000,63062.000,-
286.000,72.000,72.000,155.000,63.000,93.000,9.000,-,-,-,-,27.000,98.000,0.000,63014.000,63062.000,-
287.000,72.000,72.000,155.000,63.000,93.000,10.000,-,-,-,-,27.000,98.000,0.000,63014.000,63062.000,-
288.000,72.000,72.000,155.000,62.000,93.000,11.000,-,-,-,-,29.000,98.000,0.000,63014.000,63062.000,-
289.000,72.000,72.000,155.000,62.000,93.000,11.000,-,-,-,-,29.000,98.000,0.000,63014.000,63062.000,-
290.000,72.000,72.000,155.000,63.000,93.000,11.000,-,-,-,-,29.000,98.000,0.000,63014.000,63062.000,-
291.000,72.000,72.000,156.000,63.000,93.000,10.000,-,-,-,-,29.000,98.000,0.000,63014.000,63062.000,-
292.000,72.000,72.000,155.000,63.000,93.000,10.000,-,-,-,-,29.000,98.000,0.000,63014.000,63062.000,-
293.000,72.000,72.000,156.000,63.000,94.000,10.000,-,-,-,-,29.000,98.000,0.000,63014.000,63062.000,-
294.000,72.000,72.000,156.000,63.000,93.000,2.000,-,-,-,-,29.000,98.000,0.000,63014.000,63062.000,-
295.000,72.000,72.000,156.000,63.000,94.000,14.000,-,-,-,-,29.000,98.000,0.000,63014.000,63062.000,-
296.000,70.000,72.000,157.000,63.000,94.000,14.000,-,-,-,-,28.000,98.000,0.000,63014.000,63062.000,-
297.000,71.000,72.000,156.000,63.000,94.000,8.000,-,-,-,-,28.000,98.000,0.000,63014.000,63062.000,-
298.000,71.000,72.000,157.000,63.000,94.000,8.000,-,-,-,-,28.000,98.000,0.000,63014.000,63062.000,-
299.000,71.000,72.000,157.000,63.000,94.000,13.000,-,-,-,-,27.000,98.000,0.000,63014.000,63062.000,-
300.000,72.000,72.000,157.000,64.000,94.000,4.000,-,-,-,-,27.000,98.000,0.000,63014.000,63062.000,-
301.000,72.000,72.000,156.000,63.000,94.000,9.000,-,-,-,-,27.000,98.000,0.000,63014.000,63062.000,-
302.000,72.000,72.000,157.000,64.000,94.000,9.000,-,-,-,-,27.000,98.000,0.000,63014.000,63062.000,-
303.000,72.000,72.000,156.000,63.000,94.000,10.000,-,-,-,-,25.000,98.000,0.000,63014.000,63062.000,-
304.000,72.000,72.000,156.000,63.000,94.000,10.000,-,-,-,-,27.000,98.000,0.000,63014.000,63062.000,-
305.000,72.000,72.000,157.000,63.000,94.000,0.000,-,-,-,-,27.000,98.000,0.000,63014.000,63062.000,-
306.000,72.000,72.000,157.000,63.000,94.000,16.000,-,-,-,-,27.000,98.000,0.000,63014.000,63062.000,-
307.000,73.000,72.000,157.000,63.000,94.000,16.000,-,-,-,-,25.000,98.000,0.000,63014.000,63062.000,-
308.000,72.000,72.000,156.000,63.000,93.000,9.000,-,-,-,-,25.000,98.000,0.000,63014.000,63062.000,-
309.000,72.000,72.000,156.000,63.000,93.000,9.000,-,-,-,-,25.000,98.000,0.000,63014.000,63062.000,-
310.000,72.000,72.000,157.000,63.000,93.000,13.000,-,-,-,-,25.000,98.000,0.000,63014.000,63062.000,-
311.000,72.000,72.000,156.000,63.000,93.000,13.000,-,-,-,-,27.000,98.000,0.000,63014.000,63062.000,-
312.000,71.000,72.000,156.000,63.000,93.000,1.000,-,-,-,-,30.000,98.000,0.000,63014.000,63062.000,-
313.000,71.000,72.000,155.000,62.000,92.000,1.000,-,-,-,-,30.000,98.000,0.000,63014.000,63062.000,-
314.000,71.000,72.000,155.000,62.000,92.000,12.000,-,-,-,-,29.000,98.000,0.000,63014.000,63062.000,-
315.000,70.000,72.000,156.000,62.000,92.000,10.000,-,-,-,-,29.000,98.000,0.000,63014.000,63062.000,-
316.000,70.000,72.000,155.000,62.000,92.000,10.000,-,-,-,-,29.000,98.000,0.000,63014.000,63062.000,-
317.000,70.000,71.000,155.000,62.000,92.000,10.000,-,-,-,-,29.000,98.000,0.000,63014.000,63062.000,-
318.000,70.000,71.000,155.000,62.000,92.000,0.000,-,-,-,-,31.000,98.000,0.000,63014.000,63062.000,-
319.000,70.000,71.000,155.000,62.000,92.000,13.000,-,-,-,-,31.000,98.000,0.000,63014.000,63062.000,-
320.000,70.000,70.000,156.000,62.000,92.000,11.000,-,-,-,-,29.000,98.000,0.000,63014.000,63062.000,-
321.000,70.000,70.000,155.000,61.000,92.000,11.000,-,-,-,-,29.000,98.000,0.000,63014.000,63062.000,-
322.000,70.000,70.000,155.000,61.000,92.000,11.000,-,-,-,-,29.000,98.000,0.000,63014.000,63062.000,-
323.000,70.000,70.000,153.000,62.000,92.000,11.000,-,-,-,-,27.000,98.000,0.000,63014.000,63062.000,-
324.000,69.000,70.000,153.000,62.000,91.000,11.000,-,-,-,-,27.000,98.000,0.000,63014.000,63062.000,-
325.000,70.000,70.000,152.000,61.000,90.000,13.000,-,-,-,-,27.000,98.000,0.000,63014.000,63062.000,-
326.000,69.000,70.000,151.000,60.000,90.000,13.000,-,-,-,-,25.000,98.000,0.000,63014.000,63062.000,-
327.000,70.000,70.000,151.000,60.000,90.000,1.000,-,-,-,-,27.000,98.000,0.000,63014.000,63062.000,-
328.000,69.000,70.000,150.000,59.000,89.000,1.000,-,-,-,-,27.000,98.000,0.000,63014.000,63062.000,-
329.000,69.000,70.000,150.000,59.000,89.000,1.000,-,-,-,-,27.000,98.000,0.000,63014.000,63062.000,-
330.000,69.000,70.000,149.000,59.000,88.000,14.000,-,-,-,-,27.000,98.000,0.000,63014.000,63062.000,-
331.000,70.000,70.000,150.000,59.000,87.000,11.000,-,-,-,-,24.000,98.000,1.000,63014.000,63062.000,-
332.000,69.000,70.000,148.000,58.000,86.000,11.000,-,-,-,-,24.000,98.000,1.000,63014.000,63062.000,-
333.000,69.000,70.000,147.000,57.000,85.000,12.000,-,-,-,-,24.000,98.000,1.000,63014.000,63062.000,-
334.000,69.000,70.000,143.000,53.000,83.000,11.000,-,-,-,-,23.000,98.000,1.000,63014.000,63062.000,-
335.000,70.000,69.000,142.000,52.000,81.000,12.000,-,-,-,-,23.000,98.000,1.000,63014.000,63062.000,-
336.000,70.000,70.000,136.000,52.000,80.000,12.000,-,-,-,-,23.000,98.000,1.000,63014.000,63062.000,-
337.000,72.000,70.000,137.000,52.000,81.000,11.000,-,-,-,-,23.000,98.000,1.000,63014.000,63059.000,1.000
338.000,74.000,70.000,138.000,53.000,83.000,11.000,-,-,-,-,21.000,98.000,1.000,63014.000,63059.000,1.000
339.000,76.000,71.000,140.000,55.000,83.000,11.000,-,-,-,-,23.000,97.000,1.000,63014.000,63059.000,1.000
340.000,76.000,71.000,143.000,55.000,84.000,11.000,-,-,-,-,23.000,97.000,1.000,63014.000,63059.000,1.000
341.000,76.000,71.000,143.000,55.000,83.000,5.000,-,-,-,-,23.000,97.000,1.000,63014.000,63059.000,1.000
342.000,79.000,71.000,144.000,54.000,84.000,6.000,-,-,-,-,22.000,97.000,2.000,63014.000,63059.000,1.000
343.000,75.000,70.000,143.000,56.000,84.000,6.000,-,-,-,-,22.000,97.000,2.000,63014.000,63059.000,1.000
344.000,77.000,70.000,145.000,56.000,85.000,-13.000,-,-,-,-,22.000,97.000,2.000,63014.000,63059.000,2.000
345.000,77.000,70.000,145.000,56.000,85.000,-13.000,-,-,-,-,21.000,97.000,2.000,63014.000,63059.000,2.000
346.000,77.000,69.000,146.000,57.000,86.000,6.000,-,-,-,-,21.000,97.000,2.000,63014.000,63059.000,2.000
347.000,75.000,69.000,147.000,57.000,86.000,-1.000,-,-,-,-,21.000,98.000,2.000,63014.000,63059.000,2.000
348.000,72.000,69.000,147.000,58.000,87.000,-1.000,-,-,-,-,23.000,98.000,2.000,63014.000,63059.000,2.000
349.000,71.000,67.000,148.000,58.000,88.000,-1.000,-,-,-,-,23.000,97.000,2.000,63014.000,63059.000,2.000
350.000,72.000,66.000,148.000,58.000,88.000,-1.000,-,-,-,-,22.000,97.000,2.000,63014.000,63059.000,2.000
351.000,73.000,64.000,149.000,58.000,88.000,-1.000,-,-,-,-,22.000,97.000,2.000,63014.000,63059.000,2.000
352.000,73.000,63.000,149.000,58.000,88.000,-1.000,-,-,-,-,23.000,97.000,2.000,63014.000,63059.000,2.000
353.000,71.000,63.000,150.000,59.000,89.000,-1.000,-,-,-,-,23.000,97.000,2.000,63014.000,63059.000,2.000
354.000,73.000,64.000,149.000,58.000,89.000,-1.000,-,-,-,-,23.000,97.000,2.000,63014.000,63059.000,2.000
355.000,72.000,66.000,150.000,58.000,89.000,-1.000,-,-,-,-,22.000,98.000,2.000,63014.000,63059.000,2.000
356.000,72.000,68.000,150.000,59.000,89.000,-1.000,-,-,-,-,22.000,98.000,2.000,63014.000,63059.000,2.000
357.000,72.000,70.000,150.000,58.000,89.000,-1.000,-,-,-,-,25.000,98.000,2.000,63014.000,63059.000,2.000
358.000,72.000,72.000,151.000,59.000,89.000,-1.000,-,-,-,-,25.000,98.000,2.000,63014.000,63059.000,2.000
359.000,72.000,72.000,150.000,58.000,89.000,-1.000,-,-,-,-,23.000,98.000,2.000,63014.000,63059.000,2.000
360.000,71.000,72.000,150.000,58.000,89.000,-1.000,-,-,-,-,23.000,98.000,2.000,63014.000,63059.000,2.000
361.000,71.000,72.000,151.000,59.000,89.000,-1.000,-,-,-,-,23.000,98.000,2.000,63014.000,63059.000,2.000
362.000,71.000,72.000,150.000,58.000,89.000,-1.000,-,-,-,-,24.000,98.000,2.000,63014.000,63059.000,2.000
363.000,71.000,72.000,151.000,59.000,89.000,-1.000,-,-,-,-,24.000,98.000,2.000,63014.000,63059.000,2.000
364.000,71.000,72.000,150.000,58.000,89.000,-1.000,-,-,-,-,25.000,98.000,2.000,63014.000,63059.000,2.000
365.000,71.000,72.000,150.000,58.000,89.000,-1.000,-,-,-,-,25.000,98.000,2.000,63014.000,63059.000,2.000
366.000,74.000,71.000,150.000,58.000,91.000,-1.000,-,-,-,-,25.000,98.000,3.000,63014.000,63059.000,2.000
367.000,81.000,71.000,149.000,61.000,91.000,5.000,-,-,-,-,25.000,98.000,3.000,63014.000,63059.000,3.000
368.000,83.000,71.000,150.000,61.000,92.000,5.000,-,-,-,-,25.000,98.000,3.000,63014.000,63059.000,3.000
369.000,86.000,71.000,152.000,63.000,93.000,5.000,-,-,-,-,25.000,98.000,3.000,63014.000,63059.000,3.000
370.000,88.000,71.000,152.000,63.000,94.000,5.000,-,-,-,-,24.000,98.000,3.000,63014.000,63059.000,3.000
371.000,92.000,71.000,155.000,65.000,97.000,5.000,-,-,-,-,24.000,98.000,3.000,63014.000,63059.000,3.000
372.000,93.000,71.000,153.000,65.000,96.000,6.000,-,-,-,-,24.000,98.000,3.000,63014.000,63059.000,3.000
373.000,96.000,71.000,155.000,65.000,94.000,6.000,-,-,-,-,23.000,98.000,3.000,63014.000,63059.000,3.000
374.000,97.000,71.000,155.000,64.000,94.000,6.000,-,-,-,-,23.000,98.000,3.000,63014.000,63059.000,3.000
375.000,97.000,71.000,155.000,64.000,94.000,6.000,-,-,-,-,23.000,98.000,3.000,63014.000,63059.000,3.000
376.000,89.000,71.000,155.000,63.000,93.000,6.000,-,-,-,-,23.000,98.000,3.000,63014.000,63059.000,3.000
377.000,81.000,73.000,152.000,61.000,90.000,6.000,-,-,-,-,25.000,98.000,3.000,63014.000,63059.000,3.000
378.000,79.000,76.000,149.000,57.000,88.000,6.000,-,-,-,-,25.000,98.000,3.000,63014.000,63059.000,3.000
379.000,78.000,78.000,148.000,55.000,86.000,6.000,-,-,-,-,25.000,98.000,3.000,63014.000,63059.000,3.000
380.000,77.000,81.000,147.000,54.000,87.000,6.000,-,-,-,-,24.000,98.000,3.000,63014.000,63059.000,3.000
381.000,76.000,83.000,147.000,53.000,86.000,6.000,-,-,-,-,26.000,98.000,3.000,63014.000,63059.000,3.000
382.000,73.000,86.000,145.000,53.000,86.000,6.000,-,-,-,-,26.000,98.000,3.000,63014.000,63059.000,3.000
383.000,73.000,86.000,146.000,54.000,86.000,-3.000,-,-,-,-,25.000,98.000,3.000,63014.000,63059.000,3.000
384.000,71.000,86.000,146.000,54.000,87.000,13.000,-,-,-,-,25.000,98.000,3.000,63014.000,63059.000,3.000
385.000,73.000,89.000,147.000,56.000,88.000,6.000,-,-,-,-,25.000,98.000,3.000,63014.000,63059.000,3.000
386.000,73.000,90.000,147.000,56.000,87.000,7.000,-,-,-,-,25.000,98.000,3.000,63014.000,63059.000,3.000
387.000,74.000,89.000,147.000,56.000,87.000,7.000,-,-,-,-,25.000,98.000,3.000,63014.000,63059.000,3.000
388.000,74.000,88.000,145.000,55.000,87.000,7.000,-,-,-,-,27.000,98.000,3.000,63014.000,63059.000,3.000
389.000,75.000,86.000,146.000,56.000,88.000,7.000,-,-,-,-,27.000,99.000,3.000,63014.000,63059.000,3.000
390.000,75.000,84.000,146.000,56.000,88.000,7.000,-,-,-,-,29.000,99.000,3.000,63014.000,63059.000,3.000
391.000,74.000,81.000,148.000,57.000,89.000,8.000,-,-,-,-,29.000,99.000,2.000,63014.000,63059.000,3.000
392.000,75.000,78.000,149.000,58.000,90.000,8.000,-,-,-,-,29.000,99.000,2.000,63014.000,63059.000,3.000
393.000,75.000,75.000,149.000,58.000,89.000,7.000,-,-,-,-,27.000,99.000,2.000,63014.000,63059.000,3.000
394.000,75.000,74.000,147.000,56.000,89.000,7.000,-,-,-,-,27.000,99.000,2.000,63014.000,63059.000,3.000
395.000,75.000,73.000,147.000,57.000,89.000,9.000,-,-,-,-,27.000,99.000,2.000,63014.000,63059.000,3.000
396.000,75.000,73.000,144.000,56.000,87.000,11.000,-,-,-,-,25.000,99.000,2.000,63014.000,63059.000,3.000
397.000,75.000,73.000,141.000,55.000,85.000,11.000,-,-,-,-,25.000,98.000,2.000,63014.000,63059.000,2.000
398.000,75.000,73.000,139.000,53.000,84.000,11.000,-,-,-,-,25.000,98.000,2.000,63014.000,63059.000,2.000
399.000,74.000,74.000,136.000,51.000,82.000,11.000,-,-,-,-,25.000,98.000,2.000,63014.000,63059.000,2.000
400.000,74.000,74.000,135.000,50.000,82.000,11.000,-,-,-,-,25.000,98.000,2.000,63014.000,63059.000,2.000
401.000,74.000,74.000,134.000,51.000,82.000,11.000,-,-,-,-,22.000,98.000,2.000,63014.000,63059.000,2.000
402.000,74.000,74.000,133.000,51.000,81.000,-8.000,-,-,-,-,22.000,98.000,1.000,63014.000,63059.000,2.000
403.000,74.000,74.000,132.000,51.000,82.000,17.000,-,-,-,-,22.000,98.000,1.000,63014.000,63059.000,2.000
404.000,74.000,74.000,131.000,50.000,81.000,10.000,-,-,-,-,22.000,98.000,1.000,63014.000,63059.000,1.000
405.000,74.000,74.000,130.000,50.000,80.000,10.000,-,-,-,-,22.000,98.000,1.000,63014.000,63059.000,1.000
406.000,74.000,74.000,129.000,49.000,79.000,10.000,-,-,-,-,22.000,98.000,1.000,63014.000,63059.000,1.000
407.000,74.000,73.000,131.000,48.000,81.000,8.000,-,-,-,-,18.000,98.000,1.000,63014.000,63059.000,1.000
408.000,74.000,73.000,134.000,51.000,82.000,8.000,-,-,-,-,18.000,98.000,1.000,63014.000,63059.000,1.000
409.000,74.000,73.000,135.000,51.000,83.000,8.000,-,-,-,-,19.000,98.000,1.000,63014.000,63059.000,1.000
410.000,75.000,73.000,137.000,53.000,84.000,8.000,-,-,-,-,19.000,98.000,2.000,63014.000,63059.000,1.000
411.000,73.000,73.000,139.000,54.000,85.000,8.000,-,-,-,-,19.000,97.000,2.000,63014.000,63059.000,1.000
412.000,73.000,73.000,141.000,55.000,86.000,8.000,-,-,-,-,18.000,97.000,2.000,63014.000,63059.000,1.000
413.000,73.000,73.000,142.000,55.000,86.000,8.000,-,-,-,-,18.000,98.000,2.000,63014.000,63059.000,1.000
414.000,73.000,73.000,142.000,55.000,87.000,8.000,-,-,-,-,18.000,98.000,2.000,63014.000,63059.000,1.000
415.000,74.000,73.000,142.000,56.000,86.000,8.000,-,-,-,-,19.000,99.000,2.000,63014.000,63059.000,2.000
416.000,73.000,73.000,144.000,57.000,87.000,8.000,-,-,-,-,19.000,100.000,2.000,63014.000,63059.000,2.000
417.000,73.000,73.000,144.000,57.000,87.000,8.000,-,-,-,-,19.000,100.000,2.000,63014.000,63059.000,2.000
418.000,73.000,73.000,146.000,58.000,88.000,9.000,-,-,-,-,18.000,100.000,2.000,63014.000,63059.000,2.000
419.000,73.000,72.000,147.000,58.000,89.000,9.000,-,-,-,-,19.000,100.000,2.000,63014.000,63059.000,2.000
420.000,71.000,72.000,150.000,60.000,90.000,10.000,-,-,-,-,19.000,100.000,2.000,63014.000,63059.000,2.000
421.000,73.000,72.000,150.000,61.000,91.000,10.000,-,-,-,-,20.000,100.000,2.000,63014.000,63059.000,2.000
422.000,73.000,72.000,152.000,62.000,92.000,11.000,-,-,-,-,20.000,100.000,2.000,63014.000,63059.000,2.000
423.000,73.000,72.000,153.000,62.000,92.000,11.000,-,-,-,-,22.000,100.000,2.000,63014.000,63059.000,2.000
424.000,74.000,72.000,155.000,63.000,94.000,11.000,-,-,-,-,22.000,100.000,2.000,63014.000,63059.000,2.000
425.000,73.000,72.000,155.000,63.000,94.000,11.000,-,-,-,-,27.000,100.000,2.000,63014.000,63059.000,2.000
426.000,72.000,71.000,156.000,63.000,95.000,11.000,-,-,-,-,27.000,100.000,2.000,63014.000,63059.000,2.000
427.000,74.000,71.000,157.000,64.000,95.000,12.000,-,-,-,-,27.000,99.000,1.000,63014.000,63059.000,2.000
428.000,73.000,71.000,158.000,65.000,96.000,12.000,-,-,-,-,26.000,99.000,1.000,63014.000,63059.000,1.000
429.000,73.000,71.000,159.000,65.000,96.000,12.000,-,-,-,-,26.000,98.000,1.000,63014.000,63059.000,1.000
430.000,73.000,72.000,159.000,65.000,96.000,14.000,-,-,-,-,27.000,98.000,1.000,63014.000,63059.000,1.000
431.000,73.000,72.000,159.000,65.000,97.000,15.000,-,-,-,-,27.000,98.000,1.000,63014.000,63059.000,1.000
432.000,73.000,72.000,160.000,66.000,97.000,15.000,-,-,-,-,27.000,98.000,1.000,63014.000,63059.000,1.000
433.000,73.000,72.000,157.000,63.000,95.000,15.000,-,-,-,-,25.000,98.000,1.000,63014.000,63059.000,1.000
434.000,75.000,72.000,152.000,62.000,92.000,16.000,-,-,-,-,25.000,98.000,1.000,63014.000,63059.000,2.000
435.000,77.000,72.000,146.000,57.000,87.000,16.000,-,-,-,-,25.000,98.000,1.000,63014.000,63059.000,2.000
436.000,77.000,72.000,146.000,57.000,87.000,16.000,-,-,-,-,25.000,98.000,1.000,63014.000,63059.000,2.000
437.000,77.000,72.000,149.000,58.000,89.000,16.000,-,-,-,-,25.000,98.000,1.000,63014.000,63059.000,2.000
438.000,76.000,72.000,148.000,62.000,92.000,17.000,-,-,-,-,21.000,98.000,1.000,63014.000,63059.000,2.000
439.000,79.000,72.000,151.000,63.000,92.000,17.000,-,-,-,-,21.000,98.000,1.000,63014.000,63059.000,3.000
440.000,81.000,72.000,153.000,63.000,92.000,19.000,-,-,-,-,22.000,98.000,1.000,63014.000,63059.000,3.000
441.000,78.000,73.000,154.000,63.000,93.000,20.000,-,-,-,-,22.000,98.000,1.000,63014.000,63059.000,3.000
442.000,78.000,73.000,155.000,64.000,94.000,20.000,-,-,-,-,22.000,98.000,1.000,63014.000,63059.000,3.000
443.000,78.000,73.000,156.000,65.000,95.000,19.000,-,-,-,-,22.000,98.000,1.000,63014.000,63059.000,3.000
444.000,78.000,73.000,157.000,65.000,95.000,19.000,-,-,-,-,22.000,98.000,2.000,63014.000,63059.000,3.000
445.000,75.000,73.000,157.000,65.000,96.000,26.000,-,-,-,-,21.000,98.000,2.000,63014.000,63059.000,3.000
446.000,73.000,72.000,156.000,67.000,95.000,12.000,-,-,-,-,21.000,98.000,2.000,63014.000,63059.000,3.000
447.000,75.000,72.000,157.000,66.000,95.000,12.000,-,-,-,-,21.000,98.000,2.000,63014.000,63059.000,3.000
448.000,73.000,72.000,158.000,66.000,96.000,18.000,-,-,-,-,21.000,98.000,2.000,63014.000,63059.000,3.000
449.000,71.000,71.000,159.000,67.000,96.000,13.000,-,-,-,-,21.000,98.000,2.000,63014.000,63059.000,3.000
450.000,69.000,71.000,159.000,67.000,97.000,16.000,-,-,-,-,21.000,97.000,2.000,63014.000,63059.000,3.000
451.000,71.000,70.000,160.000,67.000,97.000,21.000,-,-,-,-,21.000,98.000,2.000,63014.000,63059.000,3.000
452.000,71.000,70.000,161.000,67.000,98.000,20.000,-,-,-,-,21.000,98.000,2.000,63014.000,63059.000,3.000
453.000,72.000,70.000,162.000,68.000,98.000,21.000,-,-,-,-,21.000,98.000,2.000,63014.000,63059.000,3.000
454.000,71.000,70.000,162.000,67.000,100.000,21.000,-,-,-,-,22.000,98.000,2.000,63014.000,63059.000,3.000
455.000,71.000,70.000,162.000,67.000,100.000,21.000,-,-,-,-,22.000,98.000,2.000,63014.000,63059.000,3.000
456.000,70.000,70.000,161.000,68.000,98.000,18.000,-,-,-,-,22.000,97.000,2.000,63014.000,63059.000,3.000
457.000,72.000,70.000,161.000,69.000,99.000,21.000,-,-,-,-,25.000,97.000,2.000,63014.000,63059.000,3.000
458.000,72.000,70.000,163.000,69.000,101.000,21.000,-,-,-,-,25.000,97.000,2.000,63014.000,63059.000,3.000
459.000,72.000,70.000,163.000,69.000,101.000,21.000,-,-,-,-,25.000,97.000,2.000,63014.000,63059.000,3.000
460.000,72.000,71.000,159.000,70.000,98.000,21.000,-,-,-,-,25.000,97.000,2.000,63014.000,63059.000,3.000
461.000,72.000,71.000,161.000,69.000,100.000,21.000,-,-,-,-,25.000,97.000,2.000,63014.000,63059.000,3.000
462.000,72.000,71.000,158.000,71.000,100.000,21.000,-,-,-,-,25.000,97.000,2.000,63014.000,63059.000,3.000
463.000,75.000,72.000,160.000,71.000,99.000,21.000,-,-,-,-,25.000,97.000,2.000,63014.000,63059.000,4.000
464.000,75.000,72.000,162.000,70.000,100.000,21.000,-,-,-,-,25.000,97.000,2.000,63014.000,63059.000,4.000
465.000,75.000,72.000,163.000,70.000,100.000,21.000,-,-,-,-,25.000,96.000,2.000,63014.000,63059.000,4.000
466.000,73.000,72.000,164.000,70.000,100.000,21.000,-,-,-,-,25.000,96.000,2.000,63014.000,63059.000,4.000
467.000,74.000,72.000,164.000,70.000,100.000,22.000,-,-,-,-,25.000,96.000,2.000,63014.000,63059.000,4.000
468.000,74.000,72.000,164.000,69.000,100.000,24.000,-,-,-,-,25.000,96.000,2.000,63014.000,63059.000,4.000
469.000,74.000,71.000,165.000,69.000,100.000,21.000,-,-,-,-,25.000,96.000,2.000,63014.000,63059.000,4.000
470.000,72.000,70.000,165.000,69.000,100.000,21.000,-,-,-,-,25.000,96.000,2.000,63014.000,63059.000,4.000
471.000,73.000,70.000,165.000,69.000,100.000,20.000,-,-,-,-,25.000,96.000,1.000,63014.000,63059.000,4.000
472.000,73.000,69.000,165.000,69.000,100.000,20.000,-,-,-,-,25.000,96.000,1.000,63014.000,63059.000,4.000
473.000,70.000,68.000,165.000,69.000,100.000,20.000,-,-,-,-,25.000,97.000,1.000,63014.000,63059.000,4.000
474.000,70.000,68.000,165.000,69.000,100.000,20.000,-,-,-,-,25.000,97.000,1.000,63014.000,63059.000,4.000
475.000,70.000,68.000,165.000,69.000,100.000,20.000,-,-,-,-,24.000,97.000,1.000,63014.000,63059.000,4.000
476.000,71.000,68.000,166.000,68.000,100.000,7.000,-,-,-,-,24.000,97.000,1.000,63014.000,63059.000,3.000
477.000,69.000,68.000,165.000,68.000,99.000,22.000,-,-,-,-,24.000,97.000,1.000,63014.000,63059.000,3.000
478.000,70.000,69.000,166.000,68.000,100.000,21.000,-,-,-,-,24.000,97.000,1.000,63014.000,63059.000,3.000
479.000,70.000,69.000,166.000,68.000,100.000,21.000,-,-,-,-,25.000,97.000,1.000,63014.000,63059.000,3.000
480.000,70.000,69.000,166.000,69.000,100.000,21.000,-,-,-,-,25.000,97.000,1.000,63014.000,63059.000,3.000
481.000,70.000,70.000,165.000,69.000,100.000,21.000,-,-,-,-,25.000,97.000,1.000,63014.000,63059.000,3.000
482.000,71.000,70.000,166.000,69.000,101.000,21.000,-,-,-,-,25.000,97.000,1.000,63014.000,63059.000,3.000
483.000,71.000,70.000,166.000,69.000,101.000,21.000,-,-,-,-,25.000,96.000,1.000,63014.000,63059.000,3.000
484.000,72.000,70.000,167.000,69.000,101.000,21.000,-,-,-,-,25.000,96.000,1.000,63014.000,63059.000,3.000
485.000,72.000,70.000,167.000,69.000,101.000,21.000,-,-,-,-,25.000,96.000,1.000,63014.000,63059.000,3.000
486.000,71.000,70.000,167.000,69.000,101.000,21.000,-,-,-,-,25.000,96.000,1.000,63014.000,63059.000,3.000
487.000,73.000,70.000,168.000,69.000,102.000,21.000,-,-,-,-,25.000,96.000,1.000,63014.000,63059.000,3.000
488.000,73.000,71.000,167.000,70.000,102.000,21.000,-,-,-,-,25.000,96.000,1.000,63014.000,63059.000,3.000
489.000,74.000,71.000,168.000,70.000,103.000,21.000,-,-,-,-,25.000,96.000,1.000,63014.000,63059.000,3.000
490.000,73.000,71.000,168.000,70.000,104.000,20.000,-,-,-,-,25.000,96.000,1.000,63014.000,63059.000,3.000
491.000,73.000,71.000,165.000,72.000,103.000,20.000,-,-,-,-,25.000,96.000,1.000,63014.000,63059.000,3.000
492.000,76.000,72.000,166.000,72.000,103.000,19.000,-,-,-,-,25.000,96.000,1.000,63014.000,63059.000,4.000
493.000,77.000,72.000,168.000,71.000,102.000,19.000,-,-,-,-,25.000,96.000,1.000,63014.000,63059.000,3.000
494.000,75.000,73.000,168.000,71.000,102.000,19.000,-,-,-,-,25.000,96.000,1.000,63014.000,63059.000,3.000
495.000,75.000,73.000,168.000,70.000,102.000,19.000,-,-,-,-,25.000,96.000,1.000,63014.000,63059.000,3.000
496.000,74.000,73.000,168.000,70.000,102.000,18.000,-,-,-,-,25.000,96.000,1.000,63014.000,63059.000,3.000
497.000,75.000,73.000,169.000,70.000,102.000,18.000,-,-,-,-,25.000,96.000,1.000,63014.000,63059.000,3.000
498.000,74.000,73.000,168.000,70.000,102.000,18.000,-,-,-,-,25.000,96.000,1.000,63014.000,63059.000,2.000
499.000,74.000,72.000,169.000,70.000,103.000,17.000,-,-,-,-,25.000,96.000,1.000,63014.000,63059.000,2.000
500.000,74.000,71.000,169.000,70.000,102.000,17.000,-,-,-,-,24.000,96.000,1.000,63014.000,63059.000,2.000
501.000,74.000,71.000,169.000,70.000,102.000,17.000,-,-,-,-,24.000,96.000,1.000,63014.000,63059.000,2.000
502.000,74.000,69.000,169.000,70.000,103.000,17.000,-,-,-,-,24.000,96.000,1.000,63014.000,63059.000,2.000
503.000,72.000,68.000,170.000,70.000,103.000,17.000,-,-,-,-,24.000,96.000,1.000,63014.000,63059.000,2.000
504.000,72.000,68.000,169.000,70.000,103.000,17.000,-,-,-,-,24.000,96.000,0.000,63014.000,63059.000,2.000
505.000,72.000,68.000,170.000,70.000,103.000,16.000,-,-,-,-,24.000,96.000,0.000,63014.000,63059.000,2.000
506.000,72.000,68.000,169.000,70.000,102.000,16.000,-,-,-,-,24.000,96.000,0.000,63014.000,63059.000,2.000
507.000,72.000,69.000,168.000,71.000,105.000,16.000,-,-,-,-,24.000,96.000,0.000,63014.000,63059.000,2.000
508.000,74.000,70.000,169.000,72.000,105.000,16.000,-,-,-,-,24.000,96.000,0.000,63014.000,63059.000,3.000
509.000,76.000,71.000,170.000,72.000,105.000,16.000,-,-,-,-,24.000,96.000,0.000,63014.000,63059.000,3.000
510.000,78.000,71.000,173.000,72.000,105.000,16.000,-,-,-,-,24.000,96.000,0.000,63014.000,63059.000,3.000
511.000,76.000,71.000,172.000,72.000,104.000,15.000,-,-,-,-,25.000,96.000,0.000,63014.000,63059.000,3.000
512.000,76.000,72.000,172.000,72.000,104.000,15.000,-,-,-,-,25.000,96.000,0.000,63014.000,63059.000,3.000
513.000,76.000,72.000,171.000,71.000,104.000,15.000,-,-,-,-,25.000,96.000,0.000,63014.000,63059.000,3.000
514.000,76.000,72.000,171.000,71.000,104.000,15.000,-,-,-,-,25.000,96.000,0.000,63014.000,63059.000,3.000
515.000,76.000,72.000,170.000,70.000,102.000,14.000,-,-,-,-,25.000,96.000,0.000,63014.000,63059.000,3.000
516.000,76.000,75.000,168.000,69.000,101.000,14.000,-,-,-,-,25.000,96.000,0.000,63014.000,63059.000,3.000
517.000,76.000,77.000,168.000,68.000,101.000,14.000,-,-,-,-,25.000,96.000,0.000,63014.000,63059.000,3.000
518.000,73.000,77.000,167.000,69.000,101.000,14.000,-,-,-,-,25.000,96.000,0.000,63014.000,63059.000,3.000
519.000,72.000,77.000,167.000,69.000,100.000,14.000,-,-,-,-,25.000,96.000,0.000,63014.000,63059.000,3.000
520.000,71.000,79.000,165.000,68.000,99.000,14.000,-,-,-,-,23.000,96.000,0.000,63014.000,63059.000,3.000
521.000,73.000,81.000,162.000,66.000,97.000,14.000,-,-,-,-,23.000,97.000,0.000,63014.000,63059.000,3.000
522.000,74.000,81.000,156.000,62.000,94.000,14.000,-,-,-,-,23.000,97.000,0.000,63014.000,63059.000,3.000
523.000,74.000,82.000,154.000,61.000,92.000,14.000,-,-,-,-,23.000,97.000,0.000,63014.000,63059.000,2.000
524.000,74.000,82.000,150.000,59.000,91.000,14.000,-,-,-,-,23.000,97.000,0.000,63014.000,63059.000,2.000
525.000,75.000,79.000,148.000,58.000,89.000,13.000,-,-,-,-,23.000,96.000,0.000,63014.000,63059.000,2.000
526.000,75.000,77.000,143.000,55.000,86.000,13.000,-,-,-,-,21.000,96.000,0.000,63014.000,63059.000,2.000
527.000,75.000,75.000,143.000,54.000,86.000,13.000,-,-,-,-,21.000,96.000,0.000,63014.000,63059.000,2.000
528.000,75.000,75.000,141.000,53.000,85.000,13.000,-,-,-,-,21.000,96.000,0.000,63014.000,63059.000,2.000
529.000,76.000,75.000,140.000,53.000,85.000,13.000,-,-,-,-,21.000,96.000,0.000,63014.000,63059.000,2.000
530.000,76.000,75.000,140.000,52.000,84.000,7.000,-,-,-,-,19.000,96.000,0.000,63014.000,63059.000,2.000
531.000,76.000,75.000,140.000,52.000,85.000,7.000,-,-,-,-,19.000,96.000,0.000,63014.000,63059.000,2.000
532.000,76.000,75.000,140.000,52.000,85.000,10.000,-,-,-,-,19.000,96.000,0.000,63014.000,63059.000,2.000
533.000,77.000,75.000,141.000,52.000,85.000,10.000,-,-,-,-,19.000,96.000,0.000,63014.000,63059.000,2.000
534.000,77.000,73.000,142.000,52.000,85.000,10.000,-,-,-,-,18.000,96.000,0.000,63014.000,63059.000,2.000
535.000,77.000,73.000,143.000,53.000,86.000,10.000,-,-,-,-,18.000,96.000,0.000,63014.000,63059.000,2.000
536.000,77.000,73.000,143.000,52.000,86.000,10.000,-,-,-,-,18.000,96.000,0.000,63014.000,63059.000,2.000
537.000,77.000,74.000,144.000,52.000,86.000,10.000,-,-,-,-,18.000,96.000,0.000,63014.000,63059.000,2.000
538.000,77.000,75.000,144.000,53.000,86.000,10.000,-,-,-,-,19.000,96.000,0.000,63014.000,63059.000,2.000
539.000,77.000,75.000,145.000,53.000,87.000,10.000,-,-,-,-,19.000,96.000,0.000,63014.000,63059.000,2.000
540.000,77.000,76.000,145.000,53.000,87.000,10.000,-,-,-,-,19.000,96.000,0.000,63014.000,63059.000,2.000
541.000,77.000,77.000,145.000,53.000,87.000,10.000,-,-,-,-,18.000,96.000,0.000,63014.000,63059.000,2.000
542.000,77.000,77.000,145.000,53.000,87.000,10.000,-,-,-,-,18.000,96.000,0.000,63014.000,63059.000,2.000
543.000,77.000,77.000,146.000,53.000,87.000,10.000,-,-,-,-,17.000,96.000,0.000,63014.000,63059.000,2.000
544.000,77.000,77.000,145.000,53.000,87.000,10.000,-,-,-,-,17.000,96.000,0.000,63014.000,63059.000,2.000
545.000,77.000,77.000,146.000,53.000,88.000,10.000,-,-,-,-,17.000,96.000,0.000,63014.000,63059.000,2.000
546.000,78.000,77.000,147.000,53.000,87.000,10.000,-,-,-,-,18.000,95.000,0.000,63014.000,63059.000,2.000
547.000,77.000,77.000,146.000,54.000,88.000,10.000,-,-,-,-,18.000,95.000,0.000,63014.000,63059.000,2.000
548.000,77.000,77.000,147.000,54.000,88.000,10.000,-,-,-,-,18.000,95.000,0.000,63014.000,63059.000,2.000
549.000,77.000,77.000,146.000,53.000,88.000,10.000,-,-,-,-,18.000,95.000,0.000,63014.000,63059.000,2.000
550.000,77.000,77.000,145.000,54.000,88.000,10.000,-,-,-,-,17.000,95.000,0.000,63014.000,63059.000,2.000
551.000,77.000,77.000,144.000,53.000,87.000,10.000,-,-,-,-,17.000,95.000,0.000,63014.000,63059.000,2.000
552.000,77.000,77.000,143.000,53.000,88.000,10.000,-,-,-,-,17.000,95.000,0.000,63014.000,63059.000,2.000
553.000,77.000,79.000,143.000,53.000,88.000,10.000,-,-,-,-,17.000,95.000,0.000,63014.000,63059.000,1.000
554.000,77.000,80.000,142.000,53.000,88.000,10.000,-,-,-,-,17.000,95.000,0.000,63014.000,63059.000,1.000
555.000,76.000,80.000,147.000,56.000,92.000,10.000,-,-,-,-,17.000,95.000,0.000,63014.000,63059.000,1.000
556.000,78.000,80.000,151.000,59.000,94.000,11.000,-,-,-,-,17.000,95.000,0.000,63014.000,63059.000,1.000
557.000,78.000,83.000,153.000,61.000,96.000,11.000,-,-,-,-,18.000,96.000,0.000,63014.000,63059.000,1.000
558.000,78.000,85.000,158.000,64.000,100.000,11.000,-,-,-,-,18.000,96.000,0.000,63014.000,63059.000,1.000
559.000,78.000,85.000,160.000,66.000,101.000,3.000,-,-,-,-,18.000,96.000,0.000,63014.000,63059.000,1.000
560.000,78.000,85.000,161.000,67.000,102.000,-4.000,-,-,-,-,18.000,96.000,0.000,63014.000,63059.000,1.000
561.000,79.000,88.000,164.000,69.000,104.000,3.000,-,-,-,-,18.000,96.000,0.000,63014.000,63059.000,1.000
562.000,79.000,90.000,167.000,70.000,105.000,3.000,-,-,-,-,18.000,96.000,0.000,63014.000,63059.000,1.000
563.000,78.000,91.000,168.000,70.000,106.000,4.000,-,-,-,-,18.000,96.000,0.000,63014.000,63059.000,1.000
564.000,78.000,90.000,171.000,73.000,108.000,5.000,-,-,-,-,18.000,96.000,0.000,63014.000,63059.000,1.000
565.000,80.000,89.000,173.000,74.000,109.000,5.000,-,-,-,-,18.000,96.000,0.000,63014.000,63059.000,2.000
566.000,81.000,87.000,174.000,75.000,108.000,20.000,-,-,-,-,17.000,96.000,0.000,63014.000,63059.000,2.000
567.000,82.000,84.000,175.000,75.000,108.000,20.000,-,-,-,-,17.000,96.000,0.000,63014.000,63059.000,2.000
568.000,80.000,82.000,174.000,74.000,106.000,12.000,-,-,-,-,19.000,96.000,0.000,63014.000,63059.000,1.000
569.000,79.000,80.000,173.000,73.000,105.000,12.000,-,-,-,-,19.000,96.000,0.000,63014.000,63059.000,1.000
570.000,78.000,79.000,172.000,72.000,104.000,10.000,-,-,-,-,19.000,95.000,0.000,63014.000,63059.000,1.000
571.000,78.000,78.000,172.000,72.000,103.000,10.000,-,-,-,-,19.000,95.000,0.000,63014.000,63059.000,1.000
572.000,78.000,77.000,172.000,72.000,103.000,9.000,-,-,-,-,19.000,95.000,0.000,63014.000,63059.000,1.000
573.000,78.000,76.000,171.000,71.000,103.000,9.000,-,-,-,-,18.000,96.000,0.000,63014.000,63059.000,1.000
574.000,78.000,75.000,172.000,71.000,103.000,9.000,-,-,-,-,17.000,96.000,0.000,63014.000,63059.000,1.000
575.000,75.000,74.000,171.000,71.000,103.000,9.000,-,-,-,-,16.000,96.000,0.000,63014.000,63059.000,1.000
576.000,74.000,73.000,171.000,72.000,105.000,9.000,-,-,-,-,18.000,96.000,0.000,63014.000,63059.000,1.000
577.000,75.000,72.000,175.000,75.000,108.000,32.000,-,-,-,-,18.000,96.000,0.000,63014.000,63059.000,1.000
578.000,75.000,72.000,175.000,77.000,108.000,25.000,-,-,-,-,18.000,96.000,0.000,63014.000,63059.000,1.000
579.000,75.000,72.000,173.000,76.000,106.000,14.000,-,-,-,-,18.000,96.000,0.000,63014.000,63059.000,1.000
580.000,75.000,72.000,169.000,74.000,103.000,14.000,-,-,-,-,19.000,96.000,0.000,63014.000,63059.000,1.000
581.000,75.000,73.000,168.000,73.000,103.000,14.000,-,-,-,-,19.000,96.000,0.000,63014.000,63059.000,1.000
582.000,75.000,73.000,168.000,73.000,102.000,12.000,-,-,-,-,19.000,96.000,0.000,63014.000,63059.000,1.000
583.000,76.000,73.000,168.000,73.000,102.000,8.000,-,-,-,-,19.000,96.000,0.000,63014.000,63059.000,1.000
584.000,76.000,73.000,167.000,72.000,102.000,8.000,-,-,-,-,17.000,96.000,0.000,63014.000,63059.000,1.000
585.000,76.000,74.000,168.000,72.000,102.000,8.000,-,-,-,-,17.000,96.000,0.000,63014.000,63059.000,1.000
586.000,76.000,74.000,168.000,72.000,102.000,8.000,-,-,-,-,17.000,96.000,0.000,63014.000,63059.000,1.000
587.000,76.000,75.000,167.000,71.000,101.000,8.000,-,-,-,-,19.000,96.000,0.000,63014.000,63059.000,1.000
588.000,76.000,75.000,170.000,70.000,102.000,8.000,-,-,-,-,19.000,96.000,0.000,63014.000,63059.000,1.000
589.000,76.000,75.000,171.000,71.000,102.000,8.000,-,-,-,-,19.000,96.000,0.000,63014.000,63059.000,1.000
590.000,76.000,76.000,169.000,71.000,102.000,9.000,-,-,-,-,18.000,96.000,0.000,63014.000,63059.000,1.000
591.000,76.000,76.000,170.000,72.000,103.000,9.000,-,-,-,-,18.000,95.000,0.000,63014.000,63059.000,1.000
592.000,77.000,76.000,169.000,69.000,102.000,9.000,-,-,-,-,18.000,95.000,0.000,63014.000,63059.000,1.000
593.000,77.000,76.000,169.000,69.000,103.000,9.000,-,-,-,-,18.000,95.000,0.000,63014.000,63059.000,1.000
594.000,77.000,76.000,166.000,68.000,103.000,9.000,-,-,-,-,18.000,95.000,0.000,63014.000,63059.000,1.000
595.000,77.000,76.000,166.000,70.000,103.000,9.000,-,-,-,-,18.000,95.000,0.000,63014.000,63059.000,1.000
596.000,79.000,76.000,168.000,70.000,103.000,9.000,-,-,-,-,17.000,95.000,0.000,63014.000,63059.000,1.000
597.000,78.000,76.000,167.000,72.000,104.000,9.000,-,-,-,-,17.000,95.000,0.000,63014.000,63059.000,1.000
598.000,78.000,76.000,166.000,71.000,104.000,9.000,-,-,-,-,21.000,95.000,0.000,63014.000,63059.000,1.000
599.000,78.000,76.000,166.000,72.000,104.000,9.000,-,-,-,-,21.000,95.000,0.000,63014.000,63059.000,1.000
