'Elapsed time','HR','ABPSys','ABPDias','ABPMean','PAPSys','PAPDias','PAPMean','CVP','PULSE','RESP','SpO2'
'seconds','bpm','mmHg','mmHg','mmHg','mmHg','mmHg','mmHg','mmHg','bpm','pm','%'
0.000,129.200,57.300,37.000,45.900,38.300,32.300,35.800,24.800,125.900,11.600,99.100
60.000,98.200,47.800,33.800,39.600,35.000,29.500,31.800,26.600,89.100,10.000,0.000
120.000,80.100,61.800,29.900,42.000,35.100,29.100,31.100,26.700,71.200,10.000,0.000
180.000,61.100,72.900,32.800,48.700,38.200,29.300,32.500,27.600,62.400,10.200,0.000
240.000,57.500,68.900,34.200,47.700,38.900,29.800,32.900,28.400,68.500,11.000,0.000
300.000,44.600,67.200,35.600,47.000,38.600,30.800,33.600,29.500,61.500,17.000,0.000
360.000,42.300,71.300,39.400,51.600,40.800,32.500,35.100,30.900,60.400,18.100,0.000
420.000,45.700,67.900,35.400,46.900,39.500,32.000,34.300,31.800,59.600,17.900,0.000
480.000,52.500,81.500,41.100,58.100,0.000,0.000,36.300,32.700,55.500,18.000,0.000
540.000,61.800,83.500,41.900,59.000,40.300,33.800,36.000,31.900,66.000,18.300,0.000
