'Elapsed time','HR','ABPSys','ABPDias','ABPMean','PULSE','RESP','SpO2'
'seconds','bpm','mmHg','mmHg','mmHg','bpm','pm','%'
0.000,67.200,142.000,87.000,113.200,120.600,30.200,94.100
60.000,65.200,131.800,80.600,104.300,125.200,15.600,94.100
120.000,65.800,125.100,80.500,100.800,141.400,22.000,93.600
180.000,65.400,121.600,78.800,98.300,138.900,22.900,93.100
240.000,65.600,123.400,80.300,100.100,143.100,23.100,93.600
300.000,66.700,129.300,85.600,105.700,131.000,26.400,93.000
360.000,65.800,130.000,83.400,104.600,130.600,13.500,93.000
420.000,64.900,125.600,81.600,101.500,137.900,18.300,93.200
480.000,64.800,119.800,78.200,97.300,146.200,18.200,93.200
540.000,66.200,128.200,82.900,104.000,144.400,29.200,93.500
