'Elapsed time','HR','ABPSys','ABPDias','ABPMean','PULSE','RESP','SpO2'
'seconds','bpm','mmHg','mmHg','mmHg','bpm','pm','%'
0.000,133.200,150.200,84.300,108.400,133.200,17.200,95.000
60.000,133.300,149.000,83.800,107.500,133.400,16.100,95.000
120.000,134.400,152.700,86.100,111.000,134.400,15.400,95.000
180.000,133.700,149.900,83.500,107.800,133.700,15.200,95.000
240.000,134.500,150.600,84.200,108.500,134.300,16.000,95.000
300.000,134.400,148.400,82.500,106.200,134.300,14.500,95.000
360.000,135.300,151.100,84.400,108.700,135.300,15.900,95.000
420.000,136.400,154.300,86.100,111.400,136.300,15.100,95.000
480.000,135.600,147.300,81.100,104.600,135.500,15.200,95.000
540.000,134.700,148.000,81.500,104.400,134.700,19.300,95.000
