'Elapsed time','HR','ABPSys','ABPDias','ABPMean','CVP','PULSE','RESP','SpO2','NBPSys','NBPDias','NBPMean'
'seconds','bpm','mmHg','mmHg','mmHg','mmHg','bpm','pm','%','mmHg','mmHg','mmHg'
0.000,102.600,0.000,0.000,0.000,0.000,101.900,15.200,96.000,98.000,52.000,69.000
60.000,103.200,0.000,0.000,0.000,0.000,100.900,15.500,96.100,-,-,-
120.000,106.200,0.000,0.000,0.000,0.000,94.300,14.500,94.200,-,-,-
180.000,106.400,0.000,0.000,0.000,0.000,100.000,14.600,94.500,93.000,48.000,65.000
240.000,105.500,0.000,0.000,0.000,0.000,97.400,17.700,95.700,-,-,-
300.000,106.900,0.000,0.000,0.000,0.000,97.500,14.400,96.000,-,-,-
360.000,107.100,0.000,0.000,0.000,0.000,101.100,16.800,96.600,97.000,51.000,67.000
420.000,106.300,0.000,0.000,0.000,0.000,108.000,16.900,96.500,-,-,-
480.000,105.000,0.000,0.000,0.000,0.000,120.200,21.600,96.600,-,-,-
540.000,105.800,0.000,0.000,0.000,0.000,108.800,16.300,94.700,94.000,45.000,62.000
