'Elapsed time','HR','ABPSys','ABPDias','ABPMean','PULSE','RESP','SpO2'
'seconds','bpm','mmHg','mmHg','mmHg','bpm','pm','%'
0.000,0.000,0.000,0.000,0.000,0.000,0.000,93.000
60.000,0.000,119.800,48.300,69.300,52.900,0.000,90.500
120.000,52.300,112.500,48.900,69.200,52.500,21.300,97.900
180.000,51.700,111.000,40.000,67.300,50.700,10.300,0.000
240.000,50.800,108.200,44.100,66.700,53.800,27.200,100.000
300.000,51.400,105.100,46.800,65.500,52.900,15.400,100.000
360.000,51.100,106.500,45.800,65.900,54.700,17.600,100.000
420.000,50.700,100.200,47.200,63.600,54.100,30.700,100.000
480.000,52.300,101.600,46.500,64.500,52.300,22.700,100.000
540.000,52.200,0.000,0.000,70.500,54.600,14.500,99.100
