'Elapsed time','HR','ABPSys','ABPDias','ABPMean','PULSE','RESP','SpO2'
'seconds','bpm','mmHg','mmHg','mmHg','bpm','pm','%'
0.000,0.000,0.000,0.000,0.000,0.000,0.000,97.000
60.000,0.000,0.000,0.000,0.000,0.000,14.600,95.800
120.000,88.900,189.700,75.900,112.800,80.600,18.300,0.000
180.000,89.300,192.800,78.300,116.800,89.000,19.200,92.900
240.000,88.800,186.500,73.200,109.600,82.600,20.100,92.000
300.000,90.800,177.500,70.200,105.000,86.700,25.700,91.600
360.000,93.200,191.500,73.500,113.000,89.400,25.600,93.300
420.000,90.700,187.300,72.600,110.600,85.000,28.400,94.700
480.000,91.800,189.700,72.700,110.800,89.100,21.100,95.200
540.000,94.500,187.700,70.300,109.000,87.800,20.000,95.000
