'Elapsed time','HR','ABPSys','ABPDias','ABPMean','PULSE','RESP','SpO2'
'seconds','bpm','mmHg','mmHg','mmHg','bpm','pm','%'
0.000,111.900,95.300,58.700,71.400,112.000,14.700,90.000
60.000,110.700,98.300,59.400,72.800,110.400,17.300,89.900
120.000,111.600,95.400,58.400,71.400,111.700,12.600,90.300
180.000,111.100,94.300,58.100,71.000,111.000,16.400,89.900
240.000,111.700,94.400,58.400,71.200,111.500,14.800,89.800
300.000,111.200,94.700,58.500,71.300,111.300,17.200,89.600
360.000,110.600,94.700,58.400,71.200,110.500,16.200,89.800
420.000,109.900,94.700,58.400,71.200,109.800,17.600,90.000
480.000,109.700,96.900,58.800,71.900,109.500,12.900,90.200
540.000,109.500,94.600,58.200,71.100,109.400,16.900,89.900
