'Elapsed time','HR','PULSE','NBP Sys','NBP Dias','NBP Mean','RESP','SpO2','PVC Rate per Minute','Rhythm Status','Ectopic Status'
'seconds','bpm','bpm','mmHg','mmHg','mmHg','pm','%','pm','?','?'
0.000,-,-,111.000,66.000,78.000,-,-,-,63005.000,-
1.000,60.000,56.000,111.000,66.000,78.000,-,96.000,-,63005.000,-
2.000,60.000,56.000,111.000,66.000,78.000,-,96.000,-,63005.000,-
3.000,59.000,56.000,111.000,66.000,78.000,-,98.000,-,63005.000,-
4.000,59.000,56.000,111.000,66.000,78.000,-,98.000,-,63005.000,-
5.000,59.000,56.000,111.000,66.000,78.000,-,99.000,-,63005.000,-
6.000,57.000,56.000,111.000,66.000,78.000,-,99.000,-,63005.000,-
7.000,57.000,57.000,111.000,66.000,78.000,-,99.000,-,63005.000,-
8.000,57.000,57.000,111.000,66.000,78.000,-,100.000,0.000,63004.000,-
9.000,57.000,57.000,111.000,66.000,78.000,-,100.000,0.000,63004.000,-
10.000,57.000,57.000,111.000,66.000,78.000,-,100.000,0.000,63004.000,-
11.000,57.000,57.000,111.000,66.000,78.000,-,100.000,0.000,63004.000,-
12.000,57.000,57.000,111.000,66.000,78.000,-,100.000,0.000,63004.000,-
13.000,57.000,57.000,111.000,66.000,78.000,6.000,100.000,0.000,63004.000,-
14.000,57.000,57.000,111.000,66.000,78.000,6.000,100.000,0.000,63004.000,-
15.000,57.000,57.000,111.000,66.000,78.000,6.000,100.000,0.000,63004.000,-
16.000,57.000,57.000,111.000,66.000,78.000,6.000,100.000,0.000,63004.000,-
17.000,57.000,57.000,111.000,66.000,78.000,6.000,100.000,0.000,63004.000,-
18.000,57.000,57.000,111.000,66.000,78.000,5.000,100.000,0.000,63004.000,-
19.000,58.000,57.000,111.000,66.000,78.000,6.000,100.000,0.000,63004.000,-
20.000,58.000,57.000,111.000,66.000,78.000,6.000,100.000,0.000,63004.000,-
21.000,58.000,57.000,111.000,66.000,78.000,6.000,100.000,0.000,63004.000,-
22.000,58.000,57.000,111.000,66.000,78.000,6.000,100.000,0.000,63004.000,-
23.000,58.000,57.000,111.000,66.000,78.000,7.000,100.000,0.000,63016.000,63062.000
24.000,58.000,57.000,111.000,66.000,78.000,7.000,100.000,0.000,63016.000,63062.000
25.000,58.000,57.000,111.000,66.000,78.000,7.000,100.000,0.000,63016.000,63062.000
26.000,59.000,57.000,111.000,66.000,78.000,8.000,100.000,0.000,63016.000,63062.000
27.000,59.000,58.000,111.000,66.000,78.000,8.000,100.000,0.000,63016.000,63062.000
28.000,59.000,57.000,111.000,66.000,78.000,9.000,100.000,0.000,63016.000,63062.000
29.000,59.000,57.000,111.000,66.000,78.000,9.000,100.000,0.000,63016.000,63062.000
30.000,59.000,57.000,111.000,66.000,78.000,9.000,100.000,0.000,63016.000,63062.000
31.000,59.000,57.000,111.000,66.000,78.000,10.000,100.000,0.000,63016.000,63062.000
32.000,59.000,57.000,111.000,66.000,78.000,10.000,100.000,0.000,63016.000,63062.000
33.000,59.000,57.000,111.000,66.000,78.000,10.000,100.000,0.000,63016.000,63062.000
34.000,59.000,57.000,111.000,66.000,78.000,10.000,100.000,0.000,63016.000,63062.000
35.000,59.000,58.000,111.000,66.000,78.000,11.000,100.000,0.000,63016.000,63062.000
36.000,59.000,58.000,111.000,66.000,78.000,11.000,99.000,0.000,63016.000,63062.000
37.000,59.000,58.000,111.000,66.000,78.000,11.000,99.000,0.000,63016.000,63062.000
38.000,60.000,58.000,111.000,66.000,78.000,11.000,100.000,0.000,63016.000,63062.000
39.000,60.000,58.000,111.000,66.000,78.000,11.000,100.000,0.000,63016.000,63062.000
40.000,60.000,58.000,111.000,66.000,78.000,11.000,100.000,0.000,63016.000,63062.000
41.000,62.000,58.000,111.000,66.000,78.000,11.000,100.000,1.000,63016.000,63062.000
42.000,60.000,58.000,111.000,66.000,78.000,10.000,100.000,1.000,63016.000,63062.000
43.000,60.000,58.000,111.000,66.000,78.000,9.000,100.000,1.000,63016.000,63062.000
44.000,60.000,58.000,111.000,66.000,78.000,8.000,100.000,1.000,63016.000,63062.000
45.000,60.000,58.000,111.000,66.000,78.000,13.000,100.000,1.000,63017.000,63062.000
46.000,60.000,58.000,111.000,66.000,78.000,13.000,100.000,1.000,63017.000,63062.000
47.000,60.000,58.000,111.000,66.000,78.000,13.000,100.000,1.000,63017.000,63062.000
48.000,60.000,58.000,111.000,66.000,78.000,13.000,100.000,1.000,63017.000,63062.000
