'Elapsed time','HR','PULSE','ABP','ABP Sys','ABP Dias','ABP Mean','CVP','PAP','PAP Sys','PAP Dias','PAP Mean','ART','ART Sys','ART Dias','ART Mean','RESP','PAWP','BLOODT','SpO2','PVC Rate per Minute','Rhythm Status','Ectopic Status','Ectopic Count'
'seconds','bpm','bpm','mmHg','mmHg','mmHg','mmHg','mmHg','mmHg','mmHg','mmHg','mmHg','mmHg','mmHg','mmHg','mmHg','pm','?','?','%','pm','?','?','?'
0.000,127.000,126.000,-,92.000,41.000,61.000,0.000,7.000,-,-,-,-,80.000,44.000,57.000,27.000,-,38.510,99.000,8.000,63015.000,63052.000,4.000
1.000,127.000,126.000,-,91.000,41.000,60.000,0.000,7.000,-,-,-,-,80.000,45.000,57.000,25.000,-,38.510,99.000,8.000,63015.000,63052.000,4.000
2.000,127.000,126.000,-,91.000,41.000,60.000,0.000,7.000,-,-,-,-,80.000,46.000,57.000,25.000,-,38.520,99.000,8.000,63015.000,63052.000,4.000
3.000,127.000,126.000,-,90.000,40.000,60.000,0.000,7.000,-,-,-,-,79.000,46.000,57.000,25.000,-,38.530,99.000,8.000,63015.000,63052.000,4.000
4.000,127.000,126.000,-,90.000,40.000,60.000,0.000,7.000,-,-,-,-,79.000,47.000,57.000,25.000,-,38.520,99.000,8.000,63015.000,63052.000,4.000
5.000,127.000,126.000,-,90.000,40.000,60.000,0.000,7.000,-,-,-,-,80.000,47.000,58.000,25.000,-,38.520,99.000,8.000,63015.000,63052.000,4.000
6.000,127.000,126.000,-,90.000,40.000,60.000,0.000,7.000,-,-,-,-,79.000,47.000,58.000,25.000,-,38.510,99.000,8.000,63015.000,63052.000,4.000
7.000,127.000,126.000,-,91.000,40.000,60.000,0.000,7.000,-,-,-,-,80.000,48.000,58.000,30.000,-,38.510,99.000,8.000,63015.000,63052.000,4.000
8.000,127.000,126.000,-,91.000,40.000,60.000,0.000,7.000,-,-,-,-,80.000,48.000,58.000,30.000,-,38.510,99.000,8.000,63015.000,63052.000,4.000
9.000,127.000,126.000,-,91.000,40.000,60.000,0.000,7.000,-,-,-,-,80.000,48.000,59.000,31.000,-,38.510,99.000,8.000,63015.000,63052.000,4.000
10.000,127.000,126.000,-,92.000,41.000,60.000,0.000,7.000,-,-,-,-,80.000,49.000,59.000,31.000,-,38.500,98.000,8.000,63015.000,63052.000,4.000
11.000,127.000,126.000,-,92.000,41.000,61.000,0.000,7.000,-,-,-,-,81.000,49.000,59.000,30.000,-,38.500,98.000,8.000,63015.000,63052.000,4.000
12.000,127.000,126.000,-,92.000,41.000,61.000,0.000,7.000,-,-,-,-,80.000,47.000,59.000,30.000,-,38.520,98.000,8.000,63015.000,63052.000,4.000
13.000,127.000,126.000,-,92.000,41.000,61.000,0.000,7.000,-,-,-,-,83.000,44.000,59.000,29.000,-,38.530,98.000,8.000,63015.000,63052.000,4.000
14.000,127.000,126.000,-,92.000,41.000,61.000,0.000,-,8.000,5.000,7.000,-,82.000,41.000,58.000,29.000,-,38.520,98.000,8.000,63015.000,63052.000,4.000
15.000,127.000,126.000,-,93.000,41.000,61.000,0.000,-,8.000,5.000,7.000,-,84.000,40.000,59.000,27.000,-,38.520,98.000,8.000,63015.000,63052.000,4.000
16.000,127.000,126.000,-,93.000,41.000,61.000,0.000,-,8.000,5.000,7.000,-,84.000,39.000,58.000,27.000,-,38.510,98.000,8.000,63015.000,63052.000,4.000
17.000,127.000,126.000,-,93.000,41.000,61.000,0.000,-,8.000,5.000,7.000,-,85.000,39.000,59.000,26.000,-,38.500,98.000,7.000,63015.000,63052.000,4.000
18.000,127.000,126.000,-,93.000,41.000,61.000,0.000,-,8.000,5.000,7.000,-,85.000,39.000,59.000,26.000,-,38.500,98.000,7.000,63015.000,63052.000,4.000
19.000,127.000,126.000,-,93.000,41.000,61.000,0.000,-,8.000,5.000,7.000,-,86.000,38.000,60.000,26.000,-,38.470,99.000,6.000,63015.000,63052.000,3.000
20.000,127.000,126.000,-,93.000,41.000,61.000,0.000,-,8.000,5.000,7.000,-,88.000,38.000,60.000,27.000,-,38.470,99.000,5.000,63015.000,63052.000,3.000
21.000,127.000,126.000,-,94.000,41.000,61.000,0.000,-,8.000,5.000,7.000,-,88.000,37.000,60.000,27.000,-,38.500,99.000,4.000,63015.000,63052.000,2.000
22.000,127.000,126.000,-,94.000,41.000,62.000,0.000,-,8.000,5.000,7.000,-,88.000,37.000,61.000,30.000,-,38.480,99.000,4.000,63015.000,63052.000,2.000
23.000,127.000,126.000,-,95.000,42.000,62.000,0.000,-,8.000,5.000,7.000,-,88.000,37.000,61.000,30.000,-,38.480,99.000,4.000,63015.000,63052.000,2.000
24.000,127.000,126.000,-,95.000,42.000,62.000,0.000,-,8.000,5.000,7.000,-,90.000,37.000,61.000,30.000,-,38.510,99.000,4.000,63015.000,63052.000,2.000
25.000,127.000,126.000,-,96.000,42.000,62.000,0.000,-,8.000,5.000,7.000,-,89.000,37.000,61.000,30.000,-,38.510,99.000,4.000,63015.000,63052.000,2.000
26.000,127.000,127.000,-,96.000,42.000,63.000,0.000,-,8.000,5.000,7.000,-,90.000,37.000,61.000,30.000,-,38.510,99.000,4.000,63015.000,63052.000,2.000
27.000,127.000,127.000,-,97.000,42.000,63.000,0.000,-,8.000,5.000,7.000,-,90.000,37.000,62.000,30.000,-,38.500,99.000,4.000,63015.000,63052.000,2.000
28.000,127.000,127.000,-,97.000,42.000,63.000,0.000,-,8.000,5.000,7.000,-,91.000,37.000,62.000,30.000,-,38.500,99.000,4.000,63015.000,63052.000,2.000
29.000,127.000,127.000,-,97.000,42.000,63.000,0.000,-,8.000,5.000,7.000,-,90.000,39.000,62.000,30.000,-,38.500,99.000,4.000,63015.000,63052.000,2.000
30.000,127.000,127.000,-,98.000,43.000,63.000,0.000,-,9.000,5.000,7.000,-,90.000,39.000,62.000,30.000,-,38.520,99.000,4.000,63015.000,63052.000,2.000
31.000,127.000,127.000,-,98.000,43.000,63.000,0.000,-,9.000,5.000,7.000,-,89.000,39.000,62.000,31.000,-,38.520,99.000,2.000,63015.000,63052.000,2.000
32.000,127.000,127.000,-,98.000,43.000,64.000,0.000,-,9.000,5.000,7.000,-,87.000,41.000,61.000,31.000,-,38.500,99.000,2.000,63015.000,63052.000,1.000
33.000,127.000,127.000,-,98.000,43.000,64.000,0.000,7.000,-,-,-,-,87.000,40.000,61.000,31.000,-,38.460,99.000,2.000,63015.000,63052.000,1.000
34.000,128.000,127.000,-,98.000,43.000,64.000,0.000,7.000,-,-,-,-,87.000,39.000,61.000,31.000,-,38.450,99.000,2.000,63015.000,63052.000,1.000
35.000,128.000,127.000,-,98.000,43.000,64.000,0.000,7.000,-,-,-,-,87.000,40.000,61.000,30.000,-,38.450,99.000,2.000,63015.000,63052.000,1.000
36.000,128.000,127.000,-,97.000,43.000,63.000,0.000,7.000,-,-,-,-,85.000,43.000,61.000,30.000,-,38.440,99.000,2.000,63015.000,63052.000,1.000
37.000,128.000,127.000,-,97.000,42.000,63.000,0.000,-,9.000,6.000,7.000,-,85.000,41.000,61.000,30.000,-,38.450,99.000,0.000,63015.000,63052.000,1.000
38.000,128.000,127.000,-,97.000,42.000,63.000,0.000,-,9.000,6.000,7.000,-,86.000,40.000,61.000,30.000,-,38.470,99.000,0.000,63015.000,63062.000,-
39.000,128.000,127.000,-,97.000,42.000,63.000,0.000,-,8.000,6.000,7.000,-,85.000,41.000,61.000,30.000,-,38.470,99.000,0.000,63015.000,63062.000,-
40.000,128.000,127.000,-,98.000,42.000,64.000,0.000,-,8.000,6.000,7.000,-,85.000,41.000,60.000,30.000,-,38.470,99.000,0.000,63015.000,63062.000,-
41.000,128.000,127.000,-,97.000,42.000,63.000,0.000,-,9.000,6.000,7.000,-,86.000,40.000,60.000,30.000,-,38.470,99.000,0.000,63015.000,63062.000,-
42.000,128.000,127.000,-,97.000,43.000,64.000,0.000,-,9.000,6.000,7.000,-,86.000,40.000,60.000,30.000,-,38.460,99.000,0.000,63015.000,63062.000,-
43.000,128.000,127.000,-,97.000,42.000,64.000,0.000,-,9.000,6.000,7.000,-,87.000,39.000,61.000,30.000,-,38.450,99.000,0.000,63015.000,63062.000,-
44.000,128.000,127.000,-,97.000,43.000,64.000,0.000,-,8.000,5.000,7.000,-,85.000,40.000,60.000,30.000,-,38.450,99.000,0.000,63015.000,63062.000,-
45.000,128.000,127.000,-,97.000,42.000,63.000,0.000,7.000,-,-,-,-,85.000,39.000,60.000,31.000,-,38.450,99.000,0.000,63015.000,63062.000,-
46.000,128.000,127.000,-,97.000,42.000,63.000,0.000,7.000,-,-,-,-,85.000,38.000,60.000,32.000,-,38.470,99.000,0.000,63015.000,63062.000,-
47.000,128.000,127.000,-,96.000,42.000,63.000,0.000,7.000,-,-,-,-,85.000,39.000,60.000,34.000,-,38.470,99.000,0.000,63015.000,63062.000,-
48.000,128.000,127.000,-,96.000,42.000,63.000,0.000,7.000,-,-,-,-,86.000,38.000,60.000,34.000,-,38.500,99.000,0.000,63015.000,63062.000,-
49.000,128.000,127.000,-,96.000,42.000,63.000,0.000,7.000,-,-,-,-,85.000,39.000,60.000,34.000,-,38.500,99.000,0.000,63015.000,63062.000,-
50.000,128.000,127.000,-,96.000,42.000,63.000,0.000,7.000,-,-,-,-,84.000,40.000,60.000,34.000,-,38.480,99.000,0.000,63015.000,63062.000,-
51.000,128.000,127.000,-,96.000,42.000,63.000,0.000,7.000,-,-,-,-,85.000,39.000,60.000,34.000,-,38.500,99.000,0.000,63015.000,63062.000,-
52.000,128.000,127.000,-,97.000,42.000,63.000,0.000,7.000,-,-,-,-,86.000,39.000,60.000,34.000,-,38.510,99.000,0.000,63015.000,63062.000,-
53.000,128.000,128.000,-,97.000,42.000,63.000,0.000,7.000,-,-,-,-,85.000,43.000,61.000,34.000,-,38.510,99.000,0.000,63015.000,63062.000,-
54.000,128.000,128.000,-,97.000,42.000,63.000,0.000,7.000,-,-,-,-,84.000,45.000,61.000,34.000,-,38.520,99.000,0.000,63015.000,63062.000,-
55.000,128.000,128.000,-,97.000,42.000,63.000,0.000,7.000,-,-,-,-,84.000,46.000,61.000,34.000,-,38.520,99.000,0.000,63015.000,63062.000,-
56.000,128.000,128.000,-,97.000,43.000,63.000,0.000,-,8.000,6.000,7.000,-,83.000,47.000,61.000,34.000,-,38.520,99.000,0.000,63015.000,63062.000,-
57.000,128.000,128.000,-,97.000,43.000,63.000,0.000,-,8.000,6.000,7.000,-,83.000,48.000,61.000,34.000,-,38.500,99.000,0.000,63015.000,63062.000,-
58.000,128.000,128.000,-,97.000,42.000,63.000,0.000,-,8.000,5.000,7.000,-,83.000,48.000,61.000,34.000,-,38.500,99.000,0.000,63015.000,63062.000,-
59.000,128.000,128.000,-,96.000,42.000,63.000,0.000,-,8.000,5.000,7.000,-,83.000,49.000,61.000,30.000,-,38.520,99.000,0.000,63015.000,63062.000,-
60.000,128.000,128.000,-,96.000,42.000,63.000,0.000,-,8.000,5.000,7.000,-,83.000,49.000,60.000,30.000,-,38.510,99.000,0.000,63015.000,63062.000,-
61.000,128.000,128.000,-,95.000,42.000,62.000,0.000,-,8.000,5.000,7.000,-,83.000,49.000,60.000,29.000,-,38.520,99.000,0.000,63015.000,63062.000,-
62.000,128.000,128.000,-,95.000,42.000,62.000,0.000,-,8.000,5.000,7.000,-,83.000,49.000,60.000,29.000,-,38.520,99.000,0.000,63015.000,63062.000,-
63.000,128.000,128.000,-,95.000,42.000,62.000,0.000,-,8.000,5.000,7.000,-,82.000,49.000,60.000,29.000,-,38.530,99.000,0.000,63015.000,63062.000,-
64.000,128.000,128.000,-,95.000,42.000,62.000,0.000,-,8.000,5.000,7.000,-,83.000,49.000,60.000,27.000,-,38.530,99.000,0.000,63015.000,63062.000,-
65.000,128.000,128.000,-,95.000,42.000,62.000,0.000,-,8.000,5.000,7.000,-,83.000,49.000,60.000,27.000,-,38.520,99.000,0.000,63015.000,63062.000,-
66.000,128.000,128.000,-,95.000,42.000,62.000,0.000,-,8.000,5.000,7.000,-,84.000,50.000,61.000,26.000,-,38.520,99.000,0.000,63015.000,63062.000,-
67.000,128.000,128.000,-,95.000,42.000,62.000,0.000,-,8.000,5.000,7.000,-,84.000,50.000,61.000,26.000,-,38.520,99.000,0.000,63015.000,63062.000,-
68.000,128.000,128.000,-,96.000,42.000,63.000,0.000,-,8.000,5.000,7.000,-,85.000,50.000,62.000,26.000,-,38.500,99.000,0.000,63015.000,63062.000,-
69.000,128.000,128.000,-,98.000,42.000,63.000,0.000,-,8.000,5.000,7.000,-,86.000,51.000,62.000,26.000,-,38.510,99.000,0.000,63015.000,63062.000,-
70.000,128.000,128.000,-,98.000,43.000,64.000,0.000,-,8.000,5.000,7.000,-,87.000,51.000,63.000,27.000,-,38.520,99.000,0.000,63015.000,63062.000,-
71.000,128.000,128.000,-,99.000,43.000,64.000,0.000,-,8.000,5.000,7.000,-,88.000,52.000,64.000,27.000,-,38.520,99.000,0.000,63015.000,63062.000,-
72.000,128.000,128.000,-,100.000,43.000,65.000,0.000,-,8.000,5.000,7.000,-,88.000,52.000,64.000,27.000,-,38.510,99.000,0.000,63015.000,63062.000,-
73.000,128.000,128.000,-,100.000,43.000,65.000,0.000,-,8.000,5.000,7.000,-,88.000,52.000,64.000,27.000,-,38.510,99.000,0.000,63015.000,63062.000,-
74.000,128.000,128.000,-,101.000,43.000,65.000,0.000,-,8.000,5.000,7.000,-,88.000,53.000,64.000,27.000,-,38.500,99.000,0.000,63015.000,63062.000,-
75.000,128.000,128.000,-,101.000,44.000,65.000,0.000,-,8.000,5.000,7.000,-,88.000,53.000,64.000,27.000,-,38.470,99.000,0.000,63015.000,63062.000,-
76.000,128.000,128.000,-,101.000,44.000,65.000,0.000,-,8.000,5.000,7.000,-,88.000,53.000,64.000,30.000,-,38.470,99.000,0.000,63015.000,63062.000,-
77.000,128.000,128.000,-,101.000,44.000,65.000,0.000,-,8.000,5.000,7.000,-,87.000,52.000,63.000,30.000,-,38.500,99.000,0.000,63015.000,63062.000,-
78.000,128.000,128.000,-,101.000,44.000,65.000,0.000,-,8.000,5.000,7.000,-,86.000,52.000,63.000,30.000,-,38.480,99.000,0.000,63015.000,63062.000,-
79.000,128.000,128.000,-,101.000,43.000,65.000,0.000,-,8.000,6.000,7.000,-,86.000,52.000,63.000,30.000,-,38.480,99.000,0.000,63015.000,63062.000,-
80.000,128.000,128.000,-,100.000,43.000,65.000,0.000,-,8.000,6.000,7.000,-,86.000,52.000,62.000,30.000,-,38.480,99.000,0.000,63015.000,63062.000,-
81.000,128.000,128.000,-,100.000,43.000,65.000,0.000,-,8.000,6.000,7.000,-,85.000,52.000,62.000,30.000,-,38.480,99.000,0.000,63015.000,63062.000,-
82.000,128.000,128.000,-,100.000,43.000,65.000,0.000,-,8.000,6.000,7.000,-,84.000,52.000,62.000,30.000,-,38.500,99.000,0.000,63015.000,63062.000,-
83.000,128.000,128.000,-,100.000,43.000,65.000,0.000,7.000,-,-,-,-,84.000,52.000,62.000,30.000,-,38.500,99.000,0.000,63015.000,63062.000,-
84.000,128.000,128.000,-,100.000,43.000,65.000,0.000,7.000,-,-,-,-,84.000,52.000,61.000,30.000,-,38.520,99.000,0.000,63015.000,63062.000,-
85.000,128.000,128.000,-,99.000,43.000,64.000,0.000,7.000,-,-,-,-,84.000,51.000,62.000,30.000,-,38.520,99.000,0.000,63015.000,63062.000,-
86.000,128.000,128.000,-,99.000,43.000,64.000,0.000,7.000,-,-,-,-,84.000,51.000,61.000,30.000,-,38.510,99.000,0.000,63015.000,63062.000,-
87.000,128.000,128.000,-,99.000,43.000,65.000,0.000,7.000,-,-,-,-,83.000,51.000,61.000,30.000,-,38.510,99.000,0.000,63015.000,63062.000,-
88.000,128.000,128.000,-,99.000,43.000,65.000,0.000,7.000,-,-,-,-,84.000,51.000,62.000,30.000,-,38.510,99.000,0.000,63015.000,63062.000,-
89.000,128.000,128.000,-,99.000,43.000,65.000,0.000,7.000,-,-,-,-,84.000,52.000,62.000,30.000,-,38.510,99.000,0.000,63015.000,63062.000,-
90.000,129.000,128.000,-,100.000,43.000,65.000,0.000,6.000,-,-,-,-,84.000,52.000,62.000,30.000,-,38.510,99.000,0.000,63015.000,63062.000,-
91.000,128.000,128.000,-,100.000,43.000,65.000,0.000,6.000,-,-,-,-,84.000,52.000,62.000,30.000,-,38.510,99.000,0.000,63015.000,63062.000,-
92.000,129.000,128.000,-,100.000,43.000,65.000,0.000,7.000,-,-,-,-,84.000,52.000,62.000,30.000,-,38.520,99.000,0.000,63015.000,63062.000,-
93.000,129.000,128.000,-,100.000,43.000,65.000,0.000,7.000,-,-,-,-,85.000,52.000,62.000,30.000,-,38.520,99.000,0.000,63015.000,63062.000,-
94.000,129.000,128.000,-,100.000,43.000,65.000,0.000,7.000,-,-,-,-,84.000,52.000,62.000,30.000,-,38.520,99.000,0.000,63015.000,63062.000,-
95.000,129.000,128.000,-,100.000,43.000,65.000,0.000,7.000,-,-,-,-,84.000,52.000,62.000,30.000,-,38.530,99.000,0.000,63015.000,63062.000,-
96.000,129.000,128.000,-,99.000,43.000,64.000,0.000,7.000,-,-,-,-,85.000,51.000,62.000,30.000,-,38.510,99.000,0.000,63015.000,63062.000,-
97.000,129.000,128.000,-,99.000,43.000,64.000,0.000,7.000,-,-,-,-,85.000,51.000,62.000,30.000,-,38.520,99.000,0.000,63015.000,63062.000,-
98.000,129.000,128.000,-,99.000,43.000,64.000,0.000,7.000,-,-,-,-,84.000,51.000,61.000,30.000,-,38.530,99.000,0.000,63015.000,63062.000,-
99.000,129.000,128.000,-,98.000,43.000,64.000,0.000,7.000,-,-,-,-,84.000,51.000,61.000,30.000,-,38.530,99.000,0.000,63015.000,63062.000,-
100.000,129.000,128.000,-,99.000,43.000,64.000,0.000,7.000,-,-,-,-,83.000,51.000,61.000,30.000,-,38.530,99.000,0.000,63015.000,63062.000,-
101.000,129.000,128.000,-,98.000,43.000,64.000,0.000,7.000,-,-,-,-,83.000,51.000,61.000,31.000,-,38.530,99.000,0.000,63015.000,63062.000,-
102.000,129.000,129.000,-,98.000,43.000,64.000,0.000,7.000,-,-,-,-,83.000,51.000,61.000,31.000,-,38.520,99.000,0.000,63015.000,63062.000,-
103.000,129.000,129.000,-,98.000,43.000,64.000,0.000,7.000,-,-,-,-,83.000,51.000,61.000,30.000,-,38.510,99.000,0.000,63015.000,63062.000,-
104.000,129.000,129.000,-,98.000,43.000,64.000,0.000,7.000,-,-,-,-,83.000,51.000,61.000,30.000,-,38.520,99.000,0.000,63015.000,63062.000,-
105.000,129.000,129.000,-,98.000,43.000,64.000,0.000,7.000,-,-,-,-,83.000,51.000,61.000,30.000,-,38.520,99.000,0.000,63015.000,63062.000,-
106.000,129.000,129.000,-,99.000,43.000,64.000,0.000,7.000,-,-,-,-,84.000,51.000,62.000,30.000,-,38.530,99.000,0.000,63015.000,63062.000,-
107.000,129.000,129.000,-,98.000,43.000,64.000,0.000,7.000,-,-,-,-,84.000,51.000,61.000,30.000,-,38.530,99.000,0.000,63015.000,63062.000,-
108.000,129.000,129.000,-,99.000,43.000,64.000,0.000,7.000,-,-,-,-,84.000,51.000,61.000,30.000,-,38.530,99.000,0.000,63015.000,63062.000,-
109.000,129.000,129.000,-,98.000,43.000,64.000,0.000,7.000,-,-,-,-,83.000,51.000,61.000,30.000,-,38.530,99.000,0.000,63015.000,63062.000,-
110.000,129.000,129.000,-,98.000,43.000,64.000,0.000,-,8.000,5.000,7.000,-,82.000,51.000,61.000,30.000,-,38.530,99.000,0.000,63015.000,63062.000,-
111.000,129.000,128.000,-,97.000,43.000,63.000,0.000,6.000,-,-,-,-,81.000,51.000,61.000,30.000,-,38.510,99.000,0.000,63015.000,63062.000,-
112.000,129.000,128.000,-,98.000,43.000,64.000,0.000,6.000,-,-,-,-,82.000,51.000,61.000,30.000,-,38.520,99.000,0.000,63015.000,63062.000,-
113.000,129.000,128.000,-,97.000,43.000,63.000,0.000,6.000,-,-,-,-,82.000,51.000,60.000,30.000,-,38.550,99.000,0.000,63015.000,63062.000,-
114.000,128.000,128.000,-,97.000,43.000,63.000,0.000,6.000,-,-,-,-,82.000,51.000,60.000,30.000,-,38.530,99.000,0.000,63015.000,63062.000,-
115.000,128.000,128.000,-,97.000,43.000,63.000,0.000,7.000,-,-,-,-,82.000,51.000,60.000,30.000,-,38.530,99.000,0.000,63015.000,63062.000,-
116.000,128.000,128.000,-,97.000,43.000,63.000,0.000,7.000,-,-,-,-,82.000,50.000,60.000,30.000,-,38.530,99.000,0.000,63015.000,63062.000,-
117.000,128.000,128.000,-,96.000,42.000,63.000,0.000,7.000,-,-,-,-,82.000,50.000,60.000,30.000,-,38.530,99.000,0.000,63015.000,63062.000,-
118.000,128.000,128.000,-,97.000,42.000,63.000,0.000,7.000,-,-,-,-,82.000,50.000,60.000,29.000,-,38.550,99.000,0.000,63015.000,63062.000,-
119.000,128.000,128.000,-,96.000,42.000,63.000,0.000,6.000,-,-,-,-,82.000,50.000,60.000,29.000,-,38.560,99.000,0.000,63015.000,63062.000,-
120.000,128.000,128.000,-,96.000,42.000,63.000,0.000,6.000,-,-,-,-,81.000,50.000,60.000,30.000,-,38.570,99.000,0.000,63015.000,63062.000,-
121.000,128.000,128.000,-,96.000,42.000,63.000,0.000,7.000,-,-,-,-,82.000,50.000,60.000,30.000,-,38.570,99.000,0.000,63015.000,63062.000,-
122.000,128.000,128.000,-,97.000,42.000,63.000,0.000,7.000,-,-,-,-,82.000,50.000,61.000,30.000,-,38.550,99.000,0.000,63015.000,63062.000,-
123.000,128.000,128.000,-,97.000,42.000,63.000,0.000,7.000,-,-,-,-,82.000,50.000,61.000,30.000,-,38.560,99.000,0.000,63015.000,63062.000,-
124.000,128.000,128.000,-,97.000,42.000,63.000,0.000,7.000,-,-,-,-,83.000,51.000,61.000,30.000,-,38.560,99.000,0.000,63015.000,63062.000,-
125.000,128.000,128.000,-,97.000,42.000,63.000,0.000,-,8.000,5.000,7.000,-,83.000,51.000,61.000,30.000,-,38.550,99.000,0.000,63015.000,63062.000,-
126.000,128.000,128.000,-,97.000,43.000,63.000,0.000,-,8.000,5.000,7.000,-,83.000,51.000,61.000,30.000,-,38.550,99.000,0.000,63015.000,63062.000,-
127.000,128.000,128.000,-,97.000,43.000,63.000,0.000,-,8.000,6.000,7.000,-,83.000,51.000,61.000,30.000,-,38.560,99.000,0.000,63015.000,63062.000,-
128.000,128.000,128.000,-,97.000,43.000,63.000,0.000,-,8.000,6.000,7.000,-,83.000,51.000,61.000,30.000,-,38.570,99.000,0.000,63015.000,63062.000,-
129.000,128.000,128.000,-,97.000,43.000,63.000,0.000,-,8.000,6.000,7.000,-,82.000,51.000,61.000,30.000,-,38.570,99.000,0.000,63015.000,63062.000,-
130.000,128.000,128.000,-,97.000,43.000,63.000,0.000,-,9.000,6.000,7.000,-,83.000,51.000,61.000,30.000,-,38.570,99.000,0.000,63015.000,63062.000,-
131.000,128.000,128.000,-,97.000,42.000,63.000,0.000,-,9.000,6.000,7.000,-,83.000,51.000,61.000,30.000,-,38.560,99.000,0.000,63015.000,63062.000,-
132.000,128.000,128.000,-,97.000,43.000,63.000,0.000,-,8.000,6.000,7.000,-,82.000,51.000,61.000,30.000,-,38.530,99.000,0.000,63015.000,63062.000,-
133.000,128.000,128.000,-,97.000,43.000,63.000,0.000,-,8.000,6.000,7.000,-,83.000,51.000,61.000,30.000,-,38.530,99.000,0.000,63015.000,63062.000,-
134.000,128.000,128.000,-,97.000,43.000,63.000,0.000,-,8.000,6.000,7.000,-,82.000,51.000,61.000,30.000,-,38.530,99.000,0.000,63015.000,63062.000,-
135.000,128.000,128.000,-,97.000,43.000,63.000,0.000,-,8.000,6.000,7.000,-,82.000,51.000,61.000,30.000,-,38.550,99.000,0.000,63015.000,63062.000,-
136.000,128.000,128.000,-,97.000,43.000,63.000,0.000,-,8.000,6.000,7.000,-,82.000,51.000,61.000,30.000,-,38.550,99.000,0.000,63015.000,63062.000,-
137.000,128.000,128.000,-,97.000,42.000,63.000,0.000,-,8.000,6.000,7.000,-,82.000,51.000,61.000,30.000,-,38.550,99.000,0.000,63015.000,63062.000,-
138.000,128.000,128.000,-,97.000,42.000,63.000,0.000,-,9.000,5.000,7.000,-,81.000,50.000,60.000,30.000,-,38.550,99.000,0.000,63015.000,63062.000,-
139.000,128.000,128.000,-,97.000,43.000,63.000,0.000,-,9.000,5.000,7.000,-,81.000,50.000,60.000,29.000,-,38.530,99.000,0.000,63015.000,63062.000,-
140.000,128.000,128.000,-,96.000,42.000,63.000,0.000,-,8.000,5.000,7.000,-,81.000,50.000,60.000,29.000,-,38.550,99.000,0.000,63015.000,63062.000,-
141.000,128.000,128.000,-,96.000,42.000,63.000,0.000,-,8.000,5.000,7.000,-,81.000,50.000,60.000,30.000,-,38.570,99.000,0.000,63015.000,63062.000,-
142.000,128.000,128.000,-,97.000,42.000,63.000,0.000,7.000,-,-,-,-,81.000,51.000,60.000,30.000,-,38.570,99.000,0.000,63015.000,63062.000,-
143.000,128.000,128.000,-,97.000,43.000,63.000,0.000,7.000,-,-,-,-,81.000,51.000,61.000,31.000,-,38.560,99.000,0.000,63015.000,63062.000,-
144.000,128.000,128.000,-,98.000,43.000,64.000,0.000,7.000,-,-,-,-,81.000,51.000,61.000,33.000,-,38.550,99.000,0.000,63015.000,63062.000,-
145.000,128.000,128.000,-,99.000,43.000,64.000,0.000,7.000,-,-,-,-,82.000,52.000,62.000,32.000,-,38.530,99.000,0.000,63015.000,63062.000,-
146.000,128.000,128.000,-,100.000,43.000,65.000,0.000,7.000,-,-,-,-,82.000,52.000,62.000,31.000,-,38.510,99.000,0.000,63015.000,63062.000,-
147.000,128.000,128.000,-,100.000,43.000,65.000,0.000,7.000,-,-,-,-,82.000,52.000,62.000,31.000,-,38.510,99.000,0.000,63015.000,63062.000,-
148.000,128.000,128.000,-,100.000,44.000,65.000,0.000,7.000,-,-,-,-,82.000,52.000,62.000,30.000,-,38.510,99.000,0.000,63015.000,63062.000,-
149.000,128.000,128.000,-,100.000,43.000,65.000,0.000,7.000,-,-,-,-,81.000,52.000,62.000,29.000,-,38.500,99.000,0.000,63015.000,63062.000,-
150.000,128.000,128.000,-,100.000,43.000,65.000,0.000,7.000,-,-,-,-,81.000,52.000,61.000,26.000,-,38.460,99.000,0.000,63015.000,63062.000,-
151.000,128.000,128.000,-,99.000,43.000,64.000,0.000,7.000,-,-,-,-,81.000,51.000,61.000,26.000,-,38.470,99.000,0.000,63015.000,63062.000,-
152.000,128.000,128.000,-,98.000,43.000,64.000,0.000,7.000,-,-,-,-,81.000,51.000,60.000,26.000,-,38.480,99.000,0.000,63015.000,63062.000,-
153.000,128.000,128.000,-,97.000,43.000,63.000,0.000,6.000,-,-,-,-,81.000,51.000,60.000,26.000,-,38.480,99.000,0.000,63015.000,63062.000,-
154.000,128.000,128.000,-,97.000,43.000,63.000,0.000,6.000,-,-,-,-,79.000,51.000,59.000,27.000,-,38.480,99.000,0.000,63015.000,63062.000,-
155.000,128.000,128.000,-,94.000,42.000,62.000,0.000,7.000,-,-,-,-,80.000,48.000,58.000,27.000,-,38.480,99.000,0.000,63015.000,63062.000,-
156.000,-,129.000,-,90.000,43.000,61.000,0.000,7.000,-,-,-,-,84.000,45.000,58.000,26.000,-,38.510,99.000,-,63020.000,63062.000,-
157.000,-,129.000,-,91.000,43.000,61.000,0.000,7.000,-,-,-,-,85.000,43.000,59.000,26.000,-,38.500,99.000,0.000,63020.000,63062.000,-
158.000,-,129.000,-,93.000,43.000,62.000,0.000,7.000,-,-,-,-,86.000,43.000,60.000,26.000,-,38.510,99.000,0.000,63020.000,63062.000,-
159.000,128.000,128.000,-,94.000,43.000,63.000,0.000,7.000,-,-,-,-,86.000,41.000,60.000,26.000,-,38.530,99.000,0.000,63020.000,63062.000,-
160.000,128.000,128.000,-,95.000,43.000,63.000,0.000,7.000,-,-,-,-,87.000,40.000,61.000,24.000,-,38.550,100.000,0.000,63020.000,63062.000,-
161.000,128.000,128.000,-,96.000,43.000,63.000,0.000,7.000,-,-,-,-,88.000,40.000,61.000,24.000,-,38.550,100.000,0.000,63020.000,63062.000,-
162.000,129.000,128.000,-,96.000,43.000,63.000,0.000,7.000,-,-,-,-,88.000,40.000,62.000,24.000,-,38.560,100.000,0.000,63020.000,63062.000,-
163.000,129.000,128.000,-,97.000,43.000,64.000,0.000,7.000,-,-,-,-,88.000,39.000,62.000,24.000,-,38.570,100.000,0.000,63020.000,63062.000,-
164.000,129.000,127.000,-,97.000,43.000,64.000,0.000,7.000,-,-,-,-,89.000,39.000,62.000,22.000,-,38.560,100.000,0.000,63020.000,63062.000,-
165.000,129.000,127.000,-,97.000,43.000,64.000,0.000,7.000,-,-,-,-,88.000,39.000,62.000,22.000,-,38.560,100.000,0.000,63020.000,63062.000,-
166.000,129.000,128.000,-,98.000,43.000,64.000,0.000,7.000,-,-,-,-,88.000,38.000,62.000,21.000,-,38.560,100.000,0.000,63015.000,63062.000,-
167.000,129.000,128.000,-,98.000,43.000,64.000,0.000,7.000,-,-,-,-,88.000,38.000,62.000,21.000,-,38.530,100.000,0.000,63015.000,63062.000,-
168.000,129.000,128.000,-,99.000,43.000,64.000,0.000,7.000,-,-,-,-,88.000,39.000,62.000,20.000,-,38.520,99.000,0.000,63015.000,63062.000,-
169.000,129.000,128.000,-,99.000,43.000,64.000,0.000,-,8.000,5.000,7.000,-,88.000,39.000,62.000,25.000,-,38.530,99.000,0.000,63015.000,63062.000,-
170.000,129.000,128.000,-,99.000,43.000,64.000,0.000,-,8.000,5.000,7.000,-,88.000,38.000,62.000,25.000,-,38.530,99.000,0.000,63015.000,63062.000,-
171.000,129.000,128.000,-,99.000,43.000,64.000,0.000,-,8.000,5.000,7.000,-,88.000,38.000,62.000,25.000,-,38.550,99.000,0.000,63015.000,63062.000,-
172.000,129.000,129.000,-,98.000,43.000,64.000,0.000,-,8.000,5.000,7.000,-,86.000,38.000,62.000,24.000,-,38.560,99.000,0.000,63015.000,63062.000,-
173.000,128.000,129.000,-,98.000,43.000,64.000,0.000,7.000,-,-,-,-,85.000,39.000,61.000,24.000,-,38.570,99.000,0.000,63015.000,63062.000,-
174.000,128.000,129.000,-,98.000,43.000,64.000,0.000,7.000,-,-,-,-,85.000,38.000,61.000,24.000,-,38.560,99.000,0.000,63015.000,63062.000,-
175.000,128.000,129.000,-,98.000,43.000,64.000,0.000,7.000,-,-,-,-,85.000,38.000,61.000,25.000,-,38.530,99.000,0.000,63015.000,63062.000,-
176.000,128.000,128.000,-,97.000,43.000,63.000,0.000,7.000,-,-,-,-,84.000,38.000,60.000,25.000,-,38.550,99.000,0.000,63015.000,63062.000,-
177.000,128.000,128.000,-,97.000,42.000,63.000,0.000,7.000,-,-,-,-,84.000,37.000,60.000,28.000,-,38.560,99.000,0.000,63015.000,63062.000,-
178.000,124.000,128.000,-,97.000,42.000,63.000,0.000,7.000,-,-,-,-,83.000,39.000,60.000,28.000,-,38.570,99.000,1.000,63015.000,63062.000,-
179.000,124.000,128.000,-,96.000,42.000,63.000,0.000,8.000,-,-,-,-,83.000,39.000,61.000,30.000,-,38.580,99.000,2.000,63015.000,63062.000,-
180.000,124.000,128.000,-,97.000,42.000,63.000,0.000,7.000,-,-,-,-,83.000,39.000,61.000,30.000,-,38.570,99.000,2.000,63015.000,63062.000,-
181.000,124.000,128.000,-,97.000,42.000,63.000,0.000,7.000,-,-,-,-,83.000,40.000,61.000,30.000,-,38.570,99.000,2.000,63015.000,63062.000,-
182.000,124.000,128.000,-,98.000,43.000,64.000,0.000,7.000,-,-,-,-,83.000,43.000,61.000,29.000,-,38.560,99.000,2.000,63015.000,63062.000,-
183.000,124.000,128.000,-,98.000,43.000,64.000,0.000,7.000,-,-,-,-,83.000,45.000,61.000,29.000,-,38.530,99.000,2.000,63015.000,63062.000,-
184.000,124.000,128.000,-,99.000,43.000,64.000,0.000,7.000,-,-,-,-,83.000,47.000,61.000,30.000,-,38.510,99.000,2.000,63015.000,63062.000,-
185.000,124.000,128.000,-,98.000,43.000,64.000,0.000,7.000,-,-,-,-,83.000,48.000,61.000,30.000,-,38.500,99.000,2.000,63015.000,63062.000,-
186.000,124.000,128.000,-,98.000,43.000,64.000,0.000,7.000,-,-,-,-,82.000,48.000,61.000,30.000,-,38.510,99.000,2.000,63015.000,63062.000,-
187.000,128.000,128.000,-,97.000,43.000,63.000,0.000,7.000,-,-,-,-,82.000,49.000,61.000,26.000,-,38.510,99.000,2.000,63015.000,63062.000,-
188.000,128.000,128.000,-,97.000,43.000,63.000,0.000,7.000,-,-,-,-,82.000,49.000,61.000,26.000,-,38.510,99.000,2.000,63015.000,63062.000,-
189.000,128.000,128.000,-,97.000,42.000,63.000,0.000,7.000,-,-,-,-,82.000,49.000,61.000,26.000,-,38.500,99.000,2.000,63015.000,63062.000,-
190.000,128.000,128.000,-,96.000,43.000,63.000,0.000,7.000,-,-,-,-,82.000,49.000,61.000,27.000,-,38.510,99.000,2.000,63015.000,63062.000,-
191.000,128.000,128.000,-,96.000,42.000,63.000,0.000,7.000,-,-,-,-,82.000,50.000,61.000,27.000,-,38.530,99.000,2.000,63015.000,63062.000,-
192.000,128.000,128.000,-,97.000,42.000,63.000,0.000,7.000,-,-,-,-,82.000,49.000,61.000,26.000,-,38.550,99.000,2.000,63015.000,63062.000,-
193.000,128.000,128.000,-,96.000,42.000,63.000,0.000,7.000,-,-,-,-,83.000,48.000,61.000,26.000,-,38.530,99.000,2.000,63015.000,63062.000,-
194.000,128.000,128.000,-,96.000,42.000,62.000,0.000,7.000,-,-,-,-,83.000,46.000,61.000,26.000,-,38.560,99.000,2.000,63015.000,63062.000,-
195.000,128.000,128.000,-,97.000,42.000,62.000,0.000,-,9.000,6.000,7.000,-,84.000,44.000,60.000,26.000,-,38.560,99.000,3.000,63015.000,63062.000,-
196.000,128.000,128.000,-,98.000,43.000,63.000,0.000,-,9.000,5.000,7.000,-,84.000,42.000,61.000,26.000,-,38.530,99.000,3.000,63015.000,63062.000,-
197.000,128.000,128.000,-,98.000,43.000,63.000,0.000,-,9.000,5.000,7.000,-,85.000,41.000,61.000,26.000,-,38.510,99.000,3.000,63015.000,63062.000,-
198.000,128.000,128.000,-,98.000,43.000,63.000,0.000,-,9.000,5.000,7.000,-,86.000,41.000,62.000,27.000,-,38.500,99.000,3.000,63015.000,63062.000,-
199.000,128.000,128.000,-,99.000,43.000,64.000,0.000,-,9.000,5.000,7.000,-,86.000,40.000,62.000,27.000,-,38.480,99.000,3.000,63015.000,63062.000,-
200.000,128.000,128.000,-,99.000,43.000,64.000,0.000,-,9.000,5.000,7.000,-,85.000,44.000,62.000,28.000,-,38.500,99.000,3.000,63015.000,63062.000,-
201.000,128.000,128.000,-,99.000,43.000,64.000,0.000,-,9.000,5.000,7.000,-,86.000,43.000,62.000,28.000,-,38.530,99.000,3.000,63015.000,63062.000,-
202.000,128.000,128.000,-,99.000,43.000,64.000,0.000,-,9.000,5.000,7.000,-,86.000,42.000,62.000,27.000,-,38.560,99.000,3.000,63015.000,63062.000,-
203.000,128.000,128.000,-,99.000,43.000,64.000,0.000,7.000,-,-,-,-,85.000,43.000,62.000,27.000,-,38.530,99.000,3.000,63015.000,63062.000,-
204.000,128.000,128.000,-,99.000,43.000,64.000,0.000,7.000,-,-,-,-,85.000,41.000,62.000,30.000,-,38.530,99.000,3.000,63015.000,63062.000,-
205.000,128.000,128.000,-,99.000,43.000,64.000,0.000,-,9.000,6.000,7.000,-,85.000,41.000,62.000,30.000,-,38.550,99.000,3.000,63015.000,63062.000,-
206.000,128.000,128.000,-,99.000,43.000,64.000,0.000,-,9.000,6.000,7.000,-,86.000,40.000,62.000,30.000,-,38.550,100.000,3.000,63015.000,63062.000,-
207.000,128.000,128.000,-,99.000,43.000,64.000,0.000,-,8.000,6.000,7.000,-,86.000,39.000,62.000,30.000,-,38.560,100.000,3.000,63015.000,63062.000,-
208.000,128.000,-,-,98.000,43.000,64.000,0.000,-,8.000,6.000,7.000,-,86.000,39.000,61.000,30.000,-,38.560,-,3.000,63015.000,63062.000,-
209.000,128.000,-,-,98.000,43.000,64.000,0.000,-,8.000,6.000,7.000,-,85.000,39.000,61.000,30.000,-,38.560,-,3.000,63015.000,63062.000,-
210.000,128.000,-,-,98.000,43.000,64.000,0.000,-,8.000,6.000,7.000,-,85.000,38.000,61.000,30.000,-,38.550,-,3.000,63015.000,63062.000,-
211.000,128.000,-,-,98.000,43.000,64.000,0.000,-,8.000,6.000,7.000,-,85.000,38.000,61.000,30.000,-,38.530,-,3.000,63015.000,63062.000,-
212.000,128.000,-,-,98.000,43.000,64.000,0.000,-,8.000,6.000,7.000,-,84.000,38.000,60.000,30.000,-,38.560,-,3.000,63015.000,63062.000,-
213.000,128.000,-,-,97.000,43.000,64.000,0.000,-,8.000,6.000,7.000,-,84.000,41.000,60.000,30.000,-,38.560,-,3.000,63015.000,63062.000,-
214.000,128.000,-,-,97.000,43.000,64.000,0.000,-,8.000,6.000,7.000,-,83.000,43.000,60.000,30.000,-,38.570,-,3.000,63015.000,63062.000,-
215.000,128.000,-,-,97.000,43.000,64.000,0.000,-,8.000,6.000,7.000,-,83.000,45.000,61.000,30.000,-,38.580,-,3.000,63015.000,63062.000,-
216.000,128.000,-,-,97.000,43.000,64.000,0.000,-,8.000,6.000,7.000,-,83.000,46.000,61.000,30.000,-,38.600,-,3.000,63015.000,63062.000,-
217.000,128.000,128.000,-,98.000,43.000,64.000,0.000,-,8.000,6.000,7.000,-,83.000,48.000,61.000,30.000,-,38.600,99.000,3.000,63015.000,63062.000,-
218.000,128.000,128.000,-,98.000,43.000,64.000,0.000,-,8.000,6.000,7.000,-,83.000,49.000,61.000,30.000,-,38.580,99.000,3.000,63015.000,63062.000,-
219.000,128.000,128.000,-,99.000,43.000,64.000,0.000,-,8.000,6.000,7.000,-,84.000,50.000,62.000,30.000,-,38.600,99.000,3.000,63015.000,63062.000,-
220.000,128.000,128.000,-,99.000,43.000,64.000,0.000,-,8.000,6.000,7.000,-,84.000,50.000,62.000,30.000,-,38.580,99.000,3.000,63015.000,63062.000,-
221.000,128.000,128.000,-,99.000,43.000,65.000,0.000,-,8.000,6.000,7.000,-,84.000,50.000,62.000,30.000,-,38.580,99.000,3.000,63015.000,63062.000,-
222.000,128.000,128.000,-,99.000,43.000,65.000,0.000,-,8.000,6.000,7.000,-,84.000,51.000,62.000,30.000,-,38.580,99.000,3.000,63015.000,63062.000,-
223.000,128.000,128.000,-,99.000,43.000,65.000,0.000,-,8.000,6.000,7.000,-,84.000,51.000,62.000,30.000,-,38.580,99.000,3.000,63015.000,63062.000,-
224.000,129.000,128.000,-,99.000,43.000,64.000,0.000,-,8.000,6.000,7.000,-,83.000,51.000,61.000,30.000,-,38.570,99.000,3.000,63015.000,63062.000,-
225.000,128.000,128.000,-,99.000,43.000,64.000,0.000,-,8.000,6.000,7.000,-,83.000,51.000,61.000,30.000,-,38.570,99.000,3.000,63015.000,63062.000,-
226.000,129.000,128.000,-,98.000,43.000,64.000,0.000,-,8.000,6.000,7.000,-,82.000,49.000,61.000,30.000,-,38.570,99.000,3.000,63015.000,63062.000,-
227.000,129.000,128.000,-,97.000,43.000,64.000,0.000,-,8.000,6.000,7.000,-,84.000,47.000,61.000,30.000,-,38.560,99.000,3.000,63015.000,63062.000,-
228.000,129.000,128.000,-,98.000,43.000,64.000,0.000,-,8.000,6.000,7.000,-,83.000,46.000,61.000,30.000,-,38.560,99.000,3.000,63015.000,63062.000,-
229.000,129.000,128.000,-,99.000,43.000,64.000,0.000,-,8.000,6.000,7.000,-,84.000,44.000,61.000,30.000,-,38.570,99.000,3.000,63015.000,63062.000,-
230.000,129.000,128.000,-,99.000,43.000,65.000,0.000,-,8.000,6.000,7.000,-,85.000,43.000,61.000,30.000,-,38.570,99.000,3.000,63015.000,63062.000,-
231.000,129.000,128.000,-,100.000,44.000,65.000,0.000,-,8.000,6.000,7.000,-,85.000,44.000,62.000,30.000,-,38.560,99.000,3.000,63015.000,63062.000,-
232.000,129.000,128.000,-,100.000,44.000,65.000,0.000,-,8.000,6.000,7.000,-,85.000,44.000,62.000,30.000,-,38.560,99.000,3.000,63015.000,63062.000,-
233.000,129.000,128.000,-,100.000,44.000,65.000,0.000,-,9.000,6.000,7.000,-,85.000,46.000,62.000,30.000,-,38.550,99.000,3.000,63015.000,63062.000,-
234.000,129.000,128.000,-,100.000,44.000,65.000,0.000,-,9.000,6.000,7.000,-,85.000,48.000,63.000,30.000,-,38.550,99.000,3.000,63015.000,63062.000,-
235.000,129.000,128.000,-,100.000,44.000,65.000,0.000,7.000,-,-,-,-,85.000,49.000,63.000,30.000,-,38.550,99.000,3.000,63015.000,63062.000,-
236.000,129.000,128.000,-,101.000,44.000,65.000,0.000,7.000,-,-,-,-,84.000,50.000,63.000,30.000,-,38.550,99.000,3.000,63015.000,63062.000,-
237.000,129.000,128.000,-,100.000,44.000,65.000,0.000,7.000,-,-,-,-,84.000,50.000,62.000,30.000,-,38.570,99.000,3.000,63015.000,63062.000,-
238.000,129.000,129.000,-,100.000,44.000,65.000,0.000,7.000,-,-,-,-,83.000,51.000,62.000,30.000,-,38.580,99.000,3.000,63015.000,63062.000,-
239.000,129.000,129.000,-,100.000,43.000,65.000,0.000,7.000,-,-,-,-,83.000,51.000,62.000,30.000,-,38.550,99.000,2.000,63015.000,63062.000,-
240.000,129.000,129.000,-,99.000,43.000,65.000,0.000,7.000,-,-,-,-,82.000,51.000,62.000,30.000,-,38.560,99.000,1.000,63015.000,63062.000,-
241.000,129.000,129.000,-,99.000,43.000,64.000,0.000,-,8.000,6.000,7.000,-,82.000,51.000,61.000,30.000,-,38.550,99.000,1.000,63015.000,63062.000,-
242.000,129.000,129.000,-,99.000,43.000,64.000,0.000,-,8.000,6.000,7.000,-,82.000,51.000,61.000,30.000,-,38.550,99.000,1.000,63015.000,63062.000,-
243.000,128.000,129.000,-,98.000,43.000,64.000,0.000,7.000,-,-,-,-,82.000,51.000,61.000,30.000,-,38.560,99.000,1.000,63015.000,63062.000,-
244.000,129.000,129.000,-,98.000,43.000,64.000,0.000,7.000,-,-,-,-,81.000,51.000,61.000,30.000,-,38.560,99.000,1.000,63015.000,63062.000,-
245.000,128.000,128.000,-,98.000,43.000,64.000,0.000,-,8.000,6.000,7.000,-,81.000,51.000,61.000,30.000,-,38.570,99.000,1.000,63015.000,63062.000,-
246.000,129.000,128.000,-,98.000,43.000,64.000,0.000,-,8.000,6.000,7.000,-,81.000,51.000,61.000,30.000,-,38.560,99.000,1.000,63015.000,63062.000,-
247.000,128.000,128.000,-,98.000,43.000,64.000,0.000,-,8.000,6.000,7.000,-,81.000,51.000,61.000,30.000,-,38.560,99.000,1.000,63015.000,63062.000,-
248.000,128.000,128.000,-,97.000,43.000,63.000,0.000,-,8.000,6.000,7.000,-,81.000,51.000,61.000,30.000,-,38.570,99.000,1.000,63015.000,63062.000,-
249.000,128.000,128.000,-,97.000,43.000,63.000,0.000,7.000,-,-,-,-,82.000,51.000,61.000,30.000,-,38.580,99.000,1.000,63015.000,63062.000,-
250.000,132.000,128.000,-,97.000,43.000,62.000,0.000,7.000,-,-,-,-,82.000,48.000,59.000,30.000,-,38.600,99.000,2.000,63015.000,63062.000,-
251.000,128.000,128.000,-,97.000,42.000,62.000,0.000,7.000,-,-,-,-,83.000,46.000,59.000,30.000,-,38.600,99.000,2.000,63015.000,63062.000,-
252.000,128.000,127.000,-,98.000,43.000,63.000,0.000,7.000,-,-,-,-,82.000,46.000,60.000,30.000,-,38.600,99.000,2.000,63015.000,63062.000,-
253.000,128.000,127.000,-,98.000,43.000,63.000,0.000,7.000,-,-,-,-,83.000,44.000,60.000,30.000,-,38.580,99.000,2.000,63015.000,63062.000,-
254.000,128.000,126.000,-,98.000,43.000,63.000,0.000,7.000,-,-,-,-,84.000,41.000,61.000,30.000,-,38.570,99.000,2.000,63015.000,63062.000,-
255.000,128.000,126.000,-,99.000,43.000,64.000,0.000,7.000,-,-,-,-,85.000,41.000,61.000,30.000,-,38.570,99.000,1.000,63015.000,63062.000,-
256.000,128.000,126.000,-,99.000,43.000,64.000,0.000,7.000,-,-,-,-,85.000,40.000,61.000,30.000,-,38.570,99.000,1.000,63015.000,63062.000,-
257.000,128.000,126.000,-,99.000,43.000,64.000,0.000,-,8.000,6.000,7.000,-,86.000,40.000,62.000,30.000,-,38.570,99.000,1.000,63015.000,63062.000,-
258.000,128.000,127.000,-,100.000,43.000,64.000,0.000,-,8.000,6.000,7.000,-,86.000,40.000,62.000,30.000,-,38.580,99.000,1.000,63015.000,63062.000,-
259.000,128.000,127.000,-,100.000,43.000,64.000,0.000,-,8.000,6.000,7.000,-,87.000,39.000,62.000,30.000,-,38.580,99.000,1.000,63015.000,63062.000,-
260.000,128.000,127.000,-,99.000,43.000,64.000,0.000,-,8.000,6.000,7.000,-,86.000,39.000,61.000,30.000,-,38.580,99.000,1.000,63015.000,63062.000,-
261.000,128.000,128.000,-,99.000,43.000,64.000,0.000,-,8.000,6.000,7.000,-,86.000,39.000,61.000,30.000,-,38.580,99.000,1.000,63015.000,63062.000,-
262.000,128.000,128.000,-,99.000,43.000,64.000,0.000,-,8.000,6.000,7.000,-,85.000,38.000,61.000,30.000,-,38.580,99.000,1.000,63015.000,63062.000,-
263.000,128.000,128.000,-,99.000,43.000,64.000,0.000,-,8.000,6.000,7.000,-,85.000,38.000,61.000,30.000,-,38.570,99.000,1.000,63015.000,63062.000,-
264.000,128.000,128.000,-,98.000,43.000,64.000,0.000,-,8.000,6.000,7.000,-,85.000,38.000,61.000,30.000,-,38.570,99.000,1.000,63015.000,63062.000,-
265.000,128.000,128.000,-,99.000,43.000,64.000,0.000,-,8.000,6.000,7.000,-,85.000,38.000,61.000,30.000,-,38.580,99.000,1.000,63015.000,63062.000,-
266.000,136.000,128.000,-,99.000,43.000,62.000,0.000,7.000,-,-,-,-,84.000,38.000,59.000,30.000,-,38.580,99.000,3.000,63015.000,63062.000,-
267.000,128.000,128.000,-,99.000,43.000,63.000,0.000,7.000,-,-,-,-,85.000,39.000,59.000,30.000,-,38.560,99.000,3.000,63015.000,63052.000,1.000
268.000,128.000,128.000,-,96.000,44.000,62.000,0.000,7.000,-,-,-,-,84.000,39.000,57.000,30.000,-,38.530,99.000,3.000,63015.000,63052.000,1.000
269.000,128.000,128.000,-,93.000,44.000,62.000,0.000,7.000,-,-,-,-,88.000,40.000,58.000,30.000,-,38.550,99.000,3.000,63015.000,63052.000,1.000
270.000,129.000,128.000,-,93.000,45.000,62.000,0.000,6.000,-,-,-,-,88.000,42.000,60.000,30.000,-,38.550,99.000,3.000,63015.000,63052.000,1.000
271.000,125.000,128.000,-,96.000,45.000,63.000,0.000,6.000,-,-,-,-,89.000,42.000,61.000,30.000,-,38.550,99.000,3.000,63015.000,63052.000,1.000
272.000,127.000,128.000,-,98.000,45.000,64.000,0.000,7.000,-,-,-,-,88.000,41.000,61.000,30.000,-,38.560,99.000,3.000,63015.000,63052.000,1.000
273.000,128.000,128.000,-,99.000,45.000,64.000,0.000,7.000,-,-,-,-,88.000,40.000,60.000,31.000,-,38.560,99.000,3.000,63015.000,63052.000,1.000
274.000,128.000,128.000,-,100.000,45.000,64.000,0.000,7.000,-,-,-,-,88.000,40.000,60.000,32.000,-,38.520,98.000,4.000,63015.000,63052.000,1.000
275.000,128.000,128.000,-,100.000,45.000,64.000,0.000,7.000,-,-,-,-,88.000,40.000,60.000,32.000,-,38.520,98.000,4.000,63015.000,63052.000,1.000
276.000,128.000,128.000,-,100.000,45.000,64.000,0.000,7.000,-,-,-,-,87.000,40.000,60.000,32.000,-,38.520,98.000,4.000,63015.000,63052.000,1.000
277.000,128.000,128.000,-,100.000,44.000,64.000,0.000,7.000,-,-,-,-,86.000,39.000,60.000,31.000,-,38.500,98.000,4.000,63015.000,63052.000,1.000
278.000,128.000,128.000,-,99.000,44.000,64.000,0.000,7.000,-,-,-,-,86.000,38.000,60.000,30.000,-,38.480,98.000,4.000,63015.000,63052.000,1.000
279.000,128.000,128.000,-,99.000,44.000,64.000,0.000,7.000,-,-,-,-,85.000,38.000,60.000,30.000,-,38.500,98.000,4.000,63015.000,63052.000,1.000
280.000,125.000,128.000,-,99.000,43.000,64.000,0.000,7.000,-,-,-,-,85.000,38.000,60.000,30.000,-,38.520,98.000,4.000,63015.000,63052.000,1.000
281.000,136.000,128.000,-,97.000,43.000,61.000,0.000,7.000,-,-,-,-,85.000,38.000,57.000,30.000,-,38.560,98.000,6.000,63015.000,63052.000,1.000
282.000,128.000,128.000,-,96.000,43.000,62.000,0.000,7.000,-,-,-,-,82.000,40.000,57.000,30.000,-,38.560,99.000,6.000,63015.000,63052.000,2.000
283.000,128.000,128.000,-,96.000,43.000,62.000,0.000,7.000,-,-,-,-,81.000,42.000,57.000,29.000,-,38.570,99.000,6.000,63015.000,63052.000,2.000
284.000,128.000,128.000,-,96.000,43.000,62.000,0.000,7.000,-,-,-,-,81.000,44.000,58.000,27.000,-,38.580,99.000,6.000,63015.000,63052.000,2.000
285.000,128.000,128.000,-,96.000,43.000,62.000,0.000,7.000,-,-,-,-,81.000,45.000,58.000,27.000,-,38.580,99.000,6.000,63015.000,63052.000,2.000
286.000,125.000,128.000,-,96.000,43.000,62.000,0.000,7.000,-,-,-,-,81.000,46.000,59.000,27.000,-,38.580,99.000,6.000,63015.000,63052.000,2.000
287.000,130.000,128.000,-,95.000,42.000,60.000,0.000,7.000,-,-,-,-,80.000,45.000,57.000,27.000,-,38.580,99.000,8.000,63015.000,63052.000,3.000
288.000,128.000,128.000,-,95.000,43.000,61.000,0.000,7.000,-,-,-,-,81.000,44.000,58.000,24.000,-,38.570,99.000,8.000,63015.000,63052.000,3.000
289.000,128.000,128.000,-,95.000,43.000,61.000,0.000,7.000,-,-,-,-,80.000,46.000,58.000,24.000,-,38.570,99.000,8.000,63015.000,63052.000,3.000
290.000,128.000,128.000,-,95.000,42.000,61.000,0.000,7.000,-,-,-,-,81.000,46.000,58.000,24.000,-,38.580,99.000,8.000,63015.000,63052.000,3.000
291.000,128.000,128.000,-,94.000,42.000,61.000,0.000,7.000,-,-,-,-,81.000,47.000,59.000,24.000,-,38.600,99.000,8.000,63015.000,63052.000,3.000
292.000,121.000,128.000,-,94.000,42.000,61.000,0.000,7.000,-,-,-,-,82.000,48.000,59.000,24.000,-,38.580,99.000,8.000,63015.000,63052.000,3.000
293.000,128.000,128.000,-,94.000,42.000,61.000,0.000,7.000,-,-,-,-,82.000,48.000,59.000,24.000,-,38.580,99.000,8.000,63015.000,63052.000,3.000
294.000,128.000,128.000,-,94.000,42.000,62.000,0.000,7.000,-,-,-,-,82.000,49.000,59.000,19.000,-,38.580,98.000,8.000,63015.000,63052.000,3.000
295.000,128.000,128.000,-,94.000,42.000,62.000,0.000,7.000,-,-,-,-,83.000,49.000,60.000,19.000,-,38.600,98.000,-,63015.000,63052.000,3.000
296.000,-,128.000,-,94.000,42.000,60.000,0.000,7.000,-,-,-,-,82.000,48.000,58.000,20.000,-,38.610,98.000,10.000,63020.000,63052.000,4.000
297.000,-,128.000,-,94.000,41.000,60.000,0.000,7.000,-,-,-,-,81.000,46.000,57.000,20.000,-,38.600,98.000,10.000,63020.000,63052.000,4.000
298.000,-,128.000,-,94.000,43.000,60.000,0.000,7.000,-,-,-,-,82.000,45.000,56.000,20.000,-,38.580,98.000,10.000,63020.000,63052.000,4.000
299.000,135.000,128.000,-,91.000,43.000,60.000,0.000,7.000,-,-,-,-,84.000,45.000,57.000,20.000,-,38.570,99.000,10.000,63020.000,63052.000,4.000
300.000,135.000,128.000,-,90.000,44.000,60.000,0.000,7.000,-,-,-,-,85.000,45.000,58.000,19.000,-,38.580,99.000,10.000,63020.000,63052.000,4.000
301.000,135.000,128.000,-,92.000,44.000,61.000,0.000,7.000,-,-,-,-,85.000,47.000,60.000,17.000,-,38.580,99.000,10.000,63020.000,63052.000,4.000
302.000,135.000,127.000,-,96.000,45.000,63.000,0.000,7.000,-,-,-,-,85.000,49.000,61.000,17.000,-,38.570,99.000,10.000,63020.000,63052.000,4.000
303.000,135.000,127.000,-,97.000,44.000,64.000,0.000,7.000,-,-,-,-,85.000,50.000,61.000,17.000,-,38.580,99.000,10.000,63020.000,63052.000,4.000
304.000,132.000,127.000,-,98.000,44.000,63.000,0.000,7.000,-,-,-,-,84.000,48.000,59.000,17.000,-,38.580,99.000,11.000,63020.000,63052.000,4.000
305.000,127.000,127.000,-,98.000,44.000,63.000,0.000,7.000,-,-,-,-,82.000,48.000,58.000,17.000,-,38.580,99.000,11.000,63020.000,63052.000,4.000
306.000,128.000,127.000,-,99.000,43.000,62.000,0.000,-,9.000,6.000,7.000,-,82.000,47.000,58.000,17.000,-,38.530,98.000,12.000,63020.000,63052.000,4.000
307.000,127.000,127.000,-,99.000,43.000,63.000,0.000,-,9.000,6.000,7.000,-,82.000,48.000,58.000,17.000,-,38.480,98.000,12.000,63020.000,63052.000,4.000
308.000,127.000,127.000,-,98.000,43.000,63.000,0.000,7.000,-,-,-,-,82.000,49.000,59.000,17.000,-,38.460,98.000,12.000,63020.000,63052.000,4.000
309.000,124.000,127.000,-,98.000,43.000,63.000,0.000,7.000,-,-,-,-,82.000,49.000,59.000,19.000,-,38.440,98.000,11.000,63020.000,63052.000,4.000
310.000,127.000,127.000,-,97.000,43.000,63.000,0.000,7.000,-,-,-,-,82.000,49.000,59.000,19.000,-,38.440,98.000,11.000,63015.000,63052.000,4.000
311.000,124.000,127.000,-,97.000,43.000,63.000,0.000,7.000,-,-,-,-,82.000,49.000,60.000,20.000,-,38.480,99.000,11.000,63015.000,63052.000,4.000
312.000,127.000,127.000,-,97.000,43.000,63.000,0.000,7.000,-,-,-,-,82.000,50.000,60.000,20.000,-,38.520,99.000,11.000,63015.000,63052.000,4.000
313.000,127.000,127.000,-,97.000,43.000,63.000,0.000,7.000,-,-,-,-,83.000,50.000,60.000,25.000,-,38.550,99.000,11.000,63015.000,63052.000,4.000
314.000,135.000,127.000,-,97.000,43.000,61.000,0.000,7.000,-,-,-,-,80.000,47.000,56.000,25.000,-,38.560,99.000,13.000,63015.000,63052.000,4.000
315.000,131.000,127.000,-,95.000,42.000,61.000,0.000,7.000,-,-,-,-,80.000,46.000,56.000,25.000,-,38.570,99.000,14.000,63015.000,63051.000,-
316.000,127.000,127.000,-,93.000,42.000,60.000,0.000,-,9.000,7.000,7.000,-,82.000,43.000,55.000,25.000,-,38.560,99.000,14.000,63015.000,63051.000,-
317.000,127.000,127.000,-,93.000,42.000,60.000,0.000,-,9.000,7.000,7.000,-,82.000,43.000,55.000,25.000,-,38.560,99.000,14.000,63015.000,63051.000,-
318.000,127.000,127.000,-,89.000,42.000,59.000,0.000,-,9.000,7.000,7.000,-,83.000,43.000,56.000,30.000,-,38.550,99.000,14.000,63015.000,63051.000,-
319.000,127.000,127.000,-,89.000,43.000,59.000,0.000,7.000,-,-,-,-,84.000,44.000,58.000,30.000,-,38.520,99.000,14.000,63015.000,63051.000,-
320.000,127.000,127.000,-,93.000,43.000,62.000,0.000,7.000,-,-,-,-,85.000,44.000,59.000,30.000,-,38.500,99.000,14.000,63015.000,63051.000,-
321.000,119.000,126.000,-,95.000,44.000,62.000,0.000,-,9.000,6.000,7.000,-,85.000,46.000,60.000,30.000,-,38.500,99.000,14.000,63015.000,63051.000,-
322.000,130.000,125.000,-,95.000,44.000,61.000,0.000,-,9.000,6.000,7.000,-,85.000,46.000,58.000,31.000,-,38.510,99.000,15.000,63015.000,63051.000,-
323.000,128.000,125.000,-,97.000,43.000,62.000,0.000,-,9.000,6.000,7.000,-,84.000,46.000,59.000,31.000,-,38.510,99.000,15.000,63015.000,63051.000,-
324.000,128.000,124.000,-,98.000,44.000,63.000,0.000,-,9.000,6.000,7.000,-,84.000,47.000,60.000,31.000,-,38.470,99.000,15.000,63015.000,63051.000,-
325.000,128.000,124.000,-,98.000,43.000,63.000,0.000,-,9.000,6.000,7.000,-,83.000,48.000,60.000,31.000,-,38.460,99.000,15.000,63015.000,63051.000,-
326.000,128.000,124.000,-,98.000,43.000,64.000,0.000,-,9.000,6.000,7.000,-,83.000,49.000,60.000,30.000,-,38.500,99.000,15.000,63015.000,63051.000,-
327.000,128.000,124.000,-,98.000,43.000,63.000,0.000,-,9.000,6.000,7.000,-,83.000,49.000,60.000,30.000,-,38.510,99.000,13.000,63015.000,63051.000,-
328.000,127.000,125.000,-,97.000,43.000,63.000,0.000,-,9.000,6.000,7.000,-,82.000,49.000,60.000,30.000,-,38.510,99.000,13.000,63015.000,63051.000,-
329.000,127.000,125.000,-,97.000,43.000,63.000,0.000,-,9.000,6.000,7.000,-,81.000,49.000,60.000,30.000,-,38.550,99.000,13.000,63015.000,63051.000,-
330.000,127.000,126.000,-,96.000,43.000,63.000,0.000,-,9.000,6.000,7.000,-,81.000,49.000,59.000,30.000,-,38.560,99.000,13.000,63015.000,63051.000,-
331.000,127.000,127.000,-,95.000,42.000,62.000,0.000,-,9.000,6.000,7.000,-,80.000,49.000,59.000,30.000,-,38.560,99.000,13.000,63015.000,63051.000,-
332.000,127.000,127.000,-,94.000,42.000,62.000,0.000,-,9.000,6.000,7.000,-,80.000,49.000,59.000,30.000,-,38.560,99.000,13.000,63015.000,63051.000,-
333.000,127.000,127.000,-,94.000,41.000,61.000,0.000,-,9.000,6.000,7.000,-,79.000,49.000,58.000,30.000,-,38.560,99.000,13.000,63015.000,63051.000,-
334.000,127.000,127.000,-,93.000,41.000,61.000,0.000,-,9.000,6.000,7.000,-,79.000,49.000,58.000,30.000,-,38.570,99.000,13.000,63015.000,63051.000,-
335.000,127.000,127.000,-,93.000,41.000,61.000,0.000,-,8.000,6.000,7.000,-,79.000,49.000,58.000,30.000,-,38.580,99.000,12.000,63015.000,63051.000,-
336.000,127.000,127.000,-,93.000,41.000,61.000,0.000,-,8.000,6.000,7.000,-,79.000,49.000,58.000,30.000,-,38.600,99.000,12.000,63015.000,63051.000,-
337.000,127.000,127.000,-,93.000,41.000,61.000,0.000,-,8.000,6.000,7.000,-,79.000,49.000,58.000,30.000,-,38.600,99.000,12.000,63015.000,63051.000,-
338.000,127.000,127.000,-,93.000,41.000,61.000,0.000,-,9.000,6.000,7.000,-,80.000,49.000,59.000,30.000,-,38.600,99.000,12.000,63015.000,63051.000,-
339.000,127.000,127.000,-,93.000,41.000,61.000,0.000,-,9.000,6.000,7.000,-,81.000,49.000,59.000,30.000,-,38.610,99.000,12.000,63015.000,63051.000,-
340.000,127.000,127.000,-,94.000,41.000,61.000,0.000,-,8.000,6.000,7.000,-,81.000,49.000,60.000,29.000,-,38.620,99.000,12.000,63015.000,63051.000,-
341.000,127.000,127.000,-,94.000,41.000,62.000,0.000,-,8.000,6.000,7.000,-,82.000,49.000,60.000,29.000,-,38.620,99.000,10.000,63015.000,63051.000,-
342.000,127.000,127.000,-,95.000,42.000,62.000,0.000,-,8.000,6.000,7.000,-,82.000,50.000,60.000,30.000,-,38.620,99.000,10.000,63015.000,63051.000,-
343.000,127.000,127.000,-,96.000,42.000,62.000,0.000,-,8.000,6.000,7.000,-,83.000,50.000,61.000,30.000,-,38.620,99.000,10.000,63015.000,63051.000,-
344.000,128.000,127.000,-,96.000,42.000,63.000,0.000,-,8.000,6.000,7.000,-,82.000,49.000,61.000,30.000,-,38.630,99.000,10.000,63015.000,63051.000,-
345.000,128.000,127.000,-,96.000,42.000,63.000,0.000,-,8.000,6.000,7.000,-,84.000,46.000,61.000,30.000,-,38.620,99.000,10.000,63015.000,63051.000,-
346.000,128.000,127.000,-,97.000,42.000,63.000,0.000,-,9.000,6.000,7.000,-,84.000,44.000,61.000,30.000,-,38.610,99.000,8.000,63015.000,63051.000,-
347.000,128.000,127.000,-,97.000,42.000,63.000,0.000,-,9.000,6.000,7.000,-,85.000,43.000,61.000,30.000,-,38.630,99.000,8.000,63015.000,63051.000,-
348.000,128.000,127.000,-,97.000,43.000,63.000,0.000,-,9.000,6.000,7.000,-,84.000,41.000,61.000,30.000,-,38.620,99.000,8.000,63015.000,63051.000,-
349.000,128.000,127.000,-,97.000,43.000,63.000,0.000,-,9.000,6.000,7.000,-,85.000,42.000,61.000,30.000,-,38.620,99.000,8.000,63015.000,63051.000,-
350.000,128.000,127.000,-,98.000,43.000,63.000,0.000,-,9.000,6.000,7.000,-,85.000,41.000,61.000,30.000,-,38.630,99.000,8.000,63015.000,63051.000,-
351.000,128.000,127.000,-,98.000,43.000,64.000,0.000,-,9.000,6.000,7.000,-,85.000,41.000,61.000,30.000,-,38.630,99.000,8.000,63015.000,63051.000,-
352.000,128.000,127.000,-,98.000,43.000,64.000,0.000,-,9.000,6.000,7.000,-,85.000,43.000,61.000,30.000,-,38.620,99.000,8.000,63015.000,63051.000,-
353.000,128.000,127.000,-,98.000,43.000,64.000,0.000,-,9.000,6.000,7.000,-,85.000,45.000,61.000,30.000,-,38.620,99.000,8.000,63015.000,63051.000,-
354.000,128.000,127.000,-,98.000,43.000,64.000,0.000,-,9.000,6.000,7.000,-,84.000,46.000,61.000,30.000,-,38.620,99.000,8.000,63015.000,63051.000,-
355.000,128.000,127.000,-,98.000,43.000,64.000,0.000,-,9.000,6.000,7.000,-,84.000,47.000,61.000,30.000,-,38.610,99.000,6.000,63015.000,63051.000,-
356.000,128.000,127.000,-,98.000,43.000,63.000,0.000,-,9.000,6.000,7.000,-,84.000,48.000,61.000,30.000,-,38.610,99.000,6.000,63015.000,63051.000,-
357.000,128.000,127.000,-,98.000,43.000,64.000,0.000,-,9.000,6.000,7.000,-,84.000,49.000,61.000,30.000,-,38.610,99.000,6.000,63015.000,63051.000,-
358.000,128.000,127.000,-,98.000,43.000,63.000,0.000,-,9.000,6.000,7.000,-,83.000,49.000,61.000,30.000,-,38.620,99.000,6.000,63015.000,63051.000,-
359.000,128.000,127.000,-,98.000,43.000,63.000,0.000,-,9.000,6.000,7.000,-,83.000,49.000,61.000,30.000,-,38.620,99.000,6.000,63015.000,63051.000,-
360.000,128.000,127.000,-,98.000,43.000,63.000,0.000,-,9.000,6.000,7.000,-,83.000,50.000,61.000,30.000,-,38.620,99.000,6.000,63015.000,63051.000,-
361.000,128.000,127.000,-,97.000,42.000,63.000,0.000,-,9.000,6.000,7.000,-,83.000,50.000,61.000,30.000,-,38.620,99.000,6.000,63015.000,63051.000,-
362.000,128.000,128.000,-,97.000,42.000,63.000,0.000,-,9.000,6.000,7.000,-,83.000,50.000,61.000,30.000,-,38.630,99.000,6.000,63015.000,63051.000,-
363.000,128.000,128.000,-,97.000,42.000,63.000,0.000,-,9.000,6.000,7.000,-,82.000,50.000,61.000,28.000,-,38.610,99.000,6.000,63015.000,63051.000,-
364.000,128.000,128.000,-,97.000,42.000,63.000,0.000,-,9.000,6.000,7.000,-,82.000,50.000,61.000,28.000,-,38.600,99.000,6.000,63015.000,63051.000,-
365.000,128.000,128.000,-,96.000,42.000,63.000,0.000,-,9.000,6.000,7.000,-,82.000,50.000,60.000,28.000,-,38.600,99.000,5.000,63015.000,63051.000,-
366.000,128.000,128.000,-,96.000,42.000,63.000,0.000,-,9.000,6.000,7.000,-,82.000,50.000,60.000,27.000,-,38.600,99.000,5.000,63015.000,63051.000,-
367.000,128.000,128.000,-,96.000,42.000,62.000,0.000,-,8.000,6.000,7.000,-,82.000,49.000,60.000,27.000,-,38.610,99.000,4.000,63015.000,63051.000,-
368.000,128.000,128.000,-,95.000,42.000,62.000,0.000,-,8.000,6.000,7.000,-,81.000,49.000,60.000,27.000,-,38.610,99.000,4.000,63015.000,63051.000,-
369.000,128.000,128.000,-,95.000,42.000,62.000,0.000,-,8.000,6.000,7.000,-,81.000,49.000,60.000,27.000,-,38.610,99.000,4.000,63015.000,63051.000,-
370.000,128.000,128.000,-,95.000,42.000,62.000,0.000,-,8.000,6.000,7.000,-,81.000,49.000,60.000,27.000,-,38.610,99.000,4.000,63015.000,63051.000,-
371.000,128.000,128.000,-,95.000,42.000,62.000,0.000,-,9.000,6.000,7.000,-,81.000,49.000,60.000,27.000,-,38.610,99.000,4.000,63015.000,63051.000,-
372.000,128.000,128.000,-,95.000,42.000,62.000,0.000,-,9.000,6.000,7.000,-,81.000,49.000,60.000,27.000,-,38.620,99.000,4.000,63015.000,63051.000,-
373.000,128.000,128.000,-,95.000,42.000,62.000,0.000,7.000,-,-,-,-,82.000,50.000,60.000,27.000,-,38.620,99.000,4.000,63015.000,63051.000,-
374.000,128.000,128.000,-,96.000,42.000,63.000,0.000,7.000,-,-,-,-,83.000,50.000,61.000,27.000,-,38.620,99.000,4.000,63015.000,63051.000,-
375.000,128.000,128.000,-,96.000,42.000,63.000,0.000,7.000,-,-,-,-,84.000,50.000,61.000,27.000,-,38.630,99.000,2.000,63015.000,63051.000,-
376.000,128.000,128.000,-,97.000,42.000,63.000,0.000,7.000,-,-,-,-,84.000,50.000,62.000,27.000,-,38.630,99.000,1.000,63015.000,63062.000,-
377.000,128.000,128.000,-,97.000,43.000,63.000,0.000,-,8.000,6.000,7.000,-,84.000,51.000,62.000,27.000,-,38.630,99.000,1.000,63015.000,63062.000,-
378.000,128.000,128.000,-,98.000,43.000,64.000,0.000,-,8.000,6.000,7.000,-,85.000,51.000,62.000,27.000,-,38.620,99.000,1.000,63015.000,63062.000,-
379.000,128.000,128.000,-,98.000,43.000,64.000,0.000,-,8.000,6.000,7.000,-,85.000,51.000,62.000,27.000,-,38.630,99.000,1.000,63015.000,63062.000,-
380.000,128.000,128.000,-,98.000,43.000,64.000,0.000,-,8.000,6.000,7.000,-,85.000,51.000,62.000,29.000,-,38.630,99.000,1.000,63015.000,63062.000,-
381.000,128.000,128.000,-,98.000,43.000,64.000,0.000,-,9.000,6.000,7.000,-,85.000,51.000,62.000,30.000,-,38.620,99.000,1.000,63015.000,63062.000,-
382.000,128.000,128.000,-,98.000,43.000,64.000,0.000,-,9.000,6.000,7.000,-,84.000,51.000,62.000,30.000,-,38.630,99.000,0.000,63015.000,63062.000,-
383.000,128.000,128.000,-,97.000,43.000,63.000,0.000,-,8.000,6.000,7.000,-,84.000,51.000,61.000,30.000,-,38.650,99.000,0.000,63015.000,63062.000,-
384.000,128.000,128.000,-,97.000,43.000,63.000,0.000,-,9.000,6.000,7.000,-,84.000,51.000,61.000,30.000,-,38.630,99.000,0.000,63015.000,63062.000,-
385.000,128.000,128.000,-,97.000,43.000,63.000,0.000,-,9.000,6.000,7.000,-,84.000,50.000,61.000,30.000,-,38.620,99.000,0.000,63015.000,63062.000,-
386.000,128.000,128.000,-,97.000,43.000,63.000,0.000,-,9.000,6.000,7.000,-,83.000,50.000,61.000,32.000,-,38.620,99.000,0.000,63015.000,63062.000,-
387.000,128.000,128.000,-,97.000,43.000,63.000,0.000,-,9.000,6.000,7.000,-,84.000,51.000,61.000,35.000,-,38.610,99.000,0.000,63015.000,63062.000,-
388.000,128.000,128.000,-,98.000,43.000,63.000,0.000,-,8.000,6.000,7.000,-,83.000,51.000,61.000,36.000,-,38.610,99.000,0.000,63015.000,63062.000,-
389.000,128.000,128.000,-,98.000,43.000,64.000,0.000,-,8.000,6.000,7.000,-,84.000,51.000,62.000,40.000,-,38.620,99.000,0.000,63015.000,63062.000,-
390.000,128.000,128.000,-,98.000,43.000,64.000,0.000,7.000,-,-,-,-,84.000,51.000,62.000,40.000,-,38.630,99.000,0.000,63015.000,63062.000,-
391.000,128.000,128.000,-,98.000,43.000,64.000,0.000,7.000,-,-,-,-,84.000,51.000,62.000,47.000,-,38.630,99.000,0.000,63015.000,63062.000,-
392.000,128.000,128.000,-,98.000,43.000,64.000,0.000,6.000,-,-,-,-,84.000,51.000,62.000,47.000,-,38.630,99.000,0.000,63015.000,63062.000,-
393.000,128.000,128.000,-,98.000,43.000,64.000,0.000,6.000,-,-,-,-,84.000,51.000,62.000,47.000,-,38.630,99.000,0.000,63021.000,63062.000,-
394.000,128.000,128.000,-,97.000,43.000,63.000,0.000,6.000,-,-,-,-,83.000,51.000,61.000,51.000,-,38.630,99.000,0.000,63021.000,63062.000,-
395.000,128.000,128.000,-,97.000,43.000,63.000,0.000,6.000,-,-,-,-,83.000,50.000,61.000,51.000,-,38.620,99.000,0.000,63021.000,63062.000,-
396.000,128.000,128.000,-,97.000,43.000,63.000,0.000,6.000,-,-,-,-,81.000,49.000,60.000,48.000,-,38.620,99.000,0.000,63021.000,63062.000,-
397.000,128.000,128.000,-,96.000,43.000,63.000,0.000,6.000,-,-,-,-,82.000,45.000,60.000,48.000,-,38.630,99.000,0.000,63021.000,63062.000,-
398.000,128.000,128.000,-,96.000,43.000,63.000,0.000,7.000,-,-,-,-,82.000,45.000,60.000,43.000,-,38.620,99.000,0.000,63021.000,63062.000,-
399.000,128.000,128.000,-,96.000,43.000,63.000,0.000,7.000,-,-,-,-,82.000,42.000,60.000,-,-,38.610,99.000,-,63021.000,63062.000,-
400.000,-,128.000,-,96.000,43.000,63.000,0.000,7.000,-,-,-,-,83.000,40.000,60.000,-,-,38.620,99.000,-,63021.000,63062.000,-
401.000,-,128.000,-,96.000,43.000,63.000,0.000,7.000,-,-,-,-,84.000,40.000,61.000,-,-,38.620,99.000,-,-,-,-
402.000,-,128.000,-,96.000,43.000,63.000,0.000,7.000,-,-,-,-,84.000,40.000,61.000,-,-,38.620,99.000,-,-,-,-
403.000,-,128.000,-,96.000,43.000,63.000,0.000,7.000,-,-,-,-,84.000,39.000,61.000,-,-,38.620,99.000,-,-,-,-
404.000,-,128.000,-,96.000,43.000,63.000,0.000,7.000,-,-,-,-,84.000,39.000,61.000,-,-,38.630,99.000,-,63021.000,63062.000,-
405.000,-,128.000,-,96.000,43.000,61.000,0.000,7.000,-,-,-,-,84.000,39.000,61.000,-,-,38.650,99.000,-,63021.000,63062.000,-
406.000,-,128.000,-,91.000,42.000,59.000,0.000,7.000,-,-,-,-,83.000,40.000,57.000,-,-,38.630,99.000,0.000,63021.000,63062.000,-
407.000,-,128.000,-,91.000,42.000,59.000,0.000,7.000,-,-,-,-,82.000,42.000,58.000,-,-,38.620,99.000,0.000,63021.000,63062.000,-
408.000,-,128.000,-,93.000,43.000,60.000,0.000,7.000,-,-,-,-,83.000,44.000,59.000,-,-,38.650,99.000,0.000,63004.000,-,-
409.000,-,128.000,-,93.000,42.000,61.000,0.000,7.000,-,-,-,-,83.000,45.000,59.000,-,-,38.630,99.000,0.000,63004.000,-,-
410.000,128.000,128.000,-,94.000,43.000,62.000,0.000,7.000,-,-,-,-,83.000,47.000,60.000,-,-,38.610,99.000,0.000,63004.000,-,-
411.000,128.000,128.000,-,95.000,43.000,62.000,0.000,7.000,-,-,-,-,83.000,48.000,61.000,-,-,38.610,99.000,0.000,63004.000,-,-
412.000,128.000,128.000,-,96.000,43.000,63.000,0.000,7.000,-,-,-,-,84.000,49.000,62.000,-,-,38.620,99.000,0.000,63004.000,-,-
413.000,128.000,128.000,-,96.000,43.000,63.000,0.000,7.000,-,-,-,-,83.000,49.000,62.000,-,-,38.620,99.000,0.000,63004.000,-,-
414.000,128.000,127.000,-,95.000,43.000,62.000,0.000,7.000,-,-,-,-,83.000,49.000,61.000,-,-,38.620,99.000,0.000,63004.000,-,-
415.000,128.000,127.000,-,95.000,44.000,63.000,0.000,7.000,-,-,-,-,82.000,49.000,61.000,-,-,38.630,99.000,0.000,63018.000,63062.000,-
416.000,128.000,127.000,-,97.000,44.000,63.000,0.000,7.000,-,-,-,-,82.000,49.000,62.000,-,-,38.610,99.000,0.000,63018.000,63062.000,-
417.000,128.000,127.000,-,97.000,44.000,63.000,0.000,7.000,-,-,-,-,83.000,50.000,62.000,-,-,38.600,99.000,0.000,63018.000,63062.000,-
418.000,128.000,127.000,-,96.000,44.000,63.000,0.000,7.000,-,-,-,-,83.000,48.000,61.000,-,-,38.610,99.000,0.000,63015.000,63062.000,-
419.000,128.000,128.000,-,97.000,44.000,63.000,0.000,7.000,-,-,-,-,84.000,45.000,61.000,-,-,38.620,99.000,0.000,63015.000,63062.000,-
420.000,128.000,128.000,-,98.000,44.000,64.000,0.000,7.000,-,-,-,-,84.000,47.000,61.000,-,-,38.620,99.000,0.000,63015.000,63062.000,-
421.000,128.000,128.000,-,99.000,44.000,64.000,0.000,7.000,-,-,-,-,84.000,48.000,62.000,-,-,38.620,99.000,0.000,63015.000,63062.000,-
422.000,128.000,128.000,-,99.000,44.000,65.000,0.000,-,9.000,6.000,7.000,-,84.000,49.000,62.000,-,-,38.610,99.000,0.000,63015.000,63062.000,-
423.000,128.000,128.000,-,99.000,44.000,65.000,0.000,-,9.000,6.000,7.000,-,84.000,49.000,62.000,-,-,38.600,99.000,-,63015.000,63062.000,-
424.000,-,128.000,-,99.000,44.000,65.000,0.000,-,9.000,6.000,7.000,-,85.000,48.000,60.000,-,-,38.600,99.000,-,-,-,-
425.000,-,128.000,-,98.000,44.000,64.000,0.000,-,9.000,6.000,7.000,-,85.000,47.000,60.000,-,-,38.610,99.000,-,-,-,-
426.000,-,128.000,-,99.000,44.000,64.000,0.000,-,9.000,6.000,7.000,-,84.000,48.000,60.000,-,-,38.620,99.000,-,-,-,-
427.000,-,128.000,-,99.000,44.000,64.000,0.000,7.000,-,-,-,-,84.000,49.000,60.000,-,-,38.620,99.000,-,-,-,-
428.000,-,128.000,-,97.000,44.000,64.000,0.000,7.000,-,-,-,-,83.000,47.000,60.000,-,-,38.620,99.000,-,-,-,-
429.000,-,128.000,-,96.000,44.000,63.000,0.000,7.000,-,-,-,-,83.000,48.000,60.000,-,-,38.620,99.000,-,-,-,-
430.000,-,127.000,-,95.000,45.000,64.000,0.000,7.000,-,-,-,-,82.000,47.000,60.000,-,-,38.630,99.000,0.000,63020.000,63062.000,-
431.000,-,127.000,-,93.000,45.000,63.000,0.000,7.000,-,-,-,-,84.000,47.000,60.000,-,-,38.620,99.000,0.000,63020.000,63062.000,-
432.000,-,127.000,-,94.000,45.000,63.000,0.000,7.000,-,-,-,-,84.000,45.000,61.000,-,-,38.610,99.000,0.000,63020.000,63062.000,-
433.000,-,127.000,-,94.000,45.000,63.000,0.000,7.000,-,-,-,-,83.000,44.000,60.000,-,-,38.620,99.000,0.000,63020.000,63062.000,-
434.000,129.000,127.000,56.000,-,-,-,0.000,7.000,-,-,-,-,82.000,47.000,60.000,-,-,38.600,99.000,0.000,63020.000,63062.000,-
435.000,128.000,127.000,56.000,-,-,-,0.000,7.000,-,-,-,-,82.000,48.000,60.000,-,-,38.600,99.000,0.000,63020.000,63062.000,-
436.000,128.000,127.000,59.000,-,-,-,0.000,7.000,-,-,-,-,82.000,50.000,60.000,-,-,38.610,99.000,0.000,63020.000,63062.000,-
437.000,128.000,127.000,-,88.000,49.000,63.000,0.000,7.000,-,-,-,-,84.000,51.000,61.000,-,-,38.600,99.000,0.000,63020.000,63062.000,-
438.000,128.000,127.000,-,92.000,48.000,63.000,0.000,7.000,-,-,-,-,89.000,47.000,62.000,-,-,38.580,99.000,0.000,63020.000,63062.000,-
439.000,128.000,127.000,-,92.000,48.000,63.000,0.000,7.000,-,-,-,-,90.000,46.000,63.000,-,-,38.580,99.000,0.000,63018.000,63062.000,-
440.000,129.000,127.000,-,95.000,48.000,65.000,0.000,7.000,-,-,-,-,90.000,45.000,64.000,-,-,38.600,99.000,0.000,63018.000,63062.000,-
441.000,128.000,127.000,-,96.000,48.000,65.000,0.000,7.000,-,-,-,-,89.000,45.000,63.000,-,-,38.600,99.000,0.000,63015.000,63062.000,-
442.000,129.000,127.000,-,98.000,47.000,65.000,0.000,7.000,-,-,-,-,88.000,44.000,61.000,-,-,38.610,99.000,0.000,63015.000,63062.000,-
443.000,129.000,127.000,-,100.000,47.000,64.000,0.000,7.000,-,-,-,-,87.000,44.000,59.000,-,-,38.620,99.000,0.000,63015.000,63062.000,-
444.000,129.000,127.000,-,97.000,47.000,64.000,0.000,6.000,-,-,-,-,88.000,43.000,60.000,-,-,38.610,99.000,0.000,63015.000,63062.000,-
445.000,129.000,127.000,-,97.000,47.000,64.000,0.000,6.000,-,-,-,-,88.000,43.000,60.000,-,-,38.610,99.000,0.000,63015.000,63062.000,-
446.000,129.000,127.000,-,95.000,47.000,64.000,0.000,7.000,-,-,-,-,90.000,42.000,60.000,-,-,38.610,99.000,0.000,63015.000,63062.000,-
447.000,129.000,127.000,-,95.000,47.000,64.000,0.000,6.000,-,-,-,-,88.000,42.000,61.000,-,-,38.610,99.000,0.000,63015.000,63062.000,-
448.000,129.000,126.000,-,98.000,47.000,64.000,0.000,6.000,-,-,-,-,88.000,43.000,61.000,-,-,38.610,99.000,0.000,63015.000,63062.000,-
449.000,128.000,126.000,-,99.000,46.000,65.000,0.000,6.000,-,-,-,-,87.000,41.000,61.000,-,-,38.620,99.000,0.000,63015.000,63062.000,-
450.000,128.000,126.000,-,99.000,46.000,65.000,0.000,6.000,-,-,-,-,87.000,40.000,61.000,20.000,-,38.620,99.000,0.000,63015.000,63062.000,-
451.000,128.000,126.000,-,99.000,45.000,64.000,0.000,7.000,-,-,-,-,86.000,39.000,61.000,20.000,-,38.630,99.000,0.000,63015.000,63062.000,-
452.000,128.000,126.000,-,98.000,45.000,64.000,0.000,7.000,-,-,-,-,86.000,39.000,61.000,20.000,-,38.620,99.000,0.000,63015.000,63062.000,-
453.000,128.000,126.000,-,98.000,44.000,64.000,0.000,7.000,-,-,-,-,85.000,40.000,61.000,24.000,-,38.600,99.000,0.000,63015.000,63062.000,-
454.000,128.000,126.000,-,98.000,44.000,64.000,0.000,7.000,-,-,-,-,84.000,42.000,61.000,24.000,-,38.620,99.000,0.000,63015.000,63062.000,-
455.000,128.000,127.000,-,97.000,43.000,64.000,0.000,7.000,-,-,-,-,83.000,45.000,61.000,25.000,-,38.630,99.000,0.000,63015.000,63062.000,-
456.000,128.000,127.000,-,97.000,43.000,64.000,0.000,7.000,-,-,-,-,83.000,46.000,61.000,25.000,-,38.630,99.000,0.000,63015.000,63062.000,-
457.000,128.000,127.000,-,97.000,43.000,63.000,0.000,7.000,-,-,-,-,83.000,47.000,61.000,25.000,-,38.650,99.000,0.000,63015.000,63062.000,-
458.000,128.000,128.000,-,97.000,43.000,63.000,0.000,7.000,-,-,-,-,83.000,48.000,60.000,24.000,-,38.650,99.000,0.000,63015.000,63062.000,-
459.000,128.000,128.000,-,97.000,43.000,63.000,0.000,7.000,-,-,-,-,82.000,48.000,60.000,23.000,-,38.630,99.000,0.000,63015.000,63062.000,-
460.000,129.000,128.000,-,96.000,43.000,63.000,0.000,7.000,-,-,-,-,81.000,48.000,60.000,22.000,-,38.630,99.000,0.000,63015.000,63062.000,-
461.000,128.000,128.000,-,96.000,43.000,63.000,0.000,7.000,-,-,-,-,81.000,49.000,60.000,20.000,-,38.650,99.000,0.000,63015.000,63062.000,-
462.000,129.000,128.000,-,96.000,42.000,63.000,0.000,7.000,-,-,-,-,80.000,49.000,60.000,21.000,-,38.660,99.000,0.000,63015.000,63062.000,-
463.000,129.000,128.000,-,96.000,42.000,62.000,0.000,7.000,-,-,-,-,80.000,49.000,60.000,21.000,-,38.650,99.000,0.000,63015.000,63062.000,-
464.000,129.000,128.000,-,95.000,42.000,62.000,0.000,7.000,-,-,-,-,80.000,49.000,60.000,22.000,-,38.650,99.000,0.000,63015.000,63062.000,-
465.000,129.000,128.000,-,95.000,42.000,62.000,0.000,7.000,-,-,-,-,81.000,49.000,60.000,22.000,-,38.650,99.000,0.000,63015.000,63062.000,-
466.000,129.000,128.000,-,95.000,42.000,62.000,0.000,7.000,-,-,-,-,81.000,49.000,60.000,25.000,-,38.650,99.000,0.000,63015.000,63062.000,-
467.000,129.000,128.000,-,96.000,42.000,63.000,0.000,7.000,-,-,-,-,82.000,50.000,61.000,25.000,-,38.650,99.000,0.000,63015.000,63062.000,-
468.000,129.000,128.000,-,96.000,42.000,63.000,0.000,7.000,-,-,-,-,83.000,50.000,61.000,24.000,-,38.650,99.000,0.000,63015.000,63062.000,-
469.000,129.000,128.000,-,97.000,43.000,63.000,0.000,7.000,-,-,-,-,83.000,50.000,62.000,24.000,-,38.650,99.000,0.000,63015.000,63062.000,-
470.000,129.000,128.000,-,98.000,43.000,64.000,0.000,7.000,-,-,-,-,84.000,51.000,62.000,27.000,-,38.650,99.000,0.000,63015.000,63062.000,-
471.000,129.000,128.000,-,98.000,43.000,64.000,0.000,7.000,-,-,-,-,85.000,51.000,63.000,27.000,-,38.650,99.000,0.000,63015.000,63062.000,-
472.000,129.000,128.000,-,99.000,43.000,64.000,0.000,7.000,-,-,-,-,86.000,51.000,63.000,26.000,-,38.650,99.000,0.000,63015.000,63062.000,-
473.000,129.000,128.000,-,100.000,43.000,65.000,0.000,7.000,-,-,-,-,86.000,52.000,64.000,37.000,-,38.650,99.000,0.000,63015.000,63062.000,-
474.000,129.000,129.000,-,100.000,44.000,65.000,0.000,6.000,-,-,-,-,86.000,51.000,63.000,37.000,-,38.650,99.000,0.000,63015.000,63062.000,-
475.000,129.000,129.000,-,100.000,44.000,65.000,0.000,7.000,-,-,-,-,85.000,48.000,63.000,36.000,-,38.650,99.000,0.000,63015.000,63062.000,-
476.000,129.000,129.000,-,102.000,44.000,65.000,0.000,7.000,-,-,-,-,87.000,47.000,61.000,36.000,-,38.650,99.000,0.000,63015.000,63062.000,-
477.000,129.000,129.000,-,100.000,45.000,65.000,0.000,7.000,-,-,-,-,87.000,47.000,62.000,38.000,-,38.630,99.000,0.000,63015.000,63062.000,-
478.000,129.000,129.000,-,101.000,45.000,65.000,0.000,7.000,-,-,-,-,86.000,48.000,62.000,40.000,-,38.650,99.000,0.000,63015.000,63062.000,-
479.000,129.000,129.000,-,101.000,45.000,65.000,0.000,7.000,-,-,-,-,85.000,48.000,62.000,42.000,-,38.650,99.000,0.000,63015.000,63062.000,-
480.000,129.000,129.000,-,101.000,45.000,65.000,0.000,7.000,-,-,-,-,85.000,46.000,62.000,44.000,-,38.630,99.000,0.000,63015.000,63062.000,-
481.000,129.000,128.000,-,101.000,45.000,66.000,0.000,7.000,-,-,-,-,86.000,45.000,62.000,44.000,-,38.620,99.000,0.000,63015.000,63062.000,-
482.000,129.000,128.000,-,100.000,45.000,65.000,0.000,7.000,-,-,-,-,85.000,43.000,61.000,47.000,-,38.630,99.000,0.000,63015.000,63062.000,-
483.000,129.000,128.000,-,100.000,45.000,65.000,0.000,7.000,-,-,-,-,85.000,43.000,61.000,47.000,-,38.630,99.000,0.000,63015.000,63062.000,-
484.000,129.000,128.000,-,99.000,44.000,65.000,0.000,7.000,-,-,-,-,83.000,45.000,61.000,45.000,-,38.630,99.000,0.000,63015.000,63062.000,-
485.000,129.000,128.000,-,98.000,44.000,65.000,0.000,7.000,-,-,-,-,83.000,45.000,61.000,50.000,-,38.630,99.000,0.000,63015.000,63062.000,-
486.000,129.000,128.000,-,98.000,43.000,64.000,0.000,7.000,-,-,-,-,82.000,46.000,60.000,50.000,-,38.630,99.000,0.000,63015.000,63062.000,-
487.000,129.000,128.000,-,97.000,43.000,64.000,0.000,7.000,-,-,-,-,82.000,47.000,60.000,47.000,-,38.620,99.000,0.000,63015.000,63062.000,-
488.000,129.000,128.000,-,97.000,43.000,63.000,0.000,7.000,-,-,-,-,82.000,48.000,60.000,46.000,-,38.620,99.000,0.000,63015.000,63062.000,-
489.000,129.000,128.000,-,97.000,43.000,63.000,0.000,7.000,-,-,-,-,82.000,48.000,60.000,46.000,-,38.620,99.000,0.000,63015.000,63062.000,-
490.000,129.000,128.000,-,96.000,43.000,63.000,0.000,7.000,-,-,-,-,81.000,48.000,60.000,46.000,-,38.630,99.000,0.000,63015.000,63062.000,-
491.000,129.000,128.000,-,96.000,42.000,63.000,0.000,7.000,-,-,-,-,81.000,48.000,60.000,49.000,-,38.630,99.000,0.000,63015.000,63062.000,-
492.000,129.000,128.000,-,96.000,42.000,63.000,0.000,7.000,-,-,-,-,81.000,49.000,60.000,49.000,-,38.650,99.000,0.000,63015.000,63062.000,-
493.000,129.000,129.000,-,96.000,42.000,63.000,0.000,-,9.000,6.000,7.000,-,81.000,49.000,60.000,49.000,-,38.650,99.000,0.000,63015.000,63062.000,-
494.000,129.000,129.000,-,96.000,42.000,63.000,0.000,-,9.000,6.000,7.000,-,81.000,49.000,61.000,49.000,-,38.650,99.000,0.000,63015.000,63062.000,-
495.000,129.000,129.000,-,96.000,42.000,63.000,0.000,-,8.000,6.000,7.000,-,80.000,49.000,60.000,42.000,-,38.630,99.000,0.000,63015.000,63062.000,-
496.000,129.000,129.000,-,96.000,42.000,63.000,0.000,-,8.000,6.000,7.000,-,79.000,50.000,59.000,42.000,-,38.630,99.000,0.000,63015.000,63062.000,-
497.000,129.000,129.000,-,98.000,43.000,63.000,0.000,-,9.000,6.000,7.000,-,81.000,51.000,61.000,40.000,-,38.650,99.000,0.000,63015.000,63062.000,-
498.000,129.000,129.000,-,99.000,44.000,64.000,0.000,-,9.000,6.000,7.000,-,82.000,51.000,62.000,40.000,-,38.650,99.000,0.000,63015.000,63062.000,-
499.000,129.000,129.000,-,100.000,44.000,64.000,0.000,-,9.000,6.000,7.000,-,83.000,52.000,63.000,37.000,-,38.650,99.000,0.000,63015.000,63062.000,-
500.000,129.000,129.000,-,101.000,44.000,65.000,0.000,-,9.000,6.000,7.000,-,84.000,51.000,63.000,37.000,-,38.650,99.000,0.000,63015.000,63062.000,-
501.000,129.000,129.000,-,102.000,44.000,66.000,0.000,-,9.000,6.000,7.000,-,85.000,50.000,64.000,37.000,-,38.630,99.000,0.000,63015.000,63062.000,-
502.000,129.000,128.000,-,103.000,45.000,66.000,0.000,-,9.000,6.000,7.000,-,87.000,47.000,64.000,37.000,-,38.630,99.000,0.000,63015.000,63062.000,-
503.000,129.000,128.000,-,103.000,45.000,67.000,0.000,-,8.000,5.000,7.000,-,86.000,49.000,64.000,31.000,-,38.630,99.000,0.000,63015.000,63062.000,-
504.000,129.000,128.000,-,103.000,45.000,67.000,0.000,-,8.000,5.000,7.000,-,86.000,46.000,64.000,30.000,-,38.650,99.000,0.000,63015.000,63062.000,-
505.000,129.000,128.000,-,103.000,45.000,67.000,0.000,7.000,-,-,-,-,85.000,44.000,64.000,30.000,-,38.630,99.000,0.000,63015.000,63062.000,-
506.000,129.000,128.000,-,103.000,45.000,66.000,0.000,7.000,-,-,-,-,85.000,43.000,63.000,30.000,-,38.610,99.000,0.000,63015.000,63062.000,-
507.000,129.000,128.000,-,102.000,45.000,66.000,0.000,7.000,-,-,-,-,85.000,41.000,63.000,28.000,-,38.610,99.000,0.000,63015.000,63062.000,-
508.000,129.000,128.000,-,101.000,45.000,66.000,0.000,7.000,-,-,-,-,84.000,41.000,62.000,28.000,-,38.610,99.000,0.000,63015.000,63062.000,-
509.000,129.000,128.000,-,101.000,45.000,66.000,0.000,7.000,-,-,-,-,84.000,40.000,62.000,28.000,-,38.610,99.000,0.000,63015.000,63062.000,-
510.000,129.000,129.000,-,101.000,44.000,66.000,2.000,-,10.000,5.000,7.000,-,84.000,40.000,62.000,25.000,-,38.620,99.000,0.000,63015.000,63062.000,-
511.000,129.000,129.000,-,101.000,44.000,66.000,0.000,-,11.000,5.000,7.000,-,84.000,41.000,62.000,25.000,-,38.620,99.000,0.000,63015.000,63062.000,-
512.000,129.000,129.000,-,101.000,44.000,66.000,0.000,-,22.000,-1.000,8.000,-,83.000,44.000,62.000,25.000,-,38.620,99.000,0.000,63015.000,63062.000,-
513.000,129.000,129.000,-,101.000,44.000,65.000,0.000,-,22.000,-1.000,8.000,-,83.000,46.000,62.000,25.000,-,38.620,99.000,0.000,63015.000,63062.000,-
514.000,129.000,129.000,-,101.000,44.000,66.000,3.000,6.000,-,-,-,-,82.000,47.000,62.000,25.000,-,38.630,99.000,0.000,63015.000,63062.000,-
515.000,129.000,129.000,-,101.000,44.000,65.000,0.000,7.000,-,-,-,-,82.000,48.000,62.000,24.000,-,38.650,99.000,0.000,63015.000,63062.000,-
516.000,129.000,129.000,-,101.000,44.000,65.000,0.000,7.000,-,-,-,-,82.000,49.000,62.000,23.000,-,38.620,99.000,0.000,63015.000,63062.000,-
517.000,129.000,129.000,-,101.000,44.000,66.000,0.000,7.000,-,-,-,-,83.000,50.000,63.000,22.000,-,38.630,99.000,0.000,63015.000,63062.000,-
518.000,129.000,129.000,-,101.000,44.000,66.000,0.000,7.000,-,-,-,-,83.000,50.000,62.000,18.000,-,38.630,99.000,0.000,63015.000,63062.000,-
519.000,129.000,129.000,-,99.000,44.000,65.000,0.000,7.000,-,-,-,-,84.000,51.000,63.000,18.000,-,38.630,99.000,0.000,63015.000,63062.000,-
520.000,129.000,129.000,-,101.000,45.000,66.000,0.000,7.000,-,-,-,-,83.000,51.000,63.000,19.000,-,38.620,99.000,0.000,63015.000,63062.000,-
521.000,129.000,129.000,-,101.000,45.000,66.000,0.000,7.000,-,-,-,-,84.000,52.000,63.000,19.000,-,38.620,99.000,0.000,63015.000,63062.000,-
522.000,129.000,129.000,-,102.000,45.000,66.000,0.000,7.000,-,-,-,-,84.000,52.000,63.000,18.000,-,38.630,99.000,0.000,63015.000,63062.000,-
523.000,129.000,129.000,-,102.000,45.000,66.000,0.000,7.000,-,-,-,-,84.000,52.000,63.000,18.000,-,38.630,99.000,0.000,63015.000,63062.000,-
524.000,129.000,129.000,-,102.000,45.000,66.000,0.000,7.000,-,-,-,-,84.000,52.000,63.000,18.000,-,38.630,99.000,0.000,63015.000,63062.000,-
525.000,129.000,129.000,-,102.000,45.000,66.000,0.000,7.000,-,-,-,-,84.000,52.000,64.000,18.000,-,38.660,99.000,0.000,63015.000,63062.000,-
526.000,129.000,129.000,-,102.000,45.000,66.000,0.000,-,8.000,5.000,7.000,-,84.000,52.000,63.000,18.000,-,38.630,99.000,0.000,63015.000,63062.000,-
527.000,129.000,129.000,-,102.000,45.000,66.000,0.000,7.000,-,-,-,-,84.000,52.000,63.000,18.000,-,38.630,99.000,0.000,63015.000,63062.000,-
528.000,129.000,129.000,-,102.000,45.000,66.000,5.000,7.000,-,-,-,-,83.000,52.000,63.000,17.000,-,38.630,99.000,0.000,63015.000,63062.000,-
529.000,129.000,129.000,-,101.000,45.000,66.000,-,7.000,-,-,-,-,83.000,52.000,63.000,16.000,-,38.630,99.000,0.000,63015.000,63062.000,-
530.000,129.000,129.000,-,101.000,45.000,66.000,-,7.000,-,-,-,-,83.000,52.000,63.000,16.000,-,38.630,99.000,0.000,63015.000,63062.000,-
531.000,129.000,130.000,-,101.000,44.000,66.000,207.000,-,9.000,6.000,6.000,-,83.000,52.000,63.000,15.000,-,38.620,99.000,0.000,63015.000,63062.000,-
532.000,129.000,130.000,-,101.000,44.000,66.000,-,7.000,-,-,-,-,82.000,52.000,63.000,13.000,-,38.630,99.000,0.000,63015.000,63062.000,-
533.000,129.000,130.000,-,101.000,44.000,66.000,-,7.000,-,-,-,-,82.000,52.000,63.000,13.000,-,38.630,99.000,0.000,63015.000,63062.000,-
534.000,129.000,130.000,-,100.000,44.000,65.000,-,7.000,-,-,-,-,83.000,52.000,63.000,12.000,-,38.610,99.000,0.000,63015.000,63062.000,-
535.000,129.000,130.000,-,100.000,44.000,65.000,-,7.000,-,-,-,-,82.000,52.000,62.000,11.000,-,38.600,99.000,0.000,63015.000,63062.000,-
536.000,129.000,130.000,-,100.000,44.000,65.000,-,7.000,-,-,-,-,82.000,52.000,62.000,10.000,-,38.620,99.000,0.000,63015.000,63062.000,-
537.000,129.000,130.000,-,100.000,44.000,65.000,-,7.000,-,-,-,-,82.000,52.000,62.000,9.000,-,38.620,99.000,0.000,63015.000,63062.000,-
538.000,133.000,130.000,-,100.000,44.000,64.000,-,7.000,-,-,-,-,82.000,49.000,60.000,8.000,-,38.550,99.000,1.000,63015.000,63062.000,-
539.000,129.000,130.000,-,100.000,44.000,64.000,-,-,257.000,5.000,193.000,-,81.000,50.000,60.000,7.000,-,37.290,99.000,1.000,63015.000,63062.000,-
540.000,129.000,130.000,-,100.000,44.000,64.000,-,-,-,-,-,-,81.000,50.000,60.000,7.000,-,35.850,99.000,1.000,63015.000,63062.000,-
541.000,129.000,130.000,-,99.000,44.000,64.000,-,-,-,-,-,-,81.000,50.000,60.000,-,-,35.240,99.000,1.000,63015.000,63062.000,-
542.000,129.000,130.000,-,99.000,44.000,64.000,-,-,-,-,-,-,81.000,50.000,60.000,-,-,35.530,99.000,1.000,63015.000,63062.000,-
543.000,129.000,130.000,-,98.000,43.000,64.000,-,-,-,-,-,-,81.000,50.000,60.000,-,-,35.930,99.000,1.000,63015.000,63062.000,-
544.000,129.000,130.000,-,98.000,44.000,64.000,-,-,-,-,-,-,81.000,51.000,61.000,-,-,36.440,99.000,1.000,63015.000,63062.000,-
545.000,129.000,130.000,-,98.000,44.000,64.000,-,-,-,-,-,-,81.000,51.000,61.000,-,-,36.750,99.000,1.000,63015.000,63062.000,-
546.000,137.000,129.000,-,98.000,44.000,62.000,-,-,-,-,-,-,81.000,50.000,59.000,0.000,-,37.000,99.000,3.000,63015.000,63062.000,-
547.000,136.000,129.000,-,93.000,43.000,60.000,-,-,-,-,-,-,81.000,48.000,58.000,0.000,-,37.210,99.000,4.000,63015.000,63051.000,-
548.000,130.000,129.000,-,90.000,44.000,60.000,-,-,-,-,-,-,82.000,50.000,59.000,0.000,-,37.360,99.000,4.000,63015.000,63051.000,-
549.000,130.000,129.000,-,92.000,44.000,62.000,-,-,-,-,-,-,82.000,50.000,60.000,0.000,-,37.540,99.000,4.000,63015.000,63051.000,-
550.000,137.000,129.000,-,92.000,45.000,60.000,-,-,-,-,-,-,82.000,50.000,58.000,0.000,-,37.730,99.000,6.000,63015.000,63051.000,-
551.000,133.000,129.000,-,91.000,44.000,59.000,-,-,-,-,-,-,83.000,48.000,58.000,0.000,-,37.840,99.000,7.000,63015.000,63051.000,-
552.000,120.000,129.000,-,94.000,45.000,62.000,-,-,-,-,-,-,84.000,48.000,60.000,0.000,-,37.910,99.000,7.000,63015.000,63051.000,-
553.000,127.000,128.000,-,95.000,45.000,62.000,-,-,-,-,-,-,86.000,49.000,61.000,0.000,-,38.010,99.000,7.000,63015.000,63051.000,-
554.000,129.000,128.000,-,98.000,45.000,64.000,-,-,-,-,-,-,86.000,51.000,63.000,0.000,-,38.080,99.000,7.000,63015.000,63051.000,-
555.000,129.000,128.000,-,101.000,46.000,66.000,-,-,-,-,-,-,87.000,52.000,64.000,0.000,-,38.150,99.000,7.000,63015.000,63051.000,-
556.000,118.000,126.000,-,102.000,46.000,66.000,-,-,-,-,-,-,86.000,51.000,64.000,0.000,-,38.210,99.000,7.000,63015.000,63051.000,-
557.000,126.000,124.000,-,102.000,46.000,67.000,-,-,-,-,-,-,85.000,52.000,64.000,0.000,-,38.280,99.000,7.000,63015.000,63051.000,-
558.000,128.000,122.000,-,102.000,46.000,67.000,-,-,-,-,-,-,84.000,52.000,63.000,0.000,-,38.320,99.000,7.000,63015.000,63051.000,-
559.000,128.000,121.000,-,101.000,45.000,66.000,-,-,-,-,-,-,84.000,52.000,63.000,0.000,-,38.350,99.000,7.000,63015.000,63051.000,-
560.000,128.000,121.000,-,100.000,45.000,65.000,-,-,-,-,-,-,82.000,51.000,62.000,0.000,-,38.390,99.000,7.000,63015.000,63051.000,-
561.000,128.000,121.000,-,99.000,45.000,65.000,-,-,-,-,-,-,82.000,51.000,61.000,0.000,-,38.420,99.000,7.000,63015.000,63051.000,-
562.000,128.000,121.000,-,98.000,44.000,65.000,-,-,-,-,-,-,80.000,51.000,61.000,0.000,-,38.450,99.000,7.000,63015.000,63051.000,-
563.000,128.000,123.000,-,98.000,44.000,64.000,-,-,-,-,-,-,80.000,51.000,60.000,0.000,-,38.470,99.000,7.000,63015.000,63051.000,-
564.000,128.000,124.000,-,97.000,44.000,64.000,-,-,-,-,-,-,79.000,50.000,60.000,0.000,-,38.510,99.000,7.000,63015.000,63051.000,-
565.000,128.000,126.000,-,97.000,43.000,63.000,-,-,-,-,-,-,79.000,49.000,59.000,0.000,-,38.520,99.000,7.000,63015.000,63051.000,-
566.000,128.000,127.000,-,98.000,43.000,63.000,-,-,-,-,-,-,79.000,46.000,58.000,0.000,-,38.520,99.000,8.000,63015.000,63051.000,-
567.000,128.000,128.000,-,97.000,43.000,63.000,-,-,-,-,-,-,79.000,48.000,59.000,0.000,-,38.530,99.000,8.000,63015.000,63051.000,-
568.000,128.000,128.000,-,97.000,44.000,63.000,-,-,-,-,-,-,79.000,49.000,60.000,0.000,-,38.510,99.000,8.000,63015.000,63051.000,-
569.000,128.000,128.000,-,98.000,44.000,64.000,-,-,-,-,-,-,80.000,50.000,61.000,0.000,-,38.470,99.000,8.000,63015.000,63051.000,-
570.000,128.000,128.000,-,98.000,44.000,64.000,-,-,-,-,-,-,81.000,50.000,61.000,0.000,-,38.510,99.000,8.000,63015.000,63051.000,-
571.000,125.000,128.000,-,98.000,44.000,64.000,-,-,-,-,-,-,81.000,51.000,61.000,0.000,-,38.550,99.000,8.000,63015.000,63051.000,-
572.000,128.000,128.000,-,98.000,44.000,64.000,-,-,-,-,-,-,82.000,49.000,62.000,0.000,-,38.560,99.000,8.000,63015.000,63051.000,-
573.000,128.000,128.000,-,98.000,44.000,64.000,-,-,-,-,-,-,82.000,49.000,62.000,0.000,-,38.560,99.000,8.000,63015.000,63051.000,-
574.000,128.000,128.000,-,99.000,44.000,65.000,-,-,-,-,-,-,83.000,47.000,62.000,0.000,-,38.570,99.000,8.000,63015.000,63051.000,-
575.000,128.000,128.000,-,100.000,44.000,65.000,-,-,-,-,-,-,84.000,46.000,62.000,0.000,-,38.580,99.000,8.000,63015.000,63051.000,-
576.000,128.000,128.000,-,100.000,45.000,65.000,-,-,-,-,-,-,84.000,44.000,62.000,0.000,-,38.580,99.000,8.000,63015.000,63051.000,-
577.000,128.000,128.000,-,100.000,45.000,65.000,-,-,-,-,-,-,84.000,42.000,63.000,0.000,-,38.570,99.000,8.000,63015.000,63051.000,-
578.000,129.000,128.000,-,100.000,45.000,65.000,-,-,-,-,-,-,84.000,42.000,63.000,0.000,-,38.600,99.000,8.000,63015.000,63051.000,-
579.000,129.000,128.000,-,100.000,44.000,65.000,-,-,-,-,-,-,84.000,40.000,62.000,0.000,-,38.610,99.000,8.000,63015.000,63051.000,-
580.000,129.000,128.000,-,100.000,44.000,65.000,-,-,-,-,-,-,84.000,40.000,62.000,0.000,-,38.600,99.000,8.000,63015.000,63051.000,-
581.000,129.000,128.000,-,99.000,44.000,65.000,-,-,-,-,-,-,84.000,39.000,62.000,0.000,-,38.600,99.000,8.000,63015.000,63051.000,-
582.000,129.000,128.000,-,99.000,44.000,65.000,-,-,-,-,-,-,84.000,38.000,62.000,0.000,-,38.600,99.000,8.000,63015.000,63051.000,-
583.000,129.000,128.000,-,98.000,44.000,64.000,-,-,-,-,-,-,83.000,40.000,61.000,0.000,-,38.610,99.000,8.000,63015.000,63051.000,-
584.000,132.000,128.000,-,98.000,44.000,64.000,-,-,-,-,-,-,83.000,40.000,61.000,0.000,-,38.620,99.000,9.000,63015.000,63051.000,-
585.000,130.000,128.000,-,96.000,43.000,62.000,-,-,-,-,-,-,85.000,40.000,59.000,0.000,-,38.620,99.000,10.000,63015.000,63051.000,-
586.000,129.000,128.000,-,97.000,44.000,62.000,-,-,-,-,-,-,85.000,41.000,59.000,0.000,-,38.620,99.000,10.000,63015.000,63051.000,-
587.000,129.000,128.000,-,96.000,44.000,62.000,-,-,-,-,-,-,85.000,43.000,59.000,0.000,-,38.620,99.000,10.000,63015.000,63051.000,-
588.000,129.000,128.000,-,97.000,45.000,63.000,-,-,-,-,-,-,85.000,45.000,60.000,0.000,-,38.620,99.000,10.000,63015.000,63051.000,-
589.000,129.000,128.000,-,98.000,45.000,64.000,-,-,-,-,-,-,85.000,48.000,62.000,0.000,-,38.630,99.000,10.000,63015.000,63051.000,-
590.000,122.000,128.000,-,100.000,45.000,65.000,-,-,-,-,-,-,86.000,49.000,63.000,0.000,-,38.610,99.000,10.000,63015.000,63051.000,-
591.000,129.000,129.000,-,101.000,45.000,65.000,-,-,-,-,-,-,86.000,51.000,64.000,0.000,-,38.610,99.000,10.000,63015.000,63051.000,-
592.000,129.000,129.000,-,101.000,45.000,66.000,-,-,-,-,-,-,84.000,50.000,63.000,0.000,-,38.620,99.000,10.000,63015.000,63051.000,-
593.000,129.000,129.000,-,101.000,45.000,66.000,-,-,-,-,-,-,84.000,49.000,63.000,0.000,-,38.620,99.000,10.000,63015.000,63051.000,-
594.000,129.000,129.000,-,101.000,45.000,66.000,-,-,-,-,-,-,83.000,46.000,62.000,0.000,-,38.610,99.000,10.000,63015.000,63051.000,-
595.000,129.000,129.000,-,100.000,45.000,66.000,-,-,-,-,-,-,83.000,46.000,62.000,0.000,-,38.600,99.000,10.000,63015.000,63051.000,-
596.000,129.000,130.000,-,100.000,45.000,65.000,-,-,-,-,-,-,83.000,44.000,62.000,0.000,-,38.610,99.000,10.000,63015.000,63051.000,-
597.000,129.000,130.000,-,98.000,44.000,65.000,-,-,-,-,-,-,82.000,44.000,61.000,0.000,-,38.610,99.000,10.000,63015.000,63051.000,-
598.000,129.000,129.000,-,98.000,44.000,64.000,-,-,-,-,-,-,81.000,45.000,61.000,0.000,-,38.610,99.000,9.000,63015.000,63051.000,-
599.000,128.000,129.000,-,98.000,44.000,64.000,-,-,-,-,-,-,81.000,46.000,61.000,0.000,-,38.620,99.000,9.000,63015.000,63051.000,-
