'Elapsed time','HR','PULSE','ABP','ABP Sys','ABP Dias','ABP Mean','NBP','NBP Sys','NBP Dias','NBP Mean','RESP','SpO2','PVC Rate per Minute','Rhythm Status','Ectopic Status','Ectopic Count'
'seconds','bpm','bpm','mmHg','mmHg','mmHg','mmHg','mmHg','mmHg','mmHg','mmHg','pm','%','pm','?','?','?'
0.000,125.000,125.000,-,-,-,-,-,125.000,73.000,82.000,-,90.000,0.000,63004.000,-,-
1.000,125.000,125.000,-,134.000,81.000,98.000,-,125.000,73.000,82.000,10.000,90.000,0.000,63004.000,-,-
2.000,125.000,124.000,-,134.000,82.000,99.000,-,125.000,73.000,82.000,10.000,90.000,0.000,63004.000,-,-
3.000,124.000,124.000,-,137.000,80.000,99.000,-,125.000,73.000,82.000,13.000,90.000,0.000,63004.000,-,-
4.000,124.000,124.000,-,138.000,80.000,100.000,-,125.000,73.000,82.000,13.000,90.000,0.000,63004.000,-,-
5.000,124.000,124.000,-,139.000,82.000,102.000,-,125.000,73.000,82.000,13.000,90.000,0.000,63018.000,63062.000,-
6.000,125.000,124.000,-,139.000,83.000,101.000,-,125.000,73.000,82.000,13.000,90.000,0.000,63018.000,63062.000,-
7.000,125.000,124.000,-,138.000,83.000,101.000,-,125.000,73.000,82.000,13.000,90.000,0.000,63018.000,63062.000,-
8.000,125.000,124.000,-,136.000,83.000,100.000,-,125.000,73.000,82.000,16.000,90.000,0.000,63018.000,63062.000,-
9.000,126.000,124.000,-,135.000,82.000,99.000,-,125.000,73.000,82.000,16.000,90.000,0.000,63018.000,63062.000,-
10.000,126.000,124.000,-,134.000,81.000,98.000,-,125.000,73.000,82.000,15.000,90.000,0.000,63018.000,63062.000,-
11.000,125.000,124.000,-,134.000,81.000,98.000,-,125.000,73.000,82.000,16.000,90.000,0.000,63015.000,63062.000,-
12.000,125.000,124.000,-,135.000,81.000,99.000,-,125.000,73.000,82.000,16.000,89.000,0.000,63015.000,63062.000,-
13.000,125.000,124.000,-,135.000,81.000,99.000,-,125.000,73.000,82.000,16.000,89.000,0.000,63015.000,63062.000,-
14.000,124.000,124.000,-,136.000,80.000,100.000,-,125.000,73.000,82.000,16.000,88.000,0.000,63015.000,63062.000,-
15.000,124.000,124.000,-,137.000,83.000,101.000,-,125.000,73.000,82.000,16.000,88.000,0.000,63015.000,63062.000,-
16.000,125.000,124.000,-,137.000,83.000,100.000,-,125.000,73.000,82.000,16.000,88.000,0.000,63015.000,63062.000,-
17.000,125.000,124.000,-,137.000,82.000,100.000,-,125.000,73.000,82.000,16.000,88.000,0.000,63015.000,63062.000,-
18.000,125.000,124.000,-,137.000,82.000,100.000,-,125.000,73.000,82.000,16.000,88.000,0.000,63015.000,63062.000,-
19.000,125.000,124.000,-,139.000,84.000,102.000,-,125.000,73.000,82.000,16.000,88.000,0.000,63015.000,63062.000,-
20.000,125.000,124.000,-,138.000,84.000,103.000,-,125.000,73.000,82.000,15.000,88.000,0.000,63015.000,63062.000,-
21.000,125.000,124.000,-,135.000,84.000,102.000,-,125.000,73.000,82.000,14.000,89.000,0.000,63015.000,63062.000,-
22.000,125.000,124.000,-,135.000,84.000,101.000,-,125.000,73.000,82.000,13.000,89.000,0.000,63015.000,63062.000,-
23.000,125.000,124.000,-,133.000,84.000,101.000,-,125.000,73.000,82.000,13.000,90.000,0.000,63015.000,63062.000,-
24.000,125.000,124.000,-,130.000,84.000,101.000,-,125.000,73.000,82.000,13.000,90.000,0.000,63015.000,63062.000,-
25.000,124.000,124.000,-,129.000,84.000,100.000,-,125.000,73.000,82.000,13.000,90.000,0.000,63015.000,63062.000,-
26.000,124.000,124.000,-,127.000,81.000,99.000,-,125.000,73.000,82.000,13.000,90.000,0.000,63015.000,63062.000,-
27.000,124.000,124.000,-,127.000,82.000,98.000,-,125.000,73.000,82.000,13.000,91.000,0.000,63015.000,63062.000,-
28.000,124.000,124.000,-,126.000,82.000,98.000,-,125.000,73.000,82.000,13.000,93.000,0.000,63015.000,63062.000,-
29.000,124.000,124.000,-,125.000,81.000,97.000,-,125.000,73.000,82.000,13.000,93.000,0.000,63015.000,63062.000,-
30.000,124.000,124.000,-,123.000,81.000,97.000,-,125.000,73.000,82.000,12.000,94.000,0.000,63015.000,63062.000,-
31.000,124.000,124.000,-,122.000,80.000,97.000,-,125.000,73.000,82.000,11.000,94.000,0.000,63015.000,63062.000,-
32.000,124.000,124.000,-,123.000,81.000,98.000,-,125.000,73.000,82.000,13.000,94.000,0.000,63015.000,63062.000,-
33.000,124.000,124.000,-,125.000,81.000,98.000,-,125.000,73.000,82.000,13.000,94.000,0.000,63015.000,63062.000,-
34.000,124.000,124.000,-,126.000,79.000,97.000,-,125.000,73.000,82.000,13.000,94.000,0.000,63015.000,63062.000,-
35.000,124.000,124.000,-,126.000,80.000,97.000,-,125.000,73.000,82.000,13.000,94.000,0.000,63015.000,63062.000,-
36.000,124.000,124.000,-,126.000,79.000,97.000,-,125.000,73.000,82.000,13.000,94.000,0.000,63015.000,63062.000,-
37.000,124.000,124.000,-,127.000,79.000,98.000,-,125.000,73.000,82.000,13.000,94.000,0.000,63015.000,63062.000,-
38.000,124.000,124.000,-,129.000,80.000,98.000,-,125.000,73.000,82.000,13.000,94.000,0.000,63015.000,63062.000,-
39.000,123.000,124.000,-,130.000,81.000,99.000,-,125.000,73.000,82.000,13.000,94.000,0.000,63015.000,63062.000,-
40.000,124.000,124.000,-,130.000,82.000,99.000,-,125.000,73.000,82.000,13.000,94.000,0.000,63015.000,63062.000,-
41.000,124.000,124.000,-,131.000,82.000,99.000,-,125.000,73.000,82.000,13.000,94.000,0.000,63015.000,63062.000,-
42.000,124.000,124.000,-,131.000,83.000,99.000,-,125.000,73.000,82.000,12.000,94.000,0.000,63015.000,63062.000,-
43.000,124.000,124.000,-,132.000,83.000,100.000,-,125.000,73.000,82.000,12.000,94.000,0.000,63015.000,63062.000,-
44.000,124.000,124.000,-,133.000,83.000,101.000,-,125.000,73.000,82.000,13.000,94.000,0.000,63015.000,63062.000,-
45.000,124.000,124.000,-,134.000,84.000,102.000,-,125.000,73.000,82.000,13.000,94.000,0.000,63015.000,63062.000,-
46.000,123.000,124.000,-,136.000,87.000,104.000,-,125.000,73.000,82.000,12.000,94.000,0.000,63015.000,63062.000,-
47.000,124.000,123.000,-,137.000,88.000,105.000,-,125.000,73.000,82.000,12.000,94.000,0.000,63015.000,63062.000,-
48.000,124.000,123.000,-,136.000,88.000,105.000,-,125.000,73.000,82.000,12.000,94.000,0.000,63015.000,63062.000,-
49.000,124.000,123.000,-,136.000,89.000,105.000,-,125.000,73.000,82.000,12.000,93.000,0.000,63015.000,63062.000,-
50.000,124.000,123.000,-,136.000,89.000,105.000,-,125.000,73.000,82.000,12.000,93.000,0.000,63015.000,63062.000,-
51.000,124.000,123.000,-,136.000,90.000,106.000,-,125.000,73.000,82.000,11.000,94.000,0.000,63015.000,63062.000,-
52.000,124.000,123.000,-,136.000,90.000,106.000,-,125.000,73.000,82.000,10.000,93.000,0.000,63015.000,63062.000,-
53.000,124.000,123.000,-,136.000,90.000,106.000,-,125.000,73.000,82.000,12.000,93.000,0.000,63015.000,63062.000,-
54.000,124.000,123.000,-,136.000,90.000,106.000,-,125.000,73.000,82.000,12.000,93.000,0.000,63015.000,63062.000,-
55.000,124.000,124.000,-,136.000,91.000,106.000,-,125.000,73.000,82.000,12.000,93.000,0.000,63015.000,63062.000,-
56.000,124.000,124.000,-,136.000,91.000,106.000,-,125.000,73.000,82.000,14.000,93.000,0.000,63015.000,63062.000,-
57.000,124.000,124.000,-,135.000,90.000,106.000,-,125.000,73.000,82.000,14.000,92.000,0.000,63015.000,63062.000,-
58.000,124.000,124.000,-,134.000,91.000,106.000,-,125.000,73.000,82.000,14.000,92.000,0.000,63015.000,63062.000,-
59.000,124.000,124.000,-,134.000,91.000,107.000,-,125.000,73.000,82.000,14.000,92.000,0.000,63015.000,63062.000,-
60.000,124.000,124.000,-,133.000,91.000,107.000,-,125.000,73.000,82.000,14.000,92.000,0.000,63015.000,63062.000,-
61.000,124.000,124.000,-,133.000,91.000,107.000,-,125.000,73.000,82.000,14.000,92.000,0.000,63015.000,63062.000,-
62.000,124.000,124.000,-,133.000,91.000,106.000,-,125.000,73.000,82.000,14.000,91.000,0.000,63015.000,63062.000,-
63.000,124.000,124.000,-,132.000,91.000,106.000,-,125.000,73.000,82.000,14.000,91.000,0.000,63015.000,63062.000,-
64.000,124.000,124.000,-,131.000,91.000,106.000,-,125.000,73.000,82.000,14.000,91.000,0.000,63015.000,63062.000,-
65.000,124.000,124.000,-,129.000,91.000,105.000,-,125.000,73.000,82.000,15.000,91.000,0.000,63015.000,63062.000,-
66.000,124.000,124.000,-,127.000,91.000,105.000,-,125.000,73.000,82.000,17.000,91.000,0.000,63015.000,63062.000,-
67.000,123.000,124.000,-,127.000,91.000,105.000,-,125.000,73.000,82.000,20.000,91.000,0.000,63015.000,63062.000,-
68.000,124.000,124.000,-,127.000,92.000,106.000,-,125.000,73.000,82.000,20.000,91.000,0.000,63015.000,63062.000,-
69.000,124.000,124.000,-,123.000,92.000,104.000,-,125.000,73.000,82.000,20.000,91.000,0.000,63015.000,63062.000,-
70.000,124.000,124.000,-,121.000,91.000,103.000,-,125.000,73.000,82.000,20.000,91.000,0.000,63015.000,63062.000,-
71.000,124.000,124.000,-,119.000,91.000,102.000,-,125.000,73.000,82.000,26.000,91.000,0.000,63015.000,63062.000,-
72.000,124.000,124.000,-,117.000,90.000,101.000,-,125.000,73.000,82.000,26.000,91.000,0.000,63015.000,63062.000,-
73.000,124.000,124.000,-,115.000,90.000,101.000,-,125.000,73.000,82.000,25.000,91.000,0.000,63015.000,63062.000,-
74.000,123.000,124.000,-,114.000,90.000,100.000,-,125.000,73.000,82.000,24.000,91.000,0.000,63015.000,63062.000,-
75.000,123.000,124.000,-,113.000,90.000,99.000,-,125.000,73.000,82.000,23.000,91.000,0.000,63015.000,63062.000,-
76.000,123.000,124.000,-,112.000,89.000,99.000,-,125.000,73.000,82.000,22.000,91.000,0.000,63015.000,63062.000,-
77.000,123.000,124.000,-,112.000,89.000,99.000,-,125.000,73.000,82.000,21.000,91.000,0.000,63015.000,63062.000,-
78.000,123.000,124.000,-,112.000,90.000,99.000,-,125.000,73.000,82.000,20.000,91.000,0.000,63015.000,63062.000,-
79.000,123.000,124.000,-,112.000,90.000,99.000,-,125.000,73.000,82.000,22.000,91.000,0.000,63015.000,63062.000,-
80.000,124.000,124.000,-,112.000,90.000,99.000,-,125.000,73.000,82.000,22.000,91.000,0.000,63015.000,63062.000,-
81.000,123.000,123.000,-,111.000,90.000,99.000,-,125.000,73.000,82.000,22.000,91.000,0.000,63015.000,63062.000,-
82.000,123.000,123.000,-,111.000,91.000,99.000,-,125.000,73.000,82.000,22.000,91.000,0.000,63015.000,63062.000,-
83.000,124.000,123.000,-,111.000,91.000,99.000,-,125.000,73.000,82.000,22.000,91.000,0.000,63015.000,63062.000,-
84.000,124.000,123.000,-,111.000,91.000,99.000,-,125.000,73.000,82.000,22.000,91.000,0.000,63015.000,63062.000,-
85.000,123.000,123.000,-,110.000,91.000,99.000,-,125.000,73.000,82.000,19.000,91.000,0.000,63015.000,63062.000,-
86.000,123.000,123.000,-,110.000,90.000,99.000,-,125.000,73.000,82.000,19.000,91.000,0.000,63015.000,63062.000,-
87.000,123.000,123.000,-,110.000,90.000,98.000,-,125.000,73.000,82.000,21.000,91.000,0.000,63015.000,63062.000,-
88.000,123.000,123.000,-,110.000,90.000,98.000,-,125.000,73.000,82.000,21.000,91.000,0.000,63015.000,63062.000,-
89.000,123.000,124.000,-,110.000,89.000,98.000,-,125.000,73.000,82.000,20.000,91.000,0.000,63015.000,63062.000,-
90.000,123.000,124.000,-,110.000,89.000,98.000,-,125.000,73.000,82.000,20.000,91.000,0.000,63015.000,63062.000,-
91.000,123.000,124.000,-,110.000,89.000,98.000,-,125.000,73.000,82.000,20.000,90.000,0.000,63015.000,63062.000,-
92.000,123.000,124.000,-,110.000,89.000,98.000,-,125.000,73.000,82.000,20.000,90.000,0.000,63015.000,63062.000,-
93.000,123.000,123.000,-,110.000,89.000,98.000,-,125.000,73.000,82.000,19.000,91.000,0.000,63015.000,63062.000,-
94.000,123.000,123.000,-,110.000,89.000,98.000,-,125.000,73.000,82.000,18.000,91.000,0.000,63015.000,63062.000,-
95.000,123.000,123.000,-,110.000,89.000,99.000,-,125.000,73.000,82.000,17.000,91.000,0.000,63015.000,63062.000,-
96.000,123.000,123.000,-,111.000,89.000,99.000,-,125.000,73.000,82.000,16.000,91.000,0.000,63015.000,63062.000,-
97.000,123.000,123.000,-,111.000,90.000,99.000,-,125.000,73.000,82.000,15.000,91.000,0.000,63015.000,63062.000,-
98.000,124.000,123.000,-,111.000,89.000,98.000,-,125.000,73.000,82.000,14.000,91.000,0.000,63015.000,63062.000,-
99.000,124.000,123.000,-,111.000,89.000,98.000,-,125.000,73.000,82.000,13.000,91.000,0.000,63015.000,63062.000,-
100.000,124.000,123.000,-,111.000,89.000,98.000,-,125.000,73.000,82.000,14.000,90.000,0.000,63015.000,63062.000,-
101.000,124.000,123.000,-,111.000,89.000,98.000,-,125.000,73.000,82.000,14.000,90.000,0.000,63015.000,63062.000,-
102.000,123.000,123.000,-,111.000,89.000,98.000,-,125.000,73.000,82.000,14.000,90.000,0.000,63015.000,63062.000,-
103.000,123.000,123.000,-,112.000,88.000,98.000,-,125.000,73.000,82.000,14.000,90.000,0.000,63015.000,63062.000,-
104.000,123.000,123.000,-,112.000,88.000,98.000,-,125.000,73.000,82.000,14.000,90.000,0.000,63015.000,63062.000,-
105.000,123.000,123.000,-,112.000,89.000,99.000,-,125.000,73.000,82.000,14.000,89.000,0.000,63015.000,63062.000,-
106.000,124.000,123.000,-,112.000,90.000,99.000,-,125.000,73.000,82.000,14.000,89.000,0.000,63015.000,63062.000,-
107.000,124.000,123.000,-,112.000,89.000,99.000,-,125.000,73.000,82.000,14.000,89.000,0.000,63015.000,63062.000,-
108.000,124.000,123.000,-,115.000,84.000,96.000,-,125.000,73.000,82.000,14.000,89.000,0.000,63015.000,63062.000,-
109.000,125.000,123.000,-,116.000,79.000,96.000,-,125.000,73.000,82.000,14.000,90.000,0.000,63015.000,63062.000,-
110.000,125.000,124.000,-,117.000,80.000,95.000,-,125.000,73.000,82.000,12.000,90.000,0.000,63015.000,63062.000,-
111.000,125.000,124.000,-,113.000,75.000,92.000,-,125.000,73.000,82.000,12.000,90.000,0.000,63015.000,63062.000,-
112.000,125.000,124.000,-,116.000,74.000,92.000,-,125.000,73.000,82.000,12.000,90.000,0.000,63015.000,63062.000,-
113.000,125.000,124.000,-,114.000,71.000,89.000,-,125.000,73.000,82.000,12.000,90.000,0.000,63015.000,63062.000,-
114.000,125.000,124.000,-,117.000,71.000,91.000,-,125.000,73.000,82.000,12.000,90.000,0.000,63015.000,63062.000,-
115.000,124.000,124.000,-,120.000,75.000,94.000,-,125.000,73.000,82.000,11.000,90.000,0.000,63015.000,63062.000,-
116.000,124.000,124.000,-,122.000,78.000,96.000,-,125.000,73.000,82.000,11.000,89.000,0.000,63015.000,63062.000,-
117.000,124.000,124.000,-,123.000,79.000,98.000,-,125.000,73.000,82.000,11.000,89.000,0.000,63015.000,63062.000,-
118.000,124.000,124.000,-,125.000,82.000,100.000,-,125.000,73.000,82.000,11.000,89.000,0.000,63015.000,63062.000,-
119.000,-,124.000,-,124.000,84.000,101.000,-,125.000,73.000,82.000,11.000,89.000,-,63020.000,63062.000,-
120.000,-,125.000,-,131.000,85.000,103.000,-,125.000,73.000,82.000,-,89.000,-,63020.000,63062.000,-
121.000,-,125.000,-,132.000,87.000,105.000,-,125.000,73.000,82.000,-,90.000,-,-,-,-
122.000,-,124.000,-,133.000,85.000,106.000,-,125.000,73.000,82.000,-,90.000,-,-,-,-
123.000,-,124.000,-,134.000,87.000,107.000,-,125.000,73.000,82.000,-,90.000,-,-,-,-
124.000,-,124.000,-,134.000,88.000,108.000,-,125.000,73.000,82.000,-,91.000,-,-,-,-
125.000,-,123.000,-,134.000,88.000,109.000,-,125.000,73.000,82.000,-,91.000,-,-,-,-
126.000,-,123.000,-,133.000,89.000,108.000,-,125.000,73.000,82.000,-,91.000,-,-,-,-
127.000,-,124.000,-,136.000,85.000,109.000,-,125.000,73.000,82.000,-,91.000,-,-,-,-
128.000,-,124.000,-,136.000,86.000,109.000,-,125.000,73.000,82.000,-,91.000,-,-,-,-
129.000,-,124.000,-,134.000,90.000,109.000,-,125.000,73.000,82.000,-,91.000,-,-,-,-
130.000,-,124.000,-,137.000,81.000,106.000,-,125.000,73.000,82.000,-,91.000,-,-,-,-
131.000,-,125.000,-,136.000,84.000,107.000,-,125.000,73.000,82.000,-,91.000,-,-,-,-
132.000,-,125.000,-,134.000,87.000,108.000,-,125.000,73.000,82.000,-,91.000,-,-,-,-
133.000,-,125.000,-,132.000,90.000,110.000,-,125.000,73.000,82.000,-,92.000,-,-,-,-
134.000,-,125.000,-,132.000,93.000,111.000,-,125.000,73.000,82.000,-,92.000,-,-,-,-
135.000,-,125.000,-,132.000,96.000,112.000,-,125.000,73.000,82.000,-,92.000,-,-,-,-
136.000,-,125.000,-,130.000,97.000,111.000,-,125.000,73.000,82.000,-,92.000,-,-,-,-
137.000,-,125.000,-,130.000,97.000,111.000,-,125.000,73.000,82.000,-,92.000,-,-,-,-
138.000,-,124.000,-,130.000,99.000,112.000,-,125.000,73.000,82.000,-,93.000,-,-,-,-
139.000,-,124.000,-,129.000,99.000,112.000,-,125.000,73.000,82.000,-,93.000,-,-,-,-
140.000,-,124.000,-,129.000,99.000,112.000,-,125.000,73.000,82.000,-,93.000,-,-,-,-
141.000,-,124.000,-,129.000,100.000,112.000,-,125.000,73.000,82.000,-,93.000,-,-,-,-
142.000,-,124.000,-,128.000,99.000,112.000,-,125.000,73.000,82.000,-,93.000,-,-,-,-
143.000,-,124.000,-,128.000,100.000,112.000,-,125.000,73.000,82.000,-,92.000,-,-,-,-
144.000,-,124.000,-,128.000,99.000,111.000,-,125.000,73.000,82.000,-,92.000,-,-,-,-
145.000,-,125.000,-,129.000,99.000,112.000,-,125.000,73.000,82.000,-,92.000,-,-,-,-
146.000,-,125.000,-,129.000,101.000,113.000,-,125.000,73.000,82.000,-,92.000,-,-,-,-
147.000,-,125.000,-,129.000,101.000,113.000,-,125.000,73.000,82.000,-,92.000,-,-,-,-
148.000,-,125.000,-,129.000,101.000,113.000,-,125.000,73.000,82.000,-,92.000,-,-,-,-
149.000,-,125.000,-,129.000,101.000,113.000,-,125.000,73.000,82.000,-,93.000,-,-,-,-
150.000,-,125.000,-,130.000,102.000,114.000,-,125.000,73.000,82.000,-,93.000,-,-,-,-
151.000,-,125.000,-,130.000,103.000,114.000,-,125.000,73.000,82.000,-,93.000,-,-,-,-
152.000,-,125.000,-,130.000,100.000,113.000,-,125.000,73.000,82.000,-,94.000,-,-,-,-
153.000,-,124.000,-,133.000,99.000,112.000,-,125.000,73.000,82.000,-,94.000,-,-,-,-
154.000,-,124.000,-,132.000,97.000,111.000,-,125.000,73.000,82.000,-,94.000,-,-,-,-
155.000,-,124.000,-,133.000,96.000,109.000,-,125.000,73.000,82.000,-,94.000,-,-,-,-
156.000,-,124.000,-,127.000,94.000,105.000,-,125.000,73.000,82.000,-,94.000,-,-,-,-
157.000,-,124.000,-,127.000,94.000,105.000,-,125.000,73.000,82.000,-,94.000,-,-,-,-
158.000,-,124.000,-,126.000,92.000,103.000,-,125.000,73.000,82.000,-,94.000,-,-,-,-
159.000,-,124.000,-,122.000,90.000,102.000,-,125.000,73.000,82.000,-,93.000,-,-,-,-
160.000,-,124.000,-,119.000,89.000,100.000,-,125.000,73.000,82.000,-,93.000,-,-,-,-
161.000,-,124.000,-,120.000,84.000,100.000,-,125.000,73.000,82.000,-,93.000,-,-,-,-
162.000,-,124.000,-,124.000,88.000,103.000,-,125.000,73.000,82.000,-,93.000,-,-,-,-
163.000,-,124.000,-,128.000,92.000,110.000,-,125.000,73.000,82.000,-,93.000,-,-,-,-
164.000,-,124.000,-,132.000,98.000,114.000,-,125.000,73.000,82.000,-,93.000,-,-,-,-
165.000,-,124.000,-,135.000,106.000,120.000,-,125.000,73.000,82.000,-,92.000,-,-,-,-
166.000,-,124.000,-,138.000,110.000,123.000,-,125.000,73.000,82.000,-,92.000,-,-,-,-
167.000,-,124.000,-,139.000,113.000,125.000,-,125.000,73.000,82.000,-,92.000,-,-,-,-
168.000,-,123.000,-,141.000,117.000,128.000,-,125.000,73.000,82.000,-,92.000,-,-,-,-
169.000,-,123.000,-,142.000,119.000,129.000,-,125.000,73.000,82.000,-,92.000,-,-,-,-
170.000,-,123.000,-,143.000,120.000,130.000,-,125.000,73.000,82.000,-,92.000,-,-,-,-
171.000,-,123.000,-,144.000,122.000,132.000,-,125.000,73.000,82.000,-,92.000,-,-,-,-
172.000,-,123.000,-,145.000,123.000,132.000,-,125.000,73.000,82.000,-,92.000,-,-,-,-
173.000,-,124.000,-,145.000,123.000,132.000,-,125.000,73.000,82.000,-,92.000,-,-,-,-
174.000,-,124.000,-,146.000,125.000,134.000,-,125.000,73.000,82.000,-,91.000,-,-,-,-
175.000,-,124.000,-,147.000,125.000,134.000,-,125.000,73.000,82.000,-,91.000,-,-,-,-
176.000,-,124.000,-,148.000,127.000,135.000,-,125.000,73.000,82.000,-,91.000,-,-,-,-
177.000,-,124.000,-,148.000,128.000,136.000,-,125.000,73.000,82.000,-,91.000,-,-,-,-
178.000,-,124.000,-,149.000,127.000,136.000,-,125.000,73.000,82.000,-,91.000,-,-,-,-
179.000,-,124.000,-,152.000,130.000,139.000,-,125.000,73.000,82.000,-,91.000,-,-,-,-
180.000,-,124.000,-,153.000,131.000,140.000,-,125.000,73.000,82.000,-,91.000,-,-,-,-
181.000,-,124.000,-,154.000,132.000,140.000,-,125.000,73.000,82.000,-,91.000,-,-,-,-
182.000,-,124.000,-,154.000,132.000,141.000,-,125.000,73.000,82.000,-,91.000,-,63020.000,63062.000,-
183.000,-,124.000,-,152.000,130.000,138.000,-,125.000,73.000,82.000,-,91.000,-,-,-,-
184.000,-,124.000,-,152.000,128.000,138.000,-,125.000,73.000,82.000,-,91.000,-,-,-,-
185.000,-,125.000,-,150.000,128.000,137.000,-,125.000,73.000,82.000,-,91.000,-,-,-,-
186.000,-,125.000,-,149.000,126.000,135.000,-,125.000,73.000,82.000,-,91.000,-,63005.000,-,-
187.000,-,125.000,-,158.000,127.000,138.000,-,125.000,73.000,82.000,-,91.000,-,63005.000,-,-
188.000,-,125.000,-,162.000,129.000,141.000,-,125.000,73.000,82.000,-,90.000,-,63005.000,-,-
189.000,-,125.000,-,162.000,129.000,141.000,-,125.000,73.000,82.000,-,90.000,-,63005.000,-,-
190.000,-,125.000,-,162.000,130.000,142.000,-,125.000,73.000,82.000,-,90.000,-,63005.000,-,-
191.000,125.000,124.000,-,161.000,130.000,142.000,-,125.000,73.000,82.000,-,90.000,-,63005.000,-,-
192.000,125.000,124.000,-,160.000,130.000,142.000,-,125.000,73.000,82.000,-,90.000,-,63005.000,-,-
193.000,125.000,124.000,-,158.000,130.000,141.000,-,125.000,73.000,82.000,-,90.000,-,63005.000,-,-
194.000,125.000,124.000,-,156.000,128.000,140.000,-,125.000,73.000,82.000,-,90.000,-,63005.000,-,-
195.000,125.000,124.000,-,156.000,129.000,140.000,-,125.000,73.000,82.000,-,90.000,-,63005.000,-,-
196.000,124.000,124.000,-,155.000,128.000,139.000,-,125.000,73.000,82.000,-,90.000,0.000,63004.000,-,-
197.000,124.000,124.000,-,155.000,128.000,139.000,-,125.000,73.000,82.000,-,90.000,0.000,63004.000,-,-
198.000,124.000,124.000,-,155.000,130.000,140.000,-,125.000,73.000,82.000,-,90.000,0.000,63004.000,-,-
199.000,124.000,124.000,-,155.000,129.000,140.000,-,125.000,73.000,82.000,-,90.000,0.000,63004.000,-,-
200.000,124.000,124.000,-,158.000,131.000,143.000,-,125.000,73.000,82.000,-,90.000,0.000,63004.000,-,-
201.000,125.000,124.000,-,161.000,133.000,146.000,-,125.000,73.000,82.000,-,90.000,0.000,63004.000,-,-
202.000,125.000,124.000,-,162.000,135.000,147.000,-,125.000,73.000,82.000,-,91.000,0.000,63004.000,-,-
203.000,125.000,124.000,-,164.000,136.000,148.000,-,125.000,73.000,82.000,13.000,91.000,0.000,63018.000,63062.000,-
204.000,125.000,124.000,-,166.000,136.000,149.000,-,125.000,73.000,82.000,13.000,91.000,0.000,63018.000,63062.000,-
205.000,125.000,124.000,-,167.000,135.000,148.000,-,125.000,73.000,82.000,13.000,92.000,0.000,63018.000,63062.000,-
206.000,125.000,124.000,-,167.000,134.000,149.000,-,125.000,73.000,82.000,13.000,92.000,0.000,63018.000,63062.000,-
207.000,125.000,124.000,-,173.000,136.000,151.000,-,125.000,73.000,82.000,12.000,92.000,0.000,63018.000,63062.000,-
208.000,125.000,124.000,-,173.000,136.000,152.000,-,125.000,73.000,82.000,12.000,92.000,0.000,63018.000,63062.000,-
209.000,125.000,125.000,-,171.000,133.000,149.000,-,125.000,73.000,82.000,15.000,91.000,0.000,63018.000,63062.000,-
210.000,126.000,125.000,-,170.000,132.000,148.000,-,125.000,73.000,82.000,15.000,91.000,0.000,63018.000,63062.000,-
211.000,125.000,125.000,-,168.000,130.000,145.000,-,125.000,73.000,82.000,16.000,91.000,0.000,63018.000,63062.000,-
212.000,126.000,125.000,-,162.000,124.000,140.000,-,125.000,73.000,82.000,16.000,91.000,0.000,63018.000,63062.000,-
213.000,125.000,125.000,-,157.000,119.000,135.000,-,125.000,73.000,82.000,16.000,91.000,0.000,63018.000,63062.000,-
214.000,125.000,125.000,-,157.000,113.000,132.000,-,125.000,73.000,82.000,16.000,91.000,0.000,63018.000,63062.000,-
215.000,125.000,125.000,-,149.000,107.000,124.000,-,125.000,73.000,82.000,16.000,91.000,0.000,63018.000,63062.000,-
216.000,125.000,125.000,-,144.000,97.000,118.000,-,125.000,73.000,82.000,16.000,91.000,0.000,63018.000,63062.000,-
217.000,125.000,125.000,-,139.000,91.000,115.000,-,125.000,73.000,82.000,17.000,91.000,0.000,63018.000,63062.000,-
218.000,125.000,125.000,-,139.000,94.000,115.000,-,125.000,73.000,82.000,17.000,92.000,0.000,63018.000,63062.000,-
219.000,126.000,125.000,-,140.000,99.000,117.000,-,125.000,73.000,82.000,17.000,92.000,0.000,63018.000,63062.000,-
220.000,126.000,-,-,142.000,103.000,120.000,-,125.000,73.000,82.000,17.000,-,0.000,63015.000,63062.000,-
221.000,126.000,-,-,138.000,97.000,115.000,-,125.000,73.000,82.000,16.000,-,0.000,63015.000,63062.000,-
222.000,126.000,-,-,139.000,97.000,113.000,-,125.000,73.000,82.000,16.000,-,0.000,63015.000,63062.000,-
223.000,125.000,-,-,145.000,93.000,115.000,-,125.000,73.000,82.000,16.000,-,0.000,63015.000,63062.000,-
224.000,125.000,-,-,146.000,97.000,117.000,-,125.000,73.000,82.000,16.000,-,0.000,63015.000,63062.000,-
225.000,125.000,-,-,144.000,98.000,116.000,-,125.000,73.000,82.000,16.000,-,0.000,63015.000,63062.000,-
226.000,125.000,-,-,139.000,94.000,113.000,-,125.000,73.000,82.000,16.000,-,0.000,63015.000,63062.000,-
227.000,125.000,-,-,142.000,97.000,113.000,-,125.000,73.000,82.000,16.000,-,0.000,63015.000,63062.000,-
228.000,125.000,-,-,149.000,104.000,121.000,-,125.000,73.000,82.000,16.000,-,0.000,63015.000,63062.000,-
229.000,125.000,-,-,149.000,106.000,121.000,-,125.000,73.000,82.000,16.000,-,0.000,63015.000,63062.000,-
230.000,125.000,-,-,155.000,103.000,118.000,-,125.000,73.000,82.000,16.000,-,0.000,63015.000,63062.000,-
231.000,125.000,-,-,157.000,105.000,123.000,-,125.000,73.000,82.000,16.000,-,0.000,63015.000,63062.000,-
232.000,125.000,-,-,157.000,105.000,123.000,-,125.000,73.000,82.000,16.000,-,0.000,63015.000,63062.000,-
233.000,125.000,-,-,163.000,114.000,130.000,-,125.000,73.000,82.000,16.000,-,0.000,63015.000,63062.000,-
234.000,125.000,-,-,164.000,119.000,136.000,-,125.000,73.000,82.000,15.000,-,0.000,63015.000,63062.000,-
235.000,125.000,-,-,166.000,125.000,140.000,-,125.000,73.000,82.000,12.000,-,0.000,63015.000,63062.000,-
236.000,125.000,-,-,170.000,132.000,147.000,-,125.000,73.000,82.000,12.000,-,0.000,63015.000,63062.000,-
237.000,125.000,-,-,171.000,136.000,150.000,-,125.000,73.000,82.000,12.000,-,0.000,63015.000,63062.000,-
238.000,125.000,-,-,172.000,138.000,153.000,-,125.000,73.000,82.000,12.000,-,0.000,63015.000,63062.000,-
239.000,125.000,-,-,175.000,140.000,154.000,-,125.000,73.000,82.000,12.000,-,0.000,63015.000,63062.000,-
240.000,125.000,-,-,176.000,142.000,157.000,-,125.000,73.000,82.000,12.000,-,0.000,63015.000,63062.000,-
241.000,125.000,-,-,177.000,143.000,158.000,-,125.000,73.000,82.000,12.000,-,0.000,63015.000,63062.000,-
242.000,125.000,-,-,178.000,146.000,160.000,-,125.000,73.000,82.000,12.000,-,0.000,63015.000,63062.000,-
243.000,125.000,-,-,178.000,148.000,160.000,-,125.000,73.000,82.000,12.000,-,0.000,63015.000,63062.000,-
244.000,125.000,-,-,178.000,148.000,161.000,-,125.000,73.000,82.000,12.000,-,0.000,63015.000,63062.000,-
245.000,125.000,-,-,178.000,149.000,161.000,-,125.000,73.000,82.000,13.000,-,0.000,63015.000,63062.000,-
246.000,126.000,-,-,178.000,150.000,161.000,-,125.000,73.000,82.000,13.000,-,0.000,63015.000,63062.000,-
247.000,125.000,-,-,178.000,149.000,161.000,-,125.000,73.000,82.000,13.000,-,0.000,63015.000,63062.000,-
248.000,125.000,-,-,178.000,150.000,162.000,-,125.000,73.000,82.000,13.000,-,0.000,63015.000,63062.000,-
249.000,124.000,-,-,178.000,151.000,163.000,-,125.000,73.000,82.000,12.000,-,0.000,63015.000,63062.000,-
250.000,124.000,-,-,178.000,151.000,163.000,-,125.000,73.000,82.000,12.000,-,0.000,63015.000,63062.000,-
251.000,124.000,-,-,178.000,153.000,164.000,-,125.000,73.000,82.000,12.000,-,0.000,63015.000,63062.000,-
252.000,124.000,-,-,180.000,153.000,164.000,-,125.000,73.000,82.000,12.000,-,0.000,63015.000,63062.000,-
253.000,125.000,-,-,180.000,153.000,164.000,-,125.000,73.000,82.000,12.000,-,0.000,63015.000,63062.000,-
254.000,125.000,-,-,180.000,154.000,164.000,-,125.000,73.000,82.000,12.000,-,0.000,63015.000,63062.000,-
255.000,125.000,-,-,180.000,155.000,165.000,-,125.000,73.000,82.000,12.000,-,0.000,63015.000,63062.000,-
256.000,125.000,125.000,-,184.000,154.000,164.000,-,125.000,73.000,82.000,11.000,92.000,0.000,63015.000,63062.000,-
257.000,125.000,125.000,-,183.000,147.000,160.000,-,125.000,73.000,82.000,11.000,92.000,0.000,63015.000,63062.000,-
258.000,125.000,125.000,-,181.000,147.000,157.000,-,125.000,73.000,82.000,11.000,92.000,0.000,63015.000,63062.000,-
259.000,125.000,125.000,-,176.000,142.000,152.000,-,125.000,73.000,82.000,11.000,92.000,0.000,63015.000,63062.000,-
260.000,125.000,125.000,-,176.000,142.000,152.000,-,125.000,73.000,82.000,11.000,92.000,0.000,63015.000,63062.000,-
261.000,125.000,125.000,-,173.000,132.000,144.000,-,125.000,73.000,82.000,11.000,92.000,0.000,63015.000,63062.000,-
262.000,125.000,125.000,-,160.000,115.000,130.000,-,125.000,73.000,82.000,11.000,92.000,0.000,63015.000,63062.000,-
263.000,125.000,125.000,-,150.000,103.000,121.000,-,125.000,73.000,82.000,11.000,92.000,0.000,63015.000,63062.000,-
264.000,125.000,125.000,-,145.000,96.000,114.000,-,125.000,73.000,82.000,11.000,92.000,0.000,63015.000,63062.000,-
265.000,126.000,125.000,-,140.000,89.000,102.000,-,125.000,73.000,82.000,11.000,92.000,0.000,63015.000,63062.000,-
266.000,126.000,125.000,-,126.000,77.000,96.000,-,125.000,73.000,82.000,11.000,92.000,0.000,63015.000,63062.000,-
267.000,126.000,125.000,-,118.000,70.000,87.000,-,125.000,73.000,82.000,11.000,92.000,0.000,63015.000,63062.000,-
268.000,126.000,125.000,-,118.000,70.000,87.000,-,125.000,73.000,82.000,11.000,92.000,0.000,63015.000,63062.000,-
269.000,125.000,125.000,-,114.000,65.000,81.000,-,125.000,73.000,82.000,11.000,92.000,0.000,63015.000,63062.000,-
270.000,125.000,124.000,-,103.000,49.000,71.000,-,125.000,73.000,82.000,11.000,93.000,0.000,63015.000,63062.000,-
271.000,125.000,124.000,-,103.000,50.000,72.000,-,125.000,73.000,82.000,11.000,93.000,0.000,63015.000,63062.000,-
272.000,125.000,124.000,-,103.000,54.000,76.000,-,125.000,73.000,82.000,13.000,93.000,0.000,63015.000,63062.000,-
273.000,125.000,124.000,-,103.000,54.000,76.000,-,125.000,73.000,82.000,13.000,93.000,0.000,63015.000,63062.000,-
274.000,125.000,124.000,-,103.000,54.000,76.000,-,125.000,73.000,82.000,13.000,93.000,0.000,63015.000,63062.000,-
275.000,125.000,123.000,-,106.000,53.000,79.000,-,125.000,73.000,82.000,13.000,93.000,0.000,63015.000,63062.000,-
276.000,125.000,123.000,-,104.000,59.000,81.000,-,125.000,73.000,82.000,14.000,93.000,0.000,63015.000,63062.000,-
277.000,124.000,123.000,-,108.000,66.000,85.000,-,125.000,73.000,82.000,14.000,92.000,0.000,63015.000,63062.000,-
278.000,125.000,123.000,-,106.000,65.000,84.000,-,125.000,73.000,82.000,14.000,92.000,0.000,63015.000,63062.000,-
279.000,125.000,123.000,-,106.000,69.000,86.000,-,125.000,73.000,82.000,14.000,92.000,0.000,63015.000,63062.000,-
280.000,124.000,124.000,-,109.000,74.000,90.000,-,125.000,73.000,82.000,14.000,92.000,0.000,63015.000,63062.000,-
281.000,124.000,124.000,-,114.000,78.000,93.000,-,125.000,73.000,82.000,14.000,92.000,0.000,63015.000,63062.000,-
282.000,124.000,124.000,-,116.000,83.000,97.000,-,125.000,73.000,82.000,14.000,92.000,0.000,63015.000,63062.000,-
283.000,125.000,124.000,-,118.000,88.000,102.000,-,125.000,73.000,82.000,14.000,92.000,0.000,63015.000,63062.000,-
284.000,125.000,125.000,-,119.000,90.000,102.000,-,125.000,73.000,82.000,14.000,92.000,0.000,63015.000,63062.000,-
285.000,125.000,124.000,-,121.000,90.000,102.000,-,125.000,73.000,82.000,14.000,92.000,0.000,63015.000,63062.000,-
286.000,125.000,124.000,-,121.000,90.000,102.000,-,125.000,73.000,82.000,14.000,92.000,0.000,63015.000,63062.000,-
287.000,125.000,124.000,-,126.000,81.000,99.000,-,125.000,73.000,82.000,14.000,92.000,0.000,63015.000,63062.000,-
288.000,125.000,124.000,-,125.000,79.000,99.000,-,125.000,73.000,82.000,14.000,92.000,0.000,63015.000,63062.000,-
289.000,125.000,124.000,-,129.000,77.000,100.000,-,125.000,73.000,82.000,14.000,92.000,0.000,63015.000,63062.000,-
290.000,125.000,124.000,-,128.000,75.000,97.000,-,125.000,73.000,82.000,15.000,92.000,0.000,63015.000,63062.000,-
291.000,125.000,125.000,-,131.000,74.000,100.000,-,125.000,73.000,82.000,15.000,92.000,0.000,63015.000,63062.000,-
292.000,125.000,125.000,-,138.000,84.000,108.000,-,125.000,73.000,82.000,16.000,92.000,0.000,63015.000,63062.000,-
293.000,125.000,125.000,-,141.000,93.000,114.000,-,125.000,73.000,82.000,16.000,91.000,0.000,63015.000,63062.000,-
294.000,125.000,125.000,-,145.000,100.000,120.000,-,125.000,73.000,82.000,16.000,91.000,0.000,63015.000,63062.000,-
295.000,125.000,125.000,-,148.000,107.000,124.000,-,125.000,73.000,82.000,17.000,91.000,0.000,63015.000,63062.000,-
296.000,125.000,124.000,-,151.000,112.000,129.000,-,125.000,73.000,82.000,17.000,92.000,0.000,63015.000,63062.000,-
297.000,125.000,124.000,-,152.000,115.000,132.000,-,125.000,73.000,82.000,19.000,92.000,0.000,63015.000,63062.000,-
298.000,125.000,124.000,-,154.000,119.000,134.000,-,125.000,73.000,82.000,19.000,92.000,0.000,63015.000,63062.000,-
299.000,125.000,124.000,-,153.000,120.000,135.000,-,125.000,73.000,82.000,20.000,92.000,0.000,63015.000,63062.000,-
300.000,125.000,124.000,-,153.000,121.000,135.000,-,125.000,73.000,82.000,20.000,92.000,0.000,63015.000,63062.000,-
301.000,125.000,124.000,-,153.000,122.000,136.000,-,125.000,73.000,82.000,22.000,92.000,0.000,63015.000,63062.000,-
302.000,125.000,124.000,-,152.000,123.000,136.000,-,125.000,73.000,82.000,22.000,93.000,0.000,63015.000,63062.000,-
303.000,125.000,124.000,-,152.000,124.000,136.000,-,125.000,73.000,82.000,22.000,93.000,0.000,63015.000,63062.000,-
304.000,124.000,124.000,-,152.000,125.000,136.000,-,125.000,73.000,82.000,24.000,93.000,0.000,63015.000,63062.000,-
305.000,124.000,124.000,-,152.000,124.000,136.000,-,125.000,73.000,82.000,24.000,93.000,0.000,63015.000,63062.000,-
306.000,124.000,125.000,-,153.000,126.000,137.000,-,125.000,73.000,82.000,25.000,93.000,0.000,63015.000,63062.000,-
307.000,125.000,125.000,-,152.000,126.000,137.000,-,125.000,73.000,82.000,26.000,93.000,0.000,63015.000,63062.000,-
308.000,125.000,125.000,-,152.000,127.000,137.000,-,125.000,73.000,82.000,26.000,93.000,0.000,63015.000,63062.000,-
309.000,125.000,125.000,-,152.000,126.000,137.000,-,125.000,73.000,82.000,28.000,93.000,0.000,63015.000,63062.000,-
310.000,125.000,125.000,-,152.000,126.000,137.000,-,125.000,73.000,82.000,28.000,93.000,0.000,63015.000,63062.000,-
311.000,124.000,125.000,-,152.000,127.000,137.000,-,125.000,73.000,82.000,27.000,93.000,0.000,63015.000,63062.000,-
312.000,125.000,125.000,-,152.000,127.000,137.000,-,125.000,73.000,82.000,28.000,93.000,0.000,63015.000,63062.000,-
313.000,124.000,124.000,-,151.000,126.000,137.000,-,125.000,73.000,82.000,28.000,93.000,0.000,63015.000,63062.000,-
314.000,124.000,124.000,-,151.000,127.000,137.000,-,125.000,73.000,82.000,29.000,93.000,0.000,63015.000,63062.000,-
315.000,124.000,124.000,-,150.000,126.000,136.000,-,125.000,73.000,82.000,29.000,92.000,0.000,63015.000,63062.000,-
316.000,124.000,124.000,-,150.000,125.000,136.000,-,125.000,73.000,82.000,29.000,92.000,0.000,63015.000,63062.000,-
317.000,124.000,124.000,-,150.000,125.000,136.000,-,125.000,73.000,82.000,29.000,92.000,0.000,63015.000,63062.000,-
318.000,124.000,124.000,-,150.000,125.000,136.000,-,125.000,73.000,82.000,28.000,92.000,0.000,63015.000,63062.000,-
319.000,124.000,124.000,-,150.000,125.000,135.000,-,125.000,73.000,82.000,25.000,92.000,0.000,63015.000,63062.000,-
320.000,124.000,124.000,-,149.000,124.000,135.000,-,125.000,73.000,82.000,25.000,92.000,0.000,63015.000,63062.000,-
321.000,124.000,124.000,-,150.000,125.000,135.000,-,125.000,73.000,82.000,25.000,92.000,0.000,63015.000,63062.000,-
322.000,124.000,124.000,-,150.000,125.000,135.000,-,125.000,73.000,82.000,24.000,93.000,0.000,63015.000,63062.000,-
323.000,124.000,124.000,-,149.000,125.000,135.000,-,125.000,73.000,82.000,24.000,93.000,0.000,63015.000,63062.000,-
324.000,124.000,124.000,-,150.000,125.000,136.000,-,125.000,73.000,82.000,24.000,93.000,0.000,63015.000,63062.000,-
325.000,124.000,124.000,-,150.000,126.000,136.000,-,125.000,73.000,82.000,24.000,93.000,0.000,63015.000,63062.000,-
326.000,125.000,124.000,-,149.000,125.000,135.000,-,125.000,73.000,82.000,24.000,93.000,0.000,63015.000,63062.000,-
327.000,124.000,124.000,-,149.000,125.000,135.000,-,125.000,73.000,82.000,24.000,93.000,0.000,63015.000,63062.000,-
328.000,124.000,124.000,-,149.000,124.000,135.000,-,125.000,73.000,82.000,20.000,93.000,0.000,63015.000,63062.000,-
329.000,124.000,124.000,-,148.000,124.000,134.000,-,125.000,73.000,82.000,20.000,94.000,0.000,63015.000,63062.000,-
330.000,124.000,124.000,-,149.000,123.000,134.000,-,125.000,73.000,82.000,20.000,94.000,0.000,63015.000,63062.000,-
331.000,124.000,124.000,-,149.000,122.000,133.000,-,125.000,73.000,82.000,20.000,94.000,0.000,63015.000,63062.000,-
332.000,123.000,124.000,-,148.000,122.000,134.000,-,125.000,73.000,82.000,20.000,94.000,0.000,63015.000,63062.000,-
333.000,123.000,124.000,-,147.000,122.000,133.000,-,125.000,73.000,82.000,19.000,93.000,0.000,63015.000,63062.000,-
334.000,123.000,124.000,-,148.000,123.000,134.000,-,125.000,73.000,82.000,19.000,93.000,0.000,63015.000,63062.000,-
335.000,123.000,124.000,-,148.000,123.000,134.000,-,125.000,73.000,82.000,19.000,93.000,0.000,63015.000,63062.000,-
336.000,123.000,124.000,-,148.000,123.000,134.000,-,125.000,73.000,82.000,18.000,93.000,0.000,63015.000,63062.000,-
337.000,123.000,124.000,-,148.000,124.000,134.000,-,125.000,73.000,82.000,18.000,93.000,0.000,63015.000,63062.000,-
338.000,123.000,124.000,-,148.000,124.000,135.000,-,125.000,73.000,82.000,19.000,93.000,0.000,63015.000,63062.000,-
339.000,123.000,124.000,-,148.000,124.000,134.000,-,125.000,73.000,82.000,19.000,94.000,0.000,63015.000,63062.000,-
340.000,123.000,124.000,-,153.000,115.000,134.000,-,125.000,73.000,82.000,18.000,94.000,0.000,63015.000,63062.000,-
341.000,123.000,123.000,-,154.000,114.000,134.000,-,125.000,73.000,82.000,18.000,94.000,0.000,63015.000,63062.000,-
342.000,123.000,123.000,-,153.000,115.000,134.000,-,125.000,73.000,82.000,20.000,94.000,0.000,63015.000,63062.000,-
343.000,123.000,123.000,-,151.000,117.000,133.000,-,125.000,73.000,82.000,20.000,93.000,0.000,63015.000,63062.000,-
344.000,123.000,123.000,-,150.000,119.000,133.000,-,125.000,73.000,82.000,21.000,93.000,0.000,63015.000,63062.000,-
345.000,123.000,123.000,-,149.000,120.000,133.000,-,125.000,73.000,82.000,21.000,93.000,0.000,63015.000,63062.000,-
346.000,123.000,123.000,-,150.000,121.000,133.000,-,125.000,73.000,82.000,21.000,93.000,0.000,63015.000,63062.000,-
347.000,123.000,123.000,-,150.000,120.000,133.000,-,125.000,73.000,82.000,25.000,93.000,0.000,63015.000,63062.000,-
348.000,123.000,123.000,-,149.000,119.000,132.000,-,125.000,73.000,82.000,25.000,93.000,0.000,63015.000,63062.000,-
349.000,123.000,123.000,-,150.000,116.000,130.000,-,125.000,73.000,82.000,26.000,93.000,0.000,63015.000,63062.000,-
350.000,123.000,123.000,-,142.000,102.000,116.000,-,125.000,73.000,82.000,26.000,93.000,0.000,63015.000,63062.000,-
351.000,123.000,123.000,-,142.000,102.000,116.000,-,125.000,73.000,82.000,26.000,93.000,0.000,63015.000,63062.000,-
352.000,123.000,123.000,-,142.000,102.000,116.000,-,125.000,73.000,82.000,26.000,93.000,0.000,63015.000,63062.000,-
353.000,123.000,123.000,78.000,-,-,-,-,125.000,73.000,82.000,26.000,93.000,0.000,63015.000,63062.000,-
354.000,123.000,123.000,-,110.000,70.000,79.000,-,125.000,73.000,82.000,26.000,93.000,0.000,63015.000,63062.000,-
355.000,123.000,123.000,-,127.000,55.000,91.000,-,125.000,73.000,82.000,26.000,93.000,0.000,63015.000,63062.000,-
356.000,123.000,123.000,-,128.000,61.000,94.000,-,125.000,73.000,82.000,26.000,93.000,0.000,63015.000,63062.000,-
357.000,124.000,123.000,-,130.000,57.000,92.000,-,125.000,73.000,82.000,26.000,93.000,0.000,63015.000,63062.000,-
358.000,123.000,123.000,-,128.000,60.000,93.000,-,125.000,73.000,82.000,24.000,93.000,0.000,63015.000,63062.000,-
359.000,124.000,123.000,-,124.000,64.000,93.000,-,125.000,73.000,82.000,25.000,93.000,0.000,63015.000,63062.000,-
360.000,124.000,123.000,-,124.000,64.000,93.000,-,125.000,73.000,82.000,25.000,93.000,0.000,63015.000,63062.000,-
361.000,124.000,123.000,-,123.000,69.000,95.000,-,125.000,73.000,82.000,26.000,93.000,0.000,63015.000,63062.000,-
362.000,124.000,123.000,-,119.000,72.000,90.000,-,125.000,73.000,82.000,28.000,93.000,0.000,63015.000,63062.000,-
363.000,124.000,123.000,-,122.000,68.000,90.000,-,125.000,73.000,82.000,28.000,93.000,0.000,63015.000,63062.000,-
364.000,124.000,123.000,-,121.000,74.000,94.000,-,125.000,73.000,82.000,28.000,93.000,0.000,63015.000,63062.000,-
365.000,124.000,123.000,-,127.000,78.000,97.000,-,125.000,73.000,82.000,28.000,93.000,0.000,63015.000,63062.000,-
366.000,124.000,124.000,-,126.000,81.000,99.000,-,125.000,73.000,82.000,28.000,93.000,0.000,63015.000,63062.000,-
367.000,124.000,124.000,-,124.000,82.000,99.000,-,125.000,73.000,82.000,27.000,93.000,0.000,63015.000,63062.000,-
368.000,124.000,124.000,-,124.000,85.000,100.000,-,125.000,73.000,82.000,25.000,93.000,0.000,63015.000,63062.000,-
369.000,124.000,124.000,-,123.000,87.000,100.000,-,125.000,73.000,82.000,25.000,93.000,0.000,63015.000,63062.000,-
370.000,123.000,124.000,-,122.000,88.000,101.000,-,125.000,73.000,82.000,25.000,93.000,0.000,63015.000,63062.000,-
371.000,124.000,124.000,-,119.000,88.000,101.000,-,125.000,73.000,82.000,25.000,93.000,0.000,63015.000,63062.000,-
372.000,124.000,124.000,-,119.000,90.000,102.000,-,125.000,73.000,82.000,25.000,93.000,0.000,63015.000,63062.000,-
373.000,124.000,124.000,-,120.000,92.000,104.000,-,125.000,73.000,82.000,25.000,93.000,0.000,63015.000,63062.000,-
374.000,124.000,124.000,-,120.000,93.000,104.000,-,125.000,73.000,82.000,24.000,93.000,0.000,63015.000,63062.000,-
375.000,124.000,124.000,-,118.000,93.000,104.000,-,125.000,73.000,82.000,24.000,93.000,0.000,63015.000,63062.000,-
376.000,124.000,124.000,-,119.000,95.000,105.000,-,125.000,73.000,82.000,24.000,93.000,0.000,63015.000,63062.000,-
377.000,124.000,124.000,-,119.000,96.000,105.000,-,125.000,73.000,82.000,25.000,93.000,0.000,63015.000,63062.000,-
378.000,124.000,124.000,-,118.000,95.000,105.000,-,125.000,73.000,82.000,25.000,93.000,0.000,63015.000,63062.000,-
379.000,124.000,124.000,-,117.000,95.000,104.000,-,125.000,73.000,82.000,25.000,93.000,0.000,63015.000,63062.000,-
380.000,124.000,124.000,-,117.000,95.000,104.000,-,125.000,73.000,82.000,24.000,93.000,0.000,63015.000,63062.000,-
381.000,124.000,124.000,-,117.000,95.000,104.000,-,125.000,73.000,82.000,24.000,93.000,0.000,63015.000,63062.000,-
382.000,124.000,124.000,-,116.000,95.000,104.000,-,125.000,73.000,82.000,23.000,93.000,0.000,63015.000,63062.000,-
383.000,123.000,124.000,-,116.000,95.000,104.000,-,125.000,73.000,82.000,23.000,93.000,0.000,63015.000,63062.000,-
384.000,123.000,124.000,-,116.000,95.000,104.000,-,125.000,73.000,82.000,22.000,93.000,0.000,63015.000,63062.000,-
385.000,123.000,124.000,-,116.000,95.000,104.000,-,125.000,73.000,82.000,22.000,93.000,0.000,63015.000,63062.000,-
386.000,123.000,125.000,-,116.000,95.000,104.000,-,125.000,73.000,82.000,22.000,93.000,0.000,63015.000,63062.000,-
387.000,123.000,125.000,-,117.000,96.000,105.000,-,125.000,73.000,82.000,22.000,93.000,0.000,63015.000,63062.000,-
388.000,123.000,124.000,-,117.000,96.000,105.000,-,125.000,73.000,82.000,20.000,93.000,0.000,63015.000,63062.000,-
389.000,123.000,124.000,-,117.000,96.000,105.000,-,125.000,73.000,82.000,20.000,93.000,0.000,63015.000,63062.000,-
390.000,122.000,124.000,-,118.000,97.000,106.000,-,125.000,73.000,82.000,20.000,93.000,0.000,63015.000,63062.000,-
391.000,122.000,124.000,-,118.000,97.000,106.000,-,125.000,73.000,82.000,21.000,93.000,0.000,63015.000,63062.000,-
392.000,123.000,124.000,-,117.000,97.000,106.000,-,125.000,73.000,82.000,21.000,93.000,0.000,63015.000,63062.000,-
393.000,122.000,123.000,-,117.000,97.000,105.000,-,125.000,73.000,82.000,21.000,93.000,0.000,63015.000,63062.000,-
394.000,123.000,123.000,-,115.000,95.000,103.000,-,125.000,73.000,82.000,21.000,93.000,0.000,63015.000,63062.000,-
395.000,123.000,123.000,-,115.000,94.000,103.000,-,125.000,73.000,82.000,21.000,93.000,0.000,63015.000,63062.000,-
396.000,123.000,123.000,-,114.000,94.000,102.000,-,125.000,73.000,82.000,22.000,93.000,0.000,63015.000,63062.000,-
397.000,123.000,123.000,-,114.000,93.000,102.000,-,125.000,73.000,82.000,22.000,93.000,0.000,63015.000,63062.000,-
398.000,123.000,123.000,-,114.000,93.000,102.000,-,125.000,73.000,82.000,23.000,93.000,0.000,63015.000,63062.000,-
399.000,123.000,123.000,-,113.000,92.000,101.000,-,125.000,73.000,82.000,23.000,92.000,0.000,63015.000,63062.000,-
400.000,123.000,123.000,-,113.000,93.000,101.000,-,125.000,73.000,82.000,23.000,92.000,0.000,63015.000,63062.000,-
401.000,123.000,123.000,-,113.000,93.000,101.000,-,125.000,73.000,82.000,23.000,92.000,0.000,63015.000,63062.000,-
402.000,123.000,123.000,-,114.000,93.000,102.000,-,125.000,73.000,82.000,23.000,92.000,0.000,63015.000,63062.000,-
403.000,123.000,123.000,-,114.000,93.000,102.000,-,125.000,73.000,82.000,23.000,92.000,0.000,63015.000,63062.000,-
404.000,123.000,123.000,-,114.000,94.000,102.000,-,125.000,73.000,82.000,22.000,93.000,0.000,63015.000,63062.000,-
405.000,124.000,123.000,-,114.000,94.000,102.000,-,125.000,73.000,82.000,22.000,93.000,0.000,63015.000,63062.000,-
406.000,124.000,123.000,-,114.000,94.000,103.000,-,125.000,73.000,82.000,22.000,93.000,0.000,63015.000,63062.000,-
407.000,124.000,123.000,-,115.000,95.000,103.000,-,125.000,73.000,82.000,21.000,93.000,0.000,63015.000,63062.000,-
408.000,124.000,123.000,-,114.000,94.000,103.000,-,125.000,73.000,82.000,21.000,93.000,0.000,63015.000,63062.000,-
409.000,124.000,123.000,-,115.000,94.000,103.000,-,125.000,73.000,82.000,21.000,93.000,0.000,63015.000,63062.000,-
410.000,124.000,123.000,-,114.000,94.000,103.000,-,125.000,73.000,82.000,23.000,93.000,0.000,63015.000,63062.000,-
411.000,124.000,123.000,-,115.000,95.000,103.000,-,125.000,73.000,82.000,23.000,93.000,0.000,63015.000,63062.000,-
412.000,124.000,123.000,-,115.000,94.000,103.000,-,125.000,73.000,82.000,23.000,93.000,0.000,63015.000,63062.000,-
413.000,124.000,123.000,-,115.000,94.000,103.000,-,125.000,73.000,82.000,23.000,93.000,0.000,63015.000,63062.000,-
414.000,124.000,124.000,-,115.000,95.000,104.000,-,125.000,73.000,82.000,23.000,93.000,0.000,63015.000,63062.000,-
415.000,124.000,124.000,-,116.000,96.000,105.000,-,125.000,73.000,82.000,23.000,93.000,0.000,63015.000,63062.000,-
416.000,124.000,124.000,-,117.000,97.000,105.000,-,125.000,73.000,82.000,21.000,93.000,0.000,63015.000,63062.000,-
417.000,124.000,124.000,-,116.000,96.000,105.000,-,125.000,73.000,82.000,21.000,93.000,0.000,63015.000,63062.000,-
418.000,124.000,124.000,-,117.000,97.000,106.000,-,125.000,73.000,82.000,21.000,93.000,0.000,63015.000,63062.000,-
419.000,124.000,124.000,-,117.000,97.000,106.000,-,125.000,73.000,82.000,21.000,93.000,0.000,63015.000,63062.000,-
420.000,124.000,124.000,-,118.000,98.000,106.000,-,125.000,73.000,82.000,20.000,93.000,0.000,63015.000,63062.000,-
421.000,124.000,124.000,-,117.000,97.000,106.000,-,125.000,73.000,82.000,22.000,93.000,0.000,63015.000,63062.000,-
422.000,124.000,124.000,-,117.000,97.000,106.000,-,125.000,73.000,82.000,22.000,93.000,0.000,63015.000,63062.000,-
423.000,124.000,124.000,-,117.000,98.000,106.000,-,125.000,73.000,82.000,21.000,93.000,0.000,63015.000,63062.000,-
424.000,124.000,124.000,-,118.000,98.000,106.000,-,125.000,73.000,82.000,20.000,93.000,0.000,63015.000,63062.000,-
425.000,124.000,124.000,-,118.000,98.000,106.000,-,125.000,73.000,82.000,20.000,93.000,0.000,63015.000,63062.000,-
426.000,125.000,124.000,-,118.000,98.000,106.000,-,125.000,73.000,82.000,22.000,93.000,0.000,63015.000,63062.000,-
427.000,124.000,124.000,-,117.000,97.000,106.000,-,125.000,73.000,82.000,22.000,93.000,0.000,63015.000,63062.000,-
428.000,124.000,124.000,-,118.000,98.000,106.000,-,125.000,73.000,82.000,21.000,93.000,0.000,63015.000,63062.000,-
429.000,124.000,124.000,-,118.000,98.000,106.000,-,125.000,73.000,82.000,21.000,93.000,0.000,63015.000,63062.000,-
430.000,124.000,124.000,-,117.000,97.000,106.000,-,125.000,73.000,82.000,21.000,93.000,0.000,63015.000,63062.000,-
431.000,124.000,124.000,-,116.000,96.000,105.000,-,125.000,73.000,82.000,21.000,93.000,0.000,63015.000,63062.000,-
432.000,124.000,124.000,-,116.000,96.000,105.000,-,125.000,73.000,82.000,21.000,93.000,0.000,63015.000,63062.000,-
433.000,124.000,124.000,-,116.000,95.000,104.000,-,125.000,73.000,82.000,21.000,93.000,0.000,63015.000,63062.000,-
434.000,124.000,124.000,-,116.000,96.000,104.000,-,125.000,73.000,82.000,21.000,93.000,0.000,63015.000,63062.000,-
435.000,124.000,124.000,-,116.000,96.000,105.000,-,125.000,73.000,82.000,21.000,93.000,0.000,63015.000,63062.000,-
436.000,124.000,124.000,-,117.000,97.000,105.000,-,125.000,73.000,82.000,20.000,93.000,0.000,63015.000,63062.000,-
437.000,124.000,124.000,-,117.000,97.000,106.000,-,125.000,73.000,82.000,20.000,93.000,0.000,63015.000,63062.000,-
438.000,124.000,124.000,-,117.000,98.000,106.000,-,125.000,73.000,82.000,21.000,93.000,0.000,63015.000,63062.000,-
439.000,124.000,124.000,-,117.000,98.000,106.000,-,125.000,73.000,82.000,24.000,93.000,0.000,63015.000,63062.000,-
440.000,125.000,124.000,-,118.000,98.000,106.000,-,125.000,73.000,82.000,24.000,93.000,0.000,63015.000,63062.000,-
441.000,125.000,124.000,-,117.000,98.000,106.000,-,125.000,73.000,82.000,24.000,93.000,0.000,63015.000,63062.000,-
442.000,125.000,124.000,-,118.000,98.000,106.000,-,125.000,73.000,82.000,24.000,93.000,0.000,63015.000,63062.000,-
443.000,124.000,124.000,-,118.000,98.000,106.000,-,125.000,73.000,82.000,23.000,93.000,0.000,63015.000,63062.000,-
444.000,125.000,124.000,-,118.000,98.000,106.000,-,125.000,73.000,82.000,24.000,93.000,0.000,63015.000,63062.000,-
445.000,125.000,124.000,-,118.000,98.000,106.000,-,125.000,73.000,82.000,24.000,93.000,0.000,63015.000,63062.000,-
446.000,125.000,124.000,-,118.000,98.000,106.000,-,125.000,73.000,82.000,24.000,93.000,0.000,63015.000,63062.000,-
447.000,125.000,124.000,-,118.000,97.000,106.000,-,125.000,73.000,82.000,24.000,93.000,0.000,63015.000,63062.000,-
448.000,125.000,124.000,-,118.000,97.000,106.000,-,125.000,73.000,82.000,23.000,93.000,0.000,63015.000,63062.000,-
449.000,125.000,124.000,-,118.000,98.000,106.000,-,125.000,73.000,82.000,23.000,93.000,0.000,63015.000,63062.000,-
450.000,125.000,124.000,-,117.000,97.000,106.000,-,125.000,73.000,82.000,23.000,92.000,0.000,63015.000,63062.000,-
451.000,124.000,124.000,-,117.000,97.000,105.000,-,125.000,73.000,82.000,23.000,92.000,0.000,63015.000,63062.000,-
452.000,124.000,124.000,-,117.000,97.000,105.000,-,125.000,73.000,82.000,23.000,92.000,0.000,63015.000,63062.000,-
453.000,124.000,124.000,-,117.000,97.000,105.000,-,125.000,73.000,82.000,23.000,92.000,0.000,63015.000,63062.000,-
454.000,124.000,124.000,-,116.000,97.000,105.000,-,125.000,73.000,82.000,23.000,92.000,0.000,63015.000,63062.000,-
455.000,124.000,124.000,-,117.000,97.000,105.000,-,125.000,73.000,82.000,23.000,92.000,0.000,63015.000,63062.000,-
456.000,123.000,124.000,-,117.000,97.000,105.000,-,125.000,73.000,82.000,23.000,92.000,0.000,63015.000,63062.000,-
457.000,123.000,124.000,-,116.000,97.000,105.000,-,125.000,73.000,82.000,24.000,92.000,0.000,63015.000,63062.000,-
458.000,124.000,124.000,-,116.000,97.000,105.000,-,125.000,73.000,82.000,24.000,92.000,0.000,63015.000,63062.000,-
459.000,124.000,124.000,-,117.000,97.000,105.000,-,125.000,73.000,82.000,24.000,92.000,0.000,63015.000,63062.000,-
460.000,123.000,124.000,-,116.000,97.000,105.000,-,125.000,73.000,82.000,24.000,92.000,0.000,63015.000,63062.000,-
461.000,123.000,124.000,-,116.000,96.000,104.000,-,125.000,73.000,82.000,24.000,92.000,0.000,63015.000,63062.000,-
462.000,123.000,124.000,-,116.000,96.000,104.000,-,125.000,73.000,82.000,21.000,92.000,0.000,63015.000,63062.000,-
463.000,123.000,124.000,-,115.000,96.000,104.000,-,125.000,73.000,82.000,21.000,92.000,0.000,63015.000,63062.000,-
464.000,123.000,124.000,-,115.000,95.000,103.000,-,125.000,73.000,82.000,21.000,92.000,0.000,63015.000,63062.000,-
465.000,123.000,124.000,-,115.000,94.000,103.000,-,125.000,73.000,82.000,21.000,92.000,0.000,63015.000,63062.000,-
466.000,123.000,124.000,-,114.000,94.000,103.000,-,125.000,73.000,82.000,22.000,92.000,0.000,63015.000,63062.000,-
467.000,123.000,124.000,-,114.000,94.000,103.000,-,125.000,73.000,82.000,22.000,92.000,0.000,63015.000,63062.000,-
468.000,123.000,124.000,-,115.000,95.000,103.000,-,125.000,73.000,82.000,22.000,92.000,0.000,63015.000,63062.000,-
469.000,123.000,123.000,-,115.000,95.000,103.000,-,125.000,73.000,82.000,22.000,92.000,0.000,63015.000,63062.000,-
470.000,123.000,123.000,-,115.000,95.000,104.000,-,125.000,73.000,82.000,22.000,92.000,0.000,63015.000,63062.000,-
471.000,123.000,123.000,-,115.000,96.000,104.000,-,125.000,73.000,82.000,22.000,92.000,0.000,63015.000,63062.000,-
472.000,123.000,123.000,-,115.000,96.000,104.000,-,125.000,73.000,82.000,22.000,92.000,0.000,63015.000,63062.000,-
473.000,123.000,123.000,-,116.000,96.000,104.000,-,125.000,73.000,82.000,22.000,92.000,0.000,63015.000,63062.000,-
474.000,124.000,123.000,-,115.000,96.000,104.000,-,125.000,73.000,82.000,23.000,92.000,0.000,63015.000,63062.000,-
475.000,124.000,123.000,-,115.000,96.000,104.000,-,125.000,73.000,82.000,25.000,92.000,0.000,63015.000,63062.000,-
476.000,124.000,123.000,-,115.000,95.000,103.000,-,125.000,73.000,82.000,25.000,92.000,0.000,63015.000,63062.000,-
477.000,124.000,123.000,-,115.000,95.000,103.000,-,125.000,73.000,82.000,25.000,92.000,0.000,63015.000,63062.000,-
478.000,124.000,123.000,-,115.000,95.000,103.000,-,125.000,73.000,82.000,25.000,92.000,0.000,63015.000,63062.000,-
479.000,124.000,123.000,-,115.000,95.000,103.000,-,125.000,73.000,82.000,25.000,92.000,0.000,63015.000,63062.000,-
480.000,123.000,123.000,-,114.000,95.000,103.000,-,125.000,73.000,82.000,26.000,92.000,0.000,63015.000,63062.000,-
481.000,123.000,123.000,-,114.000,94.000,103.000,-,125.000,73.000,82.000,26.000,92.000,0.000,63015.000,63062.000,-
482.000,123.000,124.000,-,115.000,95.000,103.000,-,125.000,73.000,82.000,26.000,92.000,0.000,63015.000,63062.000,-
483.000,123.000,124.000,-,115.000,95.000,103.000,-,125.000,73.000,82.000,26.000,92.000,0.000,63015.000,63062.000,-
484.000,123.000,124.000,-,115.000,95.000,103.000,-,125.000,73.000,82.000,26.000,92.000,0.000,63015.000,63062.000,-
485.000,124.000,124.000,-,115.000,95.000,103.000,-,125.000,73.000,82.000,26.000,93.000,0.000,63015.000,63062.000,-
486.000,124.000,124.000,-,115.000,95.000,103.000,-,125.000,73.000,82.000,27.000,93.000,0.000,63015.000,63062.000,-
487.000,123.000,124.000,-,115.000,95.000,103.000,-,125.000,73.000,82.000,27.000,93.000,0.000,63015.000,63062.000,-
488.000,123.000,124.000,-,115.000,95.000,103.000,-,125.000,73.000,82.000,27.000,93.000,0.000,63015.000,63062.000,-
489.000,124.000,123.000,-,115.000,95.000,104.000,-,125.000,73.000,82.000,27.000,93.000,0.000,63015.000,63062.000,-
490.000,123.000,123.000,-,116.000,95.000,104.000,-,125.000,73.000,82.000,27.000,93.000,0.000,63015.000,63062.000,-
491.000,123.000,123.000,-,115.000,95.000,104.000,-,125.000,73.000,82.000,26.000,93.000,0.000,63015.000,63062.000,-
492.000,123.000,123.000,-,116.000,95.000,104.000,-,125.000,73.000,82.000,25.000,93.000,0.000,63015.000,63062.000,-
493.000,124.000,123.000,-,116.000,95.000,105.000,-,125.000,73.000,82.000,25.000,93.000,0.000,63015.000,63062.000,-
494.000,124.000,123.000,-,117.000,96.000,105.000,-,125.000,73.000,82.000,25.000,92.000,0.000,63015.000,63062.000,-
495.000,124.000,123.000,-,121.000,96.000,107.000,-,125.000,73.000,82.000,25.000,92.000,0.000,63015.000,63062.000,-
496.000,124.000,124.000,-,121.000,97.000,108.000,-,125.000,73.000,82.000,24.000,92.000,0.000,63015.000,63062.000,-
497.000,124.000,124.000,-,123.000,98.000,108.000,-,125.000,73.000,82.000,25.000,92.000,0.000,63015.000,63062.000,-
498.000,125.000,124.000,-,124.000,98.000,109.000,-,125.000,73.000,82.000,25.000,92.000,0.000,63015.000,63062.000,-
499.000,124.000,124.000,-,125.000,98.000,109.000,-,125.000,73.000,82.000,26.000,92.000,0.000,63015.000,63062.000,-
500.000,124.000,124.000,-,123.000,98.000,108.000,-,125.000,73.000,82.000,26.000,92.000,0.000,63015.000,63062.000,-
501.000,124.000,124.000,-,123.000,99.000,109.000,-,125.000,73.000,82.000,25.000,92.000,0.000,63015.000,63062.000,-
502.000,124.000,124.000,-,122.000,99.000,108.000,-,125.000,73.000,82.000,25.000,92.000,0.000,63015.000,63062.000,-
503.000,124.000,124.000,-,122.000,99.000,108.000,-,125.000,73.000,82.000,25.000,92.000,0.000,63015.000,63062.000,-
504.000,124.000,124.000,-,122.000,100.000,109.000,-,125.000,73.000,82.000,25.000,92.000,0.000,63015.000,63062.000,-
505.000,124.000,124.000,-,122.000,101.000,109.000,-,125.000,73.000,82.000,25.000,92.000,0.000,63015.000,63062.000,-
506.000,124.000,124.000,-,122.000,101.000,109.000,-,125.000,73.000,82.000,25.000,92.000,0.000,63015.000,63062.000,-
507.000,124.000,124.000,-,122.000,100.000,109.000,-,125.000,73.000,82.000,24.000,92.000,0.000,63015.000,63062.000,-
508.000,124.000,124.000,-,122.000,100.000,109.000,-,125.000,73.000,82.000,24.000,92.000,0.000,63015.000,63062.000,-
509.000,125.000,124.000,-,121.000,100.000,108.000,-,125.000,73.000,82.000,24.000,92.000,0.000,63015.000,63062.000,-
510.000,124.000,124.000,-,121.000,100.000,108.000,-,125.000,73.000,82.000,24.000,92.000,0.000,63015.000,63062.000,-
511.000,124.000,124.000,-,121.000,100.000,108.000,-,125.000,73.000,82.000,24.000,92.000,0.000,63015.000,63062.000,-
512.000,124.000,124.000,-,121.000,100.000,108.000,-,125.000,73.000,82.000,23.000,92.000,0.000,63015.000,63062.000,-
513.000,124.000,124.000,-,120.000,100.000,108.000,-,125.000,73.000,82.000,23.000,92.000,0.000,63015.000,63062.000,-
514.000,124.000,124.000,-,120.000,100.000,108.000,-,125.000,73.000,82.000,23.000,92.000,0.000,63015.000,63062.000,-
515.000,123.000,124.000,-,120.000,100.000,108.000,-,125.000,73.000,82.000,23.000,92.000,0.000,63015.000,63062.000,-
516.000,123.000,124.000,-,120.000,100.000,108.000,-,125.000,73.000,82.000,21.000,92.000,0.000,63015.000,63062.000,-
517.000,123.000,124.000,-,120.000,100.000,108.000,-,125.000,73.000,82.000,21.000,92.000,0.000,63015.000,63062.000,-
518.000,124.000,124.000,-,122.000,100.000,109.000,-,125.000,73.000,82.000,21.000,92.000,0.000,63015.000,63062.000,-
519.000,124.000,124.000,-,123.000,100.000,110.000,-,125.000,73.000,82.000,20.000,92.000,0.000,63015.000,63062.000,-
520.000,124.000,124.000,-,128.000,103.000,114.000,-,125.000,73.000,82.000,20.000,92.000,0.000,63015.000,63062.000,-
521.000,124.000,124.000,-,130.000,104.000,115.000,-,125.000,73.000,82.000,20.000,92.000,0.000,63015.000,63062.000,-
522.000,124.000,124.000,-,129.000,105.000,114.000,-,125.000,73.000,82.000,21.000,92.000,0.000,63015.000,63062.000,-
523.000,124.000,124.000,-,126.000,104.000,112.000,-,125.000,73.000,82.000,22.000,92.000,0.000,63015.000,63062.000,-
524.000,124.000,124.000,-,124.000,102.000,111.000,-,125.000,73.000,82.000,22.000,92.000,0.000,63015.000,63062.000,-
525.000,124.000,123.000,-,124.000,102.000,111.000,-,125.000,73.000,82.000,22.000,92.000,0.000,63015.000,63062.000,-
526.000,124.000,123.000,-,124.000,102.000,111.000,-,125.000,73.000,82.000,22.000,92.000,0.000,63015.000,63062.000,-
527.000,124.000,123.000,-,125.000,103.000,112.000,-,125.000,73.000,82.000,22.000,93.000,0.000,63015.000,63062.000,-
528.000,124.000,123.000,-,124.000,104.000,112.000,-,125.000,73.000,82.000,23.000,93.000,0.000,63015.000,63062.000,-
529.000,125.000,123.000,-,124.000,104.000,112.000,-,125.000,73.000,82.000,23.000,93.000,0.000,63015.000,63062.000,-
530.000,125.000,123.000,-,124.000,104.000,112.000,-,125.000,73.000,82.000,23.000,93.000,0.000,63015.000,63062.000,-
531.000,124.000,123.000,-,124.000,105.000,113.000,-,125.000,73.000,82.000,23.000,94.000,0.000,63015.000,63062.000,-
532.000,124.000,123.000,-,125.000,105.000,114.000,-,125.000,73.000,82.000,23.000,94.000,0.000,63015.000,63062.000,-
533.000,124.000,123.000,-,125.000,106.000,114.000,-,125.000,73.000,82.000,23.000,94.000,0.000,63015.000,63062.000,-
534.000,124.000,124.000,-,125.000,106.000,114.000,-,125.000,73.000,82.000,23.000,94.000,0.000,63015.000,63062.000,-
535.000,124.000,124.000,-,125.000,105.000,113.000,-,125.000,73.000,82.000,23.000,93.000,0.000,63015.000,63062.000,-
536.000,124.000,124.000,-,124.000,105.000,113.000,-,125.000,73.000,82.000,25.000,93.000,0.000,63015.000,63062.000,-
537.000,124.000,124.000,-,124.000,105.000,113.000,-,125.000,73.000,82.000,25.000,93.000,0.000,63015.000,63062.000,-
538.000,124.000,124.000,-,124.000,105.000,113.000,-,125.000,73.000,82.000,25.000,93.000,0.000,63015.000,63062.000,-
539.000,124.000,124.000,-,124.000,105.000,113.000,-,125.000,73.000,82.000,24.000,93.000,0.000,63015.000,63062.000,-
540.000,124.000,124.000,-,124.000,104.000,112.000,-,125.000,73.000,82.000,24.000,93.000,0.000,63015.000,63062.000,-
541.000,124.000,124.000,-,123.000,104.000,111.000,-,125.000,73.000,82.000,24.000,93.000,0.000,63015.000,63062.000,-
542.000,124.000,124.000,-,122.000,103.000,111.000,-,125.000,73.000,82.000,24.000,93.000,0.000,63015.000,63062.000,-
543.000,124.000,124.000,-,122.000,102.000,110.000,-,125.000,73.000,82.000,24.000,93.000,0.000,63015.000,63062.000,-
544.000,123.000,124.000,-,121.000,102.000,110.000,-,125.000,73.000,82.000,24.000,92.000,0.000,63015.000,63062.000,-
545.000,123.000,124.000,-,121.000,102.000,110.000,-,125.000,73.000,82.000,24.000,92.000,0.000,63015.000,63062.000,-
546.000,123.000,124.000,-,121.000,102.000,110.000,-,125.000,73.000,82.000,23.000,92.000,0.000,63015.000,63062.000,-
547.000,123.000,124.000,-,121.000,103.000,110.000,-,125.000,73.000,82.000,23.000,92.000,0.000,63015.000,63062.000,-
548.000,123.000,123.000,-,122.000,103.000,111.000,-,125.000,73.000,82.000,23.000,92.000,0.000,63015.000,63062.000,-
549.000,123.000,123.000,-,122.000,104.000,111.000,-,125.000,73.000,82.000,23.000,92.000,0.000,63015.000,63062.000,-
550.000,124.000,123.000,-,123.000,105.000,112.000,-,125.000,73.000,82.000,22.000,92.000,0.000,63015.000,63062.000,-
551.000,124.000,123.000,-,123.000,105.000,112.000,-,125.000,73.000,82.000,22.000,92.000,0.000,63015.000,63062.000,-
552.000,124.000,123.000,-,124.000,105.000,112.000,-,125.000,73.000,82.000,25.000,92.000,0.000,63015.000,63062.000,-
553.000,124.000,123.000,-,123.000,105.000,112.000,-,125.000,73.000,82.000,25.000,92.000,0.000,63015.000,63062.000,-
554.000,124.000,123.000,-,123.000,104.000,111.000,-,125.000,73.000,82.000,25.000,92.000,0.000,63015.000,63062.000,-
555.000,125.000,123.000,-,122.000,102.000,109.000,-,125.000,73.000,82.000,25.000,92.000,0.000,63015.000,63062.000,-
556.000,124.000,123.000,-,121.000,101.000,109.000,-,125.000,73.000,82.000,25.000,92.000,0.000,63015.000,63062.000,-
557.000,124.000,124.000,-,120.000,99.000,107.000,-,125.000,73.000,82.000,26.000,92.000,0.000,63015.000,63062.000,-
558.000,124.000,124.000,-,120.000,98.000,106.000,-,125.000,73.000,82.000,26.000,92.000,0.000,63015.000,63062.000,-
559.000,124.000,124.000,-,120.000,98.000,106.000,-,125.000,73.000,82.000,26.000,92.000,0.000,63015.000,63062.000,-
560.000,124.000,124.000,-,120.000,97.000,105.000,-,125.000,73.000,82.000,25.000,92.000,0.000,63015.000,63062.000,-
561.000,124.000,124.000,-,119.000,96.000,105.000,-,125.000,73.000,82.000,25.000,92.000,0.000,63015.000,63062.000,-
562.000,124.000,124.000,-,119.000,96.000,105.000,-,125.000,73.000,82.000,25.000,92.000,0.000,63015.000,63062.000,-
563.000,123.000,124.000,-,119.000,96.000,105.000,-,125.000,73.000,82.000,23.000,92.000,0.000,63015.000,63062.000,-
564.000,123.000,124.000,-,119.000,96.000,105.000,-,125.000,73.000,82.000,23.000,93.000,0.000,63015.000,63062.000,-
565.000,123.000,124.000,-,119.000,95.000,105.000,-,125.000,73.000,82.000,22.000,93.000,0.000,63015.000,63062.000,-
566.000,123.000,124.000,-,119.000,95.000,105.000,-,125.000,73.000,82.000,22.000,93.000,0.000,63015.000,63062.000,-
567.000,123.000,124.000,-,119.000,95.000,104.000,-,125.000,73.000,82.000,23.000,93.000,0.000,63015.000,63062.000,-
568.000,124.000,124.000,-,119.000,95.000,104.000,-,125.000,73.000,82.000,23.000,93.000,0.000,63015.000,63062.000,-
569.000,123.000,125.000,-,120.000,95.000,105.000,-,125.000,73.000,82.000,23.000,93.000,0.000,63015.000,63062.000,-
570.000,123.000,125.000,-,120.000,95.000,105.000,-,125.000,73.000,82.000,24.000,94.000,0.000,63015.000,63062.000,-
571.000,124.000,125.000,-,120.000,95.000,105.000,-,125.000,73.000,82.000,24.000,94.000,0.000,63015.000,63062.000,-
572.000,124.000,125.000,-,120.000,96.000,105.000,-,125.000,73.000,82.000,23.000,93.000,0.000,63015.000,63062.000,-
573.000,124.000,125.000,-,120.000,95.000,106.000,-,125.000,73.000,82.000,23.000,93.000,0.000,63015.000,63062.000,-
574.000,124.000,125.000,-,120.000,95.000,106.000,-,125.000,73.000,82.000,23.000,93.000,0.000,63015.000,63062.000,-
575.000,123.000,125.000,-,121.000,96.000,106.000,-,125.000,73.000,82.000,23.000,93.000,0.000,63015.000,63062.000,-
576.000,124.000,125.000,-,121.000,97.000,106.000,-,125.000,73.000,82.000,23.000,92.000,0.000,63015.000,63062.000,-
577.000,124.000,125.000,-,121.000,96.000,106.000,-,125.000,73.000,82.000,23.000,92.000,0.000,63015.000,63062.000,-
578.000,123.000,124.000,-,121.000,97.000,106.000,-,125.000,73.000,82.000,23.000,91.000,0.000,63015.000,63062.000,-
579.000,124.000,124.000,-,121.000,97.000,106.000,-,125.000,73.000,82.000,23.000,91.000,0.000,63015.000,63062.000,-
580.000,124.000,124.000,-,120.000,96.000,105.000,-,125.000,73.000,82.000,21.000,91.000,0.000,63015.000,63062.000,-
581.000,124.000,124.000,-,120.000,96.000,105.000,-,125.000,73.000,82.000,21.000,91.000,0.000,63015.000,63062.000,-
582.000,124.000,124.000,-,119.000,96.000,105.000,-,125.000,73.000,82.000,22.000,91.000,0.000,63015.000,63062.000,-
583.000,124.000,124.000,-,119.000,95.000,105.000,-,125.000,73.000,82.000,22.000,91.000,0.000,63015.000,63062.000,-
584.000,124.000,124.000,-,119.000,95.000,105.000,-,125.000,73.000,82.000,22.000,91.000,0.000,63015.000,63062.000,-
585.000,124.000,124.000,-,120.000,96.000,105.000,-,125.000,73.000,82.000,22.000,91.000,0.000,63015.000,63062.000,-
586.000,124.000,124.000,-,119.000,95.000,105.000,-,125.000,73.000,82.000,21.000,91.000,0.000,63015.000,63062.000,-
587.000,124.000,124.000,-,119.000,94.000,104.000,-,125.000,73.000,82.000,21.000,91.000,0.000,63015.000,63062.000,-
588.000,124.000,124.000,-,119.000,94.000,105.000,-,125.000,73.000,82.000,21.000,91.000,0.000,63015.000,63062.000,-
589.000,124.000,124.000,-,118.000,94.000,104.000,-,125.000,73.000,82.000,21.000,91.000,0.000,63015.000,63062.000,-
590.000,124.000,124.000,-,119.000,95.000,104.000,-,125.000,73.000,82.000,21.000,91.000,0.000,63015.000,63062.000,-
591.000,124.000,124.000,-,118.000,94.000,104.000,-,125.000,73.000,82.000,20.000,91.000,0.000,63015.000,63062.000,-
592.000,123.000,124.000,-,118.000,94.000,104.000,-,125.000,73.000,82.000,20.000,92.000,0.000,63015.000,63062.000,-
593.000,123.000,124.000,-,118.000,94.000,104.000,-,125.000,73.000,82.000,20.000,92.000,0.000,63015.000,63062.000,-
594.000,123.000,124.000,-,118.000,93.000,104.000,-,125.000,73.000,82.000,20.000,92.000,0.000,63015.000,63062.000,-
595.000,123.000,124.000,-,118.000,94.000,104.000,-,125.000,73.000,82.000,20.000,93.000,0.000,63015.000,63062.000,-
596.000,124.000,123.000,-,119.000,94.000,104.000,-,125.000,73.000,82.000,20.000,93.000,0.000,63015.000,63062.000,-
597.000,123.000,123.000,-,118.000,94.000,104.000,-,125.000,73.000,82.000,20.000,93.000,0.000,63015.000,63062.000,-
598.000,123.000,124.000,-,119.000,94.000,105.000,-,125.000,73.000,82.000,20.000,93.000,0.000,63015.000,63062.000,-
599.000,124.000,124.000,-,120.000,96.000,106.000,-,125.000,73.000,82.000,20.000,93.000,0.000,63015.000,63062.000,-
