s04802-3156-12-13-07-37n,0.3233550330389903,0.0021153484693782272,0.0021180505128586677,0.0026936208382006394,1.4443901531597014e-7,6.729844081392697e-6,24.494897145625643,0.35744213798413205,0.27217010613078974
s28079-2666-02-28-22-19n,0.26748484254229027,0.0020433420619408783,0.0021522327665333386,0.0022231302154435547,4.341294119238166e-8,1.9765586921170942e-8,23.173260197179292,0.0,0.2569185567142206
s30589-3182-03-19-14-13n,0.3121113041914029,0.003631714064203596,0.003699150073041098,0.0031768282867446042,1.0849776704139151e-7,5.530467329566481e-6,23.937418138331633,0.14562518590363538,0.265920929093643
s14266-2770-01-13-15-29n,0.1885288090562536,0.0015740382349056486,0.0014316009476787693,0.0017977673332093007,5.798320049776807e-8,0.0,16.37070535869702,0.0,0.18210741032560443
s04324-3333-09-08-12-22n,0.3238000410565692,0.0019012857759651235,0.0018070712475347223,0.002591490154658031,1.1128836536438104e-7,6.585593974566096e-6,24.494897141425756,0.3568180253861056,0.2704216723590898
s25284-3485-11-04-08-25n,0.3239805260578226,0.0019526649914099322,0.0019128706367435658,0.0025596125291332157,1.6155526752510437e-7,6.623025920151919e-6,24.494897131354225,0.357856319846649,0.27086262205990547
s03386-2577-08-01-10-02n,0.19602865230637803,0.002023153068986557,0.002105888672234085,0.0017924947918804693,4.7532326049955584e-8,1.9326170835724235e-8,16.970562555941545,0.0,0.19006239475987438
s28774-2531-01-23-22-52n,0.23783638310985653,0.001942464603661791,0.001901153402498066,0.002014425178425924,5.7988104291688186e-8,0.0,20.56696354425749,0.0,0.22920127498969806
s08915-3391-06-17-18-19n,0.32433813264755706,0.001971241512354414,0.0019349420776029616,0.002650708665525612,1.7911095704174162e-7,6.66994330749976e-6,24.49489712370915,0.35797607057441894,0.2704565863477878
s08318-3495-11-26-06-13n,0.2194099811358461,0.0022625232912954992,0.0021850262351724354,0.002403286181879549,7.231887936393145e-8,0.0,19.052558657600343,0.0,0.2157448069914004
s10667-3062-11-11-16-05n,0.26981463056245836,0.0020853702981967095,0.0022015785017982623,0.0023128904592885423,7.980546841416569e-8,0.0,23.323807311315502,0.0,0.2603198082344002
s18970-3262-02-13-13-30n,0.32403657840070776,0.0018647529005944544,0.0017672551816391958,0.002615103327098798,1.5876369526936776e-7,6.611946297302341e-6,24.49489715943086,0.3576293639080778,0.2702956816189704
s18123-2527-07-17-14-43n,0.30864284355373944,0.0029130720838096914,0.0030875474581786165,0.002615994367606317,1.0411268070999982e-7,5.512197186301945e-6,24.433583162602165,0.21771752409371156,0.27048186541850766
s31171-2957-05-08-20-00n,0.17226654998737198,0.0021850087372484086,0.002200921674806609,0.001968781812083684,6.710256292497947e-8,0.0,14.933184334190468,2.729602574656583e-8,0.17056540645450485
s26709-3112-07-24-15-04n,0.3244494637781105,0.002035802335800941,0.0019940880047930295,0.0027512619735631824,1.6442229523274785e-7,6.664203044222586e-6,24.494897151737355,0.35734173102185446,0.2709245484625135
s08142-2721-12-03-20-41n,0.19059535965679308,0.0023591237992443017,0.003136360818819245,0.0023449548404043553,3.348198137687292e-8,1.9326071004427028e-8,16.643316779721122,0.0,0.19264739334293074
s32701-3247-02-25-15-06n,0.32436123489843555,0.001988395411771362,0.001945438586203354,0.002611728202100721,1.740936060233163e-7,6.6699393958714285e-6,24.49489714354601,0.3577358019557345,0.27124904315057313
s08396-2838-06-03-15-32n,0.32019626377874805,0.002353866736069816,0.0023148349220581885,0.0027455472001683395,1.522438208130923e-7,6.523096602407267e-6,24.12467588362305,0.3131590747193509,0.2670021539107398
s28044-2706-12-20-00-19n,0.22034243988381697,0.003724924760758256,0.003952751595322231,0.0025833983611667504,6.411062021713652e-8,2.7341394591796648e-8,19.15724383627219,0.0,0.21867752474787136
s29770-2733-02-24-16-48n,0.32394955238905726,0.0020531802607006424,0.0021292506011695235,0.0026069130859991928,1.2892134514727815e-7,6.822177219996917e-6,24.494897147972758,0.3589414349252711,0.27043571529724764
s26868-2926-03-22-14-16n,0.13954920315731392,0.0035577722992108513,0.0035810680406743677,0.0022271283996168983,0.0,0.0,12.28820559507926,0.0,0.1446900127224009
