s28611-3018-03-06-18-24n,[0.12178822984638515,0.02240320088799814,0.00028366866185868537,3.323983370943689,0.005708537193543695]
s31060-2832-03-02-17-54n,[0.1259295453275278,0.006850658772942538,0.00017933468024249752,3.181559833250637,0.004260971299029633]
s32708-3329-04-18-17-36n,[0.12183857868630561,0.01035848415887904,0.00014084323616579762,3.220714404325624,0.0024887690126022205]
s11431-3470-12-06-13-09n,[0.127950466341547,0.0,0.00014582603626875075,2.2980074285502092,0.0]
s28048-3442-03-02-14-30n,[0.11761704193300884,0.0,0.0001257054036327094,2.0845288190756426,0.0]
s29569-3484-05-07-14-41n,[0.1183279863082116,0.0,0.00013608379449501473,2.861641218052879,0.0]
s31021-2783-01-31-18-41n,[0.10274343770752013,0.0,0.00011739823921234994,2.971592697707729,0.0]
s31061-3245-03-24-14-54n,[0.11750217731213364,0.0,0.00013567683576361185,2.9303413159440175,0.0]
s28698-3091-07-19-18-22n,[0.12628695306897333,0.0,0.00013433600221592832,1.2655123908558858,0.0]
s04802-3156-12-03-14-01n,[0.11993360351484621,0.0,0.0001238147489010208,1.4468341750032137,0.0]
s28905-3094-03-05-21-25n,[0.13016285282069123,0.019528245172672223,0.00016328014903302992,2.6409771329609946,0.004542618932995083]
s31032-3315-05-08-18-36n,[0.16771737414702698,0.022713454183544767,0.00022678600115775044,3.3008050761823124,0.008849971032926136]
s28897-2743-03-20-21-26n,[0.12845395290121306,0.020808651372852933,0.0002713591102875637,3.7104342388008047,0.005485592930621227]
s20726-3106-09-05-15-04n,[0.12993954465321286,0.0,0.00014604404948961153,1.8464076179950915,0.0]
s29167-2518-07-06-18-43n,[0.12697829905473704,0.0,0.00014354112956378634,2.280032686747782,0.0]
s29120-2597-07-21-13-54n,[0.07803032978807355,0.0,7.833730810572067e-5,2.994978698606633,0.0]
s15218-2811-09-23-14-40n,[0.11385149367978473,0.0,0.00012753328724032556,2.702544594428958,0.0]
s25724-3312-10-08-08-17n,[0.12904387588213206,0.0,0.0001480240491612479,2.2381545287381335,0.0]
s20839-2722-12-15-16-03n,[0.1267710212544141,0.0,0.0001485180648909249,2.838946702460379,0.0]
s21202-2514-04-25-19-51n,[0.12819060331109194,0.0,0.0001494830639765613,2.8904458169617024,0.0]
s16139-3046-10-26-15-48n,[0.09911189900170803,0.0,0.0001057917331667983,2.5472315657173823,0.0]
s27193-3271-03-15-10-39n,[0.1309899278036752,0.01650636614812354,0.0002361925486167483,3.7199360308641727,0.006357018561262354]
s30591-3187-04-07-13-14n,[0.1198980379108206,0.008796670947093453,0.00013266609886538081,3.4095903395370497,0.002474416762529577]
s28905-3094-03-05-14-13n,[0.12297868346188948,0.0,0.00014315816723260689,2.8837311588227674,0.0]
s30160-3159-03-18-16-02n,[0.16358935891878573,0.019862155349962753,0.000253157410398835,4.063641804234049,0.00838656628839123]
s27232-2863-10-14-17-52n,[0.12607785595925622,0.0,0.00014707501668598255,2.809870532366392,0.0]
s00801-2861-06-26-01-18n,[0.12871943932149302,0.0,0.00014412037442280363,1.8459181748358104,0.0]
s27193-3271-03-15-13-26n,[0.1557331611356638,0.021305844040168685,0.00025840032054694754,3.360097456445996,0.008669189560471368]
s27887-3442-02-21-13-18n,[0.12237989746764644,0.0,0.0001429468902234681,2.948870349858024,0.0]
s17795-3483-10-23-06-36n,[0.2168080158826749,0.014767074945073334,0.00018477397288235915,4.677033367394031,0.0038018691017502547]
s30296-2616-04-05-12-36n,[0.14609031065571387,0.03650073366679249,0.00032680406074730376,3.0243665449790544,0.00939440541519896]
s29127-3478-07-17-12-22n,[0.1330910153217042,0.0,0.0001455004922763796,2.6636271797075626,0.0]
s31977-3287-02-10-18-44n,[0.15225642002760403,0.02837834696870751,0.00027018947812746665,3.015876557719637,0.008794989995306882]
s06946-2700-10-02-19-19n,[0.1025508395924823,0.0,0.00011042603604909298,2.6933294716496645,0.0]
s22462-3003-02-14-13-56n,[0.06033707548131196,0.0,5.962893411223843e-5,2.7227730066521576,0.0]
s15902-2945-03-24-13-21n,[0.12053538495384819,0.06015420696490968,0.0005292995212075976,3.204084015235256,0.010916867023703206]
s28077-2900-04-27-13-49n,[0.14668712337782547,0.027450599951972562,0.0002965507042019105,3.274881267773808,0.00915032408580923]
s31405-2676-02-22-13-29n,[0.12467641535347265,0.0,0.00011935421896059737,3.2522554709501525,0.0]
s02906-3263-01-24-14-51n,[0.13118046368466244,0.0,0.00015976463884097793,2.894594154701019,0.0]
s30669-3033-04-11-12-33n,[0.13627874748619198,0.03338517910217132,0.00033580422217315865,3.289403331558918,0.009468183154433532]
s00801-2861-07-01-17-16n,[0.11951885237281708,0.05920815274304326,0.0005277036298349755,3.046135273166054,0.010829067009486834]
s31405-2676-02-23-03-23n,[0.13413786067566066,0.0332017294292981,0.0003259216199721296,3.3332467127228393,0.009355396233769]
s19578-3447-11-11-13-47n,[0.13117572463138805,0.0,0.00016244504852521937,2.9794729110097564,0.0]
s16112-3503-05-13-14-25n,[0.12000808160500666,0.059553305417357275,0.000529683342739936,3.0901331434917423,0.010878355101115803]
s23238-2647-02-12-14-17n,[0.10961757775176761,0.0,0.0001166745727366773,2.582740482705776,0.0]
s27434-3057-04-08-15-12n,[0.15677844153961126,0.01367070670321466,0.0002217708609288164,4.25703035818704,0.005435982018877465]
