s04679-3311-07-03-20-49n,[0.14958705832443206,0.0366805878457064,0.0004945291176165475,2.182064924310272,0.009428249854397174]
s27193-3271-03-13-16-48n,[0.07080561211539237,0.04854651899848162,0.0006389335666233122,2.2941431004416195,0.010035756513417786]
s31128-2659-04-08-16-48n,[0.07145776307284214,0.04895041818632068,0.0006457950481034735,2.1949677542135975,0.010099716411642232]
s14533-3457-09-02-16-35n,[0.08937288974795066,0.03450049316528443,0.0004571595575042309,1.646408704623242,0.00932178865266273]
s31058-2721-04-10-11-23n,[0.15001033425956561,0.05149507733532283,0.0006939284864349741,2.542907439975625,0.010274768509329048]
s32047-2933-07-13-22-29n,[0.07321718621476081,0.050460495707058704,0.0006699271143747052,2.0742367347249715,0.010214902218451855]
s14947-3433-11-06-12-07n,[0.09076844541363702,0.031222773874197442,0.0004266630587769953,1.6906443707950094,0.005663487091588312]
s30640-3495-02-02-13-36n,[0.0862153903615795,0.0,0.00010369528284564716,1.7671380801736993,0.0]
s06539-2651-12-18-12-20n,[0.07586322243732119,0.05198244421784303,0.0006988491137726979,2.0715450804152384,0.010454021603327014]
s10842-3428-05-08-02-26n,[0.08906116314121532,0.03542450537049269,0.0004678286987993562,2.240022363473024,0.00933367615093441]
s02703-3188-09-06-09-12n,[0.1553555771878704,0.0,0.00016632380788033106,2.185902899358303,0.0]
s10464-3118-05-03-18-10n,[0.07087160623306776,0.04918199194888878,0.0006355389868797644,1.9599254700822935,0.009813495148083278]
s27687-3480-09-24-18-22n,[0.07506687956590634,0.0,0.0001003919525541456,1.6518674978290202,0.0]
s03386-2577-08-07-20-40n,[0.0652604218148745,0.0,7.842111000147661e-5,1.1329204011511893,0.0]
s00946-2684-03-25-08-08n,[0.18308321896910357,0.0,0.0002538035382373618,1.4737278738799409,0.0]
s04324-3333-09-05-01-42n,[0.29031551211156187,0.013454646799386903,0.00024020023238847027,3.3857732259815907,0.006895978775456124]
s27585-2988-08-06-17-42n,[0.07861016821311685,0.05148478188503017,0.0006776382994457503,2.1285281314997424,0.009977616234476173]
s06692-2632-11-21-02-18n,[0.07571324839935001,0.0,9.098879676638463e-5,0.7867269964167761,0.0]
s14947-3433-11-04-17-06n,[0.07082408835798622,0.04897956554264019,0.0006473409266404262,2.2022197023535326,0.010074878907848374]
s23363-2676-12-12-09-28n,[0.15496241897244303,0.044669674279424594,0.0005938780917456007,2.2217348525955463,0.009646046381446984]
s27648-2573-06-11-11-47n,[0.12760271274252577,0.0,0.00015301058839127754,1.4509191607004472,0.0]
s11342-2777-09-30-12-41n,[0.060808859753570706,0.0,6.658919573716555e-5,0.8081033950595073,0.0]
s22335-3046-02-16-15-42n,[0.07666943762964598,0.0,9.735345605604646e-5,1.2892174981375066,0.0]
s29120-2597-07-20-19-33n,[0.16367193031963195,0.0,0.00018796778404856767,1.212889212286077,0.0]
s29527-2757-03-08-17-54n,[0.13611120603190982,0.0,0.00015906451048977263,1.805564055522564,0.0]
s27425-2746-04-03-14-18n,[0.13035723291495,0.0403391834359588,0.0005436571428080439,2.118574154874246,0.00957988082932639]
s32047-2933-07-13-22-28n,[0.07902057807996674,0.043230502605577814,0.0005685503397672677,1.1034369855229083,0.009879861117904266]
s28364-2717-10-02-04-39n,[0.06306842224476657,0.0,6.92757437161137e-5,0.6745629849019334,0.0]
s32582-3106-02-21-20-01n,[0.06804858635643034,0.0,7.86794720564444e-5,0.7459866690813485,0.0]
s01840-3454-10-24-18-46n,[0.052978655051882644,0.0,5.0405968090470394e-5,0.8116112971448903,0.0]
s00801-2861-07-08-13-56n,[0.07149609222784013,0.0,9.934597360418323e-5,1.873294959202563,0.0]
s23876-3332-03-10-18-34n,[0.06982917770149327,0.0,9.018516741685607e-5,1.4932251663990148,0.0]
s29769-2638-03-28-14-18n,[0.08640433007358096,0.04646059514452702,0.0006006612462205518,2.306756176870727,0.010058020759328408]
s31525-2977-05-13-12-46n,[0.12118291132455414,0.01859905942196631,0.0002742045667709102,2.3790373520173778,0.008027226311089002]
s11342-2777-10-03-09-14n,[0.0727920238034768,0.049815640093709375,0.0006617086274467821,2.188881206812885,0.010181620141554808]
s28910-3129-05-17-17-36n,[0.12261239597652802,0.018625754652157465,0.00018306343773153515,2.0546426949965255,0.006822476015037812]
s30785-2774-09-25-20-23n,[0.0770375080328529,0.0,8.467290396785843e-5,1.194119109719367,0.0]
s29769-2638-04-04-14-25n,[0.12300440706951239,0.018404775160000147,0.0002737562986099304,2.2938901173742545,0.007942815718172914]
s02586-3305-07-08-16-39n,[0.07732407898680828,0.027715726154157055,0.0004268810314330751,2.1322722871761797,0.005839399321963943]
s30026-3337-03-18-11-15n,[0.12025062127251991,0.020183785987930216,0.00033659431147595506,2.7384411826181427,0.005542730047140664]
s31989-2994-12-03-15-45n,[0.06976065206918226,0.0,7.984436466823009e-5,0.58282899018979,0.0]
s10842-3428-05-08-18-08n,[0.0754763714434746,0.0,9.666862888368413e-5,1.305882800759387,0.0]
s28187-2661-05-06-14-12n,[0.12660688482459978,0.01887774089709946,0.0002722454383811186,2.047026920369933,0.008652298857904708]
s29215-3164-10-17-14-31n,[0.0639244090195165,0.0,7.160048055117687e-5,0.7075467979817756,0.0]
s03386-2577-08-12-16-13n,[0.07538640011754234,0.05230250666644428,0.0006961174933260858,2.1227766472523113,0.010361909762600699]
