s12351-3115-12-10-17-50n,[0.018219283940392524,0.0,3.6686881568458465e-5,2.5553154045149693,0.0]
s32285-2826-02-19-14-25n,[0.018320412274167863,0.02720555469507134,0.00026328493440869394,4.052619750585778,0.053244461328921217]
s19700-3390-03-10-17-40n,[0.018488569540429822,0.02547811449897416,0.00024438323131282743,4.193249800746752,0.05171398718618688]
s27192-3078-05-03-16-47n,[0.01739006768800025,0.02286361469601344,0.00021450847481384192,4.236635630081948,0.04978552790628931]
s29199-2741-01-21-16-24n,[0.035869534048505174,0.0,4.800748581314051e-5,3.1718876195892967,0.0]
s31618-3121-02-21-15-09n,[0.028140708729489275,0.011676288432826655,0.00010677356160219242,3.97423597695773,0.042438444772214555]
s08141-2806-04-27-18-01n,[0.01805388526570571,0.0,2.8976427517122728e-5,3.7632134350755906,0.0]
s12351-3115-12-03-20-48n,[0.018730473742702213,0.0,3.3647834274747516e-5,0.8690227512820505,0.0]
s17875-3026-11-08-15-43n,[0.01863765064455146,0.02711597914190808,0.0002620686991209217,4.54688650014492,0.05276247163808629]
s21730-3044-01-29-13-30n,[0.01865779357209561,0.02598385680935225,0.0002493053309070197,4.333406841059345,0.05196580515221864]
s15716-3078-02-13-13-21n,[0.018609272865003627,0.025980829071963734,0.0002492230526143888,4.152460950894315,0.052070805407361205]
s25284-3485-11-09-15-38n,[0.01777258725155277,0.02778697075136646,0.0002733591071115003,4.239154967677078,0.05343386741621682]
s08915-3391-06-03-19-50n,[0.0178519570751474,0.024109212062078143,0.00022931105689328113,4.340920847756992,0.05062423224658706]
s01978-2790-09-26-14-58n,[0.01782098474395088,0.02428838610713614,0.00023131967599618772,4.1871386809968545,0.050769262570128496]
s10475-2611-09-09-10-14n,[0.018101846448070683,0.0,3.689867540586269e-5,3.3855494007879807,0.0]
s30348-2675-01-26-15-03n,[0.018422569600889616,0.0,3.566400210685554e-5,2.9260578139957683,0.0]
s15488-2783-02-14-09-55n,[0.018556029983655065,0.0,3.181993791014621e-5,2.842268900055761,0.0]
s08141-2806-04-26-17-40n,[0.0238751076780096,0.028490224145066374,0.00029773519942296326,4.372647307358401,0.054184586157759576]
s00801-2861-07-11-16-26n,[0.03457738092211753,0.022356918421664734,0.00021382762050997715,3.853861485967714,0.04996048110297335]
s30294-3500-03-14-21-46n,[0.01869885705004322,0.0,2.3215273287597647e-5,3.4581783902713776,0.0]
s03386-2577-08-04-14-31n,[0.01788971909967902,0.027694940326101772,0.0002716947702010099,4.2179990798806415,0.053571139350524946]
s06158-3136-02-11-14-32n,[0.0384036444570778,0.0,5.9969144977231474e-5,3.1800159860520933,0.0]
s31135-2696-04-14-15-06n,[0.04498677734878269,0.010569547554340199,9.903193691581917e-5,5.854166823525056,0.03827376642415044]
s05937-3100-04-04-17-40n,[0.01802234618896039,0.02468265324873319,0.00023564181251994277,4.166800866775231,0.05110808579665128]
s07415-2804-11-01-11-55n,[0.017952760065763712,0.0,2.6537630541613202e-5,2.715207589495691,0.0]
s30670-3258-03-26-17-57n,[0.018765458338811335,0.0,3.320495197876419e-5,3.422070915568296,0.0]
s04802-3156-12-06-15-12n,[0.041942461404639225,0.0,5.555783152709447e-5,2.4250784108807375,0.0]
s26897-2816-04-04-16-54n,[0.018344396149763117,0.0,3.879050471114005e-5,3.526785210549706,0.0]
s17795-3483-10-01-15-38n,[0.017352991109559554,0.02305512426916699,0.00021695147625392684,4.208316736955028,0.049919751949634425]
s27585-2988-07-31-12-42n,[0.018597694158344613,0.0,3.4649795407243495e-5,2.8596629080575497,0.0]
s01049-3449-09-09-21-08n,[0.042072633783962844,0.0,5.534279722837155e-5,3.460065127413677,0.0]
s17848-3323-04-25-18-48n,[0.018093660940665394,0.0,3.6238701480249695e-5,1.5187739466036692,0.0]
s10629-3278-05-18-17-40n,[0.017477522332696418,0.02353396905372402,0.00022298135211445519,4.315603354531341,0.05006689868060141]
s31989-2994-12-03-10-32n,[0.018426376985615375,0.02531428199911335,0.00024273981596029475,1.2832163482369234,0.0515849516102032]
s32195-2757-07-21-18-01n,[0.030751090935286912,0.023225558524131412,0.00022990860321513956,4.987754742955628,0.054332394610473185]
s32247-3409-12-22-17-22n,[0.019050962215934282,0.026787046402288565,0.00028114712128991207,0.8353437270602118,0.04011865122083867]
s30851-2859-08-08-16-46n,[0.017392846231401613,0.023427921990772566,0.00022132628818669574,4.15424325238915,0.05009809552847122]
s04331-2696-12-18-12-06n,[0.02078923882264028,0.0,2.89394115823101e-5,4.208486431644901,0.0]
s27446-3452-04-25-18-04n,[0.018437109634719877,0.027004505914295047,0.0002604225300349017,4.118135157836158,0.05289622730861339]
s28189-2716-05-23-13-16n,[0.018693432381991996,0.0,3.4250198525801944e-5,3.7804156043324832,0.0]
s21730-3044-01-29-16-10n,[0.02233846691812892,0.019489322151957467,0.0001894425773278667,4.271383496854898,0.04895577893283646]
s17795-3483-10-22-17-06n,[0.01846122877387497,0.026982874395400477,0.00026028445993704733,4.161129502037646,0.05290582586069863]
s29869-3310-10-26-20-43n,[0.02153367947018548,0.0,4.407659930735756e-5,2.4047689849616902,0.0]
s00652-2965-06-14-18-19n,[0.019817496684792386,0.02830508335534458,0.00028446851394555784,5.033333810328363,0.05267957320838374]
s22364-3263-10-30-23-14n,[0.018316452190389434,0.0,3.553308981920583e-5,1.7591376499821554,0.0]
