17.078125 -5.794921875 -2.71875 -4.2109375 2.263671875 -13.015625 13.9111328125 4.75 14.9296875 -4.033203125
 748.1875 -379.044921875 -27.56982421875 -33.74609375 -196.45751953125 -24.09765625 -12.380859375 -1.7060546875 -55.39208984375 39.28759765625
 35.875 -16.12109375 -5.25 32.5 -2.796875 15.0625 -24.57568359375 6.6953125 12.9375 -13.6484375
 6.75 -0.14453125 4.53515625 -5.40625 5.81640625 -16.9375 13.052734375 5.1796875 -2.33984375 -9.08203125
 -114.0625 60.65625 137.5859375 160.34375 -4.2578125 -88.0 -54.86328125 45.96875 -112.26953125 -169.28125
 34.75 -14.046875 5.1640625 26.4375 -8.1875 19.375 -15.3662109375 9.671875 -0.28125 -14.671875
 -136.875 -65.78125 -64.4375 371.9375 -18.625 -1166.125 28.609375 321.375 300.59375 -547.3828125
 21.50390625 8.85693359375 -5.22705078125 0.5888671875 11.16259765625 0.90234375 8.758270263671875 -4.1318359375 2.1658935546875 3.275390625
 -29786.0 -4554.0 914.625 1404.25 -5688.5 -311.0 3878.109375 34.75 -632.625 344.875
 -7864.0 12148.5 -6384.703125 -3547.9375 4595.296875 88.75 4890.4140625 -1175.5 77.15625 -2598.265625
 60.84375 -4.37890625 1.890625 -17.6640625 24.26171875 4.0 19.1181640625 2.7734375 25.0234375 31.9921875
 599.640625 -8660.029296875 3944.740234375 16421.73046875 -17191.521484375 2423.0 2935.85888671875 95.822265625 -790.2021484375 2193.712890625
 -27.875 -46.0546875 3.54296875 -2.953125 -76.591796875 -12.59375 2.238525390625 27.0703125 -14.537109375 20.19921875
 -813.84375 86.22265625 -35.7607421875 29.7275390625 19.095703125 -5.26171875 -11.35687255859375 29.599609375 -11.64501953125 26.3701171875
 53.890625 5.3974609375 2.96484375 0.287109375 -8.9736328125 8.453125 -3.5469970703125 -0.32080078125 -6.739013671875 0.31396484375
 41.26953125 18.4736328125 -20.101318359375 -1.7392578125 22.229248046875 0.15234375 -19.49322509765625 4.6220703125 -5.254638671875 -2.298828125
 71.09375 11.728515625 17.93359375 10.0859375 -14.853515625 17.125 -1.02783203125 4.92578125 -23.66015625 -3.6171875
 61.703125 -108.75 106.242431640625 -15.6552734375 -105.7841796875 -30.3828125 16.165863037109375 12.41552734375 -17.422607421875 15.4306640625
 -2114.75 119.34375 -17.234375 118.6875 -57.4375 1.875 37.05859375 86.375 -81.765625 8.6875
 61.625 -24.9296875 -5.296875 36.609375 1.859375 7.375 -22.75830078125 14.546875 17.234375 -12.171875
 -503.5 -3.6328125 189.21875 111.0625 69.625 -10.375 -40.46875 -1.9375 6.0 -40.6875
 -998.5625 -3.515625 22.748046875 -11.7578125 26.609375 3.609375 2.116943359375 8.42578125 27.447265625 1.72265625
 541.6484375 0.2138671875 -2.3916015625 -29.8984375 46.021484375 14.140625 8.1287841796875 -21.673828125 15.0888671875 17.525390625
 -4070.75 195.3203125 96.140625 158.625 -55.109375 38.375 32.91015625 117.171875 -156.890625 58.6875
 35.96875 6.357421875 7.412109375 10.87890625 -13.869140625 11.71875 -14.3079833984375 -5.296875 -14.2578125 -4.03125
 553.9375 -176.5234375 -39.61328125 -58.78125 -219.73046875 -32.625 118.8955078125 -118.1171875 36.3828125 15.375
 -4.0 -10.9921875 0.5703125 26.875 -11.3828125 13.1875 -45.193359375 -22.34375 -12.76171875 -0.40625
 30.484375 -35.7607421875 -3.79541015625 -6.123046875 -46.962890625 -8.24609375 12.31121826171875 -5.3837890625 -1.181640625 3.7490234375
 -102.546875 71.314453125 -83.20263671875 18.357421875 27.5703125 -3.6015625 -27.77392578125 16.279296875 -11.43896484375 4.7041015625
 48.125 -13.765625 -3.7578125 21.421875 -8.4609375 14.125 -16.205078125 4.59375 7.203125 -5.3828125
 16.90625 -25.2734375 -5.8203125 -14.87890625 22.25 -6.34375 14.992431640625 14.5234375 27.634765625 9.39453125
 342.859375 68.33544921875 -63.92236328125 8.00146484375 54.7236328125 35.8046875 -7.899078369140625 -4.3662109375 -7.85546875 -17.84814453125
 6056.734375 206.41015625 -217.734375 -328.21875 452.71875 208.5625 151.890625 -94.453125 187.6875 18.03125
 6.0732421875 3.943359375 -13.2265625 -69.615234375 9.0576171875 37.529052734375 19.26611328125 -12.399688720703125 -22.6357421875 35.943115234375
 13.140625 10.36328125 8.5859375 10.56640625 -13.390625 13.09375 -8.751953125 1.75390625 -15.033203125 -0.7734375
 -1050.75 101.578125 51.421875 22.578125 127.3046875 80.375 20.3466796875 5.28125 -23.21875 54.2890625
 88.96875 -2.830078125 2.20703125 1.544921875 -3.4345703125 -0.5 10.314208984375 6.3203125 8.47265625 -10.23828125
 59.15625 -7.9765625 -22.9462890625 -15.50390625 -1.060546875 59.8359375 -10.5087890625 16.90234375 25.97412109375 12.2744140625
 -28.9609375 -19.2158203125 -5.548828125 20.40625 27.1357421875 -0.265625 -35.99755859375 -22.6162109375 -14.09375 -17.2744140625
 2082.0 -117.71875 6.3515625 -61.1875 50.203125 18.0 -27.845703125 -44.484375 63.1171875 -38.2890625
 23.5 -17.703125 23.5 65.953125 -15.21875 29.4375 -55.3017578125 -7.375 -51.640625 -11.6875
 33.5625 -4.23046875 1.0546875 -4.3203125 -9.4453125 21.8125 -0.72314453125 -12.3046875 -10.4609375 5.296875
 290.1875 -20.4609375 -9.734375 17.46875 -2.6484375 15.1875 8.00390625 -8.40625 4.28125 13.859375
 29.96875 -2.05078125 3.73046875 23.53125 -9.6396484375 12.2265625 -24.2142333984375 -0.8046875 -12.484375 -3.58203125
 -2139.1875 -99.2578125 59.77734375 161.109375 -40.265625 1.375 91.37890625 89.40625 -56.828125 -6.96484375
 81.375 4.5693359375 -1.71484375 1.9453125 -8.87109375 -9.53125 -7.575439453125 -8.640625 -5.078125 -10.51953125
 39.40625 4.40234375 -1.94140625 9.01171875 -6.00390625 -41.6875 -1.635498046875 10.23046875 5.9375 -6.52734375
 -6459.625 713.625 -410.5078125 291.796875 116.9921875 -493.625 212.7109375 422.328125 -74.58984375 -73.0859375
 453.2421875 10.0693359375 -17.830810546875 -17.169921875 30.404296875 11.7578125 -10.27642822265625 -17.6474609375 4.519287109375 7.65771484375
 -567.75 -182.203125 403.9765625 -135.96875 -497.6875 -83.75 534.8603515625 -91.140625 92.671875 58.40625
 51.75 -1.66796875 -4.07421875 -40.7421875 0.234375 -1.40625 29.21484375 -8.6640625 15.7578125 23.73828125
 114.8125 309.77734375 -54.66015625 -258.1015625 389.49609375 -4.75 297.195556640625 171.4453125 89.65625 7.125
 105.875 -8.9169921875 45.3330078125 -21.138671875 -2.5 -4.390625 38.3175048828125 64.115234375 21.0029296875 -59.2666015625
 135.328125 -14.021484375 -9.8623046875 -8.146484375 -8.302734375 1.0 1.6473388671875 -6.4296875 -1.1591796875 25.1591796875
 -466.375 -64.41796875 27.140625 52.484375 -15.83203125 0.6875 -25.09130859375 57.8359375 -32.6875 10.06640625
 1801.1875 -71.0703125 28.90234375 -196.140625 -60.28125 -65.25 -191.6376953125 -31.90625 21.5078125 50.21875
 16.875 19.65625 25.21875 -0.34375 -17.171875 -10.5 -17.7353515625 -1.703125 -33.71875 -19.34375
 20.4375 -3.1484375 -11.919921875 5.12109375 5.68359375 -10.40625 -7.626708984375 -9.4765625 -11.791015625 2.396484375
 40.4375 11.1640625 6.609375 -17.9453125 -6.9140625 11.46875 6.24560546875 3.00390625 -3.625 3.19140625
 48.15625 -1.7392578125 -4.650390625 -8.93359375 -1.796875 -0.265625 7.96417236328125 5.3515625 7.732421875 1.404296875
 -7639.0 386.25 -164.75 446.125 -441.21875 4.75 114.64453125 300.0625 -351.75 79.3125
 61.0625 -13.3203125 8.1875 24.46875 -2.9375 12.25 -13.98681640625 3.203125 -4.703125 -6.4609375
 34.78125 -1.138671875 -7.75 -7.8828125 10.970703125 -11.078125 -3.4736328125 23.33984375 17.7666015625 -2.3984375
 30.84375 -11.5810546875 -15.2451171875 16.31640625 -4.91796875 -9.9609375 -6.02490234375 29.58984375 30.2060546875 -13.3740234375
 -418.90625 42.00390625 -4.984375 73.0234375 67.076171875 42.59375 19.83349609375 36.7890625 -27.9892578125 33.48046875
 114.40625 11.34375 21.68896484375 8.306640625 -18.44921875 18.25 -4.1109619140625 -1.095703125 -21.1171875 -2.44921875
 -2831.46875 2224.720703125 187.66796875 300.125 143.08203125 59.125 -72.46044921875 -638.9453125 141.1328125 -409.34375
 -372.71875 21.40185546875 32.185302734375 -58.25 -2.6455078125 18.66796875 17.70306396484375 -6.7412109375 -8.368408203125 -12.9921875
 36.84375 2.20703125 3.865234375 2.984375 -0.447265625 -3.984375 2.879638671875 5.87109375 3.4921875 -16.048828125
 -524.2890625 50.2353515625 38.7421875 38.470703125 54.095703125 6.0546875 1.923095703125 35.638671875 -13.3623046875 -9.44677734375
 9410.0 -1833.125 729.8125 -996.75 -1177.625 -643.0 96.5625 -72.25 521.25 -699.75
 -15.24609375 7.2509765625 -19.975830078125 29.51611328125 3.6474609375 39.5546875 -6.5626220703125 22.49072265625 26.4464111328125 -20.126953125
 2412.552734375 -809.0155029296875 -200.556396484375 2216.685302734375 974.8126220703125 68.1142578125 -2607.3289642333984 -774.672119140625 -1782.3372192382812 -1839.753662109375
 57.203125 -3.03662109375 -1.15380859375 12.615234375 -11.1865234375 10.53515625 -17.482574462890625 -2.310546875 -5.33544921875 -5.2607421875
 44.90625 -11.8671875 -16.8828125 -5.046875 8.25 -4.25 24.3359375 6.859375 23.140625 5.421875
 -339.1328125 -111.994140625 13.818359375 36.560546875 -124.13037109375 2.390625 59.16656494140625 12.48046875 -22.3720703125 20.2333984375
 -6.458984375 1.24658203125 6.0863037109375 -3.3505859375 1.233154296875 8.83203125 -1.412689208984375 0.03369140625 -4.596435546875 4.447509765625
 50.625 -18.171875 17.3125 39.0 7.65625 -1.125 -19.2919921875 -10.09375 -13.578125 23.234375
 -95.9375 -22.0546875 -21.259765625 55.3671875 34.330078125 -27.6875 -27.303955078125 -3.16015625 33.90625 17.080078125
 25.828125 2.84814453125 1.22216796875 1.48046875 1.095947265625 -5.8515625 1.5888671875 -0.15771484375 -4.1337890625 3.2041015625
 6500.03125 -4421.09375 -821.220703125 -159.046875 -2279.890625 -237.8125 -456.3671875 48.5078125 -767.810546875 517.255859375
 42.984375 -6.2841796875 -6.34765625 15.4296875 -3.810546875 -1.625 -5.6710205078125 6.79296875 6.875 -2.21875
 8.09375 -11.44140625 -19.6328125 -3.87109375 -28.361328125 13.9375 2.85302734375 9.673828125 -5.3828125 13.55859375
 225.625 -39.65234375 6.517578125 -10.6796875 -21.947265625 -11.5 -17.18310546875 5.7109375 7.76953125 -6.87109375
 65.75 -11.203125 0.83203125 24.28125 5.8671875 9.59375 -17.993896484375 0.3515625 2.66015625 9.8984375
 -1186.03125 -86.96484375 19.48046875 88.21484375 -98.453125 -37.078125 108.124755859375 22.40625 -22.0341796875 -6.337890625
 5826.0 343.5 -106.69921875 -425.6953125 316.69921875 39.125 -393.16259765625 -157.2734375 142.97265625 -65.17578125
 30.94921875 -4.224609375 -8.72216796875 9.00732421875 2.870849609375 -2.318359375 -5.81903076171875 3.6982421875 0.4287109375 0.006103515625
 31.625 18.1171875 14.783203125 -18.69921875 -4.734375 1.4375 14.276611328125 -9.8671875 -28.75 9.310546875
 185.0625 -13.154296875 -11.8525390625 -2.078125 -5.380859375 -3.1875 -7.522216796875 0.8671875 -2.611328125 10.36328125
 39.5 9.1484375 13.10546875 20.3984375 -6.95703125 21.8125 -12.88671875 0.4375 -16.14453125 -2.9921875
 23.625 -13.677734375 -0.994140625 13.62890625 20.0322265625 -18.140625 -12.3038330078125 8.8125 7.326171875 2.60546875
 -35.90625 2.3984375 -3.9765625 1.51953125 -4.3515625 10.234375 -9.896484375 11.67578125 -2.6865234375 3.18359375
 29.03125 0.224609375 1.1328125 9.84375 -12.2109375 16.15625 -10.4755859375 0.953125 -1.4609375 -1.140625
 6370.0 -61.75 301.375 -670.5 -184.75 -488.0 -1549.40625 1110.0 -287.75 142.875
 472.625 142.6484375 58.18359375 -46.3984375 158.609375 -11.4375 -129.59912109375 48.9375 -4.96875 4.3515625
 37.78125 -7.56494140625 -1.515625 4.439453125 -3.3447265625 2.6796875 -4.85546875 4.162109375 10.47265625 1.494140625
 -220.4375 -29.234375 24.23046875 -29.453125 28.328125 -9.625 -22.919921875 7.6875 65.4453125 -38.1171875
 44.6875 1.15234375 13.462890625 11.23828125 -8.845703125 15.609375 -7.04296875 13.86328125 1.634765625 -9.783203125
 74.25 -8.640625 7.265625 20.56640625 0.083984375 -2.53125 -15.734130859375 6.671875 4.80078125 -4.93359375
 458.54833984375 30.20458984375 -6.5854949951171875 -35.6136474609375 28.74005126953125 -1.967041015625 -27.184917449951172 -20.8006591796875 16.755950927734375 -20.893035888671875
 97.4375 -8.1171875 1.35546875 26.7421875 -0.78515625 5.15625 -26.25439453125 14.2265625 -0.95703125 -9.67578125
 71.03125 -2.2763671875 4.375 8.62890625 -10.07421875 12.3125 -8.288330078125 -0.74609375 -1.859375 -2.1796875
 154.40625 -35.73046875 -4.8408203125 69.1796875 47.966796875 -33.78125 -81.2060546875 -15.2734375 21.9375 42.0703125
 24.96875 1.9140625 0.193359375 8.28125 -4.83984375 19.71875 -7.19775390625 13.328125 0.0546875 -10.97265625
 18.40625 2.390625 11.5625 11.9296875 -9.107421875 11.28125 -13.8387451171875 -4.546875 -14.55078125 5.84375
 -23.875 -25.5 -75.9375 -44.53125 23.96875 -64.0 29.802734375 22.21875 83.3125 19.953125
 1627.688720703125 -563.5042114257812 -74.28251647949219 1640.017578125 738.9158020019531 46.49462890625 -1838.0394248962402 -485.3837890625 -1345.0292358398438 -1389.7255859375
 50.75 -10.0625 -18.53125 48.34375 -4.375 -10.25 -53.869140625 3.28125 12.09375 -21.484375
 31.125 5.5078125 7.28125 5.5 -14.39453125 15.34375 -11.5703125 -2.6015625 -16.29296875 -7.25
 51.515625 -0.5126953125 8.21240234375 -3.4296875 5.35546875 -6.6171875 6.5233154296875 10.107421875 12.22119140625 8.0810546875
 19.75 30.048828125 26.5625 -45.2890625 -16.06640625 2.5625 22.26702880859375 -13.1015625 -45.3359375 14.703125
 44.0 -10.7939453125 10.2421875 25.91796875 -8.0400390625 18.5234375 -29.492431640625 -2.625 -15.5166015625 -2.529296875
 -333.25 -57.34375 48.640625 20.46875 -30.671875 -139.5 82.583984375 62.59375 -7.90625 -112.75
 -19056.0 8417.5 678.25 1301.5 7591.25 -178.0 -3794.1875 1232.0 -291.0 -737.5
 49.3125 -3.49609375 2.4140625 2.9375 -7.54296875 17.71875 5.9892578125 16.2421875 12.9296875 -12.203125
 2097.783203125 -254.09765625 -299.1474609375 -129.375 -283.38671875 -50.03125 62.9892578125 -190.453125 95.515625 -43.1328125
 -4673.5 -1984.125 1133.625 -198.75 -2050.4375 -845.5 -267.5234375 942.125 -99.78125 -932.25
 -410.53125 3.044921875 -0.294921875 7.58203125 6.6640625 6.15625 -20.67578125 -9.1875 18.7607421875 -15.177734375
 -128.8125 16.35546875 -10.01171875 7.203125 -0.83203125 1.125 -5.17626953125 6.19921875 1.00390625 0.34765625
 -753.1875 7.89453125 15.921875 -2.59375 -1.19140625 3.34375 -1.70166015625 -0.2109375 1.341796875 21.66015625
 23943.25 -178.0625 -848.34375 -2051.25 -1247.625 -359.5 -413.1484375 -1411.4375 740.25 -251.625
 89.71875 -5.779296875 3.4208984375 32.01953125 -9.2578125 13.15625 -27.18603515625 0.671875 -10.4599609375 -10.17578125
 2.375 3.1015625 2.9140625 24.140625 3.79296875 -2.9375 -21.115234375 3.125 -11.5703125 -27.56640625
 67.75 14.4375 12.796875 8.625 -27.6171875 -9.125 -21.4580078125 25.625 -10.2421875 -30.5
 17.85546875 -7.70849609375 -1.212890625 15.8544921875 -10.070068359375 -2.15234375 16.642181396484375 3.28271484375 -10.869140625 -0.8466796875
 53.056640625 14.33984375 25.53369140625 -3.783203125 0.984619140625 -10.01953125 -5.1138153076171875 9.490478515625 -20.6248779296875 17.8349609375
 -1081.5625 1250.37060546875 234.401611328125 -96.345703125 108.3603515625 -41.98046875 201.99163818359375 -111.76953125 100.018310546875 -47.3369140625
 -679.4375 25.1171875 15.4453125 26.15625 56.0859375 -0.15625 -16.23974609375 11.8984375 6.529296875 -8.09765625
 308.5 49.8984375 55.4453125 -1.609375 13.03125 -38.5625 4.9482421875 9.40625 -77.01953125 63.6953125
 33.5 -20.59375 -17.265625 25.5 13.75 -29.125 -5.646484375 -42.0625 -12.1875 5.28125
 32.0 -49.296875 -38.75 -11.25 31.40625 27.375 62.77734375 16.34375 70.5625 23.375
 -538.6875 -76.7734375 6.17578125 32.890625 -136.609375 -5.25 8.5830078125 42.34375 -27.51953125 40.484375
 59.75 64.453125 52.96875 -36.3125 2.015625 -27.375 55.9619140625 11.78125 31.34375 12.625
 103.65625 6.12890625 -11.505859375 -18.65234375 -33.818359375 10.078125 -0.3153076171875 -5.55859375 -10.51953125 9.517578125
 -21.25 -39.984375 1.6328125 16.25 8.578125 10.0 -26.673828125 -6.25 -7.109375 7.40625
 10.734375 16.45703125 -14.7939453125 -7.990234375 0.47509765625 -21.6328125 -22.03741455078125 33.080078125 -15.6240234375 9.92578125
 -5780.134765625 2021.274658203125 1621.1805419921875 104.0498046875 -1073.132080078125 -321.716796875 1093.8751373291016 -274.306396484375 62.5645751953125 71.4837646484375
 54.078125 -5.21875 -6.3671875 8.98828125 -3.806640625 8.09375 -7.227783203125 6.28515625 1.451171875 -6.115234375
 93.3125 -19.421875 -14.8046875 19.8125 -0.3515625 10.375 -3.0927734375 21.53125 38.421875 -14.796875
 147.171875 -231.4814453125 12.46533203125 31.150390625 -44.3447265625 1.40625 -59.549560546875 2.158203125 -17.359375 5.0400390625
 -124.3125 -19.98828125 0.0009765625 2.640625 -31.87890625 7.609375 1.198486328125 -5.26171875 -11.79296875 26.08203125
 85.5625 5.62890625 18.38671875 12.59765625 -22.89453125 17.59375 -14.7490234375 10.09375 -13.3203125 -23.578125
 7358.125 -493.65625 -187.234375 -171.0 233.671875 87.625 122.6484375 -96.828125 231.15625 313.71875
 1257.375 347.3515625 -72.08203125 -55.09375 388.015625 43.375 -129.4541015625 -50.171875 24.59765625 7.5078125
 29.375 -23.4375 -8.3671875 19.859375 -0.6953125 14.625 -0.8935546875 17.34375 23.21875 -4.125
 93.9375 -0.560546875 10.0390625 21.28125 -7.75390625 16.71875 -19.594970703125 -4.34375 -10.265625 0.17578125
 88.375 -10.30078125 -13.671875 -3.515625 -10.32421875 15.0625 6.15576171875 -4.765625 -13.607421875 4.984375
 -455.375 35.0625 -120.75 -93.1875 -50.8125 -94.25 46.28125 15.125 -31.125 98.625
 74.8125 -16.88671875 -4.984375 -14.75 -10.2421875 30.0 32.545166015625 12.9609375 22.046875 -5.0859375
 624.0 -15.96875 -1.9921875 -15.359375 22.40625 2.5625 8.490234375 7.5 -0.67578125 12.9765625
 -5920.875 5019.921875 477.078125 397.09375 222.0 69.125 104.7119140625 -1287.6875 372.28125 -766.21875
 154.96875 120.62890625 19.70703125 31.1171875 183.8515625 26.84375 -47.2998046875 47.4140625 -5.91015625 -7.796875
 730.5625 -59.7578125 -4.09375 -42.578125 -13.1171875 18.6875 -17.55712890625 -41.984375 39.8671875 -9.95703125
 1257.0 51.875 -143.1875 -153.125 -77.0 120.5 70.0234375 252.375 359.0625 -189.3125
 60.1875 26.80859375 -74.4140625 -15.205078125 -10.125 8.25 11.84375 7.8125 19.6875 -1.25
 -10.75 0.578125 34.0234375 1.40625 -0.296875 88.625 -28.88671875 -13.40625 -34.1328125 23.40625
 41.5 -23.1875 -37.296875 -45.03125 -38.578125 45.625 -29.888671875 -28.03125 -0.71875 -27.1875
 34.25 -5.6875 12.9921875 20.53125 -8.9921875 9.0 -13.61328125 -3.515625 -6.640625 -9.7578125
 50.125 -14.1953125 14.1640625 51.4375 -0.8515625 18.25 -21.1142578125 16.578125 -2.53125 -10.4609375
 -92.171875 14.343017578125 -55.3828125 24.265625 20.0078125 -12.15625 -15.710922241210938 11.19140625 79.6640625 11.8984375
 233.125 68.53125 -14.6796875 -48.625 -48.5 -39.5 54.080078125 26.46875 12.0 -69.421875
 521.37109375 65.67919921875 0.736328125 -40.05859375 67.548828125 16.0234375 -34.59039306640625 -47.21484375 27.3359375 1.0234375
 56.0 -55.0625 -22.3125 69.75 28.125 70.0 -26.46484375 24.5625 33.6875 12.78125
 -311.5625 -36.327640533447266 59.3203125 -50.03125 -29.73046875 12.3125 -21.677734375 24.8984375 -46.6015625 -39.625
 -261.5 -54.90625 21.37890625 -15.125 -32.484375 -18.375 -18.560791015625 22.03125 8.44921875 -11.3203125
 1992.25 -38.09375 185.90625 -187.03125 48.25 -66.0 -87.244140625 -74.34375 84.546875 -383.203125
 38.8125 5.14453125 -6.392578125 -7.25 -7.0703125 -27.53125 8.9501953125 4.6640625 8.44921875 -7.73046875
 3666.375 -124.55859375 -107.234375 -109.578125 107.6796875 -7.125 -4.23193359375 -101.140625 -3.203125 55.59375
 -352.09375 -16.640625 216.734375 84.19921875 116.060546875 63.203125 -66.85986328125 -123.34375 142.150390625 -66.20703125
 83.0 -26.828125 -29.484375 33.078125 10.0546875 -41.25 -38.900390625 34.34375 66.640625 -11.0390625
 -36.390625 4.955078125 -16.10546875 9.947265625 -10.1669921875 -22.5703125 3.111083984375 16.138671875 26.033203125 -5.6650390625
 54.34375 13.4375 6.21875 -1.22265625 -4.263671875 -7.234375 10.1943359375 1.17578125 -4.71875 0.236328125
 1.3671875 -6.197265625 9.125 -4.900390625 1.388671875 -21.0703125 -6.8671875 -13.3203125 6.9921875 -11.41015625
 52.03125 -2.138671875 -18.6513671875 34.86328125 -24.328125 32.310546875 0.9609375 6.234375 11.8203125 -16.3828125
 64.0625 -21.59765625 8.0712890625 17.359375 -35.654296875 22.5 -15.50634765625 17.80078125 -20.7353515625 -28.326171875
 -490.9140625 321.6923828125 -378.81005859375 222.947265625 434.9482421875 104.5390625 -308.70501708984375 42.349609375 -38.43115234375 -104.55517578125
 -392.8125 -35.68359375 320.38232421875 -37.408203125 -70.484375 -14.640625 122.40863037109375 -35.8720703125 72.91943359375 1.41259765625
 -483.83837890625 -87.685302734375 45.46449279785156 51.517120361328125 88.1409912109375 -18.73291015625 44.0290641784668 -51.548797607421875 2.7661285400390625 16.104110717773438
 36.5 6.0390625 14.171875 -1.9765625 -0.12890625 -5.6875 15.9677734375 8.71875 -0.96484375 -17.109375
 45.375 13.671875 4.796875 -18.421875 -10.45703125 -8.125 11.94677734375 8.8671875 5.3515625 -3.859375
 -9.625 -0.65625 -1.203125 0.265625 16.3125 -74.125 12.5859375 40.703125 28.625 -51.03125
 37.0 -2.37109375 1.9453125 2.53125 -11.265625 4.125 -4.78662109375 14.140625 10.640625 -15.6796875
 108.1875 62.15234375 -128.8203125 -133.5234375 129.484375 39.25 5.010009765625 -35.53125 35.96875 -56.0625
 13.375 -17.421875 -13.171875 -11.0 0.6875 18.25 13.853515625 15.390625 13.7109375 1.46875
 19.25 1.3203125 1.931640625 17.6875 -2.166015625 8.9375 -14.558837890625 -6.29296875 -16.32421875 3.59765625
 802.8125 58.0048828125 -40.8251953125 -33.08203125 94.0458984375 51.96875 -3.592529296875 -38.630859375 16.8984375 36.169921875
 106.75 2.59765625 11.90625 35.7265625 -10.828125 18.875 -17.6962890625 3.2109375 -17.875 -12.8515625
 -31.4375 -9.7734375 -94.0078125 29.4375 -23.5078125 -0.0625 -47.0595703125 -70.5 6.625 73.7109375
 23.3515625 1.0400390625 12.0302734375 3.4609375 -6.9150390625 2.1484375 -7.2186279296875 -1.751953125 -11.826171875 -8.5400390625
 -2728.0 586.0 -1274.5 2188.0 708.5 1596.0 -684.5 1574.0 1749.25 -1627.0
 53.375 8.82421875 34.5859375 11.78515625 4.64453125 -22.484375 6.568359375 28.09375 -4.5234375 -26.59375
 -82070.0 16267.375 14481.4375 714.5 11729.5 -1389.0 -1085.390625 5987.25 -560.4375 -57.0
 -163.625 64.5390625 0.244140625 18.21875 79.9912109375 -1.28125 -13.30322265625 7.296875 5.8974609375 -24.734375
 -696.875 199.69921875 -25.25 1.234375 118.1875 29.5 56.34375 -85.6875 69.125 -55.8125
 -71.0 26.7890625 -7.01171875 1.0859375 16.49951171875 4.21875 -6.7841796875 -5.7646484375 2.83056640625 3.591796875
 -126.4375 -54.98046875 21.3671875 0.1015625 -49.27734375 -54.84375 21.568359375 35.3359375 -3.3828125 -56.7734375
 -34.228515625 -20.917160034179688 -0.98046875 2.92041015625 7.983154296875 -12.32421875 -17.21926498413086 -31.22509765625 6.63134765625 26.8076171875
 29.59375 0.173828125 2.474609375 0.724609375 -0.5576171875 9.4375 -4.3695068359375 -5.02734375 -4.5166015625 8.568359375
 2950.5 -156.640625 -97.734375 -63.140625 16.8203125 33.0 31.71630859375 -31.6484375 -43.0 120.03515625
 78.21875 13.7060546875 37.8203125 -7.1015625 9.90234375 -31.46875 26.59716796875 29.234375 2.8203125 -49.44140625
 -119.28125 -29.1875 125.1884765625 -35.6796875 -109.1982421875 -24.375 117.81591796875 -12.62109375 23.884765625 15.71484375
 -283.625 0.49609375 -7.228515625 -0.53125 3.70703125 -2.5 0.96044921875 -2.8984375 -8.44140625 12.97265625
 20.6875 0.794921875 -8.3359375 -1.0078125 -6.15234375 -5.96875 -4.61328125 -5.1015625 7.6640625 15.484375
 860.0 228.5 162.5 -544.0 -70.75 -388.0 276.375 -564.75 -438.125 404.25
 58.78125 -5.5859375 1.87890625 13.8984375 -12.029296875 5.28125 -7.44091796875 6.359375 -1.1015625 -11.15234375
 46.375 1.828125 10.953125 16.15625 -12.91015625 14.6875 -12.49169921875 -7.25390625 -8.16796875 -4.34375
 17624.0 -9666.125 7570.75 1917.75 -9147.375 -245.0 -4086.6875 -4702.5 -3296.75 -3496.25
 61.306640625 3.8603515625 7.49755859375 7.77294921875 -8.14990234375 8.888671875 -12.232666015625 -7.1123046875 -15.23828125 2.7666015625
 55.875 22.8359375 1.58984375 -34.3359375 -7.75390625 -1.4375 18.95361328125 -8.84375 -5.2578125 4.2421875
 -5.25 -11.6796875 -9.640625 -2.25 8.359375 38.25 12.18359375 -3.34375 4.1875 18.859375
 27.9375 -5.24609375 -7.2109375 22.984375 -17.515625 20.15625 -13.513427734375 11.58203125 1.9140625 -17.75
 15.97021484375 6.52716064453125 -4.6900634765625 -3.2042236328125 -6.919677734375 9.22509765625 -1.5794677734375 2.421630859375 -1.71630859375 3.6279296875
 29.953125 -0.5810546875 11.6669921875 20.40234375 -3.765625 14.140625 -13.8802490234375 -5.857421875 -21.3984375 4.66015625
 1072.0 1048.0 -880.0 -4488.0 -2060.0 -4160.0 2672.5 -6002.0 -2938.0 3480.0
 471.25 -692.7958984375 304.51318359375 -59.0859375 -205.4228515625 -38.7109375 -128.39208984375 54.41796875 -52.77294921875 46.6923828125
 42.0 -7.48046875 6.38671875 6.90625 22.359375 -35.0 7.2890625 4.859375 2.41015625 16.2109375
 166.375 107.96875 -89.0546875 -0.390625 137.8046875 -8.625 -31.201171875 36.109375 19.37109375 -12.609375
 5.625 0.833984375 6.05859375 -4.15234375 0.0546875 -2.078125 -4.962890625 1.58984375 10.5712890625 10.3984375
 50.9375 5.609375 9.6640625 -0.2109375 3.7109375 1.5625 2.16796875 24.890625 4.8671875 -10.7890625
 -1469.0 2410.0 1177.8125 -170.0 3186.75 -13.0 -2428.5 1027.0 -97.25 -0.6875
 43.96875 3.380859375 -1.2421875 -1.8046875 -10.421875 -2.03125 -2.630615234375 -1.53125 -4.1484375 1.265625
 -336.0 727.5 182.25 -1746.0 84.5 -1192.0 711.3125 -1584.0 -1255.0 1209.5
 86.25 -17.609375 -39.26953125 58.734375 10.796875 -36.3125 -39.2080078125 42.0 49.07421875 -23.953125
 -475.9375 24.6171875 29.2109375 63.9453125 -29.7421875 -2.5625 -7.6337890625 18.625 -36.640625 -3.2578125
 110.0 -62.125 -101.59375 -129.8125 -4.5625 84.25 23.015625 -150.125 -88.875 273.4375
 46.935546875 -6.0419921875 26.9521484375 -1.69091796875 -27.023193359375 39.123046875 2.56781005859375 14.45556640625 -21.2049560546875 -31.363525390625
 -783.375 -157.6875 21.8046875 42.3515625 -170.73046875 -6.6875 67.6171875 17.859375 -15.3203125 15.7578125
 1394.65625 -385.6875 -19.7890625 116.78125 101.24609375 118.28125 -252.81884765625 -182.265625 97.333984375 -93.23046875
 -361.125 11.9267578125 -25.6318359375 -1.41015625 -22.3017578125 21.59375 -13.5782470703125 0.1015625 -14.71044921875 21.5703125
 116.1875 -3.1015625 63.2890625 -11.6484375 -12.0546875 12.4375 46.5087890625 20.453125 -78.2734375 -23.1953125
 724.8125 -37.3203125 -34.59375 -107.953125 27.484375 39.0 37.35595703125 -17.859375 56.2578125 59.109375
 -6544.0 -806.0 -1794.0 2764.0 878.0 3032.0 -1476.75 2610.0 2922.5 -2870.0
 -1993.625 358.640625 465.8046875 -25.03125 346.2109375 -91.5 -326.1904296875 362.15625 -124.8359375 145.5546875
 198.0 -65.25 111.625 -632.5 -122.25 -358.0 200.015625 -507.25 -454.125 440.375
 328.0 -3582.0 1754.5 5399.9375 1166.0 7196.125 -2595.125 2235.515625 1753.65625 953.875
 76.9375 -13.279296875 6.28125 -18.859375 31.984375 -2.875 24.58984375 -30.8125 5.125 57.28125
 -31.5 -10.03125 66.484375 51.40625 5.734375 139.25 -46.267578125 76.09375 94.40625 47.921875
 -41.5 -5.03515625 -3.7880859375 0.84375 1.353515625 -7.03125 -0.103271484375 -1.41796875 -4.5625 5.978515625
 37.40625 5.78125 -8.78125 -25.34375 18.8046875 -20.75 16.251953125 -10.48046875 4.5546875 34.921875
 -29.5 22.2265625 2.91015625 -11.109375 -20.71875 -9.6875 15.6298828125 -4.46875 -0.53125 1.03125
 278.0 89.552734375 33.4404296875 -27.25390625 111.455078125 66.734375 -16.096435546875 -11.12109375 27.3271484375 -23.869140625
 -1118.8125 68.9140625 -55.84375 90.109375 -95.6953125 2.5 -4.9453125 12.140625 -79.53515625 51.234375
 21.03515625 0.08837890625 -7.235595703125 -2.78515625 22.260498046875 -4.1328125 3.597015380859375 -0.50439453125 10.325439453125 35.170654296875
 27.75 13.9453125 26.578125 -15.5625 11.328125 -51.75 21.380859375 42.796875 -27.9609375 -35.9140625
 -154.0 -148.0 -309.875 498.0 564.75 680.0 -429.84375 657.75 462.75 -519.75
 41.65625 6.779296875 25.0927734375 -15.46484375 9.185546875 -0.890625 15.748779296875 3.12890625 -6.880859375 11.482421875
 62.53125 3.0390625 12.25 18.8359375 -12.21484375 26.53125 -12.90771484375 -2.4921875 -14.6171875 -5.33984375
 3.0 -5.65625 22.35546875 13.1484375 -11.47265625 10.5 3.4189453125 -1.1015625 -26.09765625 -16.10546875
 33.546875 13.8037109375 -23.28125 -2.390625 -3.4453125 9.453125 0.3662109375 -4.765625 2.8828125 -7.96875
 -5.0625 1.125 -1.875 1.5625 -0.7421875 -0.16796875 0.1640625 0.859375 -0.8359375 0.5
 56.75 6.0625 45.875 0.875 8.90625 -8.37890625 0.40625 17.0625 -8.1875 9.78125
 56.875 -64.3125 -225.0625 -19.5625 -44.375 44.0390625 15.03125 -57.03125 24.09375 -33.28125
 35.59375 10.470703125 28.392578125 30.45703125 -14.396484375 12.59375 -32.215087890625 -8.5625 -23.60546875 -9.44921875
 -3370.0 -193.125 -146.8125 473.125 47.4375 375.0 860.78125 137.875 -21.75 -127.625
 -141.09375 9.52734375 10.091796875 -3.5859375 -14.59765625 9.28125 -0.3017578125 -0.921875 -14.216796875 -1.900390625
 57.5 5.26171875 13.5322265625 -1.5234375 -19.138671875 -13.0 -2.90380859375 -0.40625 -5.42578125 -24.560546875
 -32.5 -6.8125 -39.75 -17.3359375 0.2265625 -3.59375 5.2392578125 -6.1875 6.603515625 18.2578125
 39.28515625 0.05712890625 -8.69970703125 -2.2607421875 -7.009033203125 8.84375 -4.28558349609375 -3.77197265625 5.73779296875 -0.7412109375
 19650.0 -318.375 -523.25 -299.5 -216.0 185.0 104.0078125 -270.625 160.4375 -234.5
 30.03125 -19.861328125 -1.693359375 110.8046875 -21.044921875 40.46875 -56.521240234375 -6.48046875 48.578125 -22.98828125
 98.3125 -16.017578125 3.40625 17.1953125 -0.09765625 16.0625 -6.72216796875 1.390625 11.1015625 3.9921875
 68.0 -500.4375 -298.1953125 -208.96875 -126.57421875 73.67578125 -27.517578125 -96.62109375 0.6796875 -51.34765625
 5227.375 -555.6328125 24.92578125 -209.734375 -178.23828125 -1.21875 -72.8798828125 -64.53125 112.18359375 -24.18359375
 9.83203125 14.765380859375 -6.724609375 2.326171875 -21.638671875 0.0078125 -21.525390625 21.171875 3.75 -39.25390625
 7.625 10.734375 23.16015625 7.40625 -10.046875 33.71875 -13.350341796875 13.1171875 -13.515625 -6.6171875
 -3699.5 207.34375 -25.296875 112.875 -212.875 -5.75 98.58984375 109.875 -100.71875 -43.59375
 -1613.90625 -698.74609375 685.306640625 -744.7578125 -497.89453125 -211.4375 330.5859375 -227.7578125 -529.919921875 -566.99609375
 -56.427734375 12.91552734375 0.169921875 60.1328125 63.76171875 -10.1240234375 48.453125 -40.076171875 -32.8779296875 -24.265625
 -2336.1875 1253.4833984375 -862.93310546875 143.04296875 640.125244140625 11.578125 -111.43536376953125 242.33642578125 -182.816162109375 -76.08056640625
 25.578125 3.9833984375 24.08984375 17.41015625 -2.453125 2.203125 -10.75103759765625 12.02734375 -7.265625 -0.875
 35.328125 18.901611328125 -51.197265625 18.0458984375 21.044677734375 1.755859375 -0.822845458984375 9.7548828125 65.762939453125 8.117919921875
 -6.5 -19.171875 18.6875 27.8125 -11.625 51.0 -20.595703125 -7.875 -50.59375 32.65625
